id,foodgroup,shortdescrip,descrip,commonname,mfgname,scientificname,energy_kcal,protein_g,fat_g,carb_g,sugar_g,fiber_g,vita_mcg,vitb6_mg,vitb12_mcg,vitc_mg,vite_mg,folate_mcg,niacin_mg,riboflavin_mg,thiamin_mg,calcium_mg,copper_mcg,iron_mg,magnesium_mg,manganese_mg,phosphorus_mg,selenium_mcg,zinc_mg,vita_usrda,vitb6_usrda,vitb12_usrda,vitc_usrda,vite_usrda,folate_usrda,niacin_usrda,riboflavin_usrda,thiamin_usrda,calcium_usrda,copper_usrda,magnesium_usrda,phosphorus_usrda,selenium_usrda,zinc_usrda
1001,Dairy and Egg Products,"BUTTER,WITH SALT","Butter, salted",,,,717,0.85,81.11,0.06,0.06,0.0,684.0,0.003,0.17,0.0,2.32,3,0.042,0.034,0.005,24,0.0,0.02,2,0.0,24,1.0,0.09,0.76,0.001764706,0.070833333,0.0,0.154666667,0.0075,0.002625,0.026153846,0.004166667,0.02,0.0,0.004761905,0.034285714,0.018181818,0.008181818
1002,Dairy and Egg Products,"BUTTER,WHIPPED,WITH SALT","Butter, whipped, with salt",,,,717,0.85,81.11,0.06,0.06,0.0,684.0,0.003,0.13,0.0,2.32,3,0.042,0.034,0.005,24,0.016,0.16,2,0.004,23,1.0,0.05,0.76,0.001764706,0.054166667,0.0,0.154666667,0.0075,0.002625,0.026153846,0.004166667,0.02,1.77778e-05,0.004761905,0.032857143,0.018181818,0.004545455
1003,Dairy and Egg Products,"BUTTER OIL,ANHYDROUS","Butter oil, anhydrous",,,,876,0.28,99.48,0.0,0.0,0.0,840.0,0.001,0.01,0.0,2.8,0,0.003,0.005,0.001,4,0.001,0.0,0,0.0,3,0.0,0.01,0.933333333,0.000588235,0.004166667,0.0,0.186666667,0.0,0.0001875,0.003846154,0.000833333,0.003333333,1.11111e-06,0.0,0.004285714,0.0,0.000909091
1004,Dairy and Egg Products,"CHEESE,BLUE","Cheese, blue",,,,353,21.4,28.74,2.34,0.5,0.0,198.0,0.166,1.22,0.0,0.25,36,1.016,0.382,0.029,528,0.04,0.31,23,0.009,387,14.5,2.66,0.22,0.097647059,0.508333333,0.0,0.016666667,0.09,0.0635,0.293846154,0.024166667,0.44,4.44444e-05,0.054761905,0.552857143,0.263636364,0.241818182
1005,Dairy and Egg Products,"CHEESE,BRICK","Cheese, brick",,,,371,23.24,29.68,2.79,0.51,0.0,292.0,0.065,1.26,0.0,0.26,20,0.118,0.351,0.014,674,0.024,0.43,24,0.012,451,14.5,2.6,0.324444444,0.038235294,0.525,0.0,0.017333333,0.05,0.007375,0.27,0.011666667,0.561666667,2.66667e-05,0.057142857,0.644285714,0.263636364,0.236363636
1006,Dairy and Egg Products,"CHEESE,BRIE","Cheese, brie",,,,334,20.75,27.68,0.45,0.45,0.0,174.0,0.235,1.65,0.0,0.24,65,0.38,0.52,0.07,184,0.019,0.5,20,0.034,188,14.5,2.38,0.193333333,0.138235294,0.6875,0.0,0.016,0.1625,0.02375,0.4,0.058333333,0.153333333,2.11111e-05,0.047619048,0.268571429,0.263636364,0.216363636
1007,Dairy and Egg Products,"CHEESE,CAMEMBERT","Cheese, camembert",,,,300,19.8,24.26,0.46,0.46,0.0,241.0,0.227,1.3,0.0,0.21,62,0.63,0.488,0.028,388,0.021,0.33,20,0.038,347,14.5,2.38,0.267777778,0.133529412,0.541666667,0.0,0.014,0.155,0.039375,0.375384615,0.023333333,0.323333333,2.33333e-05,0.047619048,0.495714286,0.263636364,0.216363636
1009,Dairy and Egg Products,"CHEESE,CHEDDAR","Cheese, cheddar",,,,406,24.04,33.82,1.33,0.28,0.0,263.0,0.049,0.88,0.0,0.78,26,0.039,0.434,0.027,675,0.056,0.16,27,0.033,473,28.3,3.43,0.292222222,0.028823529,0.366666667,0.0,0.052,0.065,0.0024375,0.333846154,0.0225,0.5625,6.22222e-05,0.064285714,0.675714286,0.514545455,0.311818182
1010,Dairy and Egg Products,"CHEESE,CHESHIRE","Cheese, cheshire",,,,387,23.37,30.6,4.78,0.0,0.0,233.0,0.074,0.83,0.0,0.0,18,0.08,0.293,0.046,643,0.042,0.21,21,0.012,464,14.5,2.79,0.258888889,0.043529412,0.345833333,0.0,0.0,0.045,0.005,0.225384615,0.038333333,0.535833333,4.66667e-05,0.05,0.662857143,0.263636364,0.253636364
1011,Dairy and Egg Products,"CHEESE,COLBY","Cheese, colby",,,,394,23.76,32.11,2.57,0.52,0.0,264.0,0.079,0.83,0.0,0.28,18,0.093,0.375,0.015,685,0.042,0.76,26,0.012,457,14.5,3.07,0.293333333,0.046470588,0.345833333,0.0,0.018666667,0.045,0.0058125,0.288461538,0.0125,0.570833333,4.66667e-05,0.061904762,0.652857143,0.263636364,0.279090909
1012,Dairy and Egg Products,"CHEESE,COTTAGE,CRMD,LRG OR SML CURD","Cheese, cottage, creamed, large or small curd",,,,98,11.12,4.3,3.38,2.67,0.0,37.0,0.046,0.43,0.0,0.08,12,0.099,0.163,0.027,83,0.029,0.07,8,0.002,159,9.7,0.4,0.041111111,0.027058824,0.179166667,0.0,0.005333333,0.03,0.0061875,0.125384615,0.0225,0.069166667,3.22222e-05,0.019047619,0.227142857,0.176363636,0.036363636
1013,Dairy and Egg Products,"CHEESE,COTTAGE,CRMD,W/FRUIT","Cheese, cottage, creamed, with fruit",,,,97,10.69,3.85,4.61,2.38,0.2,38.0,0.068,0.53,1.4,0.04,11,0.15,0.142,0.033,53,0.04,0.16,7,0.003,113,7.7,0.33,0.042222222,0.04,0.220833333,0.015555556,0.002666667,0.0275,0.009375,0.109230769,0.0275,0.044166667,4.44444e-05,0.016666667,0.161428571,0.14,0.03
1014,Dairy and Egg Products,"CHEESE,COTTAGE,NONFAT,UNCRMD,DRY,LRG OR SML CURD","Cheese, cottage, nonfat, uncreamed, dry, large or small curd",,,,72,10.34,0.29,6.66,1.85,0.0,2.0,0.016,0.46,0.0,0.01,9,0.144,0.226,0.023,86,0.03,0.15,11,0.022,190,9.4,0.47,0.002222222,0.009411765,0.191666667,0.0,0.000666667,0.0225,0.009,0.173846154,0.019166667,0.071666667,3.33333e-05,0.026190476,0.271428571,0.170909091,0.042727273
1015,Dairy and Egg Products,"CHEESE,COTTAGE,LOWFAT,2% MILKFAT","Cheese, cottage, lowfat, 2% milkfat",,,,81,10.45,2.27,4.76,4.0,0.0,68.0,0.057,0.47,0.0,0.08,8,0.103,0.251,0.02,111,0.033,0.13,9,0.015,150,11.9,0.51,0.075555556,0.033529412,0.195833333,0.0,0.005333333,0.02,0.0064375,0.193076923,0.016666667,0.0925,3.66667e-05,0.021428571,0.214285714,0.216363636,0.046363636
1016,Dairy and Egg Products,"CHEESE,COTTAGE,LOWFAT,1% MILKFAT","Cheese, cottage, lowfat, 1% milkfat",,,,72,12.39,1.02,2.72,2.72,0.0,11.0,0.068,0.63,0.0,0.01,12,0.128,0.165,0.021,61,0.028,0.14,5,0.003,134,9.0,0.38,0.012222222,0.04,0.2625,0.0,0.000666667,0.03,0.008,0.126923077,0.0175,0.050833333,3.11111e-05,0.011904762,0.191428571,0.163636364,0.034545455
1017,Dairy and Egg Products,"CHEESE,CREAM","Cheese, cream",,,,342,5.93,34.24,4.07,3.21,0.0,366.0,0.035,0.25,0.0,0.29,11,0.145,0.125,0.02,98,0.019,0.38,9,0.011,106,2.4,0.51,0.406666667,0.020588235,0.104166667,0.0,0.019333333,0.0275,0.0090625,0.096153846,0.016666667,0.081666667,2.11111e-05,0.021428571,0.151428571,0.043636364,0.046363636
1018,Dairy and Egg Products,"CHEESE,EDAM","Cheese, edam",,,,357,24.99,27.8,1.43,1.43,0.0,243.0,0.076,1.54,0.0,0.24,16,0.082,0.389,0.037,731,0.036,0.44,30,0.011,536,14.5,3.75,0.27,0.044705882,0.641666667,0.0,0.016,0.04,0.005125,0.299230769,0.030833333,0.609166667,4e-05,0.071428571,0.765714286,0.263636364,0.340909091
1019,Dairy and Egg Products,"CHEESE,FETA","Cheese, feta",,,,264,14.21,21.28,4.09,4.09,0.0,125.0,0.424,1.69,0.0,0.18,32,0.991,0.844,0.154,493,0.032,0.65,19,0.028,337,15.0,2.88,0.138888889,0.249411765,0.704166667,0.0,0.012,0.08,0.0619375,0.649230769,0.128333333,0.410833333,3.55556e-05,0.045238095,0.481428571,0.272727273,0.261818182
1020,Dairy and Egg Products,"CHEESE,FONTINA","Cheese, fontina",,,,389,25.6,31.14,1.55,1.55,0.0,261.0,0.083,1.68,0.0,0.27,6,0.15,0.204,0.021,550,0.025,0.23,14,0.014,346,14.5,3.5,0.29,0.048823529,0.7,0.0,0.018,0.015,0.009375,0.156923077,0.0175,0.458333333,2.77778e-05,0.033333333,0.494285714,0.263636364,0.318181818
1021,Dairy and Egg Products,"CHEESE,GJETOST","Cheese, gjetost",,,,466,9.65,29.51,42.65,0.0,0.0,334.0,0.271,2.42,0.0,0.0,5,0.813,1.382,0.315,400,0.08,0.52,70,0.04,444,14.5,1.14,0.371111111,0.159411765,1.008333333,0.0,0.0,0.0125,0.0508125,1.063076923,0.2625,0.333333333,8.88889e-05,0.166666667,0.634285714,0.263636364,0.103636364
1022,Dairy and Egg Products,"CHEESE,GOUDA","Cheese, gouda",,,,356,24.94,27.44,2.22,2.22,0.0,165.0,0.08,1.54,0.0,0.24,21,0.063,0.334,0.03,700,0.036,0.24,29,0.011,546,14.5,3.9,0.183333333,0.047058824,0.641666667,0.0,0.016,0.0525,0.0039375,0.256923077,0.025,0.583333333,4e-05,0.069047619,0.78,0.263636364,0.354545455
1023,Dairy and Egg Products,"CHEESE,GRUYERE","Cheese, gruyere",,,,413,29.81,32.34,0.36,0.36,0.0,271.0,0.081,1.6,0.0,0.28,10,0.106,0.279,0.06,1011,0.032,0.17,36,0.017,605,14.5,3.9,0.301111111,0.047647059,0.666666667,0.0,0.018666667,0.025,0.006625,0.214615385,0.05,0.8425,3.55556e-05,0.085714286,0.864285714,0.263636364,0.354545455
1024,Dairy and Egg Products,"CHEESE,LIMBURGER","Cheese, limburger",,,,327,20.05,27.25,0.49,0.49,0.0,340.0,0.086,1.04,0.0,0.23,58,0.158,0.503,0.08,497,0.021,0.13,21,0.038,393,14.5,2.1,0.377777778,0.050588235,0.433333333,0.0,0.015333333,0.145,0.009875,0.386923077,0.066666667,0.414166667,2.33333e-05,0.05,0.561428571,0.263636364,0.190909091
1025,Dairy and Egg Products,"CHEESE,MONTEREY","Cheese, monterey",,,,373,24.48,30.28,0.68,0.5,0.0,198.0,0.079,0.83,0.0,0.26,18,0.093,0.39,0.015,746,0.032,0.72,27,0.011,444,14.5,3.0,0.22,0.046470588,0.345833333,0.0,0.017333333,0.045,0.0058125,0.3,0.0125,0.621666667,3.55556e-05,0.064285714,0.634285714,0.263636364,0.272727273
1026,Dairy and Egg Products,"CHEESE,MOZZARELLA,WHL MILK","Cheese, mozzarella, whole milk",,,,300,22.17,22.35,2.19,1.03,0.0,179.0,0.037,2.28,0.0,0.19,7,0.104,0.283,0.03,505,0.011,0.44,20,0.03,354,17.0,2.92,0.198888889,0.021764706,0.95,0.0,0.012666667,0.0175,0.0065,0.217692308,0.025,0.420833333,1.22222e-05,0.047619048,0.505714286,0.309090909,0.265454545
1027,Dairy and Egg Products,"CHEESE,MOZZARELLA,WHL MILK,LO MOIST","Cheese, mozzarella, whole milk, low moisture",,,,318,21.6,24.64,2.47,1.01,0.0,197.0,0.062,0.73,0.0,0.21,8,0.094,0.27,0.016,575,0.022,0.2,21,0.009,412,16.1,2.46,0.218888889,0.036470588,0.304166667,0.0,0.014,0.02,0.005875,0.207692308,0.013333333,0.479166667,2.44444e-05,0.05,0.588571429,0.292727273,0.223636364
1028,Dairy and Egg Products,"CHEESE,MOZZARELLA,PART SKIM MILK","Cheese, mozzarella, part skim milk",,,,254,24.26,15.92,2.77,1.13,0.0,127.0,0.07,0.82,0.0,0.14,9,0.105,0.303,0.018,782,0.025,0.22,23,0.01,463,14.4,2.76,0.141111111,0.041176471,0.341666667,0.0,0.009333333,0.0225,0.0065625,0.233076923,0.015,0.651666667,2.77778e-05,0.054761905,0.661428571,0.261818182,0.250909091
1029,Dairy and Egg Products,"CHEESE,MOZZARELLA,LO MOIST,PART-SKIM","Cheese, mozzarella, low moisture, part-skim",,,,301,24.58,19.72,6.36,2.24,0.0,254.0,0.111,1.82,0.0,0.43,27,0.144,0.348,0.059,716,0.034,0.23,29,0.041,537,26.8,3.61,0.282222222,0.065294118,0.758333333,0.0,0.028666667,0.0675,0.009,0.267692308,0.049166667,0.596666667,3.77778e-05,0.069047619,0.767142857,0.487272727,0.328181818
1030,Dairy and Egg Products,"CHEESE,MUENSTER","Cheese, muenster",,,,368,23.41,30.04,1.12,1.12,0.0,298.0,0.056,1.47,0.0,0.26,12,0.103,0.32,0.013,717,0.031,0.41,27,0.008,468,14.5,2.81,0.331111111,0.032941176,0.6125,0.0,0.017333333,0.03,0.0064375,0.246153846,0.010833333,0.5975,3.44444e-05,0.064285714,0.668571429,0.263636364,0.255454545
1031,Dairy and Egg Products,"CHEESE,NEUFCHATEL","Cheese, neufchatel",,,,253,9.15,22.78,3.59,3.19,0.0,241.0,0.041,0.3,0.0,0.4,14,0.21,0.155,0.022,117,0.027,0.13,10,0.011,138,3.0,0.82,0.267777778,0.024117647,0.125,0.0,0.026666667,0.035,0.013125,0.119230769,0.018333333,0.0975,3e-05,0.023809524,0.197142857,0.054545455,0.074545455
1032,Dairy and Egg Products,"CHEESE,PARMESAN,GRATED","Cheese, parmesan, grated",,,,420,28.42,27.84,13.91,0.07,0.0,262.0,0.081,1.4,0.0,0.53,6,0.08,0.358,0.026,853,0.04,0.49,34,0.071,627,34.4,4.2,0.291111111,0.047647059,0.583333333,0.0,0.035333333,0.015,0.005,0.275384615,0.021666667,0.710833333,4.44444e-05,0.080952381,0.895714286,0.625454545,0.381818182
1033,Dairy and Egg Products,"CHEESE,PARMESAN,HARD","Cheese, parmesan, hard",,,,392,35.75,25.83,3.22,0.8,0.0,207.0,0.091,1.2,0.0,0.22,7,0.271,0.332,0.039,1184,0.032,0.82,44,0.02,694,22.5,2.75,0.23,0.053529412,0.5,0.0,0.014666667,0.0175,0.0169375,0.255384615,0.0325,0.986666667,3.55556e-05,0.104761905,0.991428571,0.409090909,0.25
1034,Dairy and Egg Products,"CHEESE,PORT DE SALUT","Cheese, port de salut",,,,352,23.78,28.2,0.57,0.57,0.0,315.0,0.053,1.5,0.0,0.24,18,0.06,0.24,0.014,650,0.022,0.43,24,0.011,360,14.5,2.6,0.35,0.031176471,0.625,0.0,0.016,0.045,0.00375,0.184615385,0.011666667,0.541666667,2.44444e-05,0.057142857,0.514285714,0.263636364,0.236363636
1035,Dairy and Egg Products,"CHEESE,PROVOLONE","Cheese, provolone",,,,351,25.58,26.62,2.14,0.56,0.0,236.0,0.073,1.46,0.0,0.23,10,0.156,0.321,0.019,756,0.026,0.52,28,0.01,496,14.5,3.23,0.262222222,0.042941176,0.608333333,0.0,0.015333333,0.025,0.00975,0.246923077,0.015833333,0.63,2.88889e-05,0.066666667,0.708571429,0.263636364,0.293636364
1036,Dairy and Egg Products,"CHEESE,RICOTTA,WHOLE MILK","Cheese, ricotta, whole milk",,,,174,11.26,12.98,3.04,0.27,0.0,120.0,0.043,0.34,0.0,0.11,12,0.104,0.195,0.013,207,0.021,0.38,11,0.006,158,14.5,1.16,0.133333333,0.025294118,0.141666667,0.0,0.007333333,0.03,0.0065,0.15,0.010833333,0.1725,2.33333e-05,0.026190476,0.225714286,0.263636364,0.105454545
1037,Dairy and Egg Products,"CHEESE,RICOTTA,PART SKIM MILK","Cheese, ricotta, part skim milk",,,,138,11.39,7.91,5.14,0.31,0.0,107.0,0.02,0.29,0.0,0.07,13,0.078,0.185,0.021,272,0.034,0.44,15,0.01,183,16.7,1.34,0.118888889,0.011764706,0.120833333,0.0,0.004666667,0.0325,0.004875,0.142307692,0.0175,0.226666667,3.77778e-05,0.035714286,0.261428571,0.303636364,0.121818182
1038,Dairy and Egg Products,"CHEESE,ROMANO","Cheese, romano",,,,387,31.8,26.94,3.63,0.73,0.0,96.0,0.085,1.12,0.0,0.23,7,0.077,0.37,0.037,1064,0.03,0.77,41,0.02,760,14.5,2.58,0.106666667,0.05,0.466666667,0.0,0.015333333,0.0175,0.0048125,0.284615385,0.030833333,0.886666667,3.33333e-05,0.097619048,1.085714286,0.263636364,0.234545455
1039,Dairy and Egg Products,"CHEESE,ROQUEFORT","Cheese, roquefort",,,,369,21.54,30.64,2.0,0.0,0.0,294.0,0.124,0.64,0.0,0.0,49,0.734,0.586,0.04,662,0.034,0.56,30,0.03,392,14.5,2.08,0.326666667,0.072941176,0.266666667,0.0,0.0,0.1225,0.045875,0.450769231,0.033333333,0.551666667,3.77778e-05,0.071428571,0.56,0.263636364,0.189090909
1040,Dairy and Egg Products,"CHEESE,SWISS","Cheese, swiss",,,,380,26.93,27.8,5.38,1.32,0.0,220.0,0.083,3.34,0.0,0.38,6,0.092,0.296,0.063,791,0.043,0.2,38,0.005,567,18.2,4.36,0.244444444,0.048823529,1.391666667,0.0,0.025333333,0.015,0.00575,0.227692308,0.0525,0.659166667,4.77778e-05,0.09047619,0.81,0.330909091,0.396363636
1041,Dairy and Egg Products,"CHEESE,TILSIT","Cheese, tilsit",,,,340,24.41,25.98,1.88,0.0,0.0,249.0,0.065,2.1,0.0,0.0,20,0.205,0.359,0.061,700,0.026,0.23,13,0.013,500,14.5,3.5,0.276666667,0.038235294,0.875,0.0,0.0,0.05,0.0128125,0.276153846,0.050833333,0.583333333,2.88889e-05,0.030952381,0.714285714,0.263636364,0.318181818
1042,Dairy and Egg Products,"CHEESE,PAST PROCESS,AMERICAN,FORT W/ VITAMIN D","Cheese, pasteurized process, American, fortified with vitamin D",,,,366,18.13,30.71,4.78,2.26,0.0,317.0,0.054,1.5,0.0,0.8,8,0.076,0.234,0.015,1045,0.046,0.63,26,0.041,641,20.2,2.49,0.352222222,0.031764706,0.625,0.0,0.053333333,0.02,0.00475,0.18,0.0125,0.870833333,5.11111e-05,0.061904762,0.915714286,0.367272727,0.226363636
1043,Dairy and Egg Products,"CHEESE,PAST PROCESS,PIMENTO","Cheese, pasteurized process, pimento",,,,375,22.13,31.2,1.73,0.62,0.1,244.0,0.071,0.7,2.3,0.29,8,0.078,0.354,0.027,614,0.033,0.42,22,0.016,744,14.5,2.98,0.271111111,0.041764706,0.291666667,0.025555556,0.019333333,0.02,0.004875,0.272307692,0.0225,0.511666667,3.66667e-05,0.052380952,1.062857143,0.263636364,0.270909091
1044,Dairy and Egg Products,"CHEESE,PAST PROCESS,SWISS","Cheese, pasteurized process, swiss",,,,334,24.73,25.01,2.1,1.23,0.0,198.0,0.036,1.23,0.0,0.34,6,0.038,0.276,0.014,772,0.027,0.61,29,0.014,762,15.9,3.61,0.22,0.021176471,0.5125,0.0,0.022666667,0.015,0.002375,0.212307692,0.011666667,0.643333333,3e-05,0.069047619,1.088571429,0.289090909,0.328181818
1045,Dairy and Egg Products,"CHEESE FD,COLD PK,AMERICAN","Cheese food, cold pack, American",,,,331,19.66,24.46,8.32,0.0,0.0,0.0,0.141,1.28,0.0,0.0,5,0.074,0.446,0.03,497,0.03,0.84,30,0.01,400,16.2,3.01,0.0,0.082941176,0.533333333,0.0,0.0,0.0125,0.004625,0.343076923,0.025,0.414166667,3.33333e-05,0.071428571,0.571428571,0.294545455,0.273636364
1046,Dairy and Egg Products,"CHEESE FD,PAST PROCESS,AMERICAN,VITAMIN D FORT","Cheese food, pasteurized process, American, vitamin D fortified",,,,330,16.86,25.63,8.56,5.59,0.0,201.0,0.102,1.33,0.0,0.63,7,0.155,0.36,0.035,682,0.034,0.26,27,0.025,438,19.6,2.31,0.223333333,0.06,0.554166667,0.0,0.042,0.0175,0.0096875,0.276923077,0.029166667,0.568333333,3.77778e-05,0.064285714,0.625714286,0.356363636,0.21
1047,Dairy and Egg Products,"CHEESE FD,PAST PROCESS,SWISS","Cheese food, pasteurized process, swiss",,,,323,21.92,24.14,4.5,0.0,0.0,237.0,0.035,2.3,0.0,0.0,6,0.104,0.4,0.014,723,0.03,0.6,28,0.01,526,16.1,3.55,0.263333333,0.020588235,0.958333333,0.0,0.0,0.015,0.0065,0.307692308,0.011666667,0.6025,3.33333e-05,0.066666667,0.751428571,0.292727273,0.322727273
1048,Dairy and Egg Products,"CHEESE SPRD,PAST PROCESS,AMERICAN","Cheese spread, pasteurized process, American",,,,290,16.41,21.23,8.73,7.32,0.0,173.0,0.117,0.4,0.0,0.19,7,0.131,0.431,0.048,562,0.033,0.33,29,0.02,875,11.3,2.59,0.192222222,0.068823529,0.166666667,0.0,0.012666667,0.0175,0.0081875,0.331538462,0.04,0.468333333,3.66667e-05,0.069047619,1.25,0.205454545,0.235454545
1049,Dairy and Egg Products,"CREAM,FLUID,HALF AND HALF","Cream, fluid, half and half",,,,130,2.96,11.5,4.3,4.3,0.0,97.0,0.039,0.33,0.9,0.33,3,0.078,0.149,0.035,105,0.01,0.07,10,0.001,95,1.8,0.51,0.107777778,0.022941176,0.1375,0.01,0.022,0.0075,0.004875,0.114615385,0.029166667,0.0875,1.11111e-05,0.023809524,0.135714286,0.032727273,0.046363636
1050,Dairy and Egg Products,"CREAM,FLUID,LT (COFFEE CRM OR TABLE CRM)","Cream, fluid, light (coffee cream or table cream)",,,,195,2.7,19.31,3.66,3.66,0.0,181.0,0.032,0.22,0.8,0.55,2,0.057,0.148,0.032,96,0.008,0.04,9,0.001,80,0.6,0.27,0.201111111,0.018823529,0.091666667,0.008888889,0.036666667,0.005,0.0035625,0.113846154,0.026666667,0.08,8.88889e-06,0.021428571,0.114285714,0.010909091,0.024545455
1052,Dairy and Egg Products,"CREAM,FLUID,LT WHIPPING","Cream, fluid, light whipping",,,,292,2.17,30.91,2.96,2.96,0.0,279.0,0.028,0.2,0.6,0.88,4,0.042,0.125,0.024,69,0.007,0.03,7,0.001,61,0.5,0.25,0.31,0.016470588,0.083333333,0.006666667,0.058666667,0.01,0.002625,0.096153846,0.02,0.0575,7.77778e-06,0.016666667,0.087142857,0.009090909,0.022727273
1053,Dairy and Egg Products,"CREAM,FLUID,HVY WHIPPING","Cream, fluid, heavy whipping",,,,345,2.05,37.0,2.79,2.79,0.0,411.0,0.026,0.18,0.6,1.06,4,0.039,0.11,0.022,65,0.006,0.03,7,0.001,62,0.5,0.23,0.456666667,0.015294118,0.075,0.006666667,0.070666667,0.01,0.0024375,0.084615385,0.018333333,0.054166667,6.66667e-06,0.016666667,0.088571429,0.009090909,0.020909091
1054,Dairy and Egg Products,"CREAM,WHIPPED,CRM TOPPING,PRESSURIZED","Cream, whipped, cream topping, pressurized",,,,257,3.2,22.22,12.49,8.0,0.0,188.0,0.041,0.29,0.0,0.64,3,0.07,0.065,0.037,101,0.01,0.05,11,0.001,89,1.4,0.37,0.208888889,0.024117647,0.120833333,0.0,0.042666667,0.0075,0.004375,0.05,0.030833333,0.084166667,1.11111e-05,0.026190476,0.127142857,0.025454545,0.033636364
1055,Dairy and Egg Products,"CREAM,SOUR,RED FAT,CULTURED","Cream, sour, reduced fat, cultured",,,,135,2.94,12.0,4.26,0.16,0.0,102.0,0.016,0.3,0.9,0.34,11,0.067,0.149,0.035,104,0.016,0.07,10,0.003,95,2.1,0.5,0.113333333,0.009411765,0.125,0.01,0.022666667,0.0275,0.0041875,0.114615385,0.029166667,0.086666667,1.77778e-05,0.023809524,0.135714286,0.038181818,0.045454545
1056,Dairy and Egg Products,"CREAM,SOUR,CULTURED","Cream, sour, cultured",,,,193,2.07,19.73,2.88,2.88,0.0,176.0,0.057,0.28,0.9,0.44,7,0.109,0.172,0.036,110,0.019,0.17,10,0.011,115,2.6,0.38,0.195555556,0.033529412,0.116666667,0.01,0.029333333,0.0175,0.0068125,0.132307692,0.03,0.091666667,2.11111e-05,0.023809524,0.164285714,0.047272727,0.034545455
1057,Dairy and Egg Products,EGGNOG,Eggnog,,,,88,4.55,4.19,8.05,8.05,0.0,59.0,0.05,0.45,1.5,0.21,1,0.105,0.19,0.034,130,0.013,0.2,19,0.005,109,4.2,0.46,0.065555556,0.029411765,0.1875,0.016666667,0.014,0.0025,0.0065625,0.146153846,0.028333333,0.108333333,1.44444e-05,0.045238095,0.155714286,0.076363636,0.041818182
1058,Dairy and Egg Products,"SOUR DRSNG,NON-BUTTERFAT,CULTURED,FILLED CREAM-TYPE","Sour dressing, non-butterfat, cultured, filled cream-type",,,,178,3.25,16.57,4.68,4.68,0.0,3.0,0.017,0.33,0.9,1.34,12,0.074,0.163,0.038,113,0.01,0.03,10,0.002,87,2.3,0.37,0.003333333,0.01,0.1375,0.01,0.089333333,0.03,0.004625,0.125384615,0.031666667,0.094166667,1.11111e-05,0.023809524,0.124285714,0.041818182,0.033636364
1059,Dairy and Egg Products,"MILK,FILLED,FLUID,W/BLEND OF HYDR VEG OILS","Milk, filled, fluid, with blend of hydrogenated vegetable oils",,,,63,3.33,3.46,4.74,0.0,0.0,2.0,0.04,0.34,0.9,0.0,5,0.087,0.123,0.03,128,0.01,0.05,13,0.002,97,2.0,0.36,0.002222222,0.023529412,0.141666667,0.01,0.0,0.0125,0.0054375,0.094615385,0.025,0.106666667,1.11111e-05,0.030952381,0.138571429,0.036363636,0.032727273
1060,Dairy and Egg Products,"MILK,FILLED,FLUID,W/LAURIC ACID OIL","Milk, filled, fluid, with lauric acid oil",,,,63,3.33,3.4,4.74,4.74,0.0,2.0,0.04,0.34,0.9,0.13,5,0.087,0.123,0.03,128,0.01,0.05,13,0.002,97,2.0,0.36,0.002222222,0.023529412,0.141666667,0.01,0.008666667,0.0125,0.0054375,0.094615385,0.025,0.106666667,1.11111e-05,0.030952381,0.138571429,0.036363636,0.032727273
1061,Dairy and Egg Products,"CHEESE,AMERICAN,NONFAT OR FAT FREE","Cheese, American, nonfat or fat free",,,,126,21.05,0.0,10.53,5.26,0.0,56.0,0.567,1.85,0.0,0.27,9,5.56,0.545,0.412,789,0.559,0.0,115,0.0,316,14.6,4.11,0.062222222,0.333529412,0.770833333,0.0,0.018,0.0225,0.3475,0.419230769,0.343333333,0.6575,0.000621111,0.273809524,0.451428571,0.265454545,0.373636364
1067,Dairy and Egg Products,"CREAM SUB,LIQ,W/HYDR VEG OIL&SOY PROT","Cream substitute, liquid, with hydrogenated vegetable oil and soy protein",,,,136,1.0,9.97,11.38,11.38,0.0,1.0,0.0,0.0,0.0,0.81,0,0.0,0.0,0.0,9,0.0,0.03,0,0.0,64,1.1,0.02,0.001111111,0.0,0.0,0.0,0.054,0.0,0.0,0.0,0.0,0.0075,0.0,0.0,0.091428571,0.02,0.001818182
1068,Dairy and Egg Products,"CREAM SUB,LIQ,W/LAURIC ACID OIL&NA CASEINATE","Cream substitute, liquid, with lauric acid oil and sodium caseinate",,,,136,1.0,9.97,11.38,0.0,0.0,4.0,0.0,0.0,0.0,0.0,0,0.0,0.0,0.0,9,0.025,0.03,0,0.04,64,1.1,0.02,0.004444444,0.0,0.0,0.0,0.0,0.0,0.0,0.0,0.0,0.0075,2.77778e-05,0.0,0.091428571,0.02,0.001818182
1069,Dairy and Egg Products,"CREAM SUBSTITUTE,POWDERED","Cream substitute, powdered",,,,545,4.79,35.48,54.88,54.88,0.0,2.0,0.0,0.0,0.0,0.59,0,0.0,0.165,0.0,22,0.115,1.15,4,0.22,422,0.6,0.51,0.002222222,0.0,0.0,0.0,0.039333333,0.0,0.0,0.126923077,0.0,0.018333333,0.000127778,0.00952381,0.602857143,0.010909091,0.046363636
1070,Dairy and Egg Products,"DESSERT TOPPING,POWDERED","Dessert topping, powdered",,,,577,4.9,39.92,52.54,52.54,0.0,0.0,0.0,0.0,0.0,1.52,0,0.0,0.0,0.0,17,0.118,0.03,7,0.225,74,0.6,0.08,0.0,0.0,0.0,0.0,0.101333333,0.0,0.0,0.0,0.0,0.014166667,0.000131111,0.016666667,0.105714286,0.010909091,0.007272727
1071,Dairy and Egg Products,"DESSERT TOPPING,PDR,1.5 OZ PREP W/1/2 CUP MILK","Dessert topping, powdered, 1.5 ounce prepared with 1/2 cup milk",,,,194,3.61,12.72,17.13,17.13,0.0,34.0,0.03,0.26,0.7,0.45,4,0.06,0.117,0.027,90,0.012,0.04,10,0.005,86,4.8,0.27,0.037777778,0.017647059,0.108333333,0.007777778,0.03,0.01,0.00375,0.09,0.0225,0.075,1.33333e-05,0.023809524,0.122857143,0.087272727,0.024545455
1072,Dairy and Egg Products,"DESSERT TOPPING,PRESSURIZED","Dessert topping, pressurized",,,,264,0.98,22.3,16.07,16.07,0.0,4.0,0.0,0.0,0.0,0.85,0,0.0,0.0,0.0,5,0.024,0.02,1,0.045,18,1.5,0.01,0.004444444,0.0,0.0,0.0,0.056666667,0.0,0.0,0.0,0.0,0.004166667,2.66667e-05,0.002380952,0.025714286,0.027272727,0.000909091
1073,Dairy and Egg Products,"DESSERT TOPPING,SEMI SOLID,FRZ","Dessert topping, semi solid, frozen",,,,318,1.25,25.31,23.05,23.05,0.0,7.0,0.0,0.0,0.0,0.96,0,0.0,0.0,0.0,6,0.03,0.12,2,0.058,8,2.1,0.03,0.007777778,0.0,0.0,0.0,0.064,0.0,0.0,0.0,0.0,0.005,3.33333e-05,0.004761905,0.011428571,0.038181818,0.002727273
1074,Dairy and Egg Products,"SOUR CRM,IMITN,CULTURED","Sour cream, imitation, cultured",,,,208,2.4,19.52,6.63,6.63,0.0,0.0,0.0,0.0,0.0,0.74,0,0.0,0.0,0.0,3,0.058,0.39,6,0.11,45,2.5,1.18,0.0,0.0,0.0,0.0,0.049333333,0.0,0.0,0.0,0.0,0.0025,6.44444e-05,0.014285714,0.064285714,0.045454545,0.107272727
1076,Dairy and Egg Products,"MILK SUBSTITUTES,FLUID,W/LAURIC ACID OIL","Milk substitutes, fluid, with lauric acid oil",,,,61,1.75,3.41,6.16,0.0,0.0,0.0,0.0,0.0,0.0,0.0,0,0.0,0.088,0.012,33,0.051,0.39,6,0.097,74,1.9,1.18,0.0,0.0,0.0,0.0,0.0,0.0,0.0,0.067692308,0.01,0.0275,5.66667e-05,0.014285714,0.105714286,0.034545455,0.107272727
1077,Dairy and Egg Products,"MILK,WHL,3.25% MILKFAT,W/ ADDED VITAMIN D","Milk, whole, 3.25% milkfat, with added vitamin D",,,,61,3.15,3.25,4.8,5.05,0.0,46.0,0.036,0.45,0.0,0.07,5,0.089,0.169,0.046,113,0.025,0.03,10,0.004,84,3.7,0.37,0.051111111,0.021176471,0.1875,0.0,0.004666667,0.0125,0.0055625,0.13,0.038333333,0.094166667,2.77778e-05,0.023809524,0.12,0.067272727,0.033636364
1078,Dairy and Egg Products,"MILK,PRODUCER,FLUID,3.7% MILKFAT","Milk, producer, fluid, 3.7% milkfat",,,,64,3.28,3.66,4.65,0.0,0.0,33.0,0.042,0.36,1.5,0.0,5,0.084,0.161,0.038,119,0.01,0.05,13,0.004,93,2.0,0.38,0.036666667,0.024705882,0.15,0.016666667,0.0,0.0125,0.00525,0.123846154,0.031666667,0.099166667,1.11111e-05,0.030952381,0.132857143,0.036363636,0.034545455
1079,Dairy and Egg Products,"MILK,RED FAT,FLUID,2% MILKFAT,W/ ADDED VIT A & VITAMIN D","Milk, reduced fat, fluid, 2% milkfat, with added vitamin A and vitamin D",,,,50,3.3,1.98,4.8,5.06,0.0,55.0,0.038,0.53,0.2,0.03,5,0.092,0.185,0.039,120,0.006,0.02,11,0.014,92,2.5,0.48,0.061111111,0.022352941,0.220833333,0.002222222,0.002,0.0125,0.00575,0.142307692,0.0325,0.1,6.66667e-06,0.026190476,0.131428571,0.045454545,0.043636364
1080,Dairy and Egg Products,"MILK,RED FAT,FLUID,2% MILKFAT,W/ ADDED NFMS, VIT A & VIT D","Milk, reduced fat, fluid, 2% milkfat, with added nonfat milk solids and vitamin A and vitamin D",,,,51,3.48,1.92,4.97,0.0,0.0,56.0,0.045,0.38,1.0,0.0,5,0.09,0.173,0.04,128,0.008,0.05,14,0.002,100,2.3,0.4,0.062222222,0.026470588,0.158333333,0.011111111,0.0,0.0125,0.005625,0.133076923,0.033333333,0.106666667,8.88889e-06,0.033333333,0.142857143,0.041818182,0.036363636
1081,Dairy and Egg Products,"MILK,RED FAT,FLUID,2% MILKFAT,PROT FORT,W/ ADDED VIT A & D","Milk, reduced fat, fluid, 2% milkfat, protein fortified, with added vitamin A and vitamin D",,,,56,3.95,1.98,5.49,5.26,0.0,0.0,0.051,0.43,1.1,0.04,6,0.101,0.194,0.045,143,0.008,0.06,16,0.002,112,2.6,0.45,0.0,0.03,0.179166667,0.012222222,0.002666667,0.015,0.0063125,0.149230769,0.0375,0.119166667,8.88889e-06,0.038095238,0.16,0.047272727,0.040909091
1082,Dairy and Egg Products,"MILK,LOWFAT,FLUID,1% MILKFAT,W/ ADDED VIT A & VITAMIN D","Milk, lowfat, fluid, 1% milkfat, with added vitamin A and vitamin D",,,,42,3.37,0.97,4.99,5.2,0.0,58.0,0.037,0.47,0.0,0.01,5,0.093,0.185,0.02,125,0.01,0.03,11,0.003,95,3.3,0.42,0.064444444,0.021764706,0.195833333,0.0,0.000666667,0.0125,0.0058125,0.142307692,0.016666667,0.104166667,1.11111e-05,0.026190476,0.135714286,0.06,0.038181818
1083,Dairy and Egg Products,"MILK,LOWFAT,FLUID,1% MILKFAT,W/ ADD NONFAT MILK SOL,VIT A/ D","Milk, lowfat, fluid, 1% milkfat, with added nonfat milk solids, vitamin A and vitamin D",,,,43,3.48,0.97,4.97,0.0,0.0,59.0,0.045,0.38,1.0,0.0,5,0.09,0.173,0.04,128,0.01,0.05,14,0.002,100,2.3,0.4,0.065555556,0.026470588,0.158333333,0.011111111,0.0,0.0125,0.005625,0.133076923,0.033333333,0.106666667,1.11111e-05,0.033333333,0.142857143,0.041818182,0.036363636
1084,Dairy and Egg Products,"MILK,LOWFAT,FLUID,1% MILKFAT,PROT FORT,W/ ADDED VIT A & D","Milk, lowfat, fluid, 1% milkfat, protein fortified, with added vitamin A and vitamin D",,,,48,3.93,1.17,5.52,0.0,0.0,61.0,0.05,0.43,1.2,0.0,6,0.1,0.192,0.045,142,0.01,0.06,16,0.002,111,2.5,0.45,0.067777778,0.029411765,0.179166667,0.013333333,0.0,0.015,0.00625,0.147692308,0.0375,0.118333333,1.11111e-05,0.038095238,0.158571429,0.045454545,0.040909091
1085,Dairy and Egg Products,"MILK,NONFAT,FLUID,W/ ADDED VIT A & VIT D (FAT FREE OR SKIM)","Milk, nonfat, fluid, with added vitamin A and vitamin D (fat free or skim)",,,,34,3.37,0.08,4.96,5.09,0.0,61.0,0.037,0.5,0.0,0.01,5,0.094,0.182,0.045,122,0.013,0.03,11,0.003,101,3.1,0.42,0.067777778,0.021764706,0.208333333,0.0,0.000666667,0.0125,0.005875,0.14,0.0375,0.101666667,1.44444e-05,0.026190476,0.144285714,0.056363636,0.038181818
1086,Dairy and Egg Products,"MILK,NONFAT,FLUID,W/ ADDED NONFAT MILK SOL,VIT A & VIT D","Milk, nonfat, fluid, with added nonfat milk solids, vitamin A and vitamin D (fat free or skim)",,,,37,3.57,0.25,5.02,5.02,0.0,64.0,0.046,0.39,1.0,0.01,5,0.091,0.175,0.041,129,0.011,0.05,15,0.002,104,2.2,0.41,0.071111111,0.027058824,0.1625,0.011111111,0.000666667,0.0125,0.0056875,0.134615385,0.034166667,0.1075,1.22222e-05,0.035714286,0.148571429,0.04,0.037272727
1087,Dairy and Egg Products,"MILK,NONFAT,FLUID,PROT FORT,W/ ADD VIT A & D (FAT FREE/SKIM)","Milk, nonfat, fluid, protein fortified, with added vitamin A and vitamin D (fat free and skim)",,,,41,3.96,0.25,5.56,0.0,0.0,61.0,0.05,0.43,1.1,0.0,6,0.101,0.194,0.045,143,0.011,0.06,16,0.002,112,2.4,0.45,0.067777778,0.029411765,0.179166667,0.012222222,0.0,0.015,0.0063125,0.149230769,0.0375,0.119166667,1.22222e-05,0.038095238,0.16,0.043636364,0.040909091
1088,Dairy and Egg Products,"MILK,BTTRMLK,FLUID,CULTURED,LOWFAT","Milk, buttermilk, fluid, cultured, lowfat",,,,40,3.31,0.88,4.79,4.79,0.0,14.0,0.034,0.22,1.0,0.05,5,0.058,0.154,0.034,116,0.011,0.05,11,0.002,89,2.0,0.42,0.015555556,0.02,0.091666667,0.011111111,0.003333333,0.0125,0.003625,0.118461538,0.028333333,0.096666667,1.22222e-05,0.026190476,0.127142857,0.036363636,0.038181818
1089,Dairy and Egg Products,"MILK,LO NA,FLUID","Milk, low sodium, fluid",,,,61,3.1,3.46,4.46,4.46,0.0,29.0,0.034,0.36,0.9,0.08,5,0.043,0.105,0.02,101,0.01,0.05,5,0.004,86,2.0,0.38,0.032222222,0.02,0.15,0.01,0.005333333,0.0125,0.0026875,0.080769231,0.016666667,0.084166667,1.11111e-05,0.011904762,0.122857143,0.036363636,0.034545455
1090,Dairy and Egg Products,"MILK,DRY,WHL,W/ ADDED VITAMIN D","Milk, dry, whole, with added vitamin D",,,,496,26.32,26.71,38.42,38.42,0.0,258.0,0.302,3.25,8.6,0.58,37,0.646,1.205,0.283,912,0.08,0.47,85,0.04,776,16.3,3.34,0.286666667,0.177647059,1.354166667,0.095555556,0.038666667,0.0925,0.040375,0.926923077,0.235833333,0.76,8.88889e-05,0.202380952,1.108571429,0.296363636,0.303636364
1091,Dairy and Egg Products,"MILK,DRY,NONFAT,REG,WO/ ADDED VIT A & VITAMIN D","Milk, dry, nonfat, regular, without added vitamin A and vitamin D",,,,362,36.16,0.77,51.98,51.98,0.0,6.0,0.361,4.03,6.8,0.0,50,0.951,1.55,0.415,1257,0.041,0.32,110,0.02,968,27.3,4.08,0.006666667,0.212352941,1.679166667,0.075555556,0.0,0.125,0.0594375,1.192307692,0.345833333,1.0475,4.55556e-05,0.261904762,1.382857143,0.496363636,0.370909091
1092,Dairy and Egg Products,"MILK,DRY,NONFAT,INST,W/ ADDED VIT A & VITAMIN D","Milk, dry, nonfat, instant, with added vitamin A and vitamin D",,,,358,35.1,0.72,52.19,52.19,0.0,709.0,0.345,3.99,5.6,0.01,50,0.891,1.744,0.413,1231,0.041,0.31,117,0.02,985,27.3,4.41,0.787777778,0.202941176,1.6625,0.062222222,0.000666667,0.125,0.0556875,1.341538462,0.344166667,1.025833333,4.55556e-05,0.278571429,1.407142857,0.496363636,0.400909091
1093,Dairy and Egg Products,"MILK,DRY,NONFAT,CA RED","Milk, dry, nonfat, calcium reduced",,,,354,35.5,0.2,51.8,0.0,0.0,2.0,0.298,3.98,6.7,0.0,50,0.665,1.642,0.163,280,0.016,0.32,60,0.008,1011,27.3,4.03,0.002222222,0.175294118,1.658333333,0.074444444,0.0,0.125,0.0415625,1.263076923,0.135833333,0.233333333,1.77778e-05,0.142857143,1.444285714,0.496363636,0.366363636
1094,Dairy and Egg Products,"MILK,BUTTERMILK,DRIED","Milk, buttermilk, dried",,,,387,34.3,5.78,49.0,49.0,0.0,49.0,0.338,3.82,5.7,0.1,47,0.876,1.579,0.392,1184,0.111,0.3,110,0.023,933,20.3,4.02,0.054444444,0.198823529,1.591666667,0.063333333,0.006666667,0.1175,0.05475,1.214615385,0.326666667,0.986666667,0.000123333,0.261904762,1.332857143,0.369090909,0.365454545
1095,Dairy and Egg Products,"MILK,CND,COND,SWTND","Milk, canned, condensed, sweetened",,,,321,7.91,8.7,54.4,54.4,0.0,74.0,0.051,0.44,2.6,0.16,11,0.21,0.416,0.09,284,0.015,0.19,26,0.006,253,14.8,0.94,0.082222222,0.03,0.183333333,0.028888889,0.010666667,0.0275,0.013125,0.32,0.075,0.236666667,1.66667e-05,0.061904762,0.361428571,0.269090909,0.085454545
1096,Dairy and Egg Products,"MILK,CND,EVAP,W/ ADDED VITAMIN D & WO/ ADDED VIT A","Milk, canned, evaporated, with added vitamin D and without added vitamin A",,,,134,6.81,7.56,10.04,10.04,0.0,65.0,0.05,0.16,1.9,0.14,8,0.194,0.316,0.047,261,0.016,0.19,24,0.006,203,2.3,0.77,0.072222222,0.029411765,0.066666667,0.021111111,0.009333333,0.02,0.012125,0.243076923,0.039166667,0.2175,1.77778e-05,0.057142857,0.29,0.041818182,0.07
1097,Dairy and Egg Products,"MILK,CND,EVAP,NONFAT,W/ ADDED VIT A & VITAMIN D","Milk, canned, evaporated, nonfat, with added vitamin A and vitamin D",,,,78,7.55,0.2,11.35,11.35,0.0,118.0,0.055,0.24,1.2,0.0,9,0.174,0.309,0.045,290,0.016,0.29,27,0.006,195,2.5,0.9,0.131111111,0.032352941,0.1,0.013333333,0.0,0.0225,0.010875,0.237692308,0.0375,0.241666667,1.77778e-05,0.064285714,0.278571429,0.045454545,0.081818182
1102,Dairy and Egg Products,"MILK,CHOC,FLUID,COMM,WHL,W/ ADDED VIT A & VITAMIN D","Milk, chocolate, fluid, commercial, whole, with added vitamin A and vitamin D",,,,83,3.17,3.39,10.34,9.54,0.8,27.0,0.04,0.33,0.9,0.07,5,0.125,0.162,0.037,112,0.065,0.24,13,0.077,101,1.9,0.41,0.03,0.023529412,0.1375,0.01,0.004666667,0.0125,0.0078125,0.124615385,0.030833333,0.093333333,7.22222e-05,0.030952381,0.144285714,0.034545455,0.037272727
1103,Dairy and Egg Products,"MILK,CHOC,FLUID,COMM,RED FAT","Milk, chocolate, fluid, commercial, reduced fat, with added vitamin A and vitamin D",,,,76,2.99,1.9,12.13,9.55,0.7,64.0,0.024,0.33,0.0,0.04,2,0.164,0.183,0.045,109,0.075,0.24,14,0.062,102,3.4,0.39,0.071111111,0.014117647,0.1375,0.0,0.002666667,0.005,0.01025,0.140769231,0.0375,0.090833333,8.33333e-05,0.033333333,0.145714286,0.061818182,0.035454545
1104,Dairy and Egg Products,"MILK,CHOC,FLUID,COMM,LOWFAT,W/ ADDED VIT A & VITAMIN D","Milk, chocolate, fluid, commercial, lowfat, with added vitamin A and vitamin D",,,,71,3.24,1.0,12.6,9.94,0.5,58.0,0.041,0.32,0.9,0.02,5,0.127,0.166,0.038,116,0.065,0.27,13,0.077,103,1.9,0.41,0.064444444,0.024117647,0.133333333,0.01,0.001333333,0.0125,0.0079375,0.127692308,0.031666667,0.096666667,7.22222e-05,0.030952381,0.147142857,0.034545455,0.037272727
1105,Dairy and Egg Products,"MILK,CHOC BEV,HOT COCOA,HOMEMADE","Milk, chocolate beverage, hot cocoa, homemade",,,,77,3.52,2.34,10.74,9.66,1.0,51.0,0.04,0.49,0.2,0.03,5,0.133,0.182,0.039,114,0.103,0.42,23,0.013,105,2.7,0.63,0.056666667,0.023529412,0.204166667,0.002222222,0.002,0.0125,0.0083125,0.14,0.0325,0.095,0.000114444,0.054761905,0.15,0.049090909,0.057272727
1106,Dairy and Egg Products,"MILK,GOAT,FLUID,W/ ADDED VITAMIN D","Milk, goat, fluid, with added vitamin D",,,,69,3.56,4.14,4.45,4.45,0.0,57.0,0.046,0.07,1.3,0.07,1,0.277,0.138,0.048,134,0.046,0.05,14,0.018,111,1.4,0.3,0.063333333,0.027058824,0.029166667,0.014444444,0.004666667,0.0025,0.0173125,0.106153846,0.04,0.111666667,5.11111e-05,0.033333333,0.158571429,0.025454545,0.027272727
1107,Dairy and Egg Products,"MILK,HUMAN,MATURE,FLUID","Milk, human, mature, fluid",,,,70,1.03,4.38,6.89,6.89,0.0,61.0,0.011,0.05,5.0,0.08,5,0.177,0.036,0.014,32,0.052,0.03,3,0.026,14,1.8,0.17,0.067777778,0.006470588,0.020833333,0.055555556,0.005333333,0.0125,0.0110625,0.027692308,0.011666667,0.026666667,5.77778e-05,0.007142857,0.02,0.032727273,0.015454545
1108,Dairy and Egg Products,"MILK,INDIAN BUFFALO,FLUID","Milk, indian buffalo, fluid",,,,97,3.75,6.89,5.18,0.0,0.0,53.0,0.023,0.36,2.3,0.0,6,0.091,0.135,0.052,169,0.046,0.12,31,0.018,117,0.0,0.22,0.058888889,0.013529412,0.15,0.025555556,0.0,0.015,0.0056875,0.103846154,0.043333333,0.140833333,5.11111e-05,0.073809524,0.167142857,0.0,0.02
1109,Dairy and Egg Products,"MILK,SHEEP,FLUID","Milk, sheep, fluid",,,,108,5.98,7.0,5.36,0.0,0.0,44.0,0.06,0.71,4.2,0.0,7,0.417,0.355,0.065,193,0.046,0.1,18,0.018,158,1.7,0.54,0.048888889,0.035294118,0.295833333,0.046666667,0.0,0.0175,0.0260625,0.273076923,0.054166667,0.160833333,5.11111e-05,0.042857143,0.225714286,0.030909091,0.049090909
1110,Dairy and Egg Products,"MILK SHAKES,THICK CHOC","Milk shakes, thick chocolate",,,,119,3.05,2.7,21.15,20.85,0.3,18.0,0.025,0.32,0.0,0.05,5,0.124,0.222,0.047,132,0.065,0.31,16,0.039,126,1.9,0.48,0.02,0.014705882,0.133333333,0.0,0.003333333,0.0125,0.00775,0.170769231,0.039166667,0.11,7.22222e-05,0.038095238,0.18,0.034545455,0.043636364
1111,Dairy and Egg Products,"MILK SHAKES,THICK VANILLA","Milk shakes, thick vanilla",,,,112,3.86,3.03,17.75,17.75,0.0,25.0,0.042,0.52,0.0,0.05,7,0.146,0.195,0.03,146,0.051,0.1,12,0.014,115,2.3,0.39,0.027777778,0.024705882,0.216666667,0.0,0.003333333,0.0175,0.009125,0.15,0.025,0.121666667,5.66667e-05,0.028571429,0.164285714,0.041818182,0.035454545
1112,Dairy and Egg Products,"WHEY,ACID,FLUID","Whey, acid, fluid",,,,24,0.76,0.09,5.12,5.12,0.0,2.0,0.042,0.18,0.1,0.0,2,0.079,0.14,0.042,103,0.003,0.08,10,0.002,78,1.8,0.43,0.002222222,0.024705882,0.075,0.001111111,0.0,0.005,0.0049375,0.107692308,0.035,0.085833333,3.33333e-06,0.023809524,0.111428571,0.032727273,0.039090909
1113,Dairy and Egg Products,"WHEY,ACID,DRIED","Whey, acid, dried",,,,339,11.73,0.54,73.45,73.45,0.0,17.0,0.62,2.5,0.9,0.0,33,1.16,2.06,0.622,2054,0.05,1.24,199,0.015,1349,27.3,6.31,0.018888889,0.364705882,1.041666667,0.01,0.0,0.0825,0.0725,1.584615385,0.518333333,1.711666667,5.55556e-05,0.473809524,1.927142857,0.496363636,0.573636364
1114,Dairy and Egg Products,"WHEY,SWEET,FLUID","Whey, sweet, fluid",,,,27,0.85,0.36,5.14,5.14,0.0,3.0,0.031,0.28,0.1,0.0,1,0.074,0.158,0.036,47,0.004,0.06,8,0.001,46,1.9,0.13,0.003333333,0.018235294,0.116666667,0.001111111,0.0,0.0025,0.004625,0.121538462,0.03,0.039166667,4.44444e-06,0.019047619,0.065714286,0.034545455,0.011818182
1115,Dairy and Egg Products,"WHEY,SWEET,DRIED","Whey, sweet, dried",,,,353,12.93,1.07,74.46,74.46,0.0,8.0,0.584,2.37,1.5,0.02,12,1.258,2.208,0.519,796,0.07,0.88,176,0.009,932,27.2,1.97,0.008888889,0.343529412,0.9875,0.016666667,0.001333333,0.03,0.078625,1.698461538,0.4325,0.663333333,7.77778e-05,0.419047619,1.331428571,0.494545455,0.179090909
1116,Dairy and Egg Products,"YOGURT,PLN,WHL MILK,8 GRAMS PROT PER 8 OZ","Yogurt, plain, whole milk, 8 grams protein per 8 ounce",,,,61,3.47,3.25,4.66,4.66,0.0,27.0,0.032,0.37,0.5,0.06,7,0.075,0.142,0.029,121,0.009,0.05,12,0.004,95,2.2,0.59,0.03,0.018823529,0.154166667,0.005555556,0.004,0.0175,0.0046875,0.109230769,0.024166667,0.100833333,1e-05,0.028571429,0.135714286,0.04,0.053636364
1117,Dairy and Egg Products,"YOGURT,PLN,LOFAT,12 GRAMS PROT PER 8 OZ","Yogurt, plain, low fat, 12 grams protein per 8 ounce",,,,63,5.25,1.55,7.04,7.04,0.0,14.0,0.049,0.56,0.8,0.03,11,0.114,0.214,0.044,183,0.013,0.08,17,0.004,144,3.3,0.89,0.015555556,0.028823529,0.233333333,0.008888889,0.002,0.0275,0.007125,0.164615385,0.036666667,0.1525,1.44444e-05,0.04047619,0.205714286,0.06,0.080909091
1118,Dairy and Egg Products,"YOGURT,PLN,SKIM MILK,13 GRAMS PROT PER 8 OZ","Yogurt, plain, skim milk, 13 grams protein per 8 ounce",,,,56,5.73,0.18,7.68,7.68,0.0,2.0,0.053,0.61,0.9,0.0,12,0.124,0.234,0.048,199,0.015,0.09,19,0.005,157,3.6,0.97,0.002222222,0.031176471,0.254166667,0.01,0.0,0.03,0.00775,0.18,0.04,0.165833333,1.66667e-05,0.045238095,0.224285714,0.065454545,0.088181818
1119,Dairy and Egg Products,"YOGURT,VANILLA,LOFAT,11 GRAMS PROT PER 8 OZ","Yogurt, vanilla, low fat, 11 grams protein per 8 ounce",,,,85,4.93,1.25,13.8,13.8,0.0,12.0,0.045,0.53,0.8,0.02,11,0.107,0.201,0.042,171,0.013,0.07,16,0.004,135,4.9,0.83,0.013333333,0.026470588,0.220833333,0.008888889,0.001333333,0.0275,0.0066875,0.154615385,0.035,0.1425,1.44444e-05,0.038095238,0.192857143,0.089090909,0.075454545
1120,Dairy and Egg Products,"YOGURT,FRUIT,LOFAT,9 GRAMS PROT PER 8 OZ","Yogurt, fruit, low fat, 9 grams protein per 8 ounce",,,,99,3.98,1.15,18.64,18.64,0.0,11.0,0.037,0.43,0.6,0.02,9,0.086,0.162,0.034,138,0.079,0.06,13,0.064,109,2.8,0.67,0.012222222,0.021764706,0.179166667,0.006666667,0.001333333,0.0225,0.005375,0.124615385,0.028333333,0.115,8.77778e-05,0.030952381,0.155714286,0.050909091,0.060909091
1121,Dairy and Egg Products,"YOGURT,FRUIT,LOFAT,10 GRAMS PROT PER 8 OZ","Yogurt, fruit, low fat, 10 grams protein per 8 ounce",,,,102,4.37,1.08,19.05,19.05,0.0,10.0,0.04,0.47,0.7,0.02,9,0.095,0.178,0.037,152,0.08,0.07,15,0.065,119,3.1,0.74,0.011111111,0.023529412,0.195833333,0.007777778,0.001333333,0.0225,0.0059375,0.136923077,0.030833333,0.126666667,8.88889e-05,0.035714286,0.17,0.056363636,0.067272727
1122,Dairy and Egg Products,"YOGURT,FRUIT,LOFAT,11 GRAMS PROT PER 8 OZ","Yogurt, fruit, low fat, 11 grams protein per 8 ounce",,,,105,4.86,1.41,18.6,0.0,0.0,0.0,0.045,0.52,0.7,0.0,10,0.105,0.198,0.041,169,0.08,0.07,16,0.065,133,3.1,0.82,0.0,0.026470588,0.216666667,0.007777778,0.0,0.025,0.0065625,0.152307692,0.034166667,0.140833333,8.88889e-05,0.038095238,0.19,0.056363636,0.074545455
1123,Dairy and Egg Products,"EGG,WHL,RAW,FRSH","Egg, whole, raw, fresh",,,,143,12.56,9.51,0.72,0.37,0.0,160.0,0.17,0.89,0.0,1.05,47,0.075,0.457,0.04,56,0.072,1.75,12,0.028,198,30.7,1.29,0.177777778,0.1,0.370833333,0.0,0.07,0.1175,0.0046875,0.351538462,0.033333333,0.046666667,8e-05,0.028571429,0.282857143,0.558181818,0.117272727
1124,Dairy and Egg Products,"EGG,WHITE,RAW,FRESH","Egg, white, raw, fresh",,,,52,10.9,0.17,0.73,0.71,0.0,0.0,0.005,0.09,0.0,0.0,4,0.105,0.439,0.004,7,0.023,0.08,11,0.011,15,20.0,0.03,0.0,0.002941176,0.0375,0.0,0.0,0.01,0.0065625,0.337692308,0.003333333,0.005833333,2.55556e-05,0.026190476,0.021428571,0.363636364,0.002727273
1125,Dairy and Egg Products,"EGG,YOLK,RAW,FRSH","Egg, yolk, raw, fresh",,,,322,15.86,26.54,3.59,0.56,0.0,381.0,0.35,1.95,0.0,2.58,146,0.024,0.528,0.176,129,0.077,2.73,5,0.055,390,56.0,2.3,0.423333333,0.205882353,0.8125,0.0,0.172,0.365,0.0015,0.406153846,0.146666667,0.1075,8.55556e-05,0.011904762,0.557142857,1.018181818,0.209090909
1126,Dairy and Egg Products,"EGG,YOLK,RAW,FRZ,PAST","Egg, yolk, raw, frozen, pasteurized",,,,299,15.33,25.24,1.3,0.17,0.0,395.0,0.442,1.64,0.0,2.24,151,0.031,0.563,0.223,133,0.024,3.67,11,0.078,420,56.4,3.17,0.438888889,0.26,0.683333333,0.0,0.149333333,0.3775,0.0019375,0.433076923,0.185833333,0.110833333,2.66667e-05,0.026190476,0.6,1.025454545,0.288181818
1127,Dairy and Egg Products,"EGG,YOLK,RAW,FRZ,SUGARED,PAST","Egg, yolk, raw, frozen, sugared, pasteurized",,,,307,13.87,22.82,10.95,10.3,0.0,316.0,0.398,1.64,0.0,2.25,174,0.037,0.523,0.14,124,0.012,3.7,10,0.08,404,53.5,3.06,0.351111111,0.234117647,0.683333333,0.0,0.15,0.435,0.0023125,0.402307692,0.116666667,0.103333333,1.33333e-05,0.023809524,0.577142857,0.972727273,0.278181818
1128,Dairy and Egg Products,"EGG,WHL,CKD,FRIED","Egg, whole, cooked, fried",,,,196,13.61,14.84,0.83,0.4,0.0,219.0,0.184,0.97,0.0,1.31,51,0.082,0.495,0.044,62,0.078,1.89,13,0.03,215,33.1,1.39,0.243333333,0.108235294,0.404166667,0.0,0.087333333,0.1275,0.005125,0.380769231,0.036666667,0.051666667,8.66667e-05,0.030952381,0.307142857,0.601818182,0.126363636
1129,Dairy and Egg Products,"EGG,WHL,CKD,HARD-BOILED","Egg, whole, cooked, hard-boiled",,,,155,12.58,10.61,1.12,1.12,0.0,149.0,0.121,1.11,0.0,1.03,44,0.064,0.513,0.066,50,0.013,1.19,10,0.026,172,30.8,1.05,0.165555556,0.071176471,0.4625,0.0,0.068666667,0.11,0.004,0.394615385,0.055,0.041666667,1.44444e-05,0.023809524,0.245714286,0.56,0.095454545
1130,Dairy and Egg Products,"EGG,WHOLE,COOKED,OMELET","Egg, whole, cooked, omelet",,,,154,10.57,11.66,0.64,0.31,0.0,172.0,0.143,0.76,0.0,1.29,39,0.064,0.386,0.034,48,0.063,1.48,11,0.024,167,25.8,1.09,0.191111111,0.084117647,0.316666667,0.0,0.086,0.0975,0.004,0.296923077,0.028333333,0.04,7e-05,0.026190476,0.238571429,0.469090909,0.099090909
1131,Dairy and Egg Products,"EGG,WHL,CKD,POACHED","Egg, whole, cooked, poached",,,,143,12.51,9.47,0.71,0.37,0.0,160.0,0.144,0.71,0.0,1.04,35,0.063,0.387,0.032,56,0.072,1.75,12,0.028,197,30.6,1.29,0.177777778,0.084705882,0.295833333,0.0,0.069333333,0.0875,0.0039375,0.297692308,0.026666667,0.046666667,8e-05,0.028571429,0.281428571,0.556363636,0.117272727
1132,Dairy and Egg Products,"EGG,WHL,CKD,SCRMBLD","Egg, whole, cooked, scrambled",,,,149,9.99,10.98,1.61,1.39,0.0,161.0,0.134,0.76,0.0,1.15,36,0.076,0.376,0.04,66,0.059,1.31,11,0.022,165,23.5,1.04,0.178888889,0.078823529,0.316666667,0.0,0.076666667,0.09,0.00475,0.289230769,0.033333333,0.055,6.55556e-05,0.026190476,0.235714286,0.427272727,0.094545455
1133,Dairy and Egg Products,"EGG,WHOLE,DRIED","Egg, whole, dried",,,,605,48.37,43.04,1.53,0.3,0.0,150.0,0.494,3.39,0.0,2.17,119,0.34,1.977,0.183,236,0.203,4.33,34,0.058,629,164.7,3.15,0.166666667,0.290588235,1.4125,0.0,0.144666667,0.2975,0.02125,1.520769231,0.1525,0.196666667,0.000225556,0.080952381,0.898571429,2.994545455,0.286363636
1134,Dairy and Egg Products,"EGG,WHL,DRIED,STABILIZED,GLUCOSE RED","Egg, whole, dried, stabilized, glucose reduced",,,,615,48.17,43.95,2.38,0.0,0.0,616.0,0.42,10.51,0.0,0.0,193,0.259,1.232,0.325,222,0.27,8.28,49,0.15,715,121.1,5.71,0.684444444,0.247058824,4.379166667,0.0,0.0,0.4825,0.0161875,0.947692308,0.270833333,0.185,0.0003,0.116666667,1.021428571,2.201818182,0.519090909
1135,Dairy and Egg Products,"EGG,WHITE,DRIED,FLAKES,STABILIZED,GLUCOSE RED","Egg, white, dried, flakes, stabilized, glucose reduced",,,,351,76.92,0.04,4.17,0.0,0.0,0.0,0.023,0.49,0.0,0.0,89,0.675,2.162,0.035,83,0.23,0.23,67,0.07,83,116.8,0.15,0.0,0.013529412,0.204166667,0.0,0.0,0.2225,0.0421875,1.663076923,0.029166667,0.069166667,0.000255556,0.15952381,0.118571429,2.123636364,0.013636364
1136,Dairy and Egg Products,"EGG,WHITE,DRIED,PDR,STABILIZED,GLUCOSE RED","Egg, white, dried, powder, stabilized, glucose reduced",,,,376,82.4,0.04,4.47,0.0,0.0,0.0,0.024,0.53,0.0,0.0,96,0.723,2.316,0.037,89,0.17,0.24,72,0.05,89,125.1,0.16,0.0,0.014117647,0.220833333,0.0,0.0,0.24,0.0451875,1.781538462,0.030833333,0.074166667,0.000188889,0.171428571,0.127142857,2.274545455,0.014545455
1137,Dairy and Egg Products,"EGG,YOLK,DRIED","Egg, yolk, dried",,,,679,33.73,58.13,2.1,0.07,0.0,785.0,0.842,6.02,0.0,4.81,209,0.083,1.257,0.387,307,0.012,9.5,26,0.185,1040,139.3,7.73,0.872222222,0.495294118,2.508333333,0.0,0.320666667,0.5225,0.0051875,0.966923077,0.3225,0.255833333,1.33333e-05,0.061904762,1.485714286,2.532727273,0.702727273
1138,Dairy and Egg Products,"EGG,DUCK,WHOLE,FRESH,RAW","Egg, duck, whole, fresh, raw",,,,185,12.81,13.77,1.45,0.93,0.0,194.0,0.25,5.4,0.0,1.34,80,0.2,0.404,0.156,64,0.062,3.85,17,0.038,220,36.4,1.41,0.215555556,0.147058824,2.25,0.0,0.089333333,0.2,0.0125,0.310769231,0.13,0.053333333,6.88889e-05,0.04047619,0.314285714,0.661818182,0.128181818
1139,Dairy and Egg Products,"EGG,GOOSE,WHOLE,FRESH,RAW","Egg, goose, whole, fresh, raw",,,,185,13.87,13.27,1.35,0.94,0.0,187.0,0.236,5.1,0.0,1.29,76,0.189,0.382,0.147,60,0.062,3.64,16,0.038,208,36.9,1.33,0.207777778,0.138823529,2.125,0.0,0.086,0.19,0.0118125,0.293846154,0.1225,0.05,6.88889e-05,0.038095238,0.297142857,0.670909091,0.120909091
1140,Dairy and Egg Products,"EGG,QUAIL,WHOLE,FRESH,RAW","Egg, quail, whole, fresh, raw",,,,158,13.05,11.09,0.41,0.4,0.0,156.0,0.15,1.58,0.0,1.08,66,0.15,0.79,0.13,64,0.062,3.65,13,0.038,226,32.0,1.47,0.173333333,0.088235294,0.658333333,0.0,0.072,0.165,0.009375,0.607692308,0.108333333,0.053333333,6.88889e-05,0.030952381,0.322857143,0.581818182,0.133636364
1141,Dairy and Egg Products,"EGG,TURKEY,WHL,FRSH,RAW","Egg, turkey, whole, fresh, raw",,,,171,13.68,11.88,1.15,0.0,0.0,166.0,0.131,1.69,0.0,0.0,71,0.024,0.47,0.11,99,0.062,4.1,13,0.038,170,34.3,1.58,0.184444444,0.077058824,0.704166667,0.0,0.0,0.1775,0.0015,0.361538462,0.091666667,0.0825,6.88889e-05,0.030952381,0.242857143,0.623636364,0.143636364
1144,Dairy and Egg Products,"EGG SUBSTITUTE,POWDER","Egg substitute, powder",,,,444,55.5,13.0,21.8,21.8,0.0,369.0,0.143,3.52,0.8,1.26,125,0.577,1.76,0.226,326,0.207,3.16,65,0.08,478,127.7,1.82,0.41,0.084117647,1.466666667,0.008888889,0.084,0.3125,0.0360625,1.353846154,0.188333333,0.271666667,0.00023,0.154761905,0.682857143,2.321818182,0.165454545
1145,Dairy and Egg Products,"BUTTER,WITHOUT SALT","Butter, without salt",,,,717,0.85,81.11,0.06,0.06,0.0,684.0,0.003,0.17,0.0,2.32,3,0.042,0.034,0.005,24,0.016,0.02,2,0.004,24,1.0,0.09,0.76,0.001764706,0.070833333,0.0,0.154666667,0.0075,0.002625,0.026153846,0.004166667,0.02,1.77778e-05,0.004761905,0.034285714,0.018181818,0.008181818
1146,Dairy and Egg Products,"CHEESE,PARMESAN,SHREDDED","Cheese, parmesan, shredded",,,,415,37.86,27.34,3.41,0.9,0.0,229.0,0.105,1.4,0.0,0.25,8,0.287,0.352,0.041,1253,0.037,0.87,51,0.023,735,23.9,3.19,0.254444444,0.061764706,0.583333333,0.0,0.016666667,0.02,0.0179375,0.270769231,0.034166667,1.044166667,4.11111e-05,0.121428571,1.05,0.434545455,0.29
1151,Dairy and Egg Products,"MILK,NONFAT,FLUID,WO/ ADDED VIT A & VIT D (FAT FREE OR SKIM)","Milk, nonfat, fluid, without added vitamin A and vitamin D (fat free or skim)",,,,34,3.37,0.08,4.96,5.09,0.0,2.0,0.037,0.5,0.0,0.01,5,0.094,0.182,0.045,122,0.013,0.03,11,0.003,101,3.1,0.42,0.002222222,0.021764706,0.208333333,0.0,0.000666667,0.0125,0.005875,0.14,0.0375,0.101666667,1.44444e-05,0.026190476,0.144285714,0.056363636,0.038181818
1152,Dairy and Egg Products,"MILK,RED FAT,FLUID,2% MILKFAT,W/ NONFAT MILK SOL,WO/ VIT A","Milk, reduced fat, fluid, 2% milkfat, with added nonfat milk solids, without added vitamin A",,,,56,3.95,1.98,5.49,0.0,0.0,17.0,0.046,0.39,1.1,0.0,5,0.101,0.194,0.045,143,0.011,0.06,15,0.002,112,2.6,0.41,0.018888889,0.027058824,0.1625,0.012222222,0.0,0.0125,0.0063125,0.149230769,0.0375,0.119166667,1.22222e-05,0.035714286,0.16,0.047272727,0.037272727
1153,Dairy and Egg Products,"MILK,CND,EVAP,W/ VIT A","Milk, canned, evaporated, with added vitamin A",,,,134,6.81,7.56,10.04,0.0,0.0,0.0,0.05,0.16,1.9,0.0,8,0.194,0.316,0.047,261,0.016,0.19,24,0.006,203,2.3,0.77,0.0,0.029411765,0.066666667,0.021111111,0.0,0.02,0.012125,0.243076923,0.039166667,0.2175,1.77778e-05,0.057142857,0.29,0.041818182,0.07
1154,Dairy and Egg Products,"MILK,DRY,NONFAT,REG,W/ ADDED VIT A & VITAMIN D","Milk, dry, nonfat, regular, with added vitamin A and vitamin D",,,,362,36.16,0.77,51.98,51.98,0.0,653.0,0.361,4.03,6.8,0.0,50,0.951,1.55,0.415,1257,0.041,0.32,110,0.02,968,27.3,4.08,0.725555556,0.212352941,1.679166667,0.075555556,0.0,0.125,0.0594375,1.192307692,0.345833333,1.0475,4.55556e-05,0.261904762,1.382857143,0.496363636,0.370909091
1155,Dairy and Egg Products,"MILK,DRY,NONFAT,INST,WO/ ADDED VIT A & VITAMIN D","Milk, dry, nonfat, instant, without added vitamin A and vitamin D",,,,358,35.1,0.72,52.19,52.19,0.0,4.0,0.345,3.99,5.6,0.01,50,0.891,1.744,0.413,1231,0.041,0.31,117,0.02,985,27.3,4.41,0.004444444,0.202941176,1.6625,0.062222222,0.000666667,0.125,0.0556875,1.341538462,0.344166667,1.025833333,4.55556e-05,0.278571429,1.407142857,0.496363636,0.400909091
1156,Dairy and Egg Products,"CHEESE,GOAT,HARD TYPE","Cheese, goat, hard type",,,,452,30.52,35.59,2.17,2.17,0.0,486.0,0.08,0.12,0.0,0.31,4,2.4,1.19,0.14,895,0.627,1.88,54,0.252,729,5.5,1.59,0.54,0.047058824,0.05,0.0,0.020666667,0.01,0.15,0.915384615,0.116666667,0.745833333,0.000696667,0.128571429,1.041428571,0.1,0.144545455
1157,Dairy and Egg Products,"CHEESE,GOAT,SEMISOFT TYPE","Cheese, goat, semisoft type",,,,364,21.58,29.84,0.12,0.12,0.0,407.0,0.06,0.22,0.0,0.26,2,1.148,0.676,0.072,298,0.564,1.62,29,0.093,375,3.8,0.66,0.452222222,0.035294118,0.091666667,0.0,0.017333333,0.005,0.07175,0.52,0.06,0.248333333,0.000626667,0.069047619,0.535714286,0.069090909,0.06
1159,Dairy and Egg Products,"CHEESE,GOAT,SOFT TYPE","Cheese, goat, soft type",,,,264,18.52,21.08,0.0,0.0,0.0,288.0,0.25,0.19,0.0,0.18,12,0.43,0.38,0.07,140,0.732,1.9,16,0.1,256,2.8,0.92,0.32,0.147058824,0.079166667,0.0,0.012,0.03,0.026875,0.292307692,0.058333333,0.116666667,0.000813333,0.038095238,0.365714286,0.050909091,0.083636364
1160,Dairy and Egg Products,"EGG,YOLK,RAW,FRZ,SALTED,PAST","Egg, yolk, raw, frozen, salted, pasteurized",,,,275,14.07,22.93,1.77,0.07,0.0,313.0,0.402,1.61,0.0,2.28,112,0.027,0.427,0.14,113,0.121,3.4,7,0.065,414,56.9,2.87,0.347777778,0.236470588,0.670833333,0.0,0.152,0.28,0.0016875,0.328461538,0.116666667,0.094166667,0.000134444,0.016666667,0.591428571,1.034545455,0.260909091
1161,Dairy and Egg Products,"CHEESE SUB,MOZZARELLA","Cheese substitute, mozzarella",,,,248,11.47,12.22,23.67,23.67,0.0,437.0,0.051,0.81,0.1,0.11,11,0.317,0.444,0.026,610,0.11,0.4,41,0.028,583,19.2,1.92,0.485555556,0.03,0.3375,0.001111111,0.007333333,0.0275,0.0198125,0.341538462,0.021666667,0.508333333,0.000122222,0.097619048,0.832857143,0.349090909,0.174545455
1164,Dairy and Egg Products,"CHEESE SAU,PREP FROM RECIPE","Cheese sauce, prepared from recipe",,,,197,10.33,14.92,5.48,0.19,0.1,82.0,0.045,0.35,0.6,0.09,11,0.204,0.243,0.044,311,0.019,0.35,19,0.04,229,6.6,1.26,0.091111111,0.026470588,0.145833333,0.006666667,0.006,0.0275,0.01275,0.186923077,0.036666667,0.259166667,2.11111e-05,0.045238095,0.327142857,0.12,0.114545455
1165,Dairy and Egg Products,"CHEESE,MEXICAN,QUESO ANEJO","Cheese, mexican, queso anejo",,,,373,21.44,29.98,4.63,4.63,0.0,64.0,0.047,1.38,0.0,0.26,1,0.032,0.209,0.02,680,0.008,0.47,28,0.037,444,14.5,2.94,0.071111111,0.027647059,0.575,0.0,0.017333333,0.0025,0.002,0.160769231,0.016666667,0.566666667,8.88889e-06,0.066666667,0.634285714,0.263636364,0.267272727
1166,Dairy and Egg Products,"CHEESE,MEXICAN,QUESO ASADERO","Cheese, mexican, queso asadero",,,,356,22.6,28.26,2.87,2.87,0.0,55.0,0.053,1.0,0.0,0.24,8,0.181,0.223,0.021,661,0.026,0.51,26,0.036,443,14.5,3.02,0.061111111,0.031176471,0.416666667,0.0,0.016,0.02,0.0113125,0.171538462,0.0175,0.550833333,2.88889e-05,0.061904762,0.632857143,0.263636364,0.274545455
1167,Dairy and Egg Products,"CHEESE,MEXICAN,QUESO CHIHUAHUA","Cheese, mexican, queso chihuahua",,,,374,21.56,29.68,5.56,5.56,0.0,56.0,0.055,1.03,0.0,0.26,2,0.15,0.225,0.018,651,0.024,0.47,23,0.071,442,14.5,3.5,0.062222222,0.032352941,0.429166667,0.0,0.017333333,0.005,0.009375,0.173076923,0.015,0.5425,2.66667e-05,0.054761905,0.631428571,0.263636364,0.318181818
1168,Dairy and Egg Products,"CHEESE,LOFAT,CHEDDAR OR COLBY","Cheese, low fat, cheddar or colby",,,,173,24.35,7.0,1.91,0.52,0.0,60.0,0.045,0.49,0.0,0.06,11,0.051,0.221,0.012,415,0.021,0.42,16,0.006,484,14.5,1.82,0.066666667,0.026470588,0.204166667,0.0,0.004,0.0275,0.0031875,0.17,0.01,0.345833333,2.33333e-05,0.038095238,0.691428571,0.263636364,0.165454545
1169,Dairy and Egg Products,"CHEESE,LOW-SODIUM,CHEDDAR OR COLBY","Cheese, low-sodium, cheddar or colby",,,,398,24.35,32.62,1.91,0.49,0.0,264.0,0.076,0.83,0.0,0.28,18,0.086,0.375,0.021,703,0.036,0.72,27,0.011,484,14.5,3.09,0.293333333,0.044705882,0.345833333,0.0,0.018666667,0.045,0.005375,0.288461538,0.0175,0.585833333,4e-05,0.064285714,0.691428571,0.263636364,0.280909091
1171,Dairy and Egg Products,"EGG,WHL,RAW,FRZ,PAST","Egg, whole, raw, frozen, pasteurized",,,,154,12.03,10.7,1.27,0.1,0.0,146.0,0.197,1.16,0.0,0.72,87,0.103,0.523,0.067,63,0.025,1.69,9,0.032,193,37.2,1.32,0.162222222,0.115882353,0.483333333,0.0,0.048,0.2175,0.0064375,0.402307692,0.055833333,0.0525,2.77778e-05,0.021428571,0.275714286,0.676363636,0.12
1172,Dairy and Egg Products,"EGG,WHITE,RAW,FRZ,PAST","Egg, white, raw, frozen, pasteurized",,,,46,9.3,0.04,1.26,0.2,0.0,0.0,0.004,0.9,0.0,0.0,10,0.093,0.423,0.023,10,0.032,0.17,11,0.007,13,9.2,0.07,0.0,0.002352941,0.375,0.0,0.0,0.025,0.0058125,0.325384615,0.019166667,0.008333333,3.55556e-05,0.026190476,0.018571429,0.167272727,0.006363636
1173,Dairy and Egg Products,"EGG,WHITE,DRIED","Egg, white, dried",,,,382,81.1,0.0,7.8,5.4,0.0,0.0,0.036,0.18,0.0,0.0,18,0.865,2.53,0.005,62,0.114,0.15,88,0.007,111,125.1,0.1,0.0,0.021176471,0.075,0.0,0.0,0.045,0.0540625,1.946153846,0.004166667,0.051666667,0.000126667,0.20952381,0.158571429,2.274545455,0.009090909
1174,Dairy and Egg Products,"MILK,RED FAT,FLUID,2% MILKFAT,WO/ ADDED VIT A & VIT D","Milk, reduced fat, fluid, 2% milkfat, without added vitamin A and vitamin D",,,,50,3.3,1.98,4.8,5.06,0.0,28.0,0.038,0.53,0.2,0.03,5,0.092,0.185,0.039,120,0.006,0.02,11,0.014,92,2.5,0.48,0.031111111,0.022352941,0.220833333,0.002222222,0.002,0.0125,0.00575,0.142307692,0.0325,0.1,6.66667e-06,0.026190476,0.131428571,0.045454545,0.043636364
1175,Dairy and Egg Products,"MILK,FLUID,1% FAT,WO/ ADDED VIT A & VIT D","Milk, fluid, 1% fat, without added vitamin A and vitamin D",,,,42,3.37,0.97,4.99,5.2,0.0,14.0,0.037,0.47,0.0,0.01,5,0.093,0.185,0.02,125,0.01,0.03,11,0.003,95,3.3,0.42,0.015555556,0.021764706,0.195833333,0.0,0.000666667,0.0125,0.0058125,0.142307692,0.016666667,0.104166667,1.11111e-05,0.026190476,0.135714286,0.06,0.038181818
1178,Dairy and Egg Products,"SOUR CREAM,REDUCED FAT","Sour cream, reduced fat",,,,181,7.0,14.1,7.0,0.3,0.0,119.0,0.02,0.3,0.9,0.4,11,0.07,0.24,0.04,141,0.01,0.06,11,0.0,85,4.1,0.27,0.132222222,0.011764706,0.125,0.01,0.026666667,0.0275,0.004375,0.184615385,0.033333333,0.1175,1.11111e-05,0.026190476,0.121428571,0.074545455,0.024545455
1179,Dairy and Egg Products,"SOUR CREAM,LIGHT","Sour cream, light",,,,136,3.5,10.6,7.1,0.22,0.0,90.0,0.02,0.42,0.9,0.3,11,0.07,0.12,0.04,141,0.016,0.07,10,0.0,71,3.1,0.5,0.1,0.011764706,0.175,0.01,0.02,0.0275,0.004375,0.092307692,0.033333333,0.1175,1.77778e-05,0.023809524,0.101428571,0.056363636,0.045454545
1180,Dairy and Egg Products,"SOUR CREAM,FAT FREE","Sour cream, fat free",,,,74,3.1,0.0,15.6,0.39,0.0,73.0,0.02,0.3,0.0,0.0,11,0.07,0.15,0.04,125,0.016,0.0,10,0.0,95,5.3,0.5,0.081111111,0.011764706,0.125,0.0,0.0,0.0275,0.004375,0.115384615,0.033333333,0.104166667,1.77778e-05,0.023809524,0.135714286,0.096363636,0.045454545
1182,Dairy and Egg Products,"USDA COMMODITY,CHS,CHEDDAR,RED FAT","USDA Commodity, cheese, cheddar, reduced fat",,,,282,27.2,18.3,2.0,0.58,0.0,150.0,0.084,1.66,0.0,0.16,20,0.06,0.3,0.03,905,0.021,0.13,35,0.0,583,15.5,4.3,0.166666667,0.049411765,0.691666667,0.0,0.010666667,0.05,0.00375,0.230769231,0.025,0.754166667,2.33333e-05,0.083333333,0.832857143,0.281818182,0.390909091
1184,Dairy and Egg Products,"YOGURT,VAN OR LEM FLAV,NONFAT MILK,SWTND W/LOW-CALORIE SWTNR","Yogurt, vanilla or lemon flavor, nonfat milk, sweetened with low-calorie sweetener",,,,43,3.86,0.18,7.5,7.5,0.0,2.0,0.037,0.43,1.1,0.0,8,0.086,0.162,0.034,143,0.079,0.12,13,0.0,109,3.1,0.67,0.002222222,0.021764706,0.179166667,0.012222222,0.0,0.02,0.005375,0.124615385,0.028333333,0.119166667,8.77778e-05,0.030952381,0.155714286,0.056363636,0.060909091
1185,Dairy and Egg Products,"PARMESAN CHS TOPPING,FAT FREE","Parmesan cheese topping, fat free",,,,370,40.0,5.0,40.0,1.5,0.0,40.0,0.1,1.1,0.0,0.04,25,0.2,0.05,0.05,800,0.02,5.0,40,0.0,700,43.3,3.0,0.044444444,0.058823529,0.458333333,0.0,0.002666667,0.0625,0.0125,0.038461538,0.041666667,0.666666667,2.22222e-05,0.095238095,1.0,0.787272727,0.272727273
1186,Dairy and Egg Products,"CHEESE,CREAM,FAT FREE","Cheese, cream, fat free",,,,105,15.69,1.0,7.66,5.48,0.0,11.0,0.05,0.95,0.0,0.02,35,0.23,0.265,0.04,351,0.036,0.19,22,0.017,523,4.9,1.5,0.012222222,0.029411765,0.395833333,0.0,0.001333333,0.0875,0.014375,0.203846154,0.033333333,0.2925,4e-05,0.052380952,0.747142857,0.089090909,0.136363636
1187,Dairy and Egg Products,"YOGURT,CHOC,NONFAT MILK","Yogurt, chocolate, nonfat milk",,,,112,3.53,0.0,23.53,14.97,1.2,0.0,0.047,0.5,0.0,0.0,12,0.223,0.215,0.047,88,0.209,0.42,40,0.0,166,7.0,1.13,0.0,0.027647059,0.208333333,0.0,0.0,0.03,0.0139375,0.165384615,0.039166667,0.073333333,0.000232222,0.095238095,0.237142857,0.127272727,0.102727273
1188,Dairy and Egg Products,KRAFT CHEEZ WHIZ PAST PROCESS CHS SAU,KRAFT CHEEZ WHIZ Pasteurized Process Cheese Sauce,,,,276,12.0,21.0,9.2,6.7,0.3,0.0,0.0,0.0,0.4,0.0,0,0.0,0.24,0.0,359,0.0,0.19,0,0.0,806,0.0,1.64,0.0,0.0,0.0,0.004444444,0.0,0.0,0.0,0.184615385,0.0,0.299166667,0.0,0.0,1.151428571,0.0,0.149090909
1189,Dairy and Egg Products,KRAFT CHEEZ WHIZ LT PAST PROCESS CHS PRODUCT,KRAFT CHEEZ WHIZ LIGHT Pasteurized Process Cheese Product,,,,215,16.3,9.5,16.2,8.2,0.2,0.0,0.0,0.0,0.4,0.0,0,0.0,0.33,0.0,418,0.0,0.16,0,0.0,943,0.0,2.36,0.0,0.0,0.0,0.004444444,0.0,0.0,0.0,0.253846154,0.0,0.348333333,0.0,0.0,1.347142857,0.0,0.214545455
1190,Dairy and Egg Products,KRAFT FREE SINGLES AMERICAN NONFAT PAST PROCESS CHS PRODUCT,KRAFT FREE Singles American Nonfat Pasteurized Process Cheese Product,,,,148,22.7,1.0,11.7,6.7,0.2,0.0,0.0,0.0,0.2,0.0,0,0.0,0.28,0.0,712,0.0,0.05,0,0.0,923,0.0,2.5,0.0,0.0,0.0,0.002222222,0.0,0.0,0.0,0.215384615,0.0,0.593333333,0.0,0.0,1.318571429,0.0,0.227272727
1191,Dairy and Egg Products,KRAFT VELVEETA PAST PROCESS CHS SPRD,KRAFT VELVEETA Pasteurized Process Cheese Spread,,,,303,16.3,22.0,9.8,8.1,0.0,0.0,0.0,0.0,0.2,0.0,0,0.0,0.35,0.0,466,0.0,0.18,0,0.0,863,0.0,1.84,0.0,0.0,0.0,0.002222222,0.0,0.0,0.0,0.269230769,0.0,0.388333333,0.0,0.0,1.232857143,0.0,0.167272727
1192,Dairy and Egg Products,KRAFT VELVEETA LT RED FAT PAST PROCESS CHS PRODUCT,KRAFT VELVEETA LIGHT Reduced Fat Pasteurized Process Cheese Product,,,,222,19.6,10.6,11.8,8.5,0.0,0.0,0.0,0.0,0.1,0.0,0,0.0,0.65,0.0,574,0.0,0.14,0,0.0,1024,0.0,2.49,0.0,0.0,0.0,0.001111111,0.0,0.0,0.0,0.5,0.0,0.478333333,0.0,0.0,1.462857143,0.0,0.226363636
1193,Dairy and Egg Products,KRAFT BREAKSTONES RED FAT SOUR CRM,KRAFT BREAKSTONES Reduced Fat Sour Cream,,,,152,4.5,12.0,6.5,6.4,0.1,0.0,0.0,0.0,1.1,0.0,0,0.0,0.0,0.0,161,0.0,0.06,0,0.0,110,0.0,0.0,0.0,0.0,0.0,0.012222222,0.0,0.0,0.0,0.0,0.0,0.134166667,0.0,0.0,0.157142857,0.0,0.0
1194,Dairy and Egg Products,KRAFT BREAKSTONES FREE FAT FREE SOUR CRM,KRAFT BREAKSTONES FREE Fat Free Sour Cream,,,,91,4.7,1.3,15.1,7.2,0.0,0.0,0.0,0.0,1.2,0.0,0,0.0,0.0,0.0,141,0.0,0.05,0,0.0,116,0.0,0.0,0.0,0.0,0.0,0.013333333,0.0,0.0,0.0,0.0,0.0,0.1175,0.0,0.0,0.165714286,0.0,0.0
1199,Dairy and Egg Products,"CREAM,HALF & HALF,FAT FREE","Cream, half and half, fat free",,,,59,2.6,1.4,9.0,5.0,0.0,12.0,0.062,0.52,0.7,0.04,4,0.124,0.237,0.056,96,0.016,0.0,16,0.002,151,2.9,0.81,0.013333333,0.036470588,0.216666667,0.007777778,0.002666667,0.01,0.00775,0.182307692,0.046666667,0.08,1.77778e-05,0.038095238,0.215714286,0.052727273,0.073636364
1200,Dairy and Egg Products,REDDI WIP FAT FREE WHIPPED TOPPING,Reddi Wip Fat Free Whipped Topping,,,,149,3.0,5.0,25.0,16.0,0.4,49.0,0.123,1.48,0.0,0.09,17,0.364,0.619,0.148,108,0.019,0.03,8,0.0,68,3.0,0.31,0.054444444,0.072352941,0.616666667,0.0,0.006,0.0425,0.02275,0.476153846,0.123333333,0.09,2.11111e-05,0.019047619,0.097142857,0.054545455,0.028181818
1202,Dairy and Egg Products,"MILK,CHOC,FLUID,COMM,RED FAT,W/ ADDED CA","Milk, chocolate, fluid, commercial, reduced fat, with added calcium",,,,78,2.99,1.9,12.13,9.55,0.7,64.0,0.024,0.33,0.0,0.04,2,0.164,0.565,0.045,194,0.075,0.24,14,0.062,76,3.4,0.39,0.071111111,0.014117647,0.1375,0.0,0.002666667,0.005,0.01025,0.434615385,0.0375,0.161666667,8.33333e-05,0.033333333,0.108571429,0.061818182,0.035454545
1203,Dairy and Egg Products,"YOGURT,FRUIT,LOFAT,W/LO CAL SWEETENER","Yogurt, fruit, lowfat, with low calorie sweetener",,,,105,4.86,1.41,18.6,2.9,0.0,131.0,0.045,0.52,0.7,0.06,10,0.105,0.18,0.041,152,0.08,0.07,16,0.065,133,3.1,0.82,0.145555556,0.026470588,0.216666667,0.007777778,0.004,0.025,0.0065625,0.138461538,0.034166667,0.126666667,8.88889e-05,0.038095238,0.19,0.056363636,0.074545455
1204,Dairy and Egg Products,"CHEESE,PARMESAN,DRY GRATED,RED FAT","Cheese, parmesan, dry grated, reduced fat",,,,265,20.0,20.0,1.37,0.0,0.0,160.0,0.049,2.26,0.0,0.17,10,0.114,0.486,0.029,1109,0.238,0.9,38,0.085,729,17.7,3.87,0.177777778,0.028823529,0.941666667,0.0,0.011333333,0.025,0.007125,0.373846154,0.024166667,0.924166667,0.000264444,0.09047619,1.041428571,0.321818182,0.351818182
1205,Dairy and Egg Products,"CREAM SUB,FLAV,LIQ","Cream substitute, flavored, liquid",,,,251,0.69,13.5,35.07,33.04,1.1,0.0,0.004,0.0,0.0,1.58,1,0.091,0.024,0.004,6,0.142,0.59,19,0.142,28,0.7,0.25,0.0,0.002352941,0.0,0.0,0.105333333,0.0025,0.0056875,0.018461538,0.003333333,0.005,0.000157778,0.045238095,0.04,0.012727273,0.022727273
1206,Dairy and Egg Products,"CREAM SUB,FLAV,PDR","Cream substitute, flavored, powdered",,,,482,0.68,21.47,75.42,58.01,1.2,0.0,0.004,0.0,0.0,0.41,1,0.084,0.027,0.004,5,0.135,0.63,17,0.14,28,1.3,0.23,0.0,0.002352941,0.0,0.0,0.027333333,0.0025,0.00525,0.020769231,0.003333333,0.004166667,0.00015,0.04047619,0.04,0.023636364,0.020909091
1208,Dairy and Egg Products,"CHEESE,PROVOLONE,RED FAT","Cheese, provolone, reduced fat",,,,274,24.7,17.6,3.5,0.55,0.0,141.0,0.073,1.46,0.0,0.15,10,0.156,0.321,0.019,756,0.026,0.52,28,0.01,496,14.5,3.23,0.156666667,0.042941176,0.608333333,0.0,0.01,0.025,0.00975,0.246923077,0.015833333,0.63,2.88889e-05,0.066666667,0.708571429,0.263636364,0.293636364
1209,Dairy and Egg Products,"CHEESE,MEXICAN,BLEND,RED FAT","Cheese, Mexican, blend, reduced fat",,,,282,24.69,19.4,3.41,0.56,0.0,155.0,0.084,1.66,0.0,0.17,20,0.06,0.3,0.03,1146,0.021,0.13,35,0.0,583,15.5,4.3,0.172222222,0.049411765,0.691666667,0.0,0.011333333,0.05,0.00375,0.230769231,0.025,0.955,2.33333e-05,0.083333333,0.832857143,0.281818182,0.390909091
1210,Dairy and Egg Products,"EGG MIX,USDA CMDTY","Egg Mix, USDA Commodity",,,,555,35.6,34.5,23.97,2.46,0.0,117.0,0.207,2.9,0.0,2.04,138,0.267,1.277,0.19,171,0.149,3.23,11,0.056,451,118.0,2.76,0.13,0.121764706,1.208333333,0.0,0.136,0.345,0.0166875,0.982307692,0.158333333,0.1425,0.000165556,0.026190476,0.644285714,2.145454545,0.250909091
1211,Dairy and Egg Products,"MILK,WHL,3.25% MILKFAT,WO/ ADDED VIT A & VITAMIN D","Milk, whole, 3.25% milkfat, without added vitamin A and vitamin D",,,,61,3.15,3.27,4.78,5.05,0.0,46.0,0.036,0.45,0.0,0.07,5,0.089,0.169,0.046,113,0.025,0.03,10,0.004,84,3.7,0.37,0.051111111,0.021176471,0.1875,0.0,0.004666667,0.0125,0.0055625,0.13,0.038333333,0.094166667,2.77778e-05,0.023809524,0.12,0.067272727,0.033636364
1212,Dairy and Egg Products,"MILK,DRY,WHL,WO/ ADDED VITAMIN D","Milk, dry, whole, without added vitamin D",,,,496,26.32,26.71,38.42,38.42,0.0,258.0,0.302,3.25,8.6,0.58,37,0.646,1.205,0.283,912,0.08,0.47,85,0.04,776,16.3,3.34,0.286666667,0.177647059,1.354166667,0.095555556,0.038666667,0.0925,0.040375,0.926923077,0.235833333,0.76,8.88889e-05,0.202380952,1.108571429,0.296363636,0.303636364
1214,Dairy and Egg Products,"MILK,CND,EVAP,WO/ ADDED VIT A & VITAMIN D","Milk, canned, evaporated, without added vitamin A and vitamin D",,,,135,6.81,7.56,10.04,10.04,0.0,65.0,0.05,0.16,1.9,0.16,8,0.194,0.316,0.047,261,0.016,0.19,24,0.006,203,2.3,0.77,0.072222222,0.029411765,0.066666667,0.021111111,0.010666667,0.02,0.012125,0.243076923,0.039166667,0.2175,1.77778e-05,0.057142857,0.29,0.041818182,0.07
1215,Dairy and Egg Products,"CHEESE PRODUCT,PAST PROCESS,AMERICAN,RED FAT,FORT W/ VIT D","Cheese product, pasteurized process, American, reduced fat, fortified with vitamin D",,,,240,17.6,14.1,10.6,8.02,0.0,250.0,0.08,1.11,0.0,0.27,18,0.18,0.48,0.07,529,0.03,0.2,33,0.0,829,12.4,2.36,0.277777778,0.047058824,0.4625,0.0,0.018,0.045,0.01125,0.369230769,0.058333333,0.440833333,3.33333e-05,0.078571429,1.184285714,0.225454545,0.214545455
1216,Dairy and Egg Products,"YOGURT,FRUIT,LOFAT,9 GRAMS PROT PER 8 OZ,FORT W/ VITAMIN D","Yogurt, fruit, low fat, 9 grams protein per 8 ounce, fortified with vitamin D",,,,99,3.98,1.15,18.64,18.64,0.0,11.0,0.037,0.43,0.6,0.02,9,0.086,0.162,0.034,138,0.079,0.06,13,0.064,109,2.8,0.67,0.012222222,0.021764706,0.179166667,0.006666667,0.001333333,0.0225,0.005375,0.124615385,0.028333333,0.115,8.77778e-05,0.030952381,0.155714286,0.050909091,0.060909091
1217,Dairy and Egg Products,"YOGURT,FRUIT,LOFAT,10 GRAMS PROT PER 8 OZ,FORT W/ VITAMIN D","Yogurt, fruit, low fat, 10 grams protein per 8 ounce, fortified with vitamin D",,,,102,4.37,1.08,19.05,19.05,0.0,10.0,0.04,0.47,0.7,0.02,9,0.095,0.178,0.037,152,0.08,0.07,15,0.065,119,3.1,0.74,0.011111111,0.023529412,0.195833333,0.007777778,0.001333333,0.0225,0.0059375,0.136923077,0.030833333,0.126666667,8.88889e-05,0.035714286,0.17,0.056363636,0.067272727
1218,Dairy and Egg Products,"YOGURT,FRUIT VAR,NONFAT,FORT W/ VITAMIN D","Yogurt, fruit variety, nonfat, fortified with vitamin D",,,,95,4.4,0.2,19.0,19.0,0.0,2.0,0.04,0.47,0.7,0.06,9,0.1,0.18,0.04,152,0.011,0.07,15,0.035,119,6.0,0.74,0.002222222,0.023529412,0.195833333,0.007777778,0.004,0.0225,0.00625,0.138461538,0.033333333,0.126666667,1.22222e-05,0.035714286,0.17,0.109090909,0.067272727
1219,Dairy and Egg Products,"YOGURT,FRUIT,LOWFAT,W/ LO CAL SWTNR,FORT W/ VITAMIN D","Yogurt, fruit, lowfat, with low calorie sweetener, fortified with vitamin D",,,,105,4.86,1.41,18.6,2.9,0.0,131.0,0.045,0.52,0.7,0.06,10,0.105,0.18,0.041,152,0.08,0.07,16,0.065,133,3.1,0.82,0.145555556,0.026470588,0.216666667,0.007777778,0.004,0.025,0.0065625,0.138461538,0.034166667,0.126666667,8.88889e-05,0.038095238,0.19,0.056363636,0.074545455
1220,Dairy and Egg Products,"YOGURT,VANILLA,LOFAT,11 GRAMS PROT PER 8 OZ,FORT W/ VIT D","Yogurt, vanilla, low fat, 11 grams protein per 8 ounce, fortified with vitamin D",,,,85,4.93,1.25,13.8,13.8,0.0,12.0,0.045,0.53,0.8,0.02,11,0.107,0.201,0.042,171,0.013,0.07,16,0.004,135,4.9,0.83,0.013333333,0.026470588,0.220833333,0.008888889,0.001333333,0.0275,0.0066875,0.154615385,0.035,0.1425,1.44444e-05,0.038095238,0.192857143,0.089090909,0.075454545
1221,Dairy and Egg Products,"YOGURT,VAN/LEM FLAV,NONFAT MILK,W/ LO-CAL SWTNR,FORT W/VIT D","Yogurt, vanilla or lemon flavor, nonfat milk, sweetened with low-calorie sweetener, fortified with vitamin D",,,,43,3.86,0.18,7.5,7.5,0.0,2.0,0.037,0.43,1.1,0.0,8,0.086,0.162,0.034,143,0.079,0.12,13,0.0,109,3.1,0.67,0.002222222,0.021764706,0.179166667,0.012222222,0.0,0.02,0.005375,0.124615385,0.028333333,0.119166667,8.77778e-05,0.030952381,0.155714286,0.056363636,0.060909091
1222,Dairy and Egg Products,"YOGURT,CHOC,NONFAT MILK,FORT W/ VITAMIN D","Yogurt, chocolate, nonfat milk, fortified with vitamin D",,,,112,3.53,0.0,23.53,14.97,1.2,0.0,0.047,0.5,0.0,0.0,12,0.223,0.215,0.047,88,0.209,0.42,40,0.0,166,7.0,1.13,0.0,0.027647059,0.208333333,0.0,0.0,0.03,0.0139375,0.165384615,0.039166667,0.073333333,0.000232222,0.095238095,0.237142857,0.127272727,0.102727273
1223,Dairy and Egg Products,"PROTEIN SUPP,MILK BSD,MUSCLE MILK,PDR","Protein supplement, milk based, Muscle Milk, powder",,,,411,45.71,17.14,18.5,5.71,7.1,750.0,1.0,3.0,30.0,7.07,340,10.0,0.857,0.714,500,1.0,8.57,200,0.0,643,33.8,7.14,0.833333333,0.588235294,1.25,0.333333333,0.471333333,0.85,0.625,0.659230769,0.595,0.416666667,0.001111111,0.476190476,0.918571429,0.614545455,0.649090909
1224,Dairy and Egg Products,"PROTEIN SUPP,MILK BSD,MUSCLE MILK LT,PDR","Protein supplement, milk based, Muscle Milk Light, powder",,,,396,50.0,12.0,22.0,4.0,2.0,1050.0,1.4,4.2,42.0,9.45,476,14.0,1.2,1.0,1200,1.4,12.0,280,0.0,700,33.8,10.0,1.166666667,0.823529412,1.75,0.466666667,0.63,1.19,0.875,0.923076923,0.833333333,1.0,0.001555556,0.666666667,1.0,0.614545455,0.909090909
1225,Dairy and Egg Products,DULCE DE LECHE,Dulce de Leche,,,,315,6.84,7.35,55.35,49.74,0.0,74.0,0.016,0.31,2.6,0.2,11,0.21,0.405,0.016,251,0.004,0.17,22,0.002,193,2.7,0.79,0.082222222,0.009411765,0.129166667,0.028888889,0.013333333,0.0275,0.013125,0.311538462,0.013333333,0.209166667,4.44444e-06,0.052380952,0.275714286,0.049090909,0.071818182
1226,Dairy and Egg Products,"EGG SUB,LIQ OR FRZ,FAT FREE","Egg substitute, liquid or frozen, fat free",,,,48,10.0,0.0,2.0,2.0,0.0,11.0,0.133,0.34,0.5,1.59,16,0.14,0.386,0.12,73,0.022,1.98,15,0.006,72,41.3,0.98,0.012222222,0.078235294,0.141666667,0.005555556,0.106,0.04,0.00875,0.296923077,0.1,0.060833333,2.44444e-05,0.035714286,0.102857143,0.750909091,0.089090909
1227,Dairy and Egg Products,"CHEESE,DRY WHITE,QUESO SECO","Cheese, dry white, queso seco",,,,325,24.51,24.35,2.04,0.55,0.0,226.0,0.091,1.7,0.0,0.49,0,0.083,0.23,0.038,661,0.027,0.18,27,0.018,475,22.4,3.28,0.251111111,0.053529412,0.708333333,0.0,0.032666667,0.0,0.0051875,0.176923077,0.031666667,0.550833333,3e-05,0.064285714,0.678571429,0.407272727,0.298181818
1228,Dairy and Egg Products,"CHEESE,FRSH,QUESO FRESCO","Cheese, fresh, queso fresco",,,,299,18.09,23.82,2.98,2.32,0.0,224.0,0.076,1.68,0.0,0.37,7,0.027,0.173,0.042,566,0.033,0.2,24,0.014,385,19.3,2.58,0.248888889,0.044705882,0.7,0.0,0.024666667,0.0175,0.0016875,0.133076923,0.035,0.471666667,3.66667e-05,0.057142857,0.55,0.350909091,0.234545455
1229,Dairy and Egg Products,"CHEESE,WHITE,QUESO BLANCO","Cheese, white, queso blanco",,,,310,20.38,24.31,2.53,1.76,0.0,157.0,0.086,1.75,0.0,0.47,0,0.035,0.23,0.048,690,0.025,0.18,29,0.021,467,13.8,3.06,0.174444444,0.050588235,0.729166667,0.0,0.031333333,0.0,0.0021875,0.176923077,0.04,0.575,2.77778e-05,0.069047619,0.667142857,0.250909091,0.278181818
1230,Dairy and Egg Products,"MILK,BTTRMLK,FLUID,WHL","Milk, buttermilk, fluid, whole",,,,62,3.21,3.31,4.88,4.88,0.0,47.0,0.036,0.46,0.0,0.07,5,0.09,0.172,0.047,115,0.025,0.03,10,0.004,85,3.7,0.38,0.052222222,0.021176471,0.191666667,0.0,0.004666667,0.0125,0.005625,0.132307692,0.039166667,0.095833333,2.77778e-05,0.023809524,0.121428571,0.067272727,0.034545455
1231,Dairy and Egg Products,"YOGURT,VANILLA FLAVOR,LOWFAT MILK,SWTND W/ LO CAL SWTNR","Yogurt, vanilla flavor, lowfat milk, sweetened with low calorie sweetener",,,,86,4.93,1.25,13.8,5.43,0.0,12.0,0.045,0.53,0.8,0.02,11,0.107,0.201,0.042,171,0.013,0.07,16,0.004,135,4.9,0.83,0.013333333,0.026470588,0.220833333,0.008888889,0.001333333,0.0275,0.0066875,0.154615385,0.035,0.1425,1.44444e-05,0.038095238,0.192857143,0.089090909,0.075454545
1235,Dairy and Egg Products,"YOGURT,FRZ,FLAVORS NOT CHOC,NONFAT MILK,W/ LOW-CALORIE SWTNR","Yogurt, frozen, flavors not chocolate, nonfat milk, with low-calorie sweetener",,,,104,4.4,0.8,19.7,12.61,2.0,2.0,0.04,0.49,0.7,0.08,12,0.2,0.18,0.04,159,0.203,0.04,40,0.0,129,2.8,0.49,0.002222222,0.023529412,0.204166667,0.007777778,0.005333333,0.03,0.0125,0.138461538,0.033333333,0.1325,0.000225556,0.095238095,0.184285714,0.050909091,0.044545455
1236,Dairy and Egg Products,"ICE CRM,SOFT SERVE,CHOC","Ice cream, soft serve, chocolate",,,,222,4.1,13.0,22.2,21.16,0.7,162.0,0.048,0.5,0.8,0.61,9,0.095,0.182,0.049,131,0.03,0.21,12,0.005,116,3.0,0.52,0.18,0.028235294,0.208333333,0.008888889,0.040666667,0.0225,0.0059375,0.14,0.040833333,0.109166667,3.33333e-05,0.028571429,0.165714286,0.054545455,0.047272727
1237,Dairy and Egg Products,"ICE CRM,BAR OR STK,CHOC COVERED","Ice cream, bar or stick, chocolate covered",,,,331,4.1,24.1,24.5,18.3,0.8,19.0,0.043,0.49,0.0,0.42,7,0.175,0.261,0.062,119,0.076,0.29,28,0.078,173,2.4,0.82,0.021111111,0.025294118,0.204166667,0.0,0.028,0.0175,0.0109375,0.200769231,0.051666667,0.099166667,8.44444e-05,0.066666667,0.247142857,0.043636364,0.074545455
1238,Dairy and Egg Products,ICE CRM SNDWCH,Ice cream sandwich,,,,237,4.29,8.57,37.14,18.57,0.0,86.0,0.028,0.05,0.0,0.4,53,1.566,0.146,0.111,86,0.254,0.26,29,0.381,72,3.1,0.6,0.095555556,0.016470588,0.020833333,0.0,0.026666667,0.1325,0.097875,0.112307692,0.0925,0.071666667,0.000282222,0.069047619,0.102857143,0.056363636,0.054545455
1239,Dairy and Egg Products,ICE CRM COOKIE SNDWCH,Ice cream cookie sandwich,,,,240,3.7,7.4,39.6,21.3,1.2,37.0,0.028,0.01,0.0,0.4,5,0.237,0.03,0.03,73,0.106,1.1,16,0.225,54,3.1,0.32,0.041111111,0.016470588,0.004166667,0.0,0.026666667,0.0125,0.0148125,0.023076923,0.025,0.060833333,0.000117778,0.038095238,0.077142857,0.056363636,0.029090909
1240,Dairy and Egg Products,"ICE CRM CONE,CHOC COVERED,W/ NUTS,FLAVORS OTHER THAN CHOC","Ice cream cone, chocolate covered, with nuts, flavors other than chocolate",,,,354,5.21,21.88,34.38,25.0,1.0,32.0,0.046,0.36,0.0,0.18,35,0.829,0.252,0.108,63,0.128,0.0,29,0.194,108,2.6,0.86,0.035555556,0.027058824,0.15,0.0,0.012,0.0875,0.0518125,0.193846154,0.09,0.0525,0.000142222,0.069047619,0.154285714,0.047272727,0.078181818
1241,Dairy and Egg Products,"ICE CRM SNDWCH,MADE W/ LT ICE CRM,VANILLA","Ice cream sandwich, made with light ice cream, vanilla",,,,186,4.29,3.04,39.64,17.86,0.0,96.0,0.01,0.02,0.0,0.14,19,0.555,0.052,0.039,30,0.09,0.09,10,0.0,26,1.1,0.21,0.106666667,0.005882353,0.008333333,0.0,0.009333333,0.0475,0.0346875,0.04,0.0325,0.025,0.0001,0.023809524,0.037142857,0.02,0.019090909
1242,Dairy and Egg Products,"ICE CRM SNDWCH,VANILLA,LT,NO SUGAR ADDED","Ice cream sandwich, vanilla, light, no sugar added",,,,200,5.71,2.86,42.86,6.58,7.1,129.0,0.01,0.02,0.0,0.14,19,0.555,0.052,0.039,86,0.09,0.0,10,0.0,26,1.1,0.21,0.143333333,0.005882353,0.008333333,0.0,0.009333333,0.0475,0.0346875,0.04,0.0325,0.071666667,0.0001,0.023809524,0.037142857,0.02,0.019090909
1243,Dairy and Egg Products,"FAT FREE ICE CRM,NO SUGAR ADDED,FLAVORS OTHER THAN CHOC","Fat free ice cream, no sugar added, flavors other than chocolate",,,,129,4.41,0.0,27.94,8.82,7.4,133.0,0.029,0.52,0.0,0.0,4,0.074,0.122,0.029,147,0.03,0.0,9,0.0,75,1.9,0.31,0.147777778,0.017058824,0.216666667,0.0,0.0,0.01,0.004625,0.093846154,0.024166667,0.1225,3.33333e-05,0.021428571,0.107142857,0.034545455,0.028181818
1244,Dairy and Egg Products,"MILK DSSRT BAR,FRZ,MADE FROM LOWFAT MILK","Milk dessert bar, frozen, made from lowfat milk",,,,147,4.41,1.47,33.09,22.06,6.6,71.0,0.023,0.14,0.9,0.2,4,0.126,0.129,0.023,184,0.103,0.53,20,0.0,83,2.2,0.43,0.078888889,0.013529412,0.058333333,0.01,0.013333333,0.01,0.007875,0.099230769,0.019166667,0.153333333,0.000114444,0.047619048,0.118571429,0.04,0.039090909
1250,Dairy and Egg Products,"NUTRITIONAL SUPP FOR PEOPLE W/ DIABETES,LIQ","Nutritional supplement for people with diabetes, liquid",,,,88,4.4,3.08,11.88,2.64,2.2,165.0,0.22,0.66,26.4,1.46,75,2.201,0.187,0.165,110,0.22,1.98,44,0.097,110,7.7,1.65,0.183333333,0.129411765,0.275,0.293333333,0.097333333,0.1875,0.1375625,0.143846154,0.1375,0.091666667,0.000244444,0.104761905,0.157142857,0.14,0.15
1251,Dairy and Egg Products,"CHEESE,MEXICAN BLEND","Cheese, Mexican blend",,,,358,23.54,28.51,1.75,1.23,0.0,174.0,0.061,1.23,0.0,0.25,13,0.114,0.318,0.023,659,0.025,0.59,25,0.022,438,15.0,3.01,0.193333333,0.035882353,0.5125,0.0,0.016666667,0.0325,0.007125,0.244615385,0.019166667,0.549166667,2.77778e-05,0.05952381,0.625714286,0.272727273,0.273636364
1252,Dairy and Egg Products,"DAIRY,CHS PRODUCT,PAST PROCESS,AMERICAN,VITAMIN D FORT","Dairy, Cheese product, pasteurized process, American, vitamin D fortified",,,,308,17.62,22.49,8.7,6.47,0.0,257.0,0.124,1.49,0.0,1.13,18,0.17,0.387,0.04,1652,0.037,1.11,33,0.057,948,17.3,2.21,0.285555556,0.072941176,0.620833333,0.0,0.075333333,0.045,0.010625,0.297692308,0.033333333,1.376666667,4.11111e-05,0.078571429,1.354285714,0.314545455,0.200909091
1253,Dairy and Egg Products,"CHEESE,PAST PROCESS,AMERICAN,WO/ ADDED VITAMIN D","Cheese, pasteurized process, American, without added vitamin D",,,,371,18.13,31.79,3.7,2.26,0.0,250.0,0.054,1.5,0.0,0.8,8,0.076,0.234,0.015,1045,0.046,0.63,26,0.041,641,20.2,2.49,0.277777778,0.031764706,0.625,0.0,0.053333333,0.02,0.00475,0.18,0.0125,0.870833333,5.11111e-05,0.061904762,0.915714286,0.367272727,0.226363636
1254,Dairy and Egg Products,"CHEESE FD,PAST PROCESS,AMERICAN,WO/ ADDED VITAMIN D","Cheese food, pasteurized process, American, without added vitamin D",,,,330,16.86,25.63,8.56,5.59,0.0,240.0,0.102,1.33,0.0,0.63,7,0.155,0.36,0.035,682,0.034,0.26,27,0.025,438,19.6,2.31,0.266666667,0.06,0.554166667,0.0,0.042,0.0175,0.0096875,0.276923077,0.029166667,0.568333333,3.77778e-05,0.064285714,0.625714286,0.356363636,0.21
1255,Dairy and Egg Products,"EGG,WHL,RAW,FRZ,SALTED,PAST","Egg, whole, raw, frozen, salted, pasteurized",,,,138,10.97,10.07,0.83,0.07,0.0,149.0,0.226,1.21,0.0,0.8,69,0.077,0.443,0.06,55,0.064,1.71,9,0.033,186,30.4,1.3,0.165555556,0.132941176,0.504166667,0.0,0.053333333,0.1725,0.0048125,0.340769231,0.05,0.045833333,7.11111e-05,0.021428571,0.265714286,0.552727273,0.118181818
1256,Dairy and Egg Products,"YOGURT,GREEK,PLN,NONFAT","Yogurt, Greek, plain, nonfat",,,,59,10.19,0.39,3.6,3.24,0.0,1.0,0.063,0.75,0.0,0.01,7,0.208,0.278,0.023,110,0.017,0.07,11,0.009,135,9.7,0.52,0.001111111,0.037058824,0.3125,0.0,0.000666667,0.0175,0.013,0.213846154,0.019166667,0.091666667,1.88889e-05,0.026190476,0.192857143,0.176363636,0.047272727
1258,Dairy and Egg Products,"EGG,WHITE,DRIED,STABILIZED,GLUCOSE RED","Egg, white, dried, stabilized, glucose reduced",,,,362,84.63,0.48,4.72,0.0,0.0,0.0,0.037,0.19,0.0,0.0,0,0.773,3.71,0.0,104,0.128,0.23,82,0.0,104,192.0,0.13,0.0,0.021764706,0.079166667,0.0,0.0,0.0,0.0483125,2.853846154,0.0,0.086666667,0.000142222,0.195238095,0.148571429,3.490909091,0.011818182
1259,Dairy and Egg Products,"CHEESE SPRD,AMERICAN OR CHEDDAR CHS BASE,RED FAT","Cheese spread, American or Cheddar cheese base, reduced fat",,,,176,13.41,8.88,10.71,7.06,0.0,185.0,0.099,1.17,0.0,0.46,0,0.153,0.442,0.038,557,0.032,0.36,27,0.026,931,15.5,1.81,0.205555556,0.058235294,0.4875,0.0,0.030666667,0.0,0.0095625,0.34,0.031666667,0.464166667,3.55556e-05,0.064285714,1.33,0.281818182,0.164545455
1260,Dairy and Egg Products,"CHEESE,CHEDDAR,RED FAT","Cheese, cheddar, reduced fat",,,,309,27.35,20.41,4.06,0.26,0.0,145.0,0.084,1.41,0.0,0.48,20,0.145,0.397,0.021,761,0.043,0.12,27,0.031,520,35.8,4.44,0.161111111,0.049411765,0.5875,0.0,0.032,0.05,0.0090625,0.305384615,0.0175,0.634166667,4.77778e-05,0.064285714,0.742857143,0.650909091,0.403636364
1263,Dairy and Egg Products,"ICE CRM,LT,SOFT SERVE,CHOC","Ice cream, light, soft serve, chocolate",,,,141,3.36,3.69,23.15,19.46,0.0,91.0,0.038,0.26,0.0,0.08,26,0.186,0.124,0.033,134,0.217,0.6,36,0.212,113,2.3,0.67,0.101111111,0.022352941,0.108333333,0.0,0.005333333,0.065,0.011625,0.095384615,0.0275,0.111666667,0.000241111,0.085714286,0.161428571,0.041818182,0.060909091
1264,Dairy and Egg Products,"ICE CRM BAR,STK OR NUGGET,W/ CRUNCH COATING","Ice cream bar, stick or nugget, with crunch coating",,,,358,2.11,25.26,37.12,21.05,1.1,35.0,0.106,0.09,0.0,2.25,3,0.548,0.069,0.043,63,0.031,0.0,11,0.0,57,4.0,0.32,0.038888889,0.062352941,0.0375,0.0,0.15,0.0075,0.03425,0.053076923,0.035833333,0.0525,3.44444e-05,0.026190476,0.081428571,0.072727273,0.029090909
1265,Dairy and Egg Products,"CHEESE,CHEDDAR,NONFAT OR FAT FREE","Cheese, cheddar, nonfat or fat free",,,,157,32.14,0.0,7.14,0.0,0.0,60.0,0.045,0.49,0.0,0.06,11,0.051,0.221,0.012,893,0.021,0.0,16,0.0,484,14.5,1.82,0.066666667,0.026470588,0.204166667,0.0,0.004,0.0275,0.0031875,0.17,0.01,0.744166667,2.33333e-05,0.038095238,0.691428571,0.263636364,0.165454545
1266,Dairy and Egg Products,"CHEESE,SWISS,NONFAT OR FAT FREE","Cheese, Swiss, nonfat or fat free",,,,127,28.4,0.0,3.4,1.33,0.0,40.0,0.08,1.68,0.0,0.07,6,0.09,0.36,0.02,961,0.027,0.17,36,0.0,605,12.7,3.9,0.044444444,0.047058824,0.7,0.0,0.004666667,0.015,0.005625,0.276923077,0.016666667,0.800833333,3e-05,0.085714286,0.864285714,0.230909091,0.354545455
1267,Dairy and Egg Products,QUESO COTIJA,Queso cotija,,,,366,20.0,30.0,3.97,0.0,0.0,229.0,0.049,2.26,0.0,0.25,10,0.114,0.486,0.029,800,0.238,0.0,38,0.0,729,17.7,3.87,0.254444444,0.028823529,0.941666667,0.0,0.016666667,0.025,0.007125,0.373846154,0.024166667,0.666666667,0.000264444,0.09047619,1.041428571,0.321818182,0.351818182
1270,Dairy and Egg Products,"CHEESE,CHEDDAR,SHARP,SLICED","Cheese, cheddar, sharp, sliced",,,,410,24.25,33.82,2.13,0.27,0.0,263.0,0.075,0.88,0.0,0.78,27,0.039,0.434,0.027,711,0.035,0.16,27,0.024,460,28.3,3.74,0.292222222,0.044117647,0.366666667,0.0,0.052,0.0675,0.0024375,0.333846154,0.0225,0.5925,3.88889e-05,0.064285714,0.657142857,0.514545455,0.34
1271,Dairy and Egg Products,"CHEESE,MOZZARELLA,LO MOIST,PART-SKIM,SHREDDED","Cheese, mozzarella, low moisture, part-skim, shredded",,,,304,23.63,19.72,8.06,2.24,0.0,254.0,0.111,1.33,0.0,0.49,27,0.151,0.367,0.029,716,0.034,0.23,29,0.041,537,26.8,3.61,0.282222222,0.065294118,0.554166667,0.0,0.032666667,0.0675,0.0094375,0.282307692,0.024166667,0.596666667,3.77778e-05,0.069047619,0.767142857,0.487272727,0.328181818
1275,Dairy and Egg Products,"YOGURT,GREEK,NON FAT,VANILLA,CHOBANI","Yogurt, Greek, non fat, vanilla, CHOBANI",,,,71,9.07,0.22,8.09,7.61,0.3,0.0,0.053,0.7,0.0,0.0,0,0.217,0.233,0.028,106,0.019,0.05,11,0.008,126,10.6,0.49,0.0,0.031176471,0.291666667,0.0,0.0,0.0,0.0135625,0.179230769,0.023333333,0.088333333,2.11111e-05,0.026190476,0.18,0.192727273,0.044545455
1276,Dairy and Egg Products,"YOGURT,GREEK,STRAWBERRY,DANNON OIKOS","Yogurt, Greek, strawberry, DANNON OIKOS",,,,106,8.25,2.92,11.67,11.0,1.0,1.0,0.05,0.56,0.0,0.0,0,0.21,0.227,0.036,86,0.018,0.07,10,0.034,110,9.5,0.39,0.001111111,0.029411765,0.233333333,0.0,0.0,0.0,0.013125,0.174615385,0.03,0.071666667,2e-05,0.023809524,0.157142857,0.172727273,0.035454545
1278,Dairy and Egg Products,"YOGURT,GREEK,NON FAT,VANILLA,DANNON OIKOS","Yogurt, Greek, non fat, vanilla, DANNON OIKOS",,,,85,8.12,0.14,12.72,11.4,0.5,0.0,0.047,0.66,0.0,0.0,0,0.187,0.26,0.033,89,0.017,0.04,10,0.009,112,8.2,0.4,0.0,0.027647059,0.275,0.0,0.0,0.0,0.0116875,0.2,0.0275,0.074166667,1.88889e-05,0.023809524,0.16,0.149090909,0.036363636
1280,Dairy and Egg Products,"YOGURT,GREEK,NON FAT,STRAWBERRY,DANNON OIKOS","Yogurt, Greek, non fat, strawberry, DANNON OIKOS",,,,84,8.03,0.22,12.53,11.63,0.4,0.0,0.051,0.59,0.2,0.0,0,0.22,0.217,0.033,94,0.017,0.06,11,0.029,114,8.9,0.45,0.0,0.03,0.245833333,0.002222222,0.0,0.0,0.01375,0.166923077,0.0275,0.078333333,1.88889e-05,0.026190476,0.162857143,0.161818182,0.040909091
1281,Dairy and Egg Products,"YOGURT,GREEK,NON FAT,STRAWBERRY,CHOBANI","Yogurt, Greek, non fat, strawberry, CHOBANI",,,,80,8.03,0.12,11.62,10.86,0.7,0.0,0.05,0.45,0.3,0.0,0,0.213,0.28,0.031,99,0.019,0.12,10,0.033,112,9.5,0.44,0.0,0.029411765,0.1875,0.003333333,0.0,0.0,0.0133125,0.215384615,0.025833333,0.0825,2.11111e-05,0.023809524,0.16,0.172727273,0.04
2001,Spices and Herbs,"ALLSPICE,GROUND","Spices, allspice, ground",,,Pimenta dioica,263,6.09,8.69,72.12,0.0,21.6,27.0,0.21,0.0,39.2,0.0,36,2.86,0.063,0.101,661,0.553,7.06,135,2.943,113,2.7,1.01,0.03,0.123529412,0.0,0.435555556,0.0,0.09,0.17875,0.048461538,0.084166667,0.550833333,0.000614444,0.321428571,0.161428571,0.049090909,0.091818182
2002,Spices and Herbs,ANISE SEED,"Spices, anise seed",,,Pimpinella anisum,337,17.6,15.9,50.02,0.0,14.6,16.0,0.65,0.0,21.0,0.0,10,3.06,0.29,0.34,646,0.91,36.96,170,2.3,440,5.0,5.3,0.017777778,0.382352941,0.0,0.233333333,0.0,0.025,0.19125,0.223076923,0.283333333,0.538333333,0.001011111,0.404761905,0.628571429,0.090909091,0.481818182
2003,Spices and Herbs,"SPICES,BASIL,DRIED","Spices, basil, dried",,,Ocimum basilicum,233,22.98,4.07,47.75,1.71,37.7,37.0,1.34,0.0,0.8,10.7,310,4.9,1.2,0.08,2240,2.1,89.8,711,9.8,274,3.0,7.1,0.041111111,0.788235294,0.0,0.008888889,0.713333333,0.775,0.30625,0.923076923,0.066666667,1.866666667,0.002333333,1.692857143,0.391428571,0.054545455,0.645454545
2004,Spices and Herbs,"SPICES,BAY LEAF","Spices, bay leaf",,,Laurus nobilis,313,7.61,8.36,74.97,0.0,26.3,309.0,1.74,0.0,46.5,0.0,180,2.005,0.421,0.009,834,0.416,43.0,120,8.167,113,2.8,3.7,0.343333333,1.023529412,0.0,0.516666667,0.0,0.45,0.1253125,0.323846154,0.0075,0.695,0.000462222,0.285714286,0.161428571,0.050909091,0.336363636
2005,Spices and Herbs,CARAWAY SEED,"Spices, caraway seed",,,Carum carvi,333,19.77,14.59,49.9,0.64,38.0,18.0,0.36,0.0,21.0,2.5,10,3.606,0.379,0.383,689,0.91,16.23,258,1.3,568,12.1,5.5,0.02,0.211764706,0.0,0.233333333,0.166666667,0.025,0.225375,0.291538462,0.319166667,0.574166667,0.001011111,0.614285714,0.811428571,0.22,0.5
2006,Spices and Herbs,"SPICES,CARDAMOM","Spices, cardamom",,,Elettaria cardamomum,311,10.76,6.7,68.47,0.0,28.0,0.0,0.23,0.0,21.0,0.0,0,1.102,0.182,0.198,383,0.383,13.97,229,28.0,178,0.0,7.47,0.0,0.135294118,0.0,0.233333333,0.0,0.0,0.068875,0.14,0.165,0.319166667,0.000425556,0.545238095,0.254285714,0.0,0.679090909
2007,Spices and Herbs,CELERY SEED,"Spices, celery seed",,,Apium graveolens,392,18.07,25.27,41.35,0.67,11.8,3.0,0.89,0.0,17.1,1.07,10,3.06,0.29,0.34,1767,1.37,44.9,440,7.567,547,12.1,6.93,0.003333333,0.523529412,0.0,0.19,0.071333333,0.025,0.19125,0.223076923,0.283333333,1.4725,0.001522222,1.047619048,0.781428571,0.22,0.63
2008,Spices and Herbs,"CHERVIL,DRIED","Spices, chervil, dried",,,Anthriscus cerefolium,237,23.2,3.9,49.1,0.0,11.3,293.0,0.93,0.0,50.0,0.0,274,5.4,0.68,0.38,1346,0.44,31.95,130,2.1,450,29.3,8.8,0.325555556,0.547058824,0.0,0.555555556,0.0,0.685,0.3375,0.523076923,0.316666667,1.121666667,0.000488889,0.30952381,0.642857143,0.532727273,0.8
2009,Spices and Herbs,CHILI POWDER,"Spices, chili powder",,,,282,13.46,14.28,49.7,7.19,34.8,1483.0,2.094,0.0,0.7,38.14,28,11.6,0.94,0.25,330,1.0,17.3,149,1.7,300,20.4,4.3,1.647777778,1.231764706,0.0,0.007777778,2.542666667,0.07,0.725,0.723076923,0.208333333,0.275,0.001111111,0.354761905,0.428571429,0.370909091,0.390909091
2010,Spices and Herbs,"CINNAMON,GROUND","Spices, cinnamon, ground",Cassia,,Cinnamomum aromaticum,247,3.99,1.24,80.59,2.17,53.1,15.0,0.158,0.0,3.8,2.32,6,1.332,0.041,0.022,1002,0.339,8.32,60,17.466,64,3.1,1.83,0.016666667,0.092941176,0.0,0.042222222,0.154666667,0.015,0.08325,0.031538462,0.018333333,0.835,0.000376667,0.142857143,0.091428571,0.056363636,0.166363636
2011,Spices and Herbs,"CLOVES,GROUND","Spices, cloves, ground",,,Syzygium aromaticum,274,5.97,13.0,65.53,2.38,33.9,8.0,0.391,0.0,0.2,8.82,25,1.56,0.22,0.158,632,0.368,11.83,259,60.127,104,7.2,2.32,0.008888889,0.23,0.0,0.002222222,0.588,0.0625,0.0975,0.169230769,0.131666667,0.526666667,0.000408889,0.616666667,0.148571429,0.130909091,0.210909091
2012,Spices and Herbs,"CORIANDER LEAF,DRIED","Spices, coriander leaf, dried","Chinese parsley, cilantro",,Coriandrum sativum,279,21.93,4.78,52.1,7.27,10.4,293.0,0.61,0.0,566.7,1.03,274,10.707,1.5,1.252,1246,1.786,42.46,694,6.355,481,29.3,4.72,0.325555556,0.358823529,0.0,6.296666667,0.068666667,0.685,0.6691875,1.153846154,1.043333333,1.038333333,0.001984444,1.652380952,0.687142857,0.532727273,0.429090909
2013,Spices and Herbs,CORIANDER SEED,"Spices, coriander seed",,,Coriandrum sativum,298,12.37,17.77,54.99,0.0,41.9,0.0,0.0,0.0,21.0,0.0,0,2.13,0.29,0.239,709,0.975,16.32,330,1.9,409,26.2,4.7,0.0,0.0,0.0,0.233333333,0.0,0.0,0.133125,0.223076923,0.199166667,0.590833333,0.001083333,0.785714286,0.584285714,0.476363636,0.427272727
2014,Spices and Herbs,CUMIN SEED,"Spices, cumin seed",,,Cuminum cyminum,375,17.81,22.27,44.24,2.25,10.5,64.0,0.435,0.0,7.7,3.33,10,4.579,0.327,0.628,931,0.867,66.36,366,3.333,499,5.2,4.8,0.071111111,0.255882353,0.0,0.085555556,0.222,0.025,0.2861875,0.251538462,0.523333333,0.775833333,0.000963333,0.871428571,0.712857143,0.094545455,0.436363636
2015,Spices and Herbs,CURRY POWDER,"Spices, curry powder",,,,325,14.29,14.01,55.83,2.76,53.2,1.0,0.105,0.0,0.7,25.24,56,3.26,0.2,0.176,525,1.2,19.1,255,8.3,367,40.3,4.7,0.001111111,0.061764706,0.0,0.007777778,1.682666667,0.14,0.20375,0.153846154,0.146666667,0.4375,0.001333333,0.607142857,0.524285714,0.732727273,0.427272727
2016,Spices and Herbs,DILL SEED,"Spices, dill seed",,,Anethum graveolens,305,15.98,14.54,55.17,0.0,21.1,3.0,0.25,0.0,21.0,0.0,10,2.807,0.284,0.418,1516,0.78,16.33,256,1.833,277,12.1,5.2,0.003333333,0.147058824,0.0,0.233333333,0.0,0.025,0.1754375,0.218461538,0.348333333,1.263333333,0.000866667,0.60952381,0.395714286,0.22,0.472727273
2017,Spices and Herbs,"DILL WEED,DRIED","Spices, dill weed, dried",,,Anethum graveolens,253,19.96,4.36,55.82,0.0,13.6,293.0,1.71,0.0,50.0,0.0,0,2.807,0.284,0.418,1784,0.49,48.78,451,3.95,543,0.0,3.3,0.325555556,1.005882353,0.0,0.555555556,0.0,0.0,0.1754375,0.218461538,0.348333333,1.486666667,0.000544444,1.073809524,0.775714286,0.0,0.3
2018,Spices and Herbs,FENNEL SEED,"Spices, fennel seed",,,Foeniculum vulgare,345,15.8,14.87,52.29,0.0,39.8,7.0,0.47,0.0,21.0,0.0,0,6.05,0.353,0.408,1196,1.067,18.54,385,6.533,487,0.0,3.7,0.007777778,0.276470588,0.0,0.233333333,0.0,0.0,0.378125,0.271538462,0.34,0.996666667,0.001185556,0.916666667,0.695714286,0.0,0.336363636
2019,Spices and Herbs,FENUGREEK SEED,"Spices, fenugreek seed",,,Trigonella foenum-graecum,323,23.0,6.41,58.35,0.0,24.6,3.0,0.6,0.0,3.0,0.0,57,1.64,0.366,0.322,176,1.11,33.53,191,1.228,296,6.3,2.5,0.003333333,0.352941176,0.0,0.033333333,0.0,0.1425,0.1025,0.281538462,0.268333333,0.146666667,0.001233333,0.454761905,0.422857143,0.114545455,0.227272727
2020,Spices and Herbs,GARLIC POWDER,"Spices, garlic powder",,,Allium sativum,331,16.55,0.73,72.73,2.43,9.0,0.0,1.654,0.0,1.2,0.67,47,0.796,0.141,0.435,79,0.533,5.65,77,0.979,414,23.9,2.99,0.0,0.972941176,0.0,0.013333333,0.044666667,0.1175,0.04975,0.108461538,0.3625,0.065833333,0.000592222,0.183333333,0.591428571,0.434545455,0.271818182
2021,Spices and Herbs,"GINGER,GROUND","Spices, ginger, ground",,,Zingiber officinale,335,8.98,4.24,71.62,3.39,14.1,2.0,0.626,0.0,0.7,0.0,13,9.62,0.17,0.046,114,0.48,19.8,214,33.3,168,55.8,3.64,0.002222222,0.368235294,0.0,0.007777778,0.0,0.0325,0.60125,0.130769231,0.038333333,0.095,0.000533333,0.50952381,0.24,1.014545455,0.330909091
2022,Spices and Herbs,"MACE,GROUND","Spices, mace, ground",,,Myristica fragrans,475,6.71,32.38,50.5,0.0,20.2,40.0,0.16,0.0,21.0,0.0,76,1.35,0.448,0.312,252,2.467,13.9,163,1.5,110,2.7,2.3,0.044444444,0.094117647,0.0,0.233333333,0.0,0.19,0.084375,0.344615385,0.26,0.21,0.002741111,0.388095238,0.157142857,0.049090909,0.209090909
2023,Spices and Herbs,"MARJORAM,DRIED","Spices, marjoram, dried",,,Origanum majorana,271,12.66,7.04,60.56,4.09,40.3,403.0,1.19,0.0,51.4,1.69,274,4.12,0.316,0.289,1990,1.133,82.71,346,5.433,306,4.5,3.6,0.447777778,0.7,0.0,0.571111111,0.112666667,0.685,0.2575,0.243076923,0.240833333,1.658333333,0.001258889,0.823809524,0.437142857,0.081818182,0.327272727
2024,Spices and Herbs,"SPICES,MUSTARD SD,GROUND","Spices, mustard seed, ground",,,Sinapis alba and Brassica juncea,508,26.08,36.24,28.09,6.79,12.2,2.0,0.397,0.0,7.1,5.07,162,4.733,0.261,0.805,266,0.645,9.21,370,2.448,828,208.1,6.08,0.002222222,0.233529412,0.0,0.078888889,0.338,0.405,0.2958125,0.200769231,0.670833333,0.221666667,0.000716667,0.880952381,1.182857143,3.783636364,0.552727273
2025,Spices and Herbs,"NUTMEG,GROUND","Spices, nutmeg, ground",,,Myristica fragrans,525,5.84,36.31,49.29,2.99,20.8,5.0,0.16,0.0,3.0,0.0,76,1.299,0.057,0.346,184,1.027,3.04,183,2.9,213,1.6,2.15,0.005555556,0.094117647,0.0,0.033333333,0.0,0.19,0.0811875,0.043846154,0.288333333,0.153333333,0.001141111,0.435714286,0.304285714,0.029090909,0.195454545
2026,Spices and Herbs,ONION POWDER,"Spices, onion powder",,,Allium cepa,341,10.41,1.04,79.12,6.63,15.2,0.0,0.718,0.0,23.4,0.27,64,0.321,0.08,0.457,384,0.59,3.9,113,1.3,322,14.3,4.05,0.0,0.422352941,0.0,0.26,0.018,0.16,0.0200625,0.061538462,0.380833333,0.32,0.000655556,0.269047619,0.46,0.26,0.368181818
2027,Spices and Herbs,"SPICES,OREGANO,DRIED","Spices, oregano, dried",,,Origanum vulgare,265,9.0,4.28,68.92,4.09,42.5,85.0,1.044,0.0,2.3,18.26,237,4.64,0.528,0.177,1597,0.633,36.8,270,4.99,148,4.5,2.69,0.094444444,0.614117647,0.0,0.025555556,1.217333333,0.5925,0.29,0.406153846,0.1475,1.330833333,0.000703333,0.642857143,0.211428571,0.081818182,0.244545455
2028,Spices and Herbs,PAPRIKA,"Spices, paprika",,,Capsicum annuum,282,14.14,12.89,53.99,10.34,34.9,2463.0,2.141,0.0,0.9,29.1,49,10.06,1.23,0.33,229,0.713,21.14,178,1.59,314,6.3,4.33,2.736666667,1.259411765,0.0,0.01,1.94,0.1225,0.62875,0.946153846,0.275,0.190833333,0.000792222,0.423809524,0.448571429,0.114545455,0.393636364
2029,Spices and Herbs,"PARSLEY,DRIED","Spices, parsley, dried",,,Petroselinum crispum,292,26.63,5.48,50.64,7.27,26.7,97.0,0.9,0.0,125.0,8.96,180,9.943,2.383,0.196,1140,0.78,22.04,400,9.81,436,14.1,5.44,0.107777778,0.529411765,0.0,1.388888889,0.597333333,0.45,0.6214375,1.833076923,0.163333333,0.95,0.000866667,0.952380952,0.622857143,0.256363636,0.494545455
2030,Spices and Herbs,"PEPPER,BLACK","Spices, pepper, black",,,Piper nigrum,251,10.39,3.26,63.95,0.64,25.3,27.0,0.291,0.0,0.0,1.04,17,1.143,0.18,0.108,443,1.33,9.71,171,12.753,158,4.9,1.19,0.03,0.171176471,0.0,0.0,0.069333333,0.0425,0.0714375,0.138461538,0.09,0.369166667,0.001477778,0.407142857,0.225714286,0.089090909,0.108181818
2031,Spices and Herbs,"PEPPER,RED OR CAYENNE","Spices, pepper, red or cayenne",,,Capsicum frutescens or Capsicum annuum,318,12.01,17.27,56.63,10.34,27.2,2081.0,2.45,0.0,76.4,29.83,106,8.701,0.919,0.328,148,0.373,7.8,152,2.0,293,8.8,2.48,2.312222222,1.441176471,0.0,0.848888889,1.988666667,0.265,0.5438125,0.706923077,0.273333333,0.123333333,0.000414444,0.361904762,0.418571429,0.16,0.225454545
2032,Spices and Herbs,"PEPPER,WHITE","Spices, pepper, white",,,Piper nigrum,296,10.4,2.12,68.61,0.0,26.2,0.0,0.1,0.0,21.0,0.0,10,0.212,0.126,0.022,265,0.91,14.31,90,4.3,176,3.1,1.13,0.0,0.058823529,0.0,0.233333333,0.0,0.025,0.01325,0.096923077,0.018333333,0.220833333,0.001011111,0.214285714,0.251428571,0.056363636,0.102727273
2033,Spices and Herbs,POPPY SEED,"Spices, poppy seed",,,Papaver somniferum,525,17.99,41.56,28.13,2.99,19.5,0.0,0.247,0.0,1.0,1.77,82,0.896,0.1,0.854,1438,1.627,9.76,347,6.707,870,13.5,7.9,0.0,0.145294118,0.0,0.011111111,0.118,0.205,0.056,0.076923077,0.711666667,1.198333333,0.001807778,0.826190476,1.242857143,0.245454545,0.718181818
2034,Spices and Herbs,POULTRY SEASONING,"Spices, poultry seasoning",,,,307,9.59,7.53,65.59,1.8,11.3,132.0,1.32,0.0,12.0,1.32,138,2.97,0.191,0.264,996,0.843,35.3,224,6.857,171,7.2,3.14,0.146666667,0.776470588,0.0,0.133333333,0.088,0.345,0.185625,0.146923077,0.22,0.83,0.000936667,0.533333333,0.244285714,0.130909091,0.285454545
2035,Spices and Herbs,PUMPKIN PIE SPICE,"Spices, pumpkin pie spice",,,,342,5.76,12.6,69.28,7.76,14.8,13.0,0.4,0.0,23.4,1.93,24,2.243,0.137,0.131,682,0.484,19.71,136,15.844,118,9.3,2.37,0.014444444,0.235294118,0.0,0.26,0.128666667,0.06,0.1401875,0.105384615,0.109166667,0.568333333,0.000537778,0.323809524,0.168571429,0.169090909,0.215454545
2036,Spices and Herbs,"ROSEMARY,DRIED","Spices, rosemary, dried",,,Rosmarinus officinalis,331,4.88,15.22,64.06,0.0,42.6,156.0,1.74,0.0,61.2,0.0,307,1.0,0.428,0.514,1280,0.55,29.25,220,1.867,70,4.6,3.23,0.173333333,1.023529412,0.0,0.68,0.0,0.7675,0.0625,0.329230769,0.428333333,1.066666667,0.000611111,0.523809524,0.1,0.083636364,0.293636364
2037,Spices and Herbs,SAFFRON,"Spices, saffron",,,Crocus sativus,310,11.43,5.85,65.37,0.0,3.9,27.0,1.01,0.0,80.8,0.0,93,1.46,0.267,0.115,111,0.328,11.1,264,28.408,252,5.6,1.09,0.03,0.594117647,0.0,0.897777778,0.0,0.2325,0.09125,0.205384615,0.095833333,0.0925,0.000364444,0.628571429,0.36,0.101818182,0.099090909
2038,Spices and Herbs,"SAGE,GROUND","Spices, sage, ground",,,Salvia officinalis,315,10.63,12.75,60.73,1.71,40.3,295.0,2.69,0.0,32.4,7.48,274,5.72,0.336,0.754,1652,0.757,28.12,428,3.133,91,3.7,4.7,0.327777778,1.582352941,0.0,0.36,0.498666667,0.685,0.3575,0.258461538,0.628333333,1.376666667,0.000841111,1.019047619,0.13,0.067272727,0.427272727
2039,Spices and Herbs,"SAVORY,GROUND","Spices, savory, ground",,,Satureja hortensis,272,6.73,5.91,68.73,0.0,45.7,257.0,1.81,0.0,50.0,0.0,0,4.08,0.0,0.366,2132,0.847,37.88,377,6.1,140,4.6,4.3,0.285555556,1.064705882,0.0,0.555555556,0.0,0.0,0.255,0.0,0.305,1.776666667,0.000941111,0.897619048,0.2,0.083636364,0.390909091
2041,Spices and Herbs,"SPICES,TARRAGON,DRIED","Spices, tarragon, dried",,,Artemisia dracunculus,295,22.77,7.24,50.22,0.0,7.4,210.0,2.41,0.0,50.0,0.0,274,8.95,1.339,0.251,1139,0.677,32.3,347,7.967,313,4.4,3.9,0.233333333,1.417647059,0.0,0.555555556,0.0,0.685,0.559375,1.03,0.209166667,0.949166667,0.000752222,0.826190476,0.447142857,0.08,0.354545455
2042,Spices and Herbs,"SPICES,THYME,DRIED","Spices, thyme, dried",,,Thymus vulgaris,276,9.11,7.43,63.94,1.71,37.0,190.0,0.55,0.0,50.0,7.48,274,4.94,0.399,0.513,1890,0.86,123.6,220,7.867,201,4.6,6.18,0.211111111,0.323529412,0.0,0.555555556,0.498666667,0.685,0.30875,0.306923077,0.4275,1.575,0.000955556,0.523809524,0.287142857,0.083636364,0.561818182
2043,Spices and Herbs,"TURMERIC,GROUND","Spices, turmeric, ground",,,Curcuma longa L.,312,9.68,3.25,67.14,3.21,22.7,0.0,0.107,0.0,0.7,4.43,20,1.35,0.15,0.058,168,1.3,55.0,208,19.8,299,6.2,4.5,0.0,0.062941176,0.0,0.007777778,0.295333333,0.05,0.084375,0.115384615,0.048333333,0.14,0.001444444,0.495238095,0.427142857,0.112727273,0.409090909
2044,Spices and Herbs,"BASIL,FRESH","Basil, fresh",,,Ocimum basilicum,23,3.15,0.64,2.65,0.3,1.6,264.0,0.155,0.0,18.0,0.8,68,0.902,0.076,0.034,177,0.385,3.17,64,1.148,56,0.3,0.81,0.293333333,0.091176471,0.0,0.2,0.053333333,0.17,0.056375,0.058461538,0.028333333,0.1475,0.000427778,0.152380952,0.08,0.005454545,0.073636364
2045,Spices and Herbs,"DILL WEED,FRSH","Dill weed, fresh",,,Anethum graveolens,43,3.46,1.12,7.02,0.0,2.1,386.0,0.185,0.0,85.0,0.0,150,1.57,0.296,0.058,208,0.146,6.59,55,1.264,66,0.0,0.91,0.428888889,0.108823529,0.0,0.944444444,0.0,0.375,0.098125,0.227692308,0.048333333,0.173333333,0.000162222,0.130952381,0.094285714,0.0,0.082727273
2046,Spices and Herbs,"MUSTARD,PREPARED,YELLOW","Mustard, prepared, yellow",,,,60,3.74,3.34,5.83,0.92,4.0,5.0,0.07,0.0,0.3,0.36,7,0.565,0.07,0.177,63,0.074,1.61,48,0.422,108,33.5,0.64,0.005555556,0.041176471,0.0,0.003333333,0.024,0.0175,0.0353125,0.053846154,0.1475,0.0525,8.22222e-05,0.114285714,0.154285714,0.609090909,0.058181818
2047,Spices and Herbs,"SALT,TABLE","Salt, table",,,,0,0.0,0.0,0.0,0.0,0.0,0.0,0.0,0.0,0.0,0.0,0,0.0,0.0,0.0,24,0.03,0.33,1,0.1,0,0.1,0.1,0.0,0.0,0.0,0.0,0.0,0.0,0.0,0.0,0.0,0.02,3.33333e-05,0.002380952,0.0,0.001818182,0.009090909
2048,Spices and Herbs,"VINEGAR,CIDER","Vinegar, cider",,,,21,0.0,0.0,0.93,0.4,0.0,0.0,0.0,0.0,0.0,0.0,0,0.0,0.0,0.0,7,0.008,0.2,5,0.249,8,0.1,0.04,0.0,0.0,0.0,0.0,0.0,0.0,0.0,0.0,0.0,0.005833333,8.88889e-06,0.011904762,0.011428571,0.001818182,0.003636364
2049,Spices and Herbs,"THYME,FRSH","Thyme, fresh",,,Thymus vulgaris,101,5.56,1.68,24.45,0.0,14.0,238.0,0.348,0.0,160.1,0.0,45,1.824,0.471,0.048,405,0.555,17.45,160,1.719,106,0.0,1.81,0.264444444,0.204705882,0.0,1.778888889,0.0,0.1125,0.114,0.362307692,0.04,0.3375,0.000616667,0.380952381,0.151428571,0.0,0.164545455
2050,Spices and Herbs,VANILLA EXTRACT,Vanilla extract,,,,288,0.06,0.06,12.65,12.65,0.0,0.0,0.026,0.0,0.0,0.0,0,0.425,0.095,0.011,11,0.072,0.12,12,0.23,6,0.0,0.11,0.0,0.015294118,0.0,0.0,0.0,0.0,0.0265625,0.073076923,0.009166667,0.009166667,8e-05,0.028571429,0.008571429,0.0,0.01
2051,Spices and Herbs,"VANILLA EXTRACT,IMITN,ALCOHOL","Vanilla extract, imitation, alcohol",,,,237,0.05,0.0,2.41,0.0,0.0,0.0,0.019,0.0,0.0,0.0,0,0.318,0.071,0.008,0,0.023,0.13,5,0.482,22,0.0,0.06,0.0,0.011176471,0.0,0.0,0.0,0.0,0.019875,0.054615385,0.006666667,0.0,2.55556e-05,0.011904762,0.031428571,0.0,0.005454545
2052,Spices and Herbs,"VANILLA EXTRACT,IMITN,NO ALCOHOL","Vanilla extract, imitation, no alcohol",,,,56,0.03,0.0,14.4,14.4,0.0,0.0,0.008,0.0,0.0,0.0,0,0.129,0.029,0.003,3,0.003,0.05,1,0.001,0,0.0,0.01,0.0,0.004705882,0.0,0.0,0.0,0.0,0.0080625,0.022307692,0.0025,0.0025,3.33333e-06,0.002380952,0.0,0.0,0.000909091
2053,Spices and Herbs,"VINEGAR,DISTILLED","Vinegar, distilled",,,,18,0.0,0.0,0.04,0.04,0.0,0.0,0.0,0.0,0.0,0.0,0,0.0,0.0,0.0,6,0.006,0.03,1,0.055,4,0.5,0.01,0.0,0.0,0.0,0.0,0.0,0.0,0.0,0.0,0.0,0.005,6.66667e-06,0.002380952,0.005714286,0.009090909,0.000909091
2054,Spices and Herbs,"CAPERS,CANNED","Capers, canned",,,Capparis spinosa,23,2.36,0.86,4.89,0.41,3.2,7.0,0.023,0.0,4.3,0.88,23,0.652,0.139,0.018,40,0.374,1.67,33,0.078,10,1.2,0.32,0.007777778,0.013529412,0.0,0.047777778,0.058666667,0.0575,0.04075,0.106923077,0.015,0.033333333,0.000415556,0.078571429,0.014285714,0.021818182,0.029090909
2055,Spices and Herbs,"HORSERADISH,PREPARED","Horseradish, prepared",,,,48,1.18,0.69,11.29,7.99,3.3,0.0,0.073,0.0,24.9,0.01,57,0.386,0.024,0.008,56,0.058,0.42,27,0.126,31,2.8,0.83,0.0,0.042941176,0.0,0.276666667,0.000666667,0.1425,0.024125,0.018461538,0.006666667,0.046666667,6.44444e-05,0.064285714,0.044285714,0.050909091,0.075454545
2063,Spices and Herbs,"ROSEMARY,FRESH","Rosemary, fresh",,,Rosmarinus officinalis,131,3.31,5.86,20.7,0.0,14.1,146.0,0.336,0.0,21.8,0.0,109,0.912,0.152,0.036,317,0.301,6.65,91,0.96,66,0.0,0.93,0.162222222,0.197647059,0.0,0.242222222,0.0,0.2725,0.057,0.116923077,0.03,0.264166667,0.000334444,0.216666667,0.094285714,0.0,0.084545455
2064,Spices and Herbs,"PEPPERMINT,FRESH","Peppermint, fresh",mint,,Mentha x piperita L. nothosubsp. piperita,70,3.75,0.94,14.89,0.0,8.0,212.0,0.129,0.0,31.8,0.0,114,1.706,0.266,0.082,243,0.329,5.08,80,1.176,73,0.0,1.11,0.235555556,0.075882353,0.0,0.353333333,0.0,0.285,0.106625,0.204615385,0.068333333,0.2025,0.000365556,0.19047619,0.104285714,0.0,0.100909091
2065,Spices and Herbs,"SPEARMINT,FRESH","Spearmint, fresh",mint,,Mentha spicata,44,3.29,0.73,8.41,0.0,6.8,203.0,0.158,0.0,13.3,0.0,105,0.948,0.175,0.078,199,0.24,11.87,63,1.118,60,0.0,1.09,0.225555556,0.092941176,0.0,0.147777778,0.0,0.2625,0.05925,0.134615385,0.065,0.165833333,0.000266667,0.15,0.085714286,0.0,0.099090909
2066,Spices and Herbs,"SPEARMINT,DRIED","Spearmint, dried",mint,,,285,19.93,6.03,52.04,0.0,29.8,529.0,2.579,0.0,0.0,0.0,530,6.561,1.421,0.288,1488,1.542,87.47,602,11.482,276,0.0,2.41,0.587777778,1.517058824,0.0,0.0,0.0,1.325,0.4100625,1.093076923,0.24,1.24,0.001713333,1.433333333,0.394285714,0.0,0.219090909
2068,Spices and Herbs,"VINEGAR,RED WINE","Vinegar, red wine",,,,19,0.04,0.0,0.27,0.0,0.0,0.0,0.0,0.0,0.5,0.0,0,0.0,0.0,0.0,6,0.01,0.45,4,0.046,8,0.0,0.03,0.0,0.0,0.0,0.005555556,0.0,0.0,0.0,0.0,0.0,0.005,1.11111e-05,0.00952381,0.011428571,0.0,0.002727273
2069,Spices and Herbs,"VINEGAR,BALSAMIC","Vinegar, balsamic",,,,88,0.49,0.0,17.03,14.95,0.0,0.0,0.0,0.0,0.0,0.0,0,0.0,0.0,0.0,27,0.026,0.72,12,0.131,19,0.0,0.08,0.0,0.0,0.0,0.0,0.0,0.0,0.0,0.0,0.0,0.0225,2.88889e-05,0.028571429,0.027142857,0.0,0.007272727
2073,Spices and Herbs,"PACE,DRY TACO SEAS MIX","PACE, Dry Taco Seasoning Mix",,Campbell Soup Co.,,188,0.0,0.0,56.29,18.76,18.8,0.0,0.0,0.0,45.0,0.0,0,0.0,0.0,0.0,0,0.0,6.75,0,0.0,0,0.0,0.0,0.0,0.0,0.0,0.5,0.0,0.0,0.0,0.0,0.0,0.0,0.0,0.0,0.0,0.0,0.0
2074,Spices and Herbs,"SEASONING MIX,DRY,SAZON,CORIANDER & ANNATTO","Seasoning mix, dry, sazon, coriander & annatto",,,,0,0.0,0.0,0.0,0.0,0.0,0.0,0.0,0.0,0.0,0.0,0,0.0,0.0,0.0,0,0.0,0.0,0,0.0,0,0.0,0.0,0.0,0.0,0.0,0.0,0.0,0.0,0.0,0.0,0.0,0.0,0.0,0.0,0.0,0.0,0.0
2075,Spices and Herbs,"SEASONING MIX,DRY,TACO,ORIGINAL","Seasoning mix, dry, taco, original",,,,322,4.5,0.0,58.0,10.83,13.3,0.0,0.0,0.0,0.0,0.0,0,0.0,0.0,0.0,0,0.0,7.2,0,0.0,0,0.0,0.0,0.0,0.0,0.0,0.0,0.0,0.0,0.0,0.0,0.0,0.0,0.0,0.0,0.0,0.0,0.0
2076,Spices and Herbs,"SEASONING MIX,DRY,CHILI,ORIGINAL","Seasoning mix, dry, chili, original",,,,335,10.82,7.3,56.56,8.67,10.8,0.0,0.0,0.0,5.9,0.0,0,0.0,0.0,0.0,0,0.0,3.9,0,0.0,0,0.0,0.0,0.0,0.0,0.0,0.065555556,0.0,0.0,0.0,0.0,0.0,0.0,0.0,0.0,0.0,0.0,0.0
3001,Baby Foods,"BABYFOOD,JUC TREATS,FRUIT MEDLEY,TODD","Babyfood, juice treats, fruit medley, toddler",,,,347,0.0,0.02,86.68,57.4,0.0,0.0,0.014,0.0,8.0,0.01,1,0.057,0.01,0.015,12,0.037,0.24,7,0.062,9,1.9,0.03,0.0,0.008235294,0.0,0.088888889,0.000666667,0.0025,0.0035625,0.007692308,0.0125,0.01,4.11111e-05,0.016666667,0.012857143,0.034545455,0.002727273
3002,Baby Foods,"BABYFOOD,MEAT,BF,STR","Babyfood, meat, beef, strained",,,,81,12.03,2.52,2.43,0.0,0.0,0.0,0.039,1.26,2.1,0.37,8,2.495,0.135,0.013,5,0.148,0.98,11,0.037,93,2.9,2.22,0.0,0.022941176,0.525,0.023333333,0.024666667,0.02,0.1559375,0.103846154,0.010833333,0.004166667,0.000164444,0.026190476,0.132857143,0.052727273,0.201818182
3003,Baby Foods,"BABYFOOD,MEAT,BF,STR","Babyfood, meat, beef, junior",,,,81,12.03,2.52,2.43,0.0,0.0,0.0,0.039,1.26,2.1,0.37,8,2.495,0.135,0.013,5,0.148,0.98,11,0.037,93,2.9,2.22,0.0,0.022941176,0.525,0.023333333,0.024666667,0.02,0.1559375,0.103846154,0.010833333,0.004166667,0.000164444,0.026190476,0.132857143,0.052727273,0.201818182
3005,Baby Foods,"BABYFOOD,MEAT,VEAL,STR","Babyfood, meat, veal, strained",,,,81,13.12,2.45,1.51,0.0,0.0,0.0,0.049,1.65,0.0,0.28,5,2.85,0.116,0.023,6,0.148,0.76,11,0.037,98,3.5,2.5,0.0,0.028823529,0.6875,0.0,0.018666667,0.0125,0.178125,0.089230769,0.019166667,0.005,0.000164444,0.026190476,0.14,0.063636364,0.227272727
3007,Baby Foods,"BABYFOOD,MEAT,PORK,STR","Babyfood, meat, pork, strained",,,,124,14.0,7.1,0.0,0.0,0.0,11.0,0.205,0.99,1.8,0.4,2,2.269,0.203,0.146,5,0.072,1.0,10,0.0,94,12.9,2.27,0.012222222,0.120588235,0.4125,0.02,0.026666667,0.005,0.1418125,0.156153846,0.121666667,0.004166667,8e-05,0.023809524,0.134285714,0.234545455,0.206363636
3008,Baby Foods,"BABYFOOD,MEAT,HAM,STR","Babyfood, meat, ham, strained",,,,97,11.3,3.8,3.7,0.0,0.0,2.0,0.252,0.1,2.1,0.13,2,2.633,0.154,0.139,6,0.065,1.03,13,0.0,81,14.2,2.25,0.002222222,0.148235294,0.041666667,0.023333333,0.008666667,0.005,0.1645625,0.118461538,0.115833333,0.005,7.22222e-05,0.030952381,0.115714286,0.258181818,0.204545455
3009,Baby Foods,"BABYFOOD,MEAT,HAM,JUNIOR","Babyfood, meat, ham, junior",,,,97,11.3,3.8,3.7,0.0,0.0,0.0,0.2,0.1,2.1,0.4,2,2.84,0.194,0.142,5,0.068,1.01,11,0.0,89,15.0,1.7,0.0,0.117647059,0.041666667,0.023333333,0.026666667,0.005,0.1775,0.149230769,0.118333333,0.004166667,7.55556e-05,0.026190476,0.127142857,0.272727273,0.154545455
3010,Baby Foods,"BABYFOOD,MEAT,LAMB,STR","Babyfood, meat, lamb, strained",,,,87,14.07,3.41,0.85,0.0,0.0,0.0,0.037,1.9,1.2,0.19,0,2.908,0.174,0.02,7,0.148,1.19,13,0.037,104,2.2,2.43,0.0,0.021764706,0.791666667,0.013333333,0.012666667,0.0,0.18175,0.133846154,0.016666667,0.005833333,0.000164444,0.030952381,0.148571429,0.04,0.220909091
3011,Baby Foods,"BABYFOOD,MEAT,LAMB,JUNIOR","Babyfood, meat, lamb, junior",,,,112,15.2,5.2,0.0,0.0,0.0,8.0,0.183,2.27,1.7,0.4,2,3.193,0.191,0.019,7,0.057,1.66,10,0.0,91,7.0,2.6,0.008888889,0.107647059,0.945833333,0.018888889,0.026666667,0.005,0.1995625,0.146923077,0.015833333,0.005833333,6.33333e-05,0.023809524,0.13,0.127272727,0.236363636
3012,Baby Foods,"BABYFOOD,MEAT,CHICK,STR","Babyfood, meat, chicken, strained",,,,130,13.7,7.9,0.1,0.0,0.0,6.0,0.2,0.4,1.7,0.25,3,3.255,0.152,0.014,64,0.045,1.4,13,0.0,97,11.0,1.21,0.006666667,0.117647059,0.166666667,0.018888889,0.016666667,0.0075,0.2034375,0.116923077,0.011666667,0.053333333,5e-05,0.030952381,0.138571429,0.2,0.11
3013,Baby Foods,"BABYFOOD,MEAT,CHICK,JR","Babyfood, meat, chicken, junior",,,,146,14.0,9.6,0.0,0.0,0.0,11.0,0.188,0.4,1.5,0.4,11,3.42,0.163,0.014,55,0.045,0.99,11,0.0,90,10.3,1.01,0.012222222,0.110588235,0.166666667,0.016666667,0.026666667,0.0275,0.21375,0.125384615,0.011666667,0.045833333,5e-05,0.026190476,0.128571429,0.187272727,0.091818182
3014,Baby Foods,"BABYFOOD,MEAT,CHICK STKS,JR","Babyfood, meat, chicken sticks, junior",,,,188,14.6,14.4,1.5,1.4,0.2,3.0,0.103,0.4,1.7,0.37,11,2.005,0.197,0.017,73,0.045,1.56,14,0.0,121,10.3,1.01,0.003333333,0.060588235,0.166666667,0.018888889,0.024666667,0.0275,0.1253125,0.151538462,0.014166667,0.060833333,5e-05,0.033333333,0.172857143,0.187272727,0.091818182
3015,Baby Foods,"BABYFOOD,MEAT,TURKEY,STR","Babyfood, meat, turkey, strained",,,,111,11.5,6.2,1.4,0.0,0.0,0.0,0.029,1.11,2.2,0.08,8,2.61,0.163,0.008,41,0.148,0.7,12,0.037,117,12.0,1.77,0.0,0.017058824,0.4625,0.024444444,0.005333333,0.02,0.163125,0.125384615,0.006666667,0.034166667,0.000164444,0.028571429,0.167142857,0.218181818,0.160909091
3016,Baby Foods,"BABYFOOD,MEAT,TURKEY,JR","Babyfood, meat, turkey, junior",,,,111,11.5,6.2,1.4,0.0,0.0,0.0,0.029,1.11,0.0,0.08,8,2.61,0.163,0.008,41,0.148,0.7,12,0.037,117,12.0,1.77,0.0,0.017058824,0.4625,0.0,0.005333333,0.02,0.163125,0.125384615,0.006666667,0.034166667,0.000164444,0.028571429,0.167142857,0.218181818,0.160909091
3017,Baby Foods,"Babyfood, meat, turkey sticks, junior","Babyfood, meat, turkey sticks, junior",,,,188,13.7,14.2,1.4,1.4,0.5,6.0,0.023,1.3,1.5,0.12,11,1.94,0.181,0.008,83,0.148,0.92,10,0.037,120,13.5,2.4,0.006666667,0.013529412,0.541666667,0.016666667,0.008,0.0275,0.12125,0.139230769,0.006666667,0.069166667,0.000164444,0.023809524,0.171428571,0.245454545,0.218181818
3019,Baby Foods,"BABYFOOD,SNACK,GERBER GRADUATE FRUIT STRIPS,REAL FRUIT BARS","Babyfood, snack, GERBER GRADUATE FRUIT  STRIPS, Real Fruit Bars",,,,330,0.82,2.24,76.61,68.65,7.8,12.0,0.201,0.0,179.9,0.96,1,0.334,0.046,0.041,18,0.242,1.05,9,0.7,23,1.4,0.14,0.013333333,0.118235294,0.0,1.998888889,0.064,0.0025,0.020875,0.035384615,0.034166667,0.015,0.000268889,0.021428571,0.032857143,0.025454545,0.012727273
3021,Baby Foods,"BABYFOOD,MEAT,MEAT STKS,JR","Babyfood, meat, meat sticks, junior",,,,184,13.4,14.6,1.1,0.8,0.2,21.0,0.08,0.29,2.4,0.28,3,1.481,0.172,0.059,34,0.068,1.38,11,0.0,103,13.3,1.9,0.023333333,0.047058824,0.120833333,0.026666667,0.018666667,0.0075,0.0925625,0.132307692,0.049166667,0.028333333,7.55556e-05,0.026190476,0.147142857,0.241818182,0.172727273
3041,Baby Foods,"BABYFOOD,DINNER,VEG&DUMPLINGS&BF,STR","Babyfood, dinner, vegetables and dumplings and beef, strained",,,,48,2.0,0.9,7.7,0.0,0.0,21.0,0.047,0.09,0.8,0.24,7,0.574,0.04,0.049,14,0.029,0.39,6,0.0,28,2.1,0.4,0.023333333,0.027647059,0.0375,0.008888889,0.016,0.0175,0.035875,0.030769231,0.040833333,0.011666667,3.22222e-05,0.014285714,0.04,0.038181818,0.036363636
3042,Baby Foods,"BABYFOOD,DINNER,VEG&DUMPLINGS&BF,JR","Babyfood, dinner, vegetables and dumplings and beef, junior",,,,48,2.1,0.8,8.0,0.0,0.0,33.0,0.048,0.09,0.8,0.0,7,0.49,0.036,0.039,14,0.03,0.47,7,0.0,29,2.1,0.33,0.036666667,0.028235294,0.0375,0.008888889,0.0,0.0175,0.030625,0.027692308,0.0325,0.011666667,3.33333e-05,0.016666667,0.041428571,0.038181818,0.03
3043,Baby Foods,"BABYFOOD,DINNER,BF LASAGNA,TODD","Babyfood, dinner, beef lasagna, toddler",,,,77,4.2,2.1,10.0,0.0,0.0,58.0,0.071,0.51,1.9,0.0,6,1.353,0.089,0.072,18,0.097,0.87,11,0.0,40,8.4,0.7,0.064444444,0.041764706,0.2125,0.021111111,0.0,0.015,0.0845625,0.068461538,0.06,0.015,0.000107778,0.026190476,0.057142857,0.152727273,0.063636364
3044,Baby Foods,"BABYFOOD,DINNER,MACARONI&TOMATO&BF,STR","Babyfood, dinner, macaroni and tomato and beef, strained",,,,61,2.36,1.47,9.45,2.09,1.2,44.0,0.056,0.15,0.3,2.62,12,0.715,0.043,0.038,17,0.05,0.46,12,0.13,39,8.4,0.54,0.048888889,0.032941176,0.0625,0.003333333,0.174666667,0.03,0.0446875,0.033076923,0.031666667,0.014166667,5.55556e-05,0.028571429,0.055714286,0.152727273,0.049090909
3045,Baby Foods,"BABYFOOD,DINNER,MACARONI&TOMATO&BF,JR","Babyfood, dinner, macaroni and tomato and beef, junior",,,,59,2.5,1.1,9.4,2.43,1.1,35.0,0.047,0.24,1.5,0.81,11,0.751,0.055,0.048,14,0.039,0.36,7,0.0,44,8.4,0.36,0.038888889,0.027647059,0.1,0.016666667,0.054,0.0275,0.0469375,0.042307692,0.04,0.011666667,4.33333e-05,0.016666667,0.062857143,0.152727273,0.032727273
3046,Baby Foods,"BABYFOOD,RAVIOLI,CHS FILLED,W/TOMATO SAU","Babyfood, ravioli, cheese filled, with tomato sauce",,,,99,3.6,2.2,16.3,0.59,0.1,51.0,0.09,0.05,0.1,0.42,36,1.65,0.14,0.12,54,0.04,0.8,7,0.0,56,13.4,0.35,0.056666667,0.052941176,0.020833333,0.001111111,0.028,0.09,0.103125,0.107692308,0.1,0.045,4.44444e-05,0.016666667,0.08,0.243636364,0.031818182
3047,Baby Foods,"BABYFOOD,DINNER,BF NOODLE,STR","Babyfood, dinner, beef noodle, strained",,,,63,2.44,2.26,8.18,1.42,1.3,36.0,0.036,0.19,0.1,0.31,11,0.616,0.035,0.035,10,0.05,0.41,10,0.12,38,3.6,0.6,0.04,0.021176471,0.079166667,0.001111111,0.020666667,0.0275,0.0385,0.026923077,0.029166667,0.008333333,5.55556e-05,0.023809524,0.054285714,0.065454545,0.054545455
3048,Baby Foods,"BABYFOOD,MACARONI&CHS,TODD","Babyfood, macaroni and cheese, toddler",,,,82,3.5,2.6,11.2,0.79,0.5,19.0,0.05,0.06,0.0,0.03,40,0.79,0.09,0.04,102,0.041,0.6,9,0.0,81,6.6,0.43,0.021111111,0.029411765,0.025,0.0,0.002,0.1,0.049375,0.069230769,0.033333333,0.085,4.55556e-05,0.021428571,0.115714286,0.12,0.039090909
3049,Baby Foods,"BABYFOOD,DINNER,BF&RICE,TODD","Babyfood, dinner, beef and rice, toddler",,,,82,5.0,2.9,8.8,0.0,0.0,25.0,0.139,0.51,3.9,0.0,6,1.343,0.069,0.016,11,0.054,0.69,8,0.0,35,8.4,0.92,0.027777778,0.081764706,0.2125,0.043333333,0.0,0.015,0.0839375,0.053076923,0.013333333,0.009166667,6e-05,0.019047619,0.05,0.152727273,0.083636364
3050,Baby Foods,"BABYFOOD,DINNER,SPAGHETTI&TOMATO&MEAT,JR","Babyfood, dinner, spaghetti and tomato and meat, junior",,,,68,2.57,1.37,11.42,2.72,1.1,63.0,0.064,0.03,0.2,0.07,44,0.967,0.068,0.048,15,0.03,0.53,11,0.12,35,8.4,0.53,0.07,0.037647059,0.0125,0.002222222,0.004666667,0.11,0.0604375,0.052307692,0.04,0.0125,3.33333e-05,0.026190476,0.05,0.152727273,0.048181818
3051,Baby Foods,"BABYFOOD,DINNER,SPAGHETTI&TOMATO&MEAT,TODD","Babyfood, dinner, spaghetti and tomato and meat, toddler",,,,75,5.3,1.0,10.8,0.0,0.0,22.0,0.083,0.23,4.1,0.0,50,1.558,0.101,0.062,22,0.02,0.9,15,0.0,45,8.4,0.48,0.024444444,0.048823529,0.095833333,0.045555556,0.0,0.125,0.097375,0.077692308,0.051666667,0.018333333,2.22222e-05,0.035714286,0.064285714,0.152727273,0.043636364
3052,Baby Foods,"BABYFOOD,DINNER,BF STEW,TODD","Babyfood, dinner, beef stew, toddler",,,,51,5.1,1.2,5.5,1.39,1.1,82.0,0.074,0.51,3.0,0.5,6,1.313,0.065,0.014,9,0.072,0.72,11,0.0,44,4.5,0.87,0.091111111,0.043529412,0.2125,0.033333333,0.033333333,0.015,0.0820625,0.05,0.011666667,0.0075,8e-05,0.026190476,0.062857143,0.081818182,0.079090909
3053,Baby Foods,"BABYFOOD,DINNER,VEG&BF,STR","Babyfood, dinner, vegetables and beef, strained",,,,77,2.21,3.6,8.84,2.34,1.3,246.0,0.063,0.18,0.2,0.49,7,0.789,0.048,0.008,17,0.03,0.35,10,0.18,33,2.2,0.38,0.273333333,0.037058824,0.075,0.002222222,0.032666667,0.0175,0.0493125,0.036923077,0.006666667,0.014166667,3.33333e-05,0.023809524,0.047142857,0.04,0.034545455
3054,Baby Foods,"BABYFOOD,DINNER,VEG&BF,JR","Babyfood, dinner, vegetables and beef, junior",,,,77,2.21,3.6,8.84,2.34,1.3,246.0,0.063,0.33,0.2,0.49,7,0.789,0.048,0.008,17,0.03,0.35,10,0.106,33,2.2,0.38,0.273333333,0.037058824,0.1375,0.002222222,0.032666667,0.0175,0.0493125,0.036923077,0.006666667,0.014166667,3.33333e-05,0.023809524,0.047142857,0.04,0.034545455
3055,Baby Foods,"BABYFOOD,DINNER,BF W/VEG","Babyfood, dinner, beef with vegetables",,,,96,2.03,6.93,6.36,2.16,1.8,222.0,0.083,0.09,0.0,0.57,11,0.7,0.06,0.03,19,0.036,0.33,15,0.006,24,2.2,0.35,0.246666667,0.048823529,0.0375,0.0,0.038,0.0275,0.04375,0.046153846,0.025,0.015833333,4e-05,0.035714286,0.034285714,0.04,0.031818182
3059,Baby Foods,"BABYFOOD,DINNER,VEG&BACON,STR","Babyfood, dinner, vegetables and bacon, strained",,,,69,1.92,2.95,8.81,1.77,1.7,114.0,0.058,0.06,0.3,0.51,3,0.474,0.039,0.032,14,0.04,0.3,10,0.14,28,1.7,0.3,0.126666667,0.034117647,0.025,0.003333333,0.034,0.0075,0.029625,0.03,0.026666667,0.011666667,4.44444e-05,0.023809524,0.04,0.030909091,0.027272727
3061,Baby Foods,"BABYFOOD,DINNER,VEG&HAM,STR","Babyfood, dinner, vegetables and ham, strained",,,,59,2.19,2.14,7.8,1.37,1.6,144.0,0.072,0.06,1.6,0.31,3,0.676,0.054,0.035,16,0.07,0.41,12,0.14,33,2.4,0.32,0.16,0.042352941,0.025,0.017777778,0.020666667,0.0075,0.04225,0.041538462,0.029166667,0.013333333,7.77778e-05,0.028571429,0.047142857,0.043636364,0.029090909
3062,Baby Foods,"BABYFOOD,DINNER,VEG&HAM,JR","Babyfood, dinner, vegetables and ham, junior",,,,60,2.02,1.89,8.64,0.99,1.0,144.0,0.046,0.03,1.1,0.31,8,0.512,0.04,0.032,14,0.03,0.24,8,0.07,33,2.4,0.3,0.16,0.027058824,0.0125,0.012222222,0.020666667,0.02,0.032,0.030769231,0.026666667,0.011666667,3.33333e-05,0.019047619,0.047142857,0.043636364,0.027272727
3066,Baby Foods,"BABYFOOD,DINNER,VEG&LAMB,STR","Babyfood, dinner, vegetables and lamb, strained",,,,52,2.0,2.0,6.9,0.94,1.1,100.0,0.046,0.16,1.2,0.24,4,0.529,0.034,0.018,12,0.029,0.35,7,0.0,49,2.4,0.22,0.111111111,0.027058824,0.066666667,0.013333333,0.016,0.01,0.0330625,0.026153846,0.015,0.01,3.22222e-05,0.016666667,0.07,0.043636364,0.02
3067,Baby Foods,"BABYFOOD,DINNER,VEG&LAMB,JR","Babyfood, dinner, vegetables and lamb, junior",,,,51,2.1,1.7,7.1,0.94,1.1,138.0,0.044,0.16,1.7,0.24,4,0.554,0.032,0.021,13,0.029,0.34,7,0.0,49,2.4,0.22,0.153333333,0.025882353,0.066666667,0.018888889,0.016,0.01,0.034625,0.024615385,0.0175,0.010833333,3.22222e-05,0.016666667,0.07,0.043636364,0.02
3068,Baby Foods,"BABYFOOD,DINNER,CHICK NOODLE,STR","Babyfood, dinner, chicken noodle, strained",,,,66,2.69,2.06,9.08,2.5,2.1,110.0,0.064,0.02,0.1,0.21,13,0.723,0.061,0.044,27,0.07,0.64,14,0.16,46,3.7,0.55,0.122222222,0.037647059,0.008333333,0.001111111,0.014,0.0325,0.0451875,0.046923077,0.036666667,0.0225,7.77778e-05,0.033333333,0.065714286,0.067272727,0.05
3069,Baby Foods,"BABYFOOD,DINNER,CHICK NOODLE,JR","Babyfood, dinner, chicken noodle, junior",,,,55,2.37,1.18,8.79,1.07,0.9,87.0,0.052,0.01,0.1,0.15,8,0.703,0.04,0.032,21,0.03,0.38,7,0.1,79,3.7,0.4,0.096666667,0.030588235,0.004166667,0.001111111,0.01,0.02,0.0439375,0.030769231,0.026666667,0.0175,3.33333e-05,0.016666667,0.112857143,0.067272727,0.036363636
3070,Baby Foods,"BABYFOOD,DINNER,CHICK SOUP,STR","Babyfood, dinner, chicken soup, strained",,,,50,1.6,1.7,7.2,1.72,1.1,69.0,0.037,0.12,1.0,0.51,5,0.293,0.032,0.017,37,0.279,0.27,5,0.0,24,1.4,0.22,0.076666667,0.021764706,0.05,0.011111111,0.034,0.0125,0.0183125,0.024615385,0.014166667,0.030833333,0.00031,0.011904762,0.034285714,0.025454545,0.02
3072,Baby Foods,BABYFOOD  DINNER  CHICK STEW  TODD,"Babyfood, dinner, chicken stew, toddler",,,,78,5.2,3.7,6.4,1.68,0.6,52.0,0.046,0.14,1.9,0.22,27,1.153,0.074,0.031,36,0.02,0.66,10,0.0,51,5.5,0.41,0.057777778,0.027058824,0.058333333,0.021111111,0.014666667,0.0675,0.0720625,0.056923077,0.025833333,0.03,2.22222e-05,0.023809524,0.072857143,0.1,0.037272727
3073,Baby Foods,"BABYFOOD,DINNER,VEG CHICK,STR","Babyfood, dinner, vegetables chicken, strained",,,,59,2.47,1.73,8.42,1.58,2.1,207.0,0.072,0.01,0.1,0.32,5,0.72,0.052,0.032,27,0.07,0.53,14,0.15,47,2.8,0.48,0.23,0.042352941,0.004166667,0.001111111,0.021333333,0.0125,0.045,0.04,0.026666667,0.0225,7.77778e-05,0.033333333,0.067142857,0.050909091,0.043636364
3075,Baby Foods,"BABYFOOD,DINNER,VEG,NOODLES&CHICK,STR","Babyfood, dinner, vegetables, noodles and chicken, strained",,,,63,2.0,2.5,7.9,0.0,1.1,71.0,0.021,0.08,0.7,0.0,3,0.407,0.049,0.032,28,0.054,0.35,10,0.0,31,3.2,0.25,0.078888889,0.012352941,0.033333333,0.007777778,0.0,0.0075,0.0254375,0.037692308,0.026666667,0.023333333,6e-05,0.023809524,0.044285714,0.058181818,0.022727273
3076,Baby Foods,"BABYFOOD,DINNER,VEG,NOODLES&CHICK,JR","Babyfood, dinner, vegetables, noodles and chicken, junior",,,,64,1.7,2.2,9.1,0.0,1.1,53.0,0.023,0.09,0.8,0.0,3,0.675,0.037,0.042,26,0.058,0.49,11,0.0,33,3.2,0.32,0.058888889,0.013529412,0.0375,0.008888889,0.0,0.0075,0.0421875,0.028461538,0.035,0.021666667,6.44444e-05,0.026190476,0.047142857,0.058181818,0.029090909
3077,Baby Foods,"BABYFOOD,DINNER,PASTA W/VEG","Babyfood, dinner, pasta with vegetables",,,,60,1.7,2.1,8.4,1.2,1.5,41.0,0.11,0.0,2.9,0.23,9,0.56,0.05,0.06,14,0.11,0.5,24,0.39,50,6.4,0.4,0.045555556,0.064705882,0.0,0.032222222,0.015333333,0.0225,0.035,0.038461538,0.05,0.011666667,0.000122222,0.057142857,0.071428571,0.116363636,0.036363636
3079,Baby Foods,"BABYFOOD,DINNER,VEG&NOODLES&TURKEY,STR","Babyfood, dinner, vegetables and noodles and turkey, strained",,,,44,1.2,1.2,6.8,0.0,1.1,50.0,0.016,0.1,0.8,0.0,2,0.25,0.044,0.018,32,0.022,0.19,8,0.0,25,2.8,0.27,0.055555556,0.009411765,0.041666667,0.008888889,0.0,0.005,0.015625,0.033846154,0.015,0.026666667,2.44444e-05,0.019047619,0.035714286,0.050909091,0.024545455
3081,Baby Foods,"BABYFOOD,DINNER,VEG&NOODLES&TURKEY,JR","Babyfood, dinner, vegetables and noodles and turkey, junior",,,,52,1.8,1.5,7.6,0.0,1.1,50.0,0.018,0.12,0.8,0.0,3,0.299,0.04,0.024,32,0.026,0.26,9,0.0,29,2.8,0.3,0.055555556,0.010588235,0.05,0.008888889,0.0,0.0075,0.0186875,0.030769231,0.02,0.026666667,2.88889e-05,0.021428571,0.041428571,0.050909091,0.027272727
3082,Baby Foods,"BABYFOOD,DINNER,TURKEY&RICE,STR","Babyfood, dinner, turkey and rice, strained",,,,52,2.27,1.24,7.94,1.66,0.9,81.0,0.052,0.02,0.2,0.14,4,0.648,0.04,0.022,18,0.03,0.29,8,0.13,34,3.0,0.4,0.09,0.030588235,0.008333333,0.002222222,0.009333333,0.01,0.0405,0.030769231,0.018333333,0.015,3.33333e-05,0.019047619,0.048571429,0.054545455,0.036363636
3083,Baby Foods,"BABYFOOD,DINNER,TURKEY & RICE,JR","Babyfood, dinner, turkey and rice, junior",,,,56,2.37,0.92,9.57,1.25,1.0,94.0,0.052,0.02,0.3,0.31,8,0.692,0.044,0.033,24,0.03,0.41,9,0.12,37,3.3,0.47,0.104444444,0.030588235,0.008333333,0.003333333,0.020666667,0.02,0.04325,0.033846154,0.0275,0.02,3.33333e-05,0.021428571,0.052857143,0.06,0.042727273
3084,Baby Foods,"BABYFOOD,DINNER,VEG&TURKEY,STR","Babyfood, dinner, vegetables and turkey, strained",,,,48,2.32,0.9,7.62,1.54,1.5,220.0,0.044,0.02,0.7,0.3,10,0.466,0.024,0.02,27,0.09,0.37,13,0.14,44,1.9,0.7,0.244444444,0.025882353,0.008333333,0.007777778,0.02,0.025,0.029125,0.018461538,0.016666667,0.0225,0.0001,0.030952381,0.062857143,0.034545455,0.063636364
3085,Baby Foods,"BABYFOOD,DINNER,VEG&TURKEY,JR","Babyfood, dinner, vegetables and turkey, junior",,,,53,1.72,1.74,7.55,1.36,0.9,216.0,0.052,0.01,0.4,0.31,7,0.539,0.032,0.022,16,0.02,0.36,9,0.06,32,1.9,0.3,0.24,0.030588235,0.004166667,0.004444444,0.020666667,0.0175,0.0336875,0.024615385,0.018333333,0.013333333,2.22222e-05,0.021428571,0.045714286,0.034545455,0.027272727
3089,Baby Foods,"BABYFOOD,DINNER,MACARONI&CHS,STR","Babyfood, dinner, macaroni and cheese, strained",,,,67,3.14,2.11,8.95,1.27,0.7,15.0,0.036,0.27,0.1,0.02,15,0.516,0.076,0.038,66,0.02,0.21,8,0.09,86,3.8,0.4,0.016666667,0.021176471,0.1125,0.001111111,0.001333333,0.0375,0.03225,0.058461538,0.031666667,0.055,2.22222e-05,0.019047619,0.122857143,0.069090909,0.036363636
3090,Baby Foods,"BABYFOOD,DINNER,MACARONI&CHS,JR","Babyfood, dinner, macaroni and cheese, junior",,,,61,2.6,2.0,8.2,1.32,0.3,30.0,0.016,0.03,1.3,0.03,18,0.545,0.064,0.056,51,0.021,0.3,7,0.0,59,3.8,0.32,0.033333333,0.009411765,0.0125,0.014444444,0.002,0.045,0.0340625,0.049230769,0.046666667,0.0425,2.33333e-05,0.016666667,0.084285714,0.069090909,0.029090909
3091,Baby Foods,"BABYFOOD,VEG,GRN BNS,STR","Babyfood, vegetables, green beans, strained",,,,27,1.2,0.17,6.29,1.88,2.2,18.0,0.038,0.0,0.3,0.07,24,0.361,0.079,0.026,39,0.03,0.67,20,0.265,41,0.1,0.22,0.02,0.022352941,0.0,0.003333333,0.004666667,0.06,0.0225625,0.060769231,0.021666667,0.0325,3.33333e-05,0.047619048,0.058571429,0.001818182,0.02
3092,Baby Foods,"BABYFOOD,VEG,GRN BNS,JR","Babyfood, vegetables, green beans, junior",,,,24,1.2,0.1,5.8,1.08,1.9,24.0,0.035,0.0,8.4,0.32,33,0.321,0.102,0.021,65,0.049,1.08,22,0.0,19,0.3,0.19,0.026666667,0.020588235,0.0,0.093333333,0.021333333,0.0825,0.0200625,0.078461538,0.0175,0.054166667,5.44444e-05,0.052380952,0.027142857,0.005454545,0.017272727
3093,Baby Foods,"BABYFOOD,GRN BNS,DICES,TODD","Babyfood, green beans, dices, toddler",,,,29,1.2,0.2,5.7,1.06,1.3,24.0,0.03,0.0,1.7,0.31,32,0.23,0.04,0.02,27,0.03,0.4,19,0.08,22,0.4,0.1,0.026666667,0.017647059,0.0,0.018888889,0.020666667,0.08,0.014375,0.030769231,0.016666667,0.0225,3.33333e-05,0.045238095,0.031428571,0.007272727,0.009090909
3096,Baby Foods,"BABYFOOD,VEG,GRN BNS&POTATOES","Babyfood, vegetable, green beans and potatoes",,,,62,2.2,1.9,9.0,2.35,1.4,14.0,0.08,0.15,1.1,0.08,10,0.46,0.11,0.04,60,0.04,0.5,20,0.28,61,0.7,0.3,0.015555556,0.047058824,0.0625,0.012222222,0.005333333,0.025,0.02875,0.084615385,0.033333333,0.05,4.44444e-05,0.047619048,0.087142857,0.012727273,0.027272727
3098,Baby Foods,"BABYFOOD,VEG,BEETS,STR","Babyfood, vegetables, beets, strained",,,,34,1.3,0.1,7.7,6.09,1.9,1.0,0.024,0.0,2.4,0.03,31,0.132,0.043,0.011,14,0.07,0.32,14,0.0,14,0.1,0.12,0.001111111,0.014117647,0.0,0.026666667,0.002,0.0775,0.00825,0.033076923,0.009166667,0.011666667,7.77778e-05,0.033333333,0.02,0.001818182,0.010909091
3099,Baby Foods,"BABYFOOD,VEG,CARROTS,STR","Babyfood, vegetables, carrots, strained",,,,26,0.8,0.1,6.0,3.64,1.7,573.0,0.073,0.0,5.7,0.52,15,0.463,0.04,0.023,22,0.041,0.37,9,0.0,20,0.2,0.15,0.636666667,0.042941176,0.0,0.063333333,0.034666667,0.0375,0.0289375,0.030769231,0.019166667,0.018333333,4.55556e-05,0.021428571,0.028571429,0.003636364,0.013636364
3100,Baby Foods,"BABYFOOD,VEG,CARROTS,JR","Babyfood, vegetables, carrots, junior",,,,32,0.8,0.2,7.2,3.16,1.7,591.0,0.08,0.0,5.5,0.52,17,0.497,0.041,0.024,23,0.047,0.39,11,0.0,20,0.2,0.18,0.656666667,0.047058824,0.0,0.061111111,0.034666667,0.0425,0.0310625,0.031538462,0.02,0.019166667,5.22222e-05,0.026190476,0.028571429,0.003636364,0.016363636
3104,Baby Foods,"BABYFOOD,VEG,SQUASH,STR","Babyfood, vegetables, squash, strained",,,,28,0.81,0.2,5.73,3.37,0.9,85.0,0.07,0.0,0.3,0.55,8,0.683,0.048,0.029,24,0.03,0.32,14,0.083,21,0.2,0.19,0.094444444,0.041176471,0.0,0.003333333,0.036666667,0.02,0.0426875,0.036923077,0.024166667,0.02,3.33333e-05,0.033333333,0.03,0.003636364,0.017272727
3105,Baby Foods,"BABYFOOD,VEG,SQUASH,JR","Babyfood, vegetables, squash, junior",,,,24,0.81,0.2,5.73,3.24,0.9,85.0,0.07,0.0,0.3,0.55,8,0.683,0.048,0.029,24,0.03,0.32,14,0.083,21,0.2,0.19,0.094444444,0.041176471,0.0,0.003333333,0.036666667,0.02,0.0426875,0.036923077,0.024166667,0.02,3.33333e-05,0.033333333,0.03,0.003636364,0.017272727
3108,Baby Foods,"BABYFOOD,VEG,SWT POTATOES,STR","Babyfood, vegetables, sweet potatoes strained",,,,57,1.1,0.1,13.2,4.05,1.5,322.0,0.093,0.0,9.9,0.52,10,0.358,0.033,0.028,16,0.081,0.37,13,0.0,24,0.7,0.21,0.357777778,0.054705882,0.0,0.11,0.034666667,0.025,0.022375,0.025384615,0.023333333,0.013333333,9e-05,0.030952381,0.034285714,0.012727273,0.019090909
3109,Baby Foods,"BABYFOOD,VEG,SWT POTATOES,JR","Babyfood, vegetables, sweet potatoes, junior",,,,60,1.1,0.1,14.0,4.24,1.5,332.0,0.113,0.0,9.6,0.52,10,0.384,0.034,0.026,16,0.1,0.39,12,0.0,24,0.7,0.11,0.368888889,0.066470588,0.0,0.106666667,0.034666667,0.025,0.024,0.026153846,0.021666667,0.013333333,0.000111111,0.028571429,0.034285714,0.012727273,0.01
3112,Baby Foods,"BABYFOOD,POTATOES,TODDLER","Babyfood, potatoes, toddler",,,,52,1.0,0.1,11.73,0.91,0.9,0.0,0.07,0.0,10.5,0.02,6,0.35,0.01,0.02,4,0.07,0.2,15,0.07,23,0.8,0.17,0.0,0.041176471,0.0,0.116666667,0.001333333,0.015,0.021875,0.007692308,0.016666667,0.003333333,7.77778e-05,0.035714286,0.032857143,0.014545455,0.015454545
3114,Baby Foods,"BABYFOOD,VEG,BUTTERNUT SQUASH&CORN","Babyfood, vegetable, butternut squash and corn",,,,50,2.0,0.6,9.26,2.93,2.0,140.0,0.11,0.0,4.9,0.08,23,0.56,0.06,0.06,32,0.1,0.4,26,0.12,35,0.6,0.3,0.155555556,0.064705882,0.0,0.054444444,0.005333333,0.0575,0.035,0.046153846,0.05,0.026666667,0.000111111,0.061904762,0.05,0.010909091,0.027272727
3115,Baby Foods,"BABYFOOD,APPLS,DICES,TODD","Babyfood, apples, dices, toddler",,,,51,0.2,0.1,12.1,10.83,0.9,2.0,0.05,0.0,31.3,0.23,1,0.08,0.02,0.01,10,0.02,0.2,6,0.04,13,0.3,0.04,0.002222222,0.029411765,0.0,0.347777778,0.015333333,0.0025,0.005,0.015384615,0.008333333,0.008333333,2.22222e-05,0.014285714,0.018571429,0.005454545,0.003636364
3116,Baby Foods,"BABYFOOD,FRUIT,APPLSAUC,STR","Babyfood, fruit, applesauce, strained",,,,41,0.2,0.2,10.8,9.87,1.7,1.0,0.031,0.0,38.3,0.6,2,0.061,0.028,0.012,4,0.038,0.22,3,0.0,7,0.3,0.02,0.001111111,0.018235294,0.0,0.425555556,0.04,0.005,0.0038125,0.021538462,0.01,0.003333333,4.22222e-05,0.007142857,0.01,0.005454545,0.001818182
3117,Baby Foods,"BABYFOOD,FRUIT,APPLSAUC,JR","Babyfood, fruit, applesauce, junior",,,,37,0.0,0.0,10.3,8.48,1.7,0.0,0.03,0.0,37.8,0.6,2,0.063,0.027,0.012,5,0.035,0.22,3,0.0,6,0.3,0.04,0.0,0.017647059,0.0,0.42,0.04,0.005,0.0039375,0.020769231,0.01,0.004166667,3.88889e-05,0.007142857,0.008571429,0.005454545,0.003636364
3118,Baby Foods,"BABYFOOD,FRUIT,APRICOT W/TAPIOCA,STR","Babyfood, fruit, apricot with tapioca, strained",,,,60,0.3,0.0,16.3,1.41,1.5,36.0,0.03,0.0,21.6,0.1,2,0.195,0.013,0.008,9,0.034,0.3,4,0.0,10,0.3,0.05,0.04,0.017647059,0.0,0.24,0.006666667,0.005,0.0121875,0.01,0.006666667,0.0075,3.77778e-05,0.00952381,0.014285714,0.005454545,0.004545455
3119,Baby Foods,"BABYFOOD,VEG,CORN,CRMD,STR","Babyfood, vegetables, corn, creamed, strained",,,,57,1.4,0.4,14.1,1.23,2.1,5.0,0.041,0.02,2.1,0.04,17,0.512,0.047,0.013,20,0.034,0.28,8,0.0,33,1.3,0.19,0.005555556,0.024117647,0.008333333,0.023333333,0.002666667,0.0425,0.032,0.036153846,0.010833333,0.016666667,3.77778e-05,0.019047619,0.047142857,0.023636364,0.017272727
3120,Baby Foods,"BABYFOOD,VEG,CORN,CRMD,JR","Babyfood, vegetables, corn, creamed, junior",,,,65,1.4,0.4,16.25,1.48,2.1,2.0,0.041,0.02,2.2,0.04,20,0.504,0.048,0.013,4,0.038,0.27,8,0.0,33,1.3,0.23,0.002222222,0.024117647,0.008333333,0.024444444,0.002666667,0.05,0.0315,0.036923077,0.010833333,0.003333333,4.22222e-05,0.019047619,0.047142857,0.023636364,0.020909091
3121,Baby Foods,"BABYFOOD,VEG,PEAS,STR","Babyfood, vegetables, peas, strained",,,,50,3.27,0.43,8.36,2.01,2.0,11.0,0.016,0.0,0.6,0.02,28,1.119,0.065,0.087,18,0.061,0.95,17,0.218,50,0.1,0.47,0.012222222,0.009411765,0.0,0.006666667,0.001333333,0.07,0.0699375,0.05,0.0725,0.015,6.77778e-05,0.04047619,0.071428571,0.001818182,0.042727273
3122,Baby Foods,"BABYFOOD,PEAS,DICES,TODD","Babyfood, peas, dices, toddler",,,,64,3.9,0.8,10.3,4.13,3.9,15.0,0.06,0.0,6.0,0.45,35,0.85,0.06,0.1,21,0.08,1.0,19,0.15,67,0.1,0.5,0.016666667,0.035294118,0.0,0.066666667,0.03,0.0875,0.053125,0.046153846,0.083333333,0.0175,8.88889e-05,0.045238095,0.095714286,0.001818182,0.045454545
3127,Baby Foods,"BABYFOOD,VEG,SPINACH,CRMD,STR","Babyfood, vegetables, spinach, creamed, strained",,,,37,2.5,1.3,5.7,2.33,1.8,227.0,0.075,0.06,8.7,0.83,61,0.216,0.104,0.015,89,0.06,0.62,55,0.0,54,2.4,0.31,0.252222222,0.044117647,0.025,0.096666667,0.055333333,0.1525,0.0135,0.08,0.0125,0.074166667,6.66667e-05,0.130952381,0.077142857,0.043636364,0.028181818
3128,Baby Foods,"BABYFOOD,FRUIT,APRICOT W/TAPIOCA,JR","Babyfood, fruit, apricot with tapioca, junior",,,,63,0.3,0.0,17.3,1.4,1.5,36.0,0.028,0.0,17.9,0.6,2,0.196,0.013,0.008,8,0.036,0.27,4,0.0,10,0.3,0.04,0.04,0.016470588,0.0,0.198888889,0.04,0.005,0.01225,0.01,0.006666667,0.006666667,4e-05,0.00952381,0.014285714,0.005454545,0.003636364
3129,Baby Foods,"BABYFOOD,FRUIT,BANANAS W/TAPIOCA,STR","Babyfood, fruit, bananas with tapioca, strained",,,,56,0.4,0.1,15.3,0.38,1.6,2.0,0.115,0.0,16.7,0.6,6,0.183,0.031,0.012,5,0.04,0.2,10,0.0,7,0.6,0.06,0.002222222,0.067647059,0.0,0.185555556,0.04,0.015,0.0114375,0.023846154,0.01,0.004166667,4.44444e-05,0.023809524,0.01,0.010909091,0.005454545
3130,Baby Foods,"BABYFOOD,FRUIT,PEACHES,STR","Babyfood, fruit, peaches, strained",,,,65,0.94,0.33,14.48,11.5,1.3,34.0,0.018,0.0,46.1,1.99,21,1.64,0.077,0.015,4,0.03,0.23,7,0.037,15,0.1,0.11,0.037777778,0.010588235,0.0,0.512222222,0.132666667,0.0525,0.1025,0.059230769,0.0125,0.003333333,3.33333e-05,0.016666667,0.021428571,0.001818182,0.01
3131,Baby Foods,"BABYFOOD,FRUIT,PEACHES,JR","Babyfood, fruit, peaches, junior",,,,65,0.94,0.33,14.48,11.5,1.3,34.0,0.018,0.0,46.1,1.99,21,1.64,0.077,0.015,4,0.03,0.23,7,0.037,15,0.1,0.11,0.037777778,0.010588235,0.0,0.512222222,0.132666667,0.0525,0.1025,0.059230769,0.0125,0.003333333,3.33333e-05,0.016666667,0.021428571,0.001818182,0.01
3132,Baby Foods,"BABYFOOD,FRUIT,PEARS,STR","Babyfood, fruit, pears, strained",,,,42,0.3,0.2,10.8,6.98,3.6,1.0,0.008,0.0,24.5,0.09,4,0.189,0.028,0.013,8,0.065,0.24,8,0.0,12,0.4,0.08,0.001111111,0.004705882,0.0,0.272222222,0.006,0.01,0.0118125,0.021538462,0.010833333,0.006666667,7.22222e-05,0.019047619,0.017142857,0.007272727,0.007272727
3133,Baby Foods,"BABYFOOD,FRUIT,PEARS,JR","Babyfood, fruit, pears, junior",,,,44,0.3,0.1,11.6,7.34,3.6,1.0,0.01,0.0,22.0,0.6,4,0.188,0.03,0.014,8,0.08,0.25,9,0.0,12,0.4,0.08,0.001111111,0.005882353,0.0,0.244444444,0.04,0.01,0.01175,0.023076923,0.011666667,0.006666667,8.88889e-05,0.021428571,0.017142857,0.007272727,0.007272727
3134,Baby Foods,"BABYFOOD,FRUIT,PLUMS W/TAPIOCA,WO/VIT C,STR","Babyfood, fruit, plums with tapioca, without ascorbic acid, strained",,,,71,0.1,0.0,19.7,13.34,1.2,7.0,0.024,0.0,1.1,0.14,2,0.213,0.028,0.008,6,0.037,0.2,4,0.0,6,0.4,0.08,0.007777778,0.014117647,0.0,0.012222222,0.009333333,0.005,0.0133125,0.021538462,0.006666667,0.005,4.11111e-05,0.00952381,0.008571429,0.007272727,0.007272727
3135,Baby Foods,"BABYFOOD,FRUIT,PLUMS W/TAPIOCA,WO/VIT C,JR","Babyfood, fruit, plums with tapioca, without ascorbic acid, junior",,,,74,0.1,0.0,20.5,13.64,1.2,5.0,0.029,0.0,0.8,0.6,1,0.206,0.03,0.006,6,0.038,0.22,4,0.0,6,0.4,0.08,0.005555556,0.017058824,0.0,0.008888889,0.04,0.0025,0.012875,0.023076923,0.005,0.005,4.22222e-05,0.00952381,0.008571429,0.007272727,0.007272727
3136,Baby Foods,"BABYFOOD,FRUIT,PRUNES W/TAPIOCA,WO/VIT C,STR","Babyfood, fruit, prunes with tapioca, without ascorbic acid, strained",,,,69,0.6,0.1,18.5,10.97,2.7,23.0,0.081,0.0,0.8,0.6,1,0.525,0.075,0.022,15,0.061,0.35,10,0.0,15,0.5,0.09,0.025555556,0.047647059,0.0,0.008888889,0.04,0.0025,0.0328125,0.057692308,0.018333333,0.0125,6.77778e-05,0.023809524,0.021428571,0.009090909,0.008181818
3137,Baby Foods,"BABYFOOD,FRUIT,PRUNES W/TAPIOCA,WO/VIT C,JR","Babyfood, fruit, prunes with tapioca, without ascorbic acid, junior",,,,70,0.6,0.1,18.7,10.97,2.7,10.0,0.086,0.0,0.8,0.11,1,0.526,0.083,0.022,15,0.062,0.33,10,0.0,15,0.5,0.1,0.011111111,0.050588235,0.0,0.008888889,0.007333333,0.0025,0.032875,0.063846154,0.018333333,0.0125,6.88889e-05,0.023809524,0.021428571,0.009090909,0.009090909
3139,Baby Foods,"BABYFOOD,PRUNES,WO/VIT C,STR","Babyfood, prunes, without vitamin c, strained",,,,100,1.0,0.2,23.52,14.28,2.7,3.0,0.11,0.0,1.3,0.55,1,0.72,0.21,0.02,21,0.164,0.4,17,0.0,30,0.8,0.2,0.003333333,0.064705882,0.0,0.014444444,0.036666667,0.0025,0.045,0.161538462,0.016666667,0.0175,0.000182222,0.04047619,0.042857143,0.014545455,0.018181818
3140,Baby Foods,"BABYFOOD,FRUIT DSSRT,MANGO W/ TAPIOCA","Babyfood, fruit dessert, mango with tapioca",,,,70,0.3,0.2,19.0,13.0,1.1,23.0,0.08,0.0,15.8,0.66,8,0.2,0.02,0.02,8,0.03,0.2,6,0.0,4,0.4,0.03,0.025555556,0.047058824,0.0,0.175555556,0.044,0.02,0.0125,0.015384615,0.016666667,0.006666667,3.33333e-05,0.014285714,0.005714286,0.007272727,0.002727273
3141,Baby Foods,"BABYFOOD,PEARS,DICES,TODD","Babyfood, pears, dices, toddler",,,,57,0.3,0.1,13.6,8.66,1.2,1.0,0.04,0.0,31.3,0.11,1,0.13,0.02,0.01,10,0.04,0.2,7,0.03,13,0.4,0.09,0.001111111,0.023529412,0.0,0.347777778,0.007333333,0.0025,0.008125,0.015384615,0.008333333,0.008333333,4.44444e-05,0.016666667,0.018571429,0.007272727,0.008181818
3142,Baby Foods,"BABYFOOD,FRUIT,APPLSAUC&APRICOTS,STR","Babyfood, fruit, applesauce and apricots, strained",,,,44,0.2,0.2,11.64,9.25,1.8,17.0,0.03,0.0,18.9,0.18,2,0.14,0.029,0.014,6,0.041,0.25,4,0.0,9,0.3,0.04,0.018888889,0.017647059,0.0,0.21,0.012,0.005,0.00875,0.022307692,0.011666667,0.005,4.55556e-05,0.00952381,0.012857143,0.005454545,0.003636364
3143,Baby Foods,"BABYFOOD,FRUIT,APPLSAUC&APRICOTS,JR","Babyfood, fruit, applesauce and apricots, junior",,,,47,0.2,0.2,12.4,8.72,1.8,2.0,0.03,0.0,17.9,0.04,1,0.145,0.03,0.014,6,0.044,0.26,4,0.0,10,0.3,0.03,0.002222222,0.017647059,0.0,0.198888889,0.002666667,0.0025,0.0090625,0.023076923,0.011666667,0.005,4.88889e-05,0.00952381,0.014285714,0.005454545,0.002727273
3144,Baby Foods,"BABYFOOD,FRUIT,APPLSAUC&CHERRIES,STR","Babyfood, fruit, applesauce and cherries, strained",,,,51,0.0,0.0,14.1,10.81,1.1,2.0,0.037,0.0,42.8,0.12,0,0.14,0.03,0.01,1,0.045,0.3,4,0.0,8,0.3,0.03,0.002222222,0.021764706,0.0,0.475555556,0.008,0.0,0.00875,0.023076923,0.008333333,0.000833333,5e-05,0.00952381,0.011428571,0.005454545,0.002727273
3145,Baby Foods,"BABYFOOD,FRUIT,APPLSAUC & CHERRIES,JR","Babyfood, fruit, applesauce and cherries, junior",,,,51,0.0,0.0,14.1,10.61,1.1,2.0,0.039,0.0,42.8,0.06,0,0.14,0.03,0.01,1,0.046,0.3,4,0.0,8,0.3,0.03,0.002222222,0.022941176,0.0,0.475555556,0.004,0.0,0.00875,0.023076923,0.008333333,0.000833333,5.11111e-05,0.00952381,0.011428571,0.005454545,0.002727273
3147,Baby Foods,"BABYFOOD,FRUIT,APPLSAUC W/BANANA,JR","Babyfood, fruit, applesauce with banana, junior",,,,66,0.37,0.1,16.16,4.35,1.6,0.0,0.1,0.0,17.3,0.02,3,0.163,0.031,0.01,5,0.04,0.24,9,0.1,12,0.4,0.05,0.0,0.058823529,0.0,0.192222222,0.001333333,0.0075,0.0101875,0.023846154,0.008333333,0.004166667,4.44444e-05,0.021428571,0.017142857,0.007272727,0.004545455
3150,Baby Foods,"BABYFOOD,FRUIT,APPLSAUC&PNAPPL,STR","Babyfood, fruit, applesauce and pineapple, strained",,,,37,0.1,0.1,10.1,0.0,1.5,0.0,0.039,0.0,28.1,0.6,2,0.078,0.026,0.021,4,0.035,0.1,3,0.0,6,0.3,0.02,0.0,0.022941176,0.0,0.312222222,0.04,0.005,0.004875,0.02,0.0175,0.003333333,3.88889e-05,0.007142857,0.008571429,0.005454545,0.001818182
3151,Baby Foods,"BABYFOOD,FRUIT,APPLSAUC&PNAPPL,JR","Babyfood, fruit, applesauce and pineapple, junior",,,,39,0.1,0.1,10.5,0.0,1.5,1.0,0.039,0.0,26.8,0.6,2,0.079,0.027,0.022,4,0.036,0.1,4,0.0,6,0.3,0.03,0.001111111,0.022941176,0.0,0.297777778,0.04,0.005,0.0049375,0.020769231,0.018333333,0.003333333,4e-05,0.00952381,0.008571429,0.005454545,0.002727273
3152,Baby Foods,"BABYFOOD,FRUIT,APPL & RASPBERRY,STR","Babyfood, fruit, apple and raspberry, strained",,,,58,0.2,0.2,15.6,12.96,2.1,1.0,0.034,0.0,26.8,0.21,1,0.106,0.028,0.014,5,0.054,0.22,4,0.0,8,0.3,0.03,0.001111111,0.02,0.0,0.297777778,0.014,0.0025,0.006625,0.021538462,0.011666667,0.004166667,6e-05,0.00952381,0.011428571,0.005454545,0.002727273
3153,Baby Foods,"BABYFOOD,FRUIT,APPL & RASPBERRY,JR","Babyfood, fruit, apple and raspberry, junior",,,,58,0.2,0.2,15.4,12.96,2.1,2.0,0.034,0.0,28.9,0.07,1,0.104,0.029,0.012,5,0.053,0.22,4,0.0,8,0.3,0.03,0.002222222,0.02,0.0,0.321111111,0.004666667,0.0025,0.0065,0.022307692,0.01,0.004166667,5.88889e-05,0.00952381,0.011428571,0.005454545,0.002727273
3154,Baby Foods,"BABYFOOD,FRUIT & VEG,APPL & SWT POTATO","Babyfood, fruit and vegetable, apple and sweet potato",,,,64,0.3,0.22,15.3,11.6,1.4,103.0,0.05,0.0,6.4,0.16,2,0.1,0.02,0.01,8,0.09,0.2,6,0.06,17,0.3,0.1,0.114444444,0.029411765,0.0,0.071111111,0.010666667,0.005,0.00625,0.015384615,0.008333333,0.006666667,0.0001,0.014285714,0.024285714,0.005454545,0.009090909
3156,Baby Foods,"BABYFOOD,FRUIT,BANANAS&PNAPPL W/TAPIOCA,JR","Babyfood, fruit, bananas and pineapple with tapioca, junior",,,,68,0.2,0.1,18.4,8.41,1.6,2.0,0.092,0.0,21.2,0.02,6,0.182,0.019,0.015,7,0.04,0.13,6,0.0,5,0.6,0.03,0.002222222,0.054117647,0.0,0.235555556,0.001333333,0.015,0.011375,0.014615385,0.0125,0.005833333,4.44444e-05,0.014285714,0.007142857,0.010909091,0.002727273
3157,Baby Foods,"BABYFOOD,FRUIT,BANANAS&PNAPPL W/TAPIOCA,STR","Babyfood, fruit, bananas and pineapple with tapioca, strained",,,,65,0.2,0.0,17.8,10.73,1.6,3.0,0.082,0.0,19.2,0.06,18,0.168,0.019,0.019,7,0.039,0.23,6,0.0,5,0.6,0.04,0.003333333,0.048235294,0.0,0.213333333,0.004,0.045,0.0105,0.014615385,0.015833333,0.005833333,4.33333e-05,0.014285714,0.007142857,0.010909091,0.003636364
3158,Baby Foods,"BABYFOOD,FRUIT,PEARS&PNAPPL,STR","Babyfood, fruit, pears and pineapple, strained",,,,41,0.3,0.1,10.9,7.79,2.6,1.0,0.016,0.0,27.5,0.04,3,0.207,0.028,0.021,10,0.14,0.25,7,0.0,9,0.4,0.07,0.001111111,0.009411765,0.0,0.305555556,0.002666667,0.0075,0.0129375,0.021538462,0.0175,0.008333333,0.000155556,0.016666667,0.012857143,0.007272727,0.006363636
3159,Baby Foods,"BABYFOOD,FRUIT,PEARS&PNAPPL,JR","Babyfood, fruit, pears and pineapple, junior",,,,44,0.3,0.2,11.4,7.36,2.6,2.0,0.013,0.0,16.8,0.08,3,0.183,0.023,0.024,10,0.105,0.21,7,0.0,10,0.4,0.13,0.002222222,0.007647059,0.0,0.186666667,0.005333333,0.0075,0.0114375,0.017692308,0.02,0.008333333,0.000116667,0.016666667,0.014285714,0.007272727,0.011818182
3160,Baby Foods,"BABYFOOD,FRUIT,GUAVA&PAPAYA W/TAPIOCA,STR","Babyfood, fruit, guava and papaya with tapioca, strained",,,,63,0.2,0.1,17.0,0.0,0.0,9.0,0.014,0.0,80.9,0.0,2,0.263,0.022,0.01,7,0.0,0.2,5,0.0,6,0.4,0.06,0.01,0.008235294,0.0,0.898888889,0.0,0.005,0.0164375,0.016923077,0.008333333,0.005833333,0.0,0.011904762,0.008571429,0.007272727,0.005454545
3161,Baby Foods,"BABYFOOD,PEACHES,DICES,TODD","Babyfood, peaches, dices, toddler",,,,51,0.5,0.2,11.8,9.49,0.8,7.0,0.04,0.0,31.3,0.83,5,0.47,0.02,0.01,6,0.03,0.2,8,0.05,17,0.4,0.12,0.007777778,0.023529412,0.0,0.347777778,0.055333333,0.0125,0.029375,0.015384615,0.008333333,0.005,3.33333e-05,0.019047619,0.024285714,0.007272727,0.010909091
3162,Baby Foods,"BABYFOOD,FRUIT,PAPAYA&APPLSAUC W/TAPIOCA,STR","Babyfood, fruit, papaya and applesauce with tapioca, strained",,,,70,0.2,0.1,18.9,0.0,1.4,4.0,0.023,0.0,113.1,0.0,2,0.108,0.028,0.01,7,0.044,0.44,5,0.0,5,0.4,0.03,0.004444444,0.013529412,0.0,1.256666667,0.0,0.005,0.00675,0.021538462,0.008333333,0.005833333,4.88889e-05,0.011904762,0.007142857,0.007272727,0.002727273
3163,Baby Foods,"BABYFOOD,FRUIT,BANANAS W/APPLS&PEARS,STR","Babyfood, fruit, bananas with apples and pears, strained",,,,83,0.9,0.22,19.31,12.76,1.4,3.0,0.29,0.0,13.9,0.08,5,0.55,0.03,0.01,5,0.08,0.3,25,0.082,19,0.6,0.1,0.003333333,0.170588235,0.0,0.154444444,0.005333333,0.0125,0.034375,0.023076923,0.008333333,0.004166667,8.88889e-05,0.05952381,0.027142857,0.010909091,0.009090909
3164,Baby Foods,"BABYFOOD,FRUIT,APPL&BLUEBERRY,STR","Babyfood, fruit, apple and blueberry, strained",,,,61,0.2,0.2,16.3,13.93,1.8,1.0,0.037,0.0,27.8,0.12,4,0.12,0.034,0.017,4,0.056,0.2,3,0.0,8,0.4,0.03,0.001111111,0.021764706,0.0,0.308888889,0.008,0.01,0.0075,0.026153846,0.014166667,0.003333333,6.22222e-05,0.007142857,0.011428571,0.007272727,0.002727273
3165,Baby Foods,"BABYFOOD,FRUIT,APPL&BLUEBERRY,JR","Babyfood, fruit, apple and blueberry, junior",,,,62,0.2,0.2,16.6,8.83,1.8,2.0,0.042,0.0,13.9,0.27,3,0.103,0.043,0.018,5,0.057,0.4,3,0.0,7,0.4,0.04,0.002222222,0.024705882,0.0,0.154444444,0.018,0.0075,0.0064375,0.033076923,0.015,0.004166667,6.33333e-05,0.007142857,0.01,0.007272727,0.003636364
3166,Baby Foods,"BABYFOOD,JUICE,APPLE","Babyfood, juice, apple",,,,47,0.0,0.1,11.7,10.7,0.1,1.0,0.029,0.0,57.9,0.6,0,0.083,0.016,0.007,4,0.04,0.57,3,0.0,5,0.1,0.03,0.001111111,0.017058824,0.0,0.643333333,0.04,0.0,0.0051875,0.012307692,0.005833333,0.003333333,4.44444e-05,0.007142857,0.007142857,0.001818182,0.002727273
3167,Baby Foods,"BABYFOOD,APPLE-BANANA JUC","Babyfood, apple-banana juice",,,,51,0.2,0.1,12.3,11.0,0.2,0.0,0.06,0.0,27.9,0.02,1,0.14,0.01,0.01,7,0.02,0.2,6,0.08,8,0.3,0.04,0.0,0.035294118,0.0,0.31,0.001333333,0.0025,0.00875,0.007692308,0.008333333,0.005833333,2.22222e-05,0.014285714,0.011428571,0.005454545,0.003636364
3168,Baby Foods,"BABYFOOD,JUC,APPL&PEACH","Babyfood, juice, apple and peach",,,,43,0.2,0.1,10.5,9.59,0.1,3.0,0.022,0.0,58.5,0.15,1,0.213,0.011,0.008,3,0.037,0.56,3,0.0,4,0.3,0.03,0.003333333,0.012941176,0.0,0.65,0.01,0.0025,0.0133125,0.008461538,0.006666667,0.0025,4.11111e-05,0.007142857,0.005714286,0.005454545,0.002727273
3169,Baby Foods,"BABYFOOD,APPLE-CRANBERRY JUC","Babyfood, apple-cranberry juice",,,,46,0.0,0.02,11.49,6.88,0.0,1.0,0.03,0.0,27.9,0.56,0,0.07,0.02,0.0,6,0.01,0.22,3,0.16,7,0.1,0.05,0.001111111,0.017647059,0.0,0.31,0.037333333,0.0,0.004375,0.015384615,0.0,0.005,1.11111e-05,0.007142857,0.01,0.001818182,0.004545455
3170,Baby Foods,"BABYFOOD,JUC,APPL&PLUM","Babyfood, juice, apple and plum",,,,49,0.1,0.0,12.3,11.54,0.1,2.0,0.028,0.0,58.2,0.04,0,0.195,0.017,0.02,5,0.042,0.62,3,0.0,3,0.3,0.03,0.002222222,0.016470588,0.0,0.646666667,0.002666667,0.0,0.0121875,0.013076923,0.016666667,0.004166667,4.66667e-05,0.007142857,0.004285714,0.005454545,0.002727273
3171,Baby Foods,"BABYFOOD,JUC,APPL&PRUNE","Babyfood, juice, apple and prune",,,,72,0.2,0.1,18.1,10.58,0.1,1.0,0.035,0.0,67.5,0.05,0,0.301,0.002,0.005,9,0.062,0.95,7,0.0,15,0.3,0.05,0.001111111,0.020588235,0.0,0.75,0.003333333,0.0,0.0188125,0.001538462,0.004166667,0.0075,6.88889e-05,0.016666667,0.021428571,0.005454545,0.004545455
3172,Baby Foods,"BABYFOOD,JUICE,ORANGE","Babyfood, juice, orange",,,,45,0.6,0.3,10.2,8.26,0.1,3.0,0.054,0.0,62.5,0.04,26,0.239,0.028,0.045,12,0.046,0.17,9,0.0,11,0.1,0.06,0.003333333,0.031764706,0.0,0.694444444,0.002666667,0.065,0.0149375,0.021538462,0.0375,0.01,5.11111e-05,0.021428571,0.015714286,0.001818182,0.005454545
3173,Baby Foods,"BABYFOOD,JUC,ORANGE&APPL","Babyfood, juice, orange and apple",,,,43,0.4,0.2,10.1,0.0,0.0,4.0,0.038,0.0,76.9,0.0,12,0.185,0.028,0.038,10,0.04,0.2,5,0.0,7,0.1,0.03,0.004444444,0.022352941,0.0,0.854444444,0.0,0.03,0.0115625,0.021538462,0.031666667,0.008333333,4.44444e-05,0.011904762,0.01,0.001818182,0.002727273
3174,Baby Foods,"BABYFOOD,JUC,ORANGE&APPL&BANANA","Babyfood, juice, orange and apple and banana",,,,47,0.4,0.1,11.5,10.03,0.1,1.0,0.062,0.0,32.1,0.02,10,0.263,0.027,0.043,5,0.044,0.35,6,0.0,8,0.1,0.03,0.001111111,0.036470588,0.0,0.356666667,0.001333333,0.025,0.0164375,0.020769231,0.035833333,0.004166667,4.88889e-05,0.014285714,0.011428571,0.001818182,0.002727273
3175,Baby Foods,"BABYFOOD,JUC,ORANGE&APRICOT","Babyfood, juice, orange and apricot",,,,46,0.8,0.1,10.9,0.0,0.1,11.0,0.056,0.0,85.9,0.6,20,0.267,0.028,0.058,6,0.084,0.38,7,0.0,12,0.1,0.04,0.012222222,0.032941176,0.0,0.954444444,0.04,0.05,0.0166875,0.021538462,0.048333333,0.005,9.33333e-05,0.016666667,0.017142857,0.001818182,0.003636364
3176,Baby Foods,"BABYFOOD,JUC,ORANGE&BANANA","Babyfood, juice, orange and banana",,,,50,0.7,0.1,11.9,0.0,0.0,2.0,0.054,0.0,34.0,0.0,24,0.18,0.042,0.051,17,0.042,0.11,14,0.0,13,0.1,0.09,0.002222222,0.031764706,0.0,0.377777778,0.0,0.06,0.01125,0.032307692,0.0425,0.014166667,4.66667e-05,0.033333333,0.018571429,0.001818182,0.008181818
3177,Baby Foods,"BABYFOOD,JUC,ORANGE&PNAPPL","Babyfood, juice, orange and pineapple",,,,48,0.5,0.1,11.7,0.0,0.1,2.0,0.062,0.0,53.4,0.6,19,0.194,0.023,0.05,8,0.044,0.42,9,0.0,9,0.1,0.04,0.002222222,0.036470588,0.0,0.593333333,0.04,0.0475,0.012125,0.017692308,0.041666667,0.006666667,4.88889e-05,0.021428571,0.012857143,0.001818182,0.003636364
3178,Baby Foods,"BABYFOOD,JUC,PRUNE&ORANGE","Babyfood, juice, prune and orange",,,,70,0.6,0.3,16.8,0.0,0.0,7.0,0.061,0.0,63.8,0.0,13,0.396,0.12,0.044,12,0.046,0.87,8,0.0,10,0.1,0.04,0.007777778,0.035882353,0.0,0.708888889,0.0,0.0325,0.02475,0.092307692,0.036666667,0.01,5.11111e-05,0.019047619,0.014285714,0.001818182,0.003636364
3179,Baby Foods,"BABYFOOD,JUC,MXD FRUIT","Babyfood, juice, mixed fruit",,,,47,0.1,0.1,11.7,8.46,0.1,2.0,0.043,0.0,63.6,0.04,7,0.123,0.014,0.023,8,0.04,0.34,5,0.0,5,0.5,0.03,0.002222222,0.025294118,0.0,0.706666667,0.002666667,0.0175,0.0076875,0.010769231,0.019166667,0.006666667,4.44444e-05,0.011904762,0.007142857,0.009090909,0.002727273
3181,Baby Foods,"BABYFOOD,CRL,BARLEY,DRY","Babyfood, cereal, barley, dry",,,,376,13.2,6.6,69.4,13.2,6.6,0.0,0.374,0.0,2.2,5.0,29,35.988,2.699,2.737,795,0.467,47.5,115,0.0,439,30.2,3.13,0.0,0.22,0.0,0.024444444,0.333333333,0.0725,2.24925,2.076153846,2.280833333,0.6625,0.000518889,0.273809524,0.627142857,0.549090909,0.284545455
3184,Baby Foods,"BABYFOOD,CRL,WHL WHEAT,W/APPLS,DRY","Babyfood, cereal, whole wheat, with apples, dry",,,,402,12.6,4.8,77.1,22.2,12.2,1.0,0.3,0.0,58.3,1.13,20,13.33,1.8,1.5,600,0.62,45.0,140,2.52,500,64.7,2.6,0.001111111,0.176470588,0.0,0.647777778,0.075333333,0.05,0.833125,1.384615385,1.25,0.5,0.000688889,0.333333333,0.714285714,1.176363636,0.236363636
3185,Baby Foods,"BABYFOOD,CEREAL,MIXED,DRY","Babyfood, cereal, mixed, dry",,,,379,12.2,4.4,73.4,0.87,7.5,1.0,0.189,0.0,2.3,3.68,43,34.714,2.717,2.438,733,0.334,47.5,100,0.0,392,25.9,2.4,0.001111111,0.111176471,0.0,0.025555556,0.245333333,0.1075,2.169625,2.09,2.031666667,0.610833333,0.000371111,0.238095238,0.56,0.470909091,0.218181818
3186,Baby Foods,"BABYFOOD,CRL,MXD,W/BANANAS,DRY","Babyfood, cereal, mixed, with bananas, dry",,,,391,10.7,4.6,77.1,6.68,7.8,6.0,0.408,0.24,3.6,0.51,17,20.56,3.56,3.78,696,0.256,47.5,90,0.0,367,20.0,1.4,0.006666667,0.24,0.1,0.04,0.034,0.0425,1.285,2.738461538,3.15,0.58,0.000284444,0.214285714,0.524285714,0.363636364,0.127272727
3187,Baby Foods,"BABYFOOD,CRL,MXD,W/APPLSAUC&BANANAS,STR","Babyfood, cereal, mixed, with applesauce and bananas, strained",,,,82,1.2,0.5,18.0,7.79,1.2,1.0,0.137,0.0,25.5,0.03,4,3.963,0.35,0.28,6,0.054,6.62,8,0.0,23,2.6,0.19,0.001111111,0.080588235,0.0,0.283333333,0.002,0.01,0.2476875,0.269230769,0.233333333,0.005,6e-05,0.019047619,0.032857143,0.047272727,0.017272727
3188,Baby Foods,"BABYFOOD,CRL,MXD,W/ APPLSAUC & BANANAS,JR","Babyfood, cereal, mixed, with applesauce and bananas, junior",,,,83,1.2,0.4,18.4,7.79,1.2,1.0,0.139,0.0,9.1,0.03,4,4.039,0.356,0.285,4,0.055,5.61,7,0.0,29,2.6,0.22,0.001111111,0.081764706,0.0,0.101111111,0.002,0.01,0.2524375,0.273846154,0.2375,0.003333333,6.11111e-05,0.016666667,0.041428571,0.047272727,0.02
3189,Baby Foods,"BABYFOOD,CRL,OATMEAL,DRY","Babyfood, cereal, oatmeal, dry",,,,393,13.07,6.6,71.05,3.84,9.0,0.0,0.563,0.0,0.0,4.95,35,28.434,3.313,2.805,707,0.458,51.25,138,3.4,610,29.6,5.39,0.0,0.331176471,0.0,0.0,0.33,0.0875,1.777125,2.548461538,2.3375,0.589166667,0.000508889,0.328571429,0.871428571,0.538181818,0.49
3190,Baby Foods,"BABYFOOD,CRL,OATMEAL,W/BANANAS,DRY","Babyfood, cereal, oatmeal, with bananas, dry",,,,393,12.0,6.0,73.4,13.75,5.2,3.0,0.423,0.22,4.7,5.0,19,20.11,3.71,3.6,651,0.391,47.5,118,0.0,444,20.5,1.9,0.003333333,0.248823529,0.091666667,0.052222222,0.333333333,0.0475,1.256875,2.853846154,3.0,0.5425,0.000434444,0.280952381,0.634285714,0.372727273,0.172727273
3191,Baby Foods,"BABYFOOD,CRL,OATMEAL,W/APPLSAUC&BANANAS,STR","Babyfood, cereal, oatmeal, with applesauce and bananas, strained",,,,74,1.3,0.7,15.4,10.49,0.8,2.0,0.2,0.0,21.8,0.16,4,5.042,0.365,0.42,9,0.073,5.65,11,0.0,41,3.0,0.35,0.002222222,0.117647059,0.0,0.242222222,0.010666667,0.01,0.315125,0.280769231,0.35,0.0075,8.11111e-05,0.026190476,0.058571429,0.054545455,0.031818182
3192,Baby Foods,"BABYFOOD,CRL,OATMEAL,W/APPLSAUC&BANANAS,JR","Babyfood, cereal, oatmeal, with applesauce and bananas, junior",,,,75,1.3,0.7,15.7,9.48,0.8,1.0,0.24,0.0,24.5,0.1,4,5.6,0.484,0.25,6,0.075,7.5,11,0.0,41,3.0,7.5,0.001111111,0.141176471,0.0,0.272222222,0.006666667,0.01,0.35,0.372307692,0.208333333,0.005,8.33333e-05,0.026190476,0.058571429,0.054545455,0.681818182
3193,Baby Foods,"BABYFOOD,CRL,OATMEAL,W/HONEY,DRY","Babyfood, cereal, oatmeal, with honey, dry",,,,391,13.5,7.0,69.3,0.0,0.0,1.0,0.154,0.0,0.0,0.0,35,36.292,2.842,2.771,1154,0.529,67.23,146,0.0,733,36.4,3.7,0.001111111,0.090588235,0.0,0.0,0.0,0.0875,2.26825,2.186153846,2.309166667,0.961666667,0.000587778,0.347619048,1.047142857,0.661818182,0.336363636
3194,Baby Foods,"BABYFOOD,CEREAL,RICE,DRY","Babyfood, cereal, rice, dry",,,,391,7.1,4.9,77.7,0.12,0.5,0.0,0.479,0.0,2.4,5.0,24,31.243,2.221,2.645,850,0.331,47.5,206,0.0,590,11.6,1.98,0.0,0.281764706,0.0,0.026666667,0.333333333,0.06,1.9526875,1.708461538,2.204166667,0.708333333,0.000367778,0.49047619,0.842857143,0.210909091,0.18
3195,Baby Foods,"BABYFOOD,CRL,RICE,W/APPLSAUC&BANANAS,STR","Babyfood, cereal, rice, with applesauce and bananas, strained",,,,80,1.2,0.4,17.1,2.24,1.0,1.0,0.234,0.0,31.6,0.04,3,4.017,0.422,0.26,17,0.051,6.73,3,0.0,12,2.1,0.08,0.001111111,0.137647059,0.0,0.351111111,0.002666667,0.0075,0.2510625,0.324615385,0.216666667,0.014166667,5.66667e-05,0.007142857,0.017142857,0.038181818,0.007272727
3197,Baby Foods,"BABYFOOD,CRL,W/EGG YOLKS,STR","Babyfood, cereal, with egg yolks, strained",,,,51,1.9,1.8,7.0,0.0,0.9,40.0,0.021,0.07,0.7,0.0,3,0.049,0.044,0.009,24,0.022,0.47,3,0.0,40,0.0,0.29,0.044444444,0.012352941,0.029166667,0.007777778,0.0,0.0075,0.0030625,0.033846154,0.0075,0.02,2.44444e-05,0.007142857,0.057142857,0.0,0.026363636
3198,Baby Foods,"BABYFOOD,CRL,W/EGG YOLKS,JR","Babyfood, cereal, with egg yolks, junior",,,,52,1.9,1.8,7.1,0.0,0.9,41.0,0.02,0.06,0.7,0.0,3,0.048,0.045,0.008,24,0.022,0.51,3,0.0,40,0.0,0.29,0.045555556,0.011764706,0.025,0.007777778,0.0,0.0075,0.003,0.034615385,0.006666667,0.02,2.44444e-05,0.007142857,0.057142857,0.0,0.026363636
3199,Baby Foods,"BABYFOOD,CRL,W/EGGS,STR","Babyfood, cereal, with eggs, strained",,,,58,2.2,1.5,8.0,0.0,0.0,0.0,0.024,0.08,0.8,0.0,9,0.056,0.05,0.01,27,0.025,0.54,3,0.0,46,0.0,0.33,0.0,0.014117647,0.033333333,0.008888889,0.0,0.0225,0.0035,0.038461538,0.008333333,0.0225,2.77778e-05,0.007142857,0.065714286,0.0,0.03
3201,Baby Foods,"BABYFOOD,CRL,EGG YOLKS&BACON,JR","Babyfood, cereal, egg yolks and bacon, junior",,,,79,2.5,5.0,6.2,0.0,0.9,28.0,0.026,0.09,0.9,0.0,4,0.266,0.077,0.05,28,0.02,0.47,5,0.0,50,0.0,0.27,0.031111111,0.015294118,0.0375,0.01,0.0,0.01,0.016625,0.059230769,0.041666667,0.023333333,2.22222e-05,0.011904762,0.071428571,0.0,0.024545455
3205,Baby Foods,"BABYFOOD,OATMEAL CRL W/FRUIT,DRY,INST,TODD","Babyfood, oatmeal cereal with fruit, dry, instant, toddler",,,,402,10.5,7.05,74.1,11.09,7.8,4.0,0.38,0.0,2.7,2.48,18,9.6,0.86,0.75,286,0.34,14.3,107,2.8,429,20.5,5.7,0.004444444,0.223529412,0.0,0.03,0.165333333,0.045,0.6,0.661538462,0.625,0.238333333,0.000377778,0.254761905,0.612857143,0.372727273,0.518181818
3206,Baby Foods,"BABYFOOD,COOKIE,BABY,FRUIT","Babyfood, cookie, baby, fruit",,,,435,6.8,12.6,73.7,24.2,3.4,117.0,0.21,0.22,1.5,1.48,167,3.6,0.42,0.44,83,0.04,2.9,30,0.22,189,20.5,0.8,0.13,0.123529412,0.091666667,0.016666667,0.098666667,0.4175,0.225,0.323076923,0.366666667,0.069166667,4.44444e-05,0.071428571,0.27,0.372727273,0.072727273
3209,Baby Foods,"BABYFOOD,CRACKERS,VEG","Babyfood, crackers, vegetable",,,,477,8.4,19.6,66.85,13.0,4.0,179.0,0.12,0.0,50.5,8.05,135,4.05,0.33,0.35,41,0.13,4.2,37,0.77,198,13.7,0.9,0.198888889,0.070588235,0.0,0.561111111,0.536666667,0.3375,0.253125,0.253846154,0.291666667,0.034166667,0.000144444,0.088095238,0.282857143,0.249090909,0.081818182
3210,Baby Foods,"BABYFOOD,CRL,RICE,W/MXD FRUIT,JR","Babyfood, cereal, rice, with mixed fruit, junior",,,,82,0.9,0.2,18.3,10.5,0.6,1.0,0.11,0.02,9.3,0.04,1,2.12,0.16,0.13,16,0.025,2.6,5,0.0,21,2.1,0.14,0.001111111,0.064705882,0.008333333,0.103333333,0.002666667,0.0025,0.1325,0.123076923,0.108333333,0.013333333,2.77778e-05,0.011904762,0.03,0.038181818,0.012727273
3211,Baby Foods,"BABYFOOD,CRL,HI PROT,W/APPL&ORANGE,DRY","Babyfood, cereal, high protein, with apple and orange, dry",,,,374,25.4,6.5,57.6,0.0,7.1,3.0,0.351,0.3,3.1,0.0,190,23.83,4.33,3.79,751,0.964,47.5,159,0.0,539,28.3,2.7,0.003333333,0.206470588,0.125,0.034444444,0.0,0.475,1.489375,3.330769231,3.158333333,0.625833333,0.001071111,0.378571429,0.77,0.514545455,0.245454545
3212,Baby Foods,"BABYFOOD,CRL,RICE,W/BANANAS,DRY","Babyfood, cereal, rice, with bananas, dry",,,,404,8.7,4.2,79.9,16.7,1.0,1.0,0.686,0.21,2.0,0.37,12,23.32,3.8,3.97,691,0.254,47.5,141,0.0,410,11.6,1.5,0.001111111,0.403529412,0.0875,0.022222222,0.024666667,0.03,1.4575,2.923076923,3.308333333,0.575833333,0.000282222,0.335714286,0.585714286,0.210909091,0.136363636
3213,Baby Foods,"BABYFOOD,COOKIES","Babyfood, cookies",,,,433,11.8,13.2,67.1,24.2,0.2,6.0,5.899,0.46,7.0,0.46,145,15.966,3.229,1.459,101,0.074,4.18,49,0.348,179,17.2,1.1,0.006666667,3.47,0.191666667,0.077777778,0.030666667,0.3625,0.997875,2.483846154,1.215833333,0.084166667,8.22222e-05,0.116666667,0.255714286,0.312727273,0.1
3214,Baby Foods,"BABYFOOD,COOKIES,ARROWROOT","Babyfood, cookies, arrowroot",,,,424,7.6,10.0,75.4,0.0,0.2,0.0,0.04,0.07,5.5,3.86,53,5.739,0.429,0.499,32,0.074,3.0,22,0.0,116,17.2,0.53,0.0,0.023529412,0.029166667,0.061111111,0.257333333,0.1325,0.3586875,0.33,0.415833333,0.026666667,8.22222e-05,0.052380952,0.165714286,0.312727273,0.048181818
3215,Baby Foods,"BABYFOOD,PRETZELS","Babyfood, pretzels",,,,397,10.8,2.0,82.2,3.08,2.3,0.0,0.083,0.0,3.8,0.28,131,3.56,0.357,0.463,25,0.145,3.77,28,0.0,110,7.6,0.78,0.0,0.048823529,0.0,0.042222222,0.018666667,0.3275,0.2225,0.274615385,0.385833333,0.020833333,0.000161111,0.066666667,0.157142857,0.138181818,0.070909091
3216,Baby Foods,"BABYFOOD,TEETHING BISCUITS","Babyfood, teething biscuits",,,,392,10.7,4.2,76.4,12.65,1.4,28.0,0.111,0.07,9.1,1.1,69,4.33,0.537,0.233,263,0.142,3.55,35,0.0,164,23.5,0.93,0.031111111,0.065294118,0.029166667,0.101111111,0.073333333,0.1725,0.270625,0.413076923,0.194166667,0.219166667,0.000157778,0.083333333,0.234285714,0.427272727,0.084545455
3217,Baby Foods,ZWIEBACK,Zwieback,,,,426,10.1,9.7,74.2,12.5,2.5,16.0,0.082,0.0,5.3,2.44,134,1.319,0.239,0.208,20,0.145,0.6,14,0.0,55,28.7,0.54,0.017777778,0.048235294,0.0,0.058888889,0.162666667,0.335,0.0824375,0.183846154,0.173333333,0.016666667,0.000161111,0.033333333,0.078571429,0.521818182,0.049090909
3220,Baby Foods,"BABYFOOD,DSSRT,DUTCH APPL,STR","Babyfood, dessert, dutch apple, strained",,,,75,0.2,0.4,19.74,17.89,1.4,2.0,0.011,0.0,21.4,0.04,1,0.048,0.013,0.011,5,0.059,0.2,2,0.0,3,0.2,0.01,0.002222222,0.006470588,0.0,0.237777778,0.002666667,0.0025,0.003,0.01,0.009166667,0.004166667,6.55556e-05,0.004761905,0.004285714,0.003636364,0.000909091
3221,Baby Foods,"BABYFOOD,DSSRT,DUTCH APPL,JR","Babyfood, dessert, dutch apple, junior",,,,79,0.2,0.16,19.18,17.89,1.4,1.0,0.017,0.0,18.0,0.04,0,0.048,0.012,0.01,3,0.03,0.11,4,0.02,7,0.2,0.03,0.001111111,0.01,0.0,0.2,0.002666667,0.0,0.003,0.009230769,0.008333333,0.0025,3.33333e-05,0.00952381,0.01,0.003636364,0.002727273
3222,Baby Foods,"BABYFOOD,CHERRY COBBLER,JR","Babyfood, cherry cobbler, junior",,,,78,0.3,0.1,19.2,10.39,0.2,2.0,0.02,0.0,9.3,0.03,2,0.06,0.01,0.01,5,0.01,0.1,2,0.02,6,0.9,0.05,0.002222222,0.011764706,0.0,0.103333333,0.002,0.005,0.00375,0.007692308,0.008333333,0.004166667,1.11111e-05,0.004761905,0.008571429,0.016363636,0.004545455
3224,Baby Foods,"BABYFOOD,DSSRT,CHERRY VANILLA PUDD,STR","Babyfood, dessert, cherry vanilla pudding, strained",,,,68,0.2,0.3,17.8,9.15,0.3,18.0,0.011,0.01,1.1,0.01,0,0.038,0.011,0.008,5,0.05,0.19,2,0.0,7,0.6,0.04,0.02,0.006470588,0.004166667,0.012222222,0.000666667,0.0,0.002375,0.008461538,0.006666667,0.004166667,5.55556e-05,0.004761905,0.01,0.010909091,0.003636364
3225,Baby Foods,"BABYFOOD,DSSRT,CHERRY VANILLA PUDD,JR","Babyfood, dessert, cherry vanilla pudding, junior",,,,69,0.2,0.2,18.4,16.98,0.3,18.0,0.012,0.01,1.1,0.01,0,0.038,0.011,0.007,5,0.051,0.17,2,0.0,7,0.6,0.03,0.02,0.007058824,0.004166667,0.012222222,0.000666667,0.0,0.002375,0.008461538,0.005833333,0.004166667,5.66667e-05,0.004761905,0.01,0.010909091,0.002727273
3226,Baby Foods,"BABYFOOD,DSSRT,FRUIT PUDD,ORANGE,STR","Babyfood, dessert, fruit pudding, orange, strained",,,,80,1.1,0.9,17.7,0.0,0.6,6.0,0.027,0.01,9.1,0.0,8,0.119,0.057,0.04,32,0.05,0.1,5,0.0,28,0.6,0.17,0.006666667,0.015882353,0.004166667,0.101111111,0.0,0.02,0.0074375,0.043846154,0.033333333,0.026666667,5.55556e-05,0.011904762,0.04,0.010909091,0.015454545
3227,Baby Foods,"BABYFOOD,DSSRT,PEACH COBBLER,STR","Babyfood, dessert, peach cobbler, strained",,,,65,0.3,0.0,17.8,10.62,0.7,7.0,0.007,0.0,20.5,0.31,2,0.259,0.014,0.009,4,0.19,0.1,2,0.0,5,1.0,0.3,0.007777778,0.004117647,0.0,0.227777778,0.020666667,0.005,0.0161875,0.010769231,0.0075,0.003333333,0.000211111,0.004761905,0.007142857,0.018181818,0.027272727
3228,Baby Foods,"BABYFOOD,DSSRT,PEACH COBBLER,JR","Babyfood, dessert, peach cobbler, junior",,,,67,0.3,0.0,18.3,11.89,0.7,7.0,0.007,0.0,20.5,0.31,4,0.259,0.015,0.01,4,0.196,0.1,2,0.0,6,1.0,0.03,0.007777778,0.004117647,0.0,0.227777778,0.020666667,0.01,0.0161875,0.011538462,0.008333333,0.003333333,0.000217778,0.004761905,0.008571429,0.018181818,0.002727273
3229,Baby Foods,"BABYFOOD,DSSRT,PEACH MELBA,STR","Babyfood, dessert, peach melba, strained",,,,60,0.2,0.0,16.5,0.0,0.0,56.0,0.006,0.0,31.4,0.0,0,0.343,0.036,0.006,10,0.178,0.33,2,0.0,5,0.0,0.28,0.062222222,0.003529412,0.0,0.348888889,0.0,0.0,0.0214375,0.027692308,0.005,0.008333333,0.000197778,0.004761905,0.007142857,0.0,0.025454545
3230,Baby Foods,"BABYFOOD,DSSRT,PEACH MELBA,JR","Babyfood, dessert, peach melba, junior",,,,60,0.3,0.0,16.4,0.0,0.0,26.0,0.006,0.0,26.0,0.0,0,0.272,0.03,0.007,11,0.177,0.3,2,0.0,5,0.0,0.28,0.028888889,0.003529412,0.0,0.288888889,0.0,0.0,0.017,0.023076923,0.005833333,0.009166667,0.000196667,0.004761905,0.007142857,0.0,0.025454545
3233,Baby Foods,"BABYFOOD,DSSRT,FRUIT PUDD,PNAPPL,STR","Babyfood, dessert, fruit pudding, pineapple, strained",,,,81,1.3,0.3,20.3,10.28,0.7,11.0,0.04,0.06,27.2,0.0,5,0.107,0.046,0.038,31,0.023,0.18,9,0.0,31,1.2,0.2,0.012222222,0.023529412,0.025,0.302222222,0.0,0.0125,0.0066875,0.035384615,0.031666667,0.025833333,2.55556e-05,0.021428571,0.044285714,0.021818182,0.018181818
3235,Baby Foods,"BABYFOOD,DSSRT,FRUIT DSSRT,WO/VIT C,STR","Babyfood, dessert, fruit dessert, without ascorbic acid, strained",,,,59,0.3,0.0,16.0,12.6,0.6,7.0,0.037,0.0,2.5,0.29,3,0.143,0.009,0.016,9,0.03,0.22,5,0.0,7,0.4,0.04,0.007777778,0.021764706,0.0,0.027777778,0.019333333,0.0075,0.0089375,0.006923077,0.013333333,0.0075,3.33333e-05,0.011904762,0.01,0.007272727,0.003636364
3236,Baby Foods,"BABYFOOD,DSSRT,FRUIT DSSRT,WO/VIT C,JR","Babyfood, dessert, fruit dessert, without ascorbic acid, junior",,,,63,0.3,0.0,17.2,12.0,0.6,7.0,0.033,0.0,3.0,0.29,4,0.144,0.012,0.021,9,0.03,0.21,5,0.0,8,0.4,0.05,0.007777778,0.019411765,0.0,0.033333333,0.019333333,0.01,0.009,0.009230769,0.0175,0.0075,3.33333e-05,0.011904762,0.011428571,0.007272727,0.004545455
3238,Baby Foods,"BABYFOOD,DSSRT,TROPICAL FRUIT,JR","Babyfood, dessert, tropical fruit, junior",,,,60,0.2,0.0,16.4,0.0,0.0,1.0,0.031,0.0,18.8,0.0,3,0.08,0.031,0.011,10,0.028,0.26,5,0.0,8,0.4,0.05,0.001111111,0.018235294,0.0,0.208888889,0.0,0.0075,0.005,0.023846154,0.009166667,0.008333333,3.11111e-05,0.011904762,0.011428571,0.007272727,0.004545455
3245,Baby Foods,"BABYFOOD,DSSRT,CUSTARD PUDD,VANILLA,STR","Babyfood, dessert, custard pudding, vanilla, strained",,,,85,1.6,2.0,16.0,11.5,0.0,18.0,0.02,0.01,0.8,0.23,6,0.04,0.08,0.012,55,0.05,0.24,5,0.0,45,2.4,0.28,0.02,0.011764706,0.004166667,0.008888889,0.015333333,0.015,0.0025,0.061538462,0.01,0.045833333,5.55556e-05,0.011904762,0.064285714,0.043636364,0.025454545
3246,Baby Foods,"BABYFOOD,DSSRT,CUSTARD PUDD,VANILLA,JR","Babyfood, dessert, custard pudding, vanilla, junior",,,,86,1.76,0.98,17.58,12.2,0.2,13.0,0.03,0.23,0.4,0.09,6,0.076,0.054,0.012,54,0.01,0.22,5,0.01,55,2.4,0.3,0.014444444,0.017647059,0.095833333,0.004444444,0.006,0.015,0.00475,0.041538462,0.01,0.045,1.11111e-05,0.011904762,0.078571429,0.043636364,0.027272727
3265,Baby Foods,"BABYFOOD,JUC,APPL&GRAPE","Babyfood, juice, apple and grape",,,,46,0.1,0.2,11.34,10.9,0.1,0.0,0.034,0.0,31.5,0.0,1,0.109,0.021,0.007,6,0.078,0.39,6,0.0,5,0.1,0.04,0.0,0.02,0.0,0.35,0.0,0.0025,0.0068125,0.016153846,0.005833333,0.005,8.66667e-05,0.014285714,0.007142857,0.001818182,0.003636364
3267,Baby Foods,"BABYFOOD,JUC,FRUIT PUNCH,W/CA","Babyfood, juice, fruit punch, with calcium",,,,52,0.2,0.1,12.7,10.6,0.4,0.0,0.05,0.0,21.2,0.01,1,0.1,0.02,0.01,64,0.02,0.3,7,0.09,11,0.1,0.04,0.0,0.029411765,0.0,0.235555556,0.000666667,0.0025,0.00625,0.015384615,0.008333333,0.053333333,2.22222e-05,0.016666667,0.015714286,0.001818182,0.003636364
3268,Baby Foods,"BABYFOOD,JUC,APPL&CHERRY","Babyfood, juice, apple and cherry",,,,41,0.1,0.2,9.9,8.98,0.1,0.0,0.031,0.0,58.3,0.02,0,0.094,0.015,0.008,5,0.043,0.66,3,0.0,6,0.1,0.03,0.0,0.018235294,0.0,0.647777778,0.001333333,0.0,0.005875,0.011538462,0.006666667,0.004166667,4.77778e-05,0.007142857,0.008571429,0.001818182,0.002727273
3269,Baby Foods,"BABYFOOD,JUC,APPL,W/CA","Babyfood, juice, apple, with calcium",,,,46,0.06,0.1,11.1,9.0,0.4,0.0,0.03,0.0,21.2,0.0,0,0.08,0.02,0.02,127,0.01,0.2,6,0.29,8,0.1,0.03,0.0,0.017647059,0.0,0.235555556,0.0,0.0,0.005,0.015384615,0.016666667,0.105833333,1.11111e-05,0.014285714,0.011428571,0.001818182,0.002727273
3274,Baby Foods,"BABYFOOD,DINNER,VEG&CHICK,JR","Babyfood, dinner, vegetables and chicken, junior",,,,53,2.04,1.12,8.66,1.46,1.1,131.0,0.046,0.02,0.2,0.16,3,0.628,0.046,0.025,27,0.02,0.33,8,0.11,32,2.1,0.3,0.145555556,0.027058824,0.008333333,0.002222222,0.010666667,0.0075,0.03925,0.035384615,0.020833333,0.0225,2.22222e-05,0.019047619,0.045714286,0.038181818,0.027272727
3278,Baby Foods,"BABYFOOD,DINNER,MXD VEG,STR","Babyfood, dinner, mixed vegetable, strained",,,,41,1.2,0.1,9.5,0.0,0.0,136.0,0.075,0.0,2.8,0.0,8,0.502,0.031,0.015,22,0.044,0.33,11,0.0,24,0.7,0.16,0.151111111,0.044117647,0.0,0.031111111,0.0,0.02,0.031375,0.023846154,0.0125,0.018333333,4.88889e-05,0.026190476,0.034285714,0.012727273,0.014545455
3279,Baby Foods,"BABYFOOD,DINNER,MXD VEG,JR","Babyfood, dinner, mixed vegetable, junior",,,,33,1.0,0.0,8.0,0.0,0.0,122.0,0.075,0.0,3.3,0.0,7,0.414,0.024,0.014,17,0.036,0.31,10,0.0,22,0.7,0.24,0.135555556,0.044117647,0.0,0.036666667,0.0,0.0175,0.025875,0.018461538,0.011666667,0.014166667,4e-05,0.023809524,0.031428571,0.012727273,0.021818182
3280,Baby Foods,"BABYFOOD,FRUIT,BANANAS W/TAPIOCA,JR","Babyfood, fruit, bananas with tapioca, junior",,,,67,0.4,0.2,17.8,7.1,1.6,2.0,0.139,0.0,25.7,0.6,6,0.218,0.02,0.015,8,0.046,0.3,12,0.0,9,0.6,0.07,0.002222222,0.081764706,0.0,0.285555556,0.04,0.015,0.013625,0.015384615,0.0125,0.006666667,5.11111e-05,0.028571429,0.012857143,0.010909091,0.006363636
3282,Baby Foods,"BABYFOOD,VEG,MIX VEG JR","Babyfood, vegetables, mix vegetables junior",,,,36,1.4,0.4,8.2,1.78,1.5,210.0,0.081,0.0,2.5,0.52,4,0.665,0.032,0.029,11,0.041,0.41,11,0.0,25,0.7,0.27,0.233333333,0.047647059,0.0,0.027777778,0.034666667,0.01,0.0415625,0.024615385,0.024166667,0.009166667,4.55556e-05,0.026190476,0.035714286,0.012727273,0.024545455
3283,Baby Foods,"BABYFOOD,VEG,GARDEN VEG,STR","Babyfood, vegetables, garden vegetable, strained",,,,32,2.3,0.2,6.8,2.57,1.5,303.0,0.1,0.0,5.7,0.52,40,0.779,0.069,0.061,28,0.07,0.83,21,0.0,28,0.7,0.26,0.336666667,0.058823529,0.0,0.063333333,0.034666667,0.1,0.0486875,0.053076923,0.050833333,0.023333333,7.77778e-05,0.05,0.04,0.012727273,0.023636364
3286,Baby Foods,"BABYFOOD,VEG,MIX VEG STR","Babyfood, vegetables, mix vegetables strained",,,,36,1.0,0.5,8.25,1.57,1.5,158.0,0.055,0.0,1.7,0.24,4,0.327,0.025,0.022,13,0.04,0.32,10,0.0,22,0.7,0.15,0.175555556,0.032352941,0.0,0.018888889,0.016,0.01,0.0204375,0.019230769,0.018333333,0.010833333,4.44444e-05,0.023809524,0.031428571,0.012727273,0.013636364
3287,Baby Foods,"BABYFOOD,DINNER,BF NOODLE,JR","Babyfood, dinner, beef noodle, junior",,,,57,2.5,1.9,7.3,1.45,1.1,33.0,0.031,0.1,1.4,0.47,17,0.582,0.036,0.028,8,0.032,0.43,7,0.0,30,5.7,0.4,0.036666667,0.018235294,0.041666667,0.015555556,0.031333333,0.0425,0.036375,0.027692308,0.023333333,0.006666667,3.55556e-05,0.016666667,0.042857143,0.103636364,0.036363636
3289,Baby Foods,"BABYFOOD,APPLS W/HAM,STR","Babyfood, apples with ham, strained",,,,62,2.6,0.9,10.9,7.98,1.8,0.0,0.07,0.02,0.1,0.07,2,0.73,0.06,0.06,4,0.04,0.3,7,0.02,34,4.6,0.4,0.0,0.041176471,0.008333333,0.001111111,0.004666667,0.005,0.045625,0.046153846,0.05,0.003333333,4.44444e-05,0.016666667,0.048571429,0.083636364,0.036363636
3290,Baby Foods,"BABYFOOD,CARROTS&BF,STR","Babyfood, carrots and beef, strained",,,,59,3.4,2.5,5.7,2.04,2.6,723.0,0.1,0.3,0.8,0.65,17,0.93,0.06,0.02,22,0.054,0.5,13,0.14,45,2.8,0.8,0.803333333,0.058823529,0.125,0.008888889,0.043333333,0.0425,0.058125,0.046153846,0.016666667,0.018333333,6e-05,0.030952381,0.064285714,0.050909091,0.072727273
3293,Baby Foods,"BABYFOOD,PLUMS,BANANAS&RICE,STR","Babyfood, plums, bananas and rice, strained",,,,57,1.1,0.3,12.7,9.3,1.3,7.0,0.13,0.0,12.3,0.24,6,0.8,0.05,0.04,3,0.054,0.0,11,0.0,32,2.4,0.13,0.007777778,0.076470588,0.0,0.136666667,0.016,0.015,0.05,0.038461538,0.033333333,0.0025,6e-05,0.026190476,0.045714286,0.043636364,0.011818182
3296,Baby Foods,"BABYFOOD,DINNER,TURKEY,RICE,AND VEG,TODD","Babyfood, dinner, turkey, rice, and vegetables, toddler",,,,60,3.8,1.6,7.5,0.66,0.8,113.0,0.13,0.1,0.3,0.15,3,2.11,0.07,0.07,11,0.1,0.4,14,0.23,63,3.3,0.61,0.125555556,0.076470588,0.041666667,0.003333333,0.01,0.0075,0.131875,0.053846154,0.058333333,0.009166667,0.000111111,0.033333333,0.09,0.06,0.055454545
3297,Baby Foods,"BABYFOOD,DINNER,APPLS&CHICK,STR","Babyfood, dinner, apples and chicken, strained",,,,65,2.16,1.38,10.88,6.06,1.8,2.0,0.083,0.02,0.2,0.07,1,0.577,0.057,0.02,18,0.04,0.38,6,0.03,32,2.5,0.36,0.002222222,0.048823529,0.008333333,0.002222222,0.004666667,0.0025,0.0360625,0.043846154,0.016666667,0.015,4.44444e-05,0.014285714,0.045714286,0.045454545,0.032727273
3298,Baby Foods,"BABYFOOD,DINNER,BROCCOLI & CHICK,JR","Babyfood, dinner, broccoli and chicken, junior",,,,62,3.59,2.48,6.34,1.43,1.4,24.0,0.052,0.33,17.7,0.6,76,0.964,0.098,0.019,37,0.03,0.52,12,0.12,58,2.2,0.39,0.026666667,0.030588235,0.1375,0.196666667,0.04,0.19,0.06025,0.075384615,0.015833333,0.030833333,3.33333e-05,0.028571429,0.082857143,0.04,0.035454545
3301,Baby Foods,"Babyfood, beverage, GERBER GRADUATE FRUIT SPLASHERS","Babyfood, beverage, GERBER GRADUATE FRUIT SPLASHERS",,,,31,0.0,0.0,7.4,6.12,0.0,0.0,0.022,0.0,35.3,0.0,1,0.06,0.013,0.007,71,0.014,0.0,3,0.087,3,0.1,0.71,0.0,0.012941176,0.0,0.392222222,0.0,0.0025,0.00375,0.01,0.005833333,0.059166667,1.55556e-05,0.007142857,0.004285714,0.001818182,0.064545455
3302,Baby Foods,"BABYFOOD,SNACK,GERBER GRADUATE YOGURT MELTS","Babyfood, snack, GERBER GRADUATE YOGURT MELTS",,,,429,14.29,4.0,71.43,57.14,2.3,107.0,0.168,1.7,57.1,6.43,55,3.301,0.817,0.113,457,0.092,0.0,53,0.077,382,11.8,1.77,0.118888889,0.098823529,0.708333333,0.634444444,0.428666667,0.1375,0.2063125,0.628461538,0.094166667,0.380833333,0.000102222,0.126190476,0.545714286,0.214545455,0.160909091
3303,Baby Foods,"BABYFOOD,DINNER,SWT POTATOES&CHICK,STR","Babyfood, dinner, sweet potatoes and chicken, strained",,,,74,2.51,2.17,11.04,2.65,1.3,216.0,0.137,0.05,0.0,0.58,6,1.04,0.04,0.02,30,0.081,0.45,13,0.153,25,1.7,0.37,0.24,0.080588235,0.020833333,0.0,0.038666667,0.015,0.065,0.030769231,0.016666667,0.025,9e-05,0.030952381,0.035714286,0.030909091,0.033636364
3304,Baby Foods,"BABYFOOD,DINNER,POTATOES W/CHS&HAM,TODD","Babyfood, dinner, potatoes with cheese and ham, toddler",,,,78,3.5,2.0,11.97,0.8,1.2,8.0,0.16,0.07,0.1,0.02,6,1.06,0.1,0.05,53,0.06,0.4,14,0.018,108,5.5,0.6,0.008888889,0.094117647,0.029166667,0.001111111,0.001333333,0.015,0.06625,0.076923077,0.041666667,0.044166667,6.66667e-05,0.033333333,0.154285714,0.1,0.054545455
3681,Baby Foods,"BABYFOOD,CRL,BARLEY,PREP W/WHL MILK","Babyfood, cereal, barley, prepared with whole milk",,,,84,3.73,3.26,9.94,5.1,0.6,43.0,0.06,0.42,0.2,0.43,7,2.707,0.353,0.242,162,0.057,3.49,18,0.004,110,5.6,0.57,0.047777778,0.035294118,0.175,0.002222222,0.028666667,0.0175,0.1691875,0.271538462,0.201666667,0.135,6.33333e-05,0.042857143,0.157142857,0.101818182,0.051818182
3682,Baby Foods,"BABYFOOD,CRL,HI PROT,PREP W/WHL MILK","Babyfood, cereal, high protein, prepared with whole milk",,,,111,8.7,3.8,11.6,0.0,0.0,0.0,0.113,0.3,0.0,0.0,35,5.668,0.579,0.47,218,0.217,12.14,48,0.0,177,0.0,1.04,0.0,0.066470588,0.125,0.0,0.0,0.0875,0.35425,0.445384615,0.391666667,0.181666667,0.000241111,0.114285714,0.252857143,0.0,0.094545455
3685,Baby Foods,"BABYFOOD,CRL,MXD,PREP W/WHL MILK","Babyfood, cereal, mixed, prepared with whole milk",,,,96,4.14,3.38,12.3,4.78,0.8,41.0,0.053,0.4,0.3,0.47,9,3.88,0.448,0.308,220,0.059,10.43,20,0.004,118,6.1,0.59,0.045555556,0.031176471,0.166666667,0.003333333,0.031333333,0.0225,0.2425,0.344615385,0.256666667,0.183333333,6.55556e-05,0.047619048,0.168571429,0.110909091,0.053636364
3686,Baby Foods,"BABYFOOD,CRL,MXD,W/BANANAS,PREP W/WHL MILK","Babyfood, cereal, mixed, with bananas, prepared with whole milk",,,,86,3.82,3.46,10.0,5.9,0.4,43.0,0.065,0.43,0.4,0.44,6,1.605,0.437,0.315,153,0.053,3.63,18,0.004,111,4.9,0.49,0.047777778,0.038235294,0.179166667,0.004444444,0.029333333,0.015,0.1003125,0.336153846,0.2625,0.1275,5.88889e-05,0.042857143,0.158571429,0.089090909,0.044545455
3689,Baby Foods,"BABYFOOD,CRL,OATMEAL,PREP W/WHL MILK","Babyfood, cereal, oatmeal, prepared with whole milk",,,,116,5.0,4.1,15.3,0.0,1.1,22.0,0.06,0.3,1.3,0.0,10,5.981,0.563,0.506,220,0.094,12.14,35,0.0,160,0.0,0.92,0.024444444,0.035294118,0.125,0.014444444,0.0,0.025,0.3738125,0.433076923,0.421666667,0.183333333,0.000104444,0.083333333,0.228571429,0.0,0.083636364
3690,Baby Foods,"BABYFOOD,CRL,OATMEAL,W/BANANAS,PREP W/WHL MILK","Babyfood, cereal, oatmeal, with bananas, prepared with whole milk",,,,86,3.82,3.46,10.0,5.9,0.4,43.0,0.104,0.43,0.4,0.44,6,1.605,0.437,0.315,153,0.053,3.63,18,0.004,111,4.9,0.49,0.047777778,0.061176471,0.179166667,0.004444444,0.029333333,0.015,0.1003125,0.336153846,0.2625,0.1275,5.88889e-05,0.042857143,0.158571429,0.089090909,0.044545455
3693,Baby Foods,"BABYFOOD,CRL,OATMEAL,W/HONEY,PREP W/WHL MILK","Babyfood, cereal, oatmeal, with honey, prepared with whole milk",,,,115,5.0,3.9,15.3,0.0,0.0,0.0,0.06,0.3,0.0,0.0,10,6.034,0.602,0.487,289,0.095,11.09,35,0.0,198,0.0,0.93,0.0,0.035294118,0.125,0.0,0.0,0.025,0.377125,0.463076923,0.405833333,0.240833333,0.000105556,0.083333333,0.282857143,0.0,0.084545455
3694,Baby Foods,"BABYFOOD,CRL,RICE,PREP W/WHL MILK","Babyfood, cereal, rice, prepared with whole milk",,,,85,3.45,3.38,10.31,4.87,0.0,42.0,0.069,0.41,0.2,0.44,6,2.449,0.324,0.243,168,0.048,3.63,25,0.004,122,4.3,0.49,0.046666667,0.040588235,0.170833333,0.002222222,0.029333333,0.015,0.1530625,0.249230769,0.2025,0.14,5.33333e-05,0.05952381,0.174285714,0.078181818,0.044545455
3696,Baby Foods,"BABYFOOD,CRL,RICE,W/HONEY,PREP W/WHL MILK","Babyfood, cereal, rice, with honey, prepared with whole milk",,,,115,3.9,3.3,17.1,0.0,0.0,21.0,0.115,0.3,0.0,0.0,8,6.083,0.608,0.476,291,0.063,10.81,45,0.0,181,0.0,0.65,0.023333333,0.067647059,0.125,0.0,0.0,0.02,0.3801875,0.467692308,0.396666667,0.2425,7e-05,0.107142857,0.258571429,0.0,0.059090909
3704,Baby Foods,"BABYFOOD,CRL,MXD,W/HONEY,PREP W/WHL MILK","Babyfood, cereal, mixed, with honey, prepared with whole milk",,,,115,5.0,3.6,15.9,0.0,0.0,0.0,0.067,0.3,0.0,0.0,11,6.26,0.583,0.447,294,0.064,11.27,28,0.0,184,0.0,0.72,0.0,0.039411765,0.125,0.0,0.0,0.0275,0.39125,0.448461538,0.3725,0.245,7.11111e-05,0.066666667,0.262857143,0.0,0.065454545
3711,Baby Foods,"BABYFOOD,CRL,HI PROT,W/APPL&ORANGE,PREP W/WHL MILK","Babyfood, cereal, high protein, with apple and orange, prepared with whole milk",,,,112,6.9,3.9,13.4,0.0,0.0,0.0,0.092,0.35,0.0,0.0,28,3.987,0.847,0.655,223,0.166,14.42,37,0.0,166,0.0,0.76,0.0,0.054117647,0.145833333,0.0,0.0,0.07,0.2491875,0.651538462,0.545833333,0.185833333,0.000184444,0.088095238,0.237142857,0.0,0.069090909
3712,Baby Foods,"BABYFOOD,CRL,RICE,W/BANANAS,PREP W/WHL MILK","Babyfood, cereal, rice, with bananas, prepared with whole milk",,,,86,3.57,3.32,10.49,6.13,0.1,43.0,0.085,0.43,0.2,0.09,6,1.849,0.444,0.684,156,0.042,3.63,20,0.004,109,4.3,0.46,0.047777778,0.05,0.179166667,0.002222222,0.006,0.015,0.1155625,0.341538462,0.57,0.13,4.66667e-05,0.047619048,0.155714286,0.078181818,0.041818182
3800,Baby Foods,"INF FORMULA,NESTLE,GOOD START SUPREME,W/ IRON,RTF","Infant formula, NESTLE, GOOD START SUPREME, with iron, ready-to-feed",,,,66,1.45,3.37,7.39,5.0,0.0,60.0,0.05,0.22,5.9,0.99,17,0.693,0.092,0.066,42,0.053,0.99,5,0.0,24,1.3,0.53,0.066666667,0.029411765,0.091666667,0.065555556,0.066,0.0425,0.0433125,0.070769231,0.055,0.035,5.88889e-05,0.011904762,0.034285714,0.023636364,0.048181818
3801,Baby Foods,"INF FORMULA,NES,G START SUPR,W/ IRON,LIQ CONC,NOT RECON","Infant formula, NESTLE, GOOD START SUPREME, with iron, liquid concentrate, not reconstituted",,,,127,2.79,6.5,14.2,9.7,0.0,114.0,0.095,0.42,11.0,1.91,32,1.33,0.178,0.127,81,0.1,1.9,9,0.0,46,1.6,1.02,0.126666667,0.055882353,0.175,0.122222222,0.127333333,0.08,0.083125,0.136923077,0.105833333,0.0675,0.000111111,0.021428571,0.065714286,0.029090909,0.092727273
3802,Baby Foods,"INF FORMULA,NESTLE,GOOD START SUPREME,W/ IRON,PDR","Infant formula, NESTLE, GOOD START SUPREME, with iron, powder",,,,509,11.3,26.1,57.32,39.3,0.0,461.0,0.384,1.1,46.1,7.7,131,5.38,0.717,0.512,343,0.41,7.7,36,0.0,184,10.2,4.1,0.512222222,0.225882353,0.458333333,0.512222222,0.513333333,0.3275,0.33625,0.551538462,0.426666667,0.285833333,0.000455556,0.085714286,0.262857143,0.185454545,0.372727273
3803,Baby Foods,"INF FORMULA, MEAD JOHNSON, ENFAMIL, W/IRON, RTF","Infant formula, MEAD JOHNSON, ENFAMIL, with iron, ready-to-feed",,,,63,1.38,3.5,7.2,7.18,0.0,58.0,0.04,0.19,7.9,0.87,18,0.66,0.092,0.052,51,0.05,1.18,5,0.0,35,1.8,0.66,0.064444444,0.023529412,0.079166667,0.087777778,0.058,0.045,0.04125,0.070769231,0.043333333,0.0425,5.55556e-05,0.011904762,0.05,0.032727273,0.06
3805,Baby Foods,"INF FORMULA,MEAD JOHNSON,ENFAMIL,W/ IRON,PDR","Infant formula, MEAD JOHNSON, ENFAMIL, with iron, powder",,,,520,10.8,27.0,56.2,56.0,0.0,470.0,0.31,1.55,62.0,6.9,141,5.2,0.72,0.41,400,0.39,9.3,41,0.0,270,14.5,5.2,0.522222222,0.182352941,0.645833333,0.688888889,0.46,0.3525,0.325,0.553846154,0.341666667,0.333333333,0.000433333,0.097619048,0.385714286,0.263636364,0.472727273
3806,Baby Foods,"INFANT FORMULA,MEAD JOHNSON,ENFAMIL,LO IRON,RTF","Infant formula, MEAD JOHNSON, ENFAMIL, low iron, ready-to-feed",,,,63,1.38,3.5,7.18,7.18,0.0,58.0,0.04,0.19,7.9,0.87,18,0.66,0.092,0.052,51,0.05,0.46,5,0.01,35,1.8,0.66,0.064444444,0.023529412,0.079166667,0.087777778,0.058,0.045,0.04125,0.070769231,0.043333333,0.0425,5.55556e-05,0.011904762,0.05,0.032727273,0.06
3808,Baby Foods,"INF FORMULA,MEAD JOHNSON,ENFAMILLIPIL,W/IRN,PDR,W/ ARA & DHA","Infant formula, MEAD JOHNSON, ENFAMIL, LIPIL, with iron, powder, with ARA and DHA",,,,511,10.8,27.0,56.2,56.0,0.0,470.0,0.31,1.55,62.0,6.9,141,5.2,0.72,0.41,400,0.39,9.3,41,0.0,270,14.5,5.2,0.522222222,0.182352941,0.645833333,0.688888889,0.46,0.3525,0.325,0.553846154,0.341666667,0.333333333,0.000433333,0.097619048,0.385714286,0.263636364,0.472727273
3809,Baby Foods,"INF FORMULA, MEAD JOHNSON, ENFAMIL, LO IRON, POWD, NOT RECON","Infant formula, MEAD JOHNSON, ENFAMIL, low iron, powder, not reconstituted",,,,511,10.8,27.0,56.2,56.0,0.0,470.0,0.31,1.55,62.0,6.9,141,5.2,0.72,0.41,400,0.39,3.6,41,0.0,270,14.5,5.2,0.522222222,0.182352941,0.645833333,0.688888889,0.46,0.3525,0.325,0.553846154,0.341666667,0.333333333,0.000433333,0.097619048,0.385714286,0.263636364,0.472727273
3812,Baby Foods,"INF FORMU,MEAD JOHNS,ENFA,LIPIL,W/ IRO,LIQ CONC,W/ ARA & DHA","Infant formula, MEAD JOHNSON, ENFAMIL, LIPIL, with iron, liquid concentrate, with ARA and DHA",,,,131,2.76,6.96,14.34,14.0,0.0,118.0,0.079,0.39,15.8,1.22,36,1.313,0.184,0.105,102,0.098,2.36,11,0.0,70,3.6,1.31,0.131111111,0.046470588,0.1625,0.175555556,0.081333333,0.09,0.0820625,0.141538462,0.0875,0.085,0.000108889,0.026190476,0.1,0.065454545,0.119090909
3813,Baby Foods,"INF FORMULA,MEAD JOHNSON,ENFAMIL,NUTRAMIGEN,W/ IRON,RTF","Infant formula, MEAD JOHNSON, ENFAMIL, NUTRAMIGEN, with iron, ready-to-feed",,,,66,1.83,3.5,6.81,5.13,0.0,58.0,0.04,0.19,7.9,0.87,18,0.66,0.059,0.052,62,0.05,1.18,7,0.0,42,1.8,0.66,0.064444444,0.023529412,0.079166667,0.087777778,0.058,0.045,0.04125,0.045384615,0.043333333,0.051666667,5.55556e-05,0.016666667,0.06,0.032727273,0.06
3814,Baby Foods,"INF FORM,MEAD JOHNSON,ENFAMIL,NUTRAMIGEN,W/IRON,PDR,NOTRECN","Infant formula, MEAD JOHNSON, ENFAMIL, NUTRAMIGEN, with iron, powder, not reconstituted",,,,502,14.2,25.0,55.0,55.0,0.0,450.0,0.3,1.49,60.0,6.6,134,5.0,0.45,0.4,470,0.37,8.9,55,0.124,310,13.9,5.0,0.5,0.176470588,0.620833333,0.666666667,0.44,0.335,0.3125,0.346153846,0.333333333,0.391666667,0.000411111,0.130952381,0.442857143,0.252727273,0.454545455
3815,Baby Foods,"INF FORMULA, MEAD JOHN, ENFAMIL LIPIL,W/ IRON,RTF,W/ AR & DH","Infant formula, MEAD JOHNSON, ENFAMIL LIPIL, with iron, ready-to-feed, with ARA and DHA",,,,64,1.38,3.5,7.1,7.1,0.0,58.0,0.04,0.19,7.9,0.87,18,0.66,0.092,0.052,51,0.05,1.18,5,0.01,35,1.8,0.66,0.064444444,0.023529412,0.079166667,0.087777778,0.058,0.045,0.04125,0.070769231,0.043333333,0.0425,5.55556e-05,0.011904762,0.05,0.032727273,0.06
3816,Baby Foods,"INF FORM,MEAD JOHNSON,ENFAMIL,NUTRAMIGEN,W/IRON,LC,NOT RECON","Infant formula, MEAD JOHNSON, ENFAMIL, NUTRAMIGEN, with iron, liquid concentrate, not reconstituted",,Mead Johnson,,127,3.53,6.73,13.12,13.08,0.0,112.0,0.077,0.37,15.1,1.68,34,1.27,0.114,0.101,120,0.095,2.28,14,0.0,80,3.5,1.27,0.124444444,0.045294118,0.154166667,0.167777778,0.112,0.085,0.079375,0.087692308,0.084166667,0.1,0.000105556,0.033333333,0.114285714,0.063636364,0.115454545
3817,Baby Foods,"INF FORM,ME JOHNS,ENFAMIL,LIPIL,LO IRON,PDR,W/ ARA & DHA","Infant formula, MEAD JOHNSON, ENFAMIL, LIPIL, low iron, powder, with ARA and DHA",,,,511,10.8,27.0,56.2,56.0,0.0,470.0,0.31,1.55,62.0,6.9,141,5.2,0.72,0.41,400,0.39,3.6,41,0.0,270,14.5,5.2,0.522222222,0.182352941,0.645833333,0.688888889,0.46,0.3525,0.325,0.553846154,0.341666667,0.333333333,0.000433333,0.097619048,0.385714286,0.263636364,0.472727273
3818,Baby Foods,"INF FORM,ME JOHNS,ENFAM,LIP,LO IRON,LIQ CONC,W/ ARA & DHA","Infant formula, MEAD JOHNSON, ENFAMIL, LIPIL, low iron, liquid concentrate, with ARA and DHA",,,,131,2.76,7.16,14.24,14.24,0.0,118.0,0.079,0.39,15.8,1.22,36,1.313,0.184,0.105,102,0.098,0.92,11,0.0,70,3.6,1.31,0.131111111,0.046470588,0.1625,0.175555556,0.081333333,0.09,0.0820625,0.141538462,0.0875,0.085,0.000108889,0.026190476,0.1,0.065454545,0.119090909
3819,Baby Foods,"CHILD FORMULA,MEAD JOHNSON,PORTAGEN,W/ IRON,PDR,NOT RECON","Child formula, MEAD JOHNSON, PORTAGEN, with iron, powder, not reconstituted",,,,483,16.5,22.0,54.8,54.0,0.0,1110.0,0.98,2.9,38.0,9.8,126,9.8,0.88,0.74,440,0.74,8.8,98,0.0,330,0.0,4.4,1.233333333,0.576470588,1.208333333,0.422222222,0.653333333,0.315,0.6125,0.676923077,0.616666667,0.366666667,0.000822222,0.233333333,0.471428571,0.0,0.4
3820,Baby Foods,"CHILD FORMULA,MEAD JOHNSON,PORTAGEN,W/ IRON,PREP FROM PDR","Child formula, MEAD JOHNSON, PORTAGEN, with iron, prepared from powder",,,,88,3.33,4.48,8.57,7.4,0.0,222.0,0.194,0.57,7.6,2.0,25,1.944,0.176,0.148,88,0.148,1.75,19,0.0,66,0.0,0.88,0.246666667,0.114117647,0.2375,0.084444444,0.133333333,0.0625,0.1215,0.135384615,0.123333333,0.073333333,0.000164444,0.045238095,0.094285714,0.0,0.08
3821,Baby Foods,"INF FORMULA. MEAD JOHNSON, PREGESTIMIL, W/IRON, PDR,NO RECON","Infant formula, MEAD JOHNSON, PREGESTIMIL, with iron, powder, not reconstituted",,,,519,14.0,28.0,52.8,51.0,0.0,570.0,0.3,1.5,60.0,13.4,136,5.0,0.45,0.4,580,0.38,9.4,55,0.0,380,14.0,5.0,0.633333333,0.176470588,0.625,0.666666667,0.893333333,0.34,0.3125,0.346153846,0.333333333,0.483333333,0.000422222,0.130952381,0.542857143,0.254545455,0.454545455
3822,Baby Foods,"INF FORMULA, MEAD JOHNSON, PREGESTIMIL, W/IRON, PREP FRO PDR","Infant formula, MEAD JOHNSON, PREGESTIMIL, with iron, prepared from powder",,,,67,1.82,3.65,6.63,6.63,0.0,75.0,0.039,0.19,7.8,1.74,18,0.654,0.059,0.052,75,0.049,1.17,7,0.0,49,1.8,0.65,0.083333333,0.022941176,0.079166667,0.086666667,0.116,0.045,0.040875,0.045384615,0.043333333,0.0625,5.44444e-05,0.016666667,0.07,0.032727273,0.059090909
3823,Baby Foods,"INF FORMULA,MEAD JOHNSON,PROSOBEE,W/ IRON,RTF","Infant formula, MEAD JOHNSON, PROSOBEE, with iron, ready-to-feed",,,,63,1.64,3.5,6.11,6.11,0.0,58.0,0.04,0.19,7.9,0.87,18,0.66,0.059,0.052,69,0.05,1.18,7,0.0,54,1.8,0.79,0.064444444,0.023529412,0.079166667,0.087777778,0.058,0.045,0.04125,0.045384615,0.043333333,0.0575,5.55556e-05,0.016666667,0.077142857,0.032727273,0.071818182
3824,Baby Foods,"INF FORMULA, MEAD JOHNSON, PROSOBEE,W/IRON ,LIQ CNC, NOT REC","Infant formula, MEAD JOHNSON, PROSOBEE, with iron, liquid concentrate, not reconstituted",,,,131,3.19,7.13,13.58,13.58,0.0,113.0,0.077,0.38,15.3,1.7,34,1.28,0.115,0.102,134,0.096,2.3,14,0.0,106,3.6,1.53,0.125555556,0.045294118,0.158333333,0.17,0.113333333,0.085,0.08,0.088461538,0.085,0.111666667,0.000106667,0.033333333,0.151428571,0.065454545,0.139090909
3825,Baby Foods,"INF FOR,ME JOHN,ENFAM,LIPIL,LO IRON,READY TO FE,W/ ARA & DHA","Infant formula, MEAD JOHNSON, ENFAMIL, LIPIL, low iron, ready to feed, with ARA and DHA",,,,64,1.38,3.5,7.18,7.18,0.0,58.0,0.04,0.19,7.9,0.87,18,0.66,0.092,0.052,51,0.05,0.46,5,0.01,35,1.8,0.66,0.064444444,0.023529412,0.079166667,0.087777778,0.058,0.045,0.04125,0.070769231,0.043333333,0.0425,5.55556e-05,0.011904762,0.05,0.032727273,0.06
3826,Baby Foods,"INF FORMULA,MEAD JOHNSON,ENFAMIL,PROSOBEE,IRON,PDR,NOT RECON","Infant formula, MEAD JOHNSON, ENFAMIL, PROSOBEE, with iron, powder, not reconstituted",,,,510,12.5,27.0,54.3,53.0,0.0,450.0,0.3,1.5,60.0,6.7,136,5.0,0.45,0.4,530,0.38,9.0,55,0.0,420,14.0,6.0,0.5,0.176470588,0.625,0.666666667,0.446666667,0.34,0.3125,0.346153846,0.333333333,0.441666667,0.000422222,0.130952381,0.6,0.254545455,0.545454545
3827,Baby Foods,"INF FORMULA, ME JOHN, ENFA, LACF LIP, W/IRO, POW, W/AR AN DH","Infant formula, MEAD JOHNSON, ENFAMIL, LACTOFREE LIPIL, with iron, powder, with ARA and DHA",,,,521,10.9,28.0,56.3,54.77,0.0,470.0,0.31,1.56,62.0,4.7,141,5.2,0.73,0.42,430,0.39,9.4,42,0.0,290,14.6,5.2,0.522222222,0.182352941,0.65,0.688888889,0.313333333,0.3525,0.325,0.561538462,0.35,0.358333333,0.000433333,0.1,0.414285714,0.265454545,0.472727273
3830,Baby Foods,"INF FORMU, ME JOH, ENF, LAC, LI, W/ IR,LI CO,N RE,W/ AR & DH","Infant formula, MEAD JOHNSON, ENFAMIL, LACTOFREE, LIPIL, with iron, liquid concentrate, not reconstituted, with ARA and DHA",,,,132,2.68,7.11,14.42,13.96,0.0,113.0,0.077,0.38,15.3,1.7,34,1.283,0.179,0.102,104,0.096,2.3,10,0.0,70,3.6,1.28,0.125555556,0.045294118,0.158333333,0.17,0.113333333,0.085,0.0801875,0.137692308,0.085,0.086666667,0.000106667,0.023809524,0.1,0.065454545,0.116363636
3832,Baby Foods,"INF FORMULA,MEAD JOHNSON,ENFAMIL,LIPIL,RTF,W/ ARA & DHA","Infant formula, MEAD JOHNSON, ENFAMIL, LIPIL, ready-to-feed, with ARA and DHA",,,,66,1.38,3.5,6.44,6.44,0.0,58.0,0.04,0.19,7.9,0.87,18,0.66,0.092,0.052,54,0.05,1.18,5,0.0,36,1.8,0.66,0.064444444,0.023529412,0.079166667,0.087777778,0.058,0.045,0.04125,0.070769231,0.043333333,0.045,5.55556e-05,0.011904762,0.051428571,0.032727273,0.06
3837,Baby Foods,"INF FORMULA, ABBOTT NUTR, SIMILAC, PM 60/40, PDR NOT RECON","Infant formula, ABBOTT NUTRITION, SIMILAC, PM 60/40, powder not reconstituted (formerly ROSS)",,,,524,11.4,28.71,54.94,52.38,0.0,462.0,0.308,1.28,46.2,8.61,131,5.392,0.77,0.514,288,0.462,1.13,31,0.026,144,9.8,3.85,0.513333333,0.181176471,0.533333333,0.513333333,0.574,0.3275,0.337,0.592307692,0.428333333,0.24,0.000513333,0.073809524,0.205714286,0.178181818,0.35
3838,Baby Foods,"INF FOR,ME JOH,ENF,NUTR LIPIL,W/ IRO,PDR,NOT RE,W/ ARA & DHA","Infant formula, MEAD JOHNSON, ENFAMIL, NUTRAMIGEN LIPIL, with iron, powder, not reconstituted, with ARA and DHA",,,,494,13.9,26.0,51.0,51.0,0.0,450.0,0.3,1.49,60.0,6.6,134,5.0,0.45,0.4,470,0.37,8.9,55,0.124,310,13.9,5.0,0.5,0.176470588,0.620833333,0.666666667,0.44,0.335,0.3125,0.346153846,0.333333333,0.391666667,0.000411111,0.130952381,0.442857143,0.252727273,0.454545455
3839,Baby Foods,"INF FORMULA, ABB NUT,SIMI,NAT CA,AD,RTF,W/ ARA & DHA","Infant formula, ABBOTT NUTRITION, SIMILAC, NATURAL CARE, ADVANCE, ready-to-feed, with ARA and DHA (formerly ROSS)",,,,78,2.12,4.24,8.2,8.2,0.0,292.0,0.195,0.43,28.9,2.09,49,3.902,0.484,0.195,163,0.195,0.29,9,0.009,91,1.4,1.17,0.324444444,0.114705882,0.179166667,0.321111111,0.139333333,0.1225,0.243875,0.372307692,0.1625,0.135833333,0.000216667,0.021428571,0.13,0.025454545,0.106363636
3840,Baby Foods,"INF FORMULA, AB NUT, SIM, SP CA, ADV 24,W/ IR, RT,W/ AR & DH","Infant formula, ABBOTT NUTRITION, SIMILAC, SPECIAL CARE, ADVANCE 24, with iron, ready-to-feed, with ARA and DHA (formerly ROSS)",,,,71,1.8,3.26,8.73,8.3,0.0,294.0,0.196,0.43,29.1,2.11,49,3.927,0.487,0.196,141,0.196,1.41,9,0.009,79,1.4,1.18,0.326666667,0.115294118,0.179166667,0.323333333,0.140666667,0.1225,0.2454375,0.374615385,0.163333333,0.1175,0.000217778,0.021428571,0.112857143,0.025454545,0.107272727
3841,Baby Foods,"INF FORMULA, ABBO NUTR, SIMIL,ISOMI,W/ IRON,RTF","Infant formula, ABBOTT NUTRITION, SIMILAC, ISOMIL, with iron, ready-to-feed (formerly ROSS)",,,,66,1.61,3.59,6.7,6.7,0.0,59.0,0.039,0.3,5.9,1.32,17,0.887,0.059,0.039,69,0.049,1.18,5,0.016,49,1.4,0.49,0.065555556,0.022941176,0.125,0.065555556,0.088,0.0425,0.0554375,0.045384615,0.0325,0.0575,5.44444e-05,0.011904762,0.07,0.025454545,0.044545455
3842,Baby Foods,"INF FORMULA, ABBOTT NUTR, SIMILAC, ISOMIL,W/ IRON,LIQ CONC","Infant formula, ABBOTT NUTRITION, SIMILAC, ISOMIL, with iron, liquid concentrate (formerly ROSS)",,,,128,3.13,6.98,13.21,13.1,0.0,114.0,0.077,0.58,11.5,1.2,33,1.725,0.115,0.077,134,0.096,2.3,10,0.032,96,2.7,0.96,0.126666667,0.045294118,0.241666667,0.127777778,0.08,0.0825,0.1078125,0.088461538,0.064166667,0.111666667,0.000106667,0.023809524,0.137142857,0.049090909,0.087272727
3843,Baby Foods,"INF FORMULA, ABBO NUTR, SIMILA, ISOMI, W/ IRON,PDR,NOT RECON","Infant formula, ABBOTT NUTRITION, SIMILAC, ISOMIL, with iron, powder, not reconstituted (formerly ROSS)",,,,517,12.6,28.09,53.57,52.97,0.0,462.0,0.309,2.31,46.3,5.1,131,6.943,0.463,0.309,540,0.386,9.26,39,0.129,386,10.8,3.86,0.513333333,0.181764706,0.9625,0.514444444,0.34,0.3275,0.4339375,0.356153846,0.2575,0.45,0.000428889,0.092857143,0.551428571,0.196363636,0.350909091
3844,Baby Foods,"INF FO,ME JO,ENF,NUTR,LIPIL,W/ IR,LIQ CO NOT RE,W/ ARA & DHA","Infant formula, MEAD JOHNSON, ENFAMIL, NUTRAMIGEN, LIPIL, with iron, liquid concentrate not reconstituted, with ARA and DHA",,,,126,3.53,6.73,13.12,9.87,0.0,112.0,0.077,0.37,15.1,1.68,34,1.271,0.114,0.101,123,0.095,2.28,14,0.0,80,3.5,1.27,0.124444444,0.045294118,0.154166667,0.167777778,0.112,0.085,0.0794375,0.087692308,0.084166667,0.1025,0.000105556,0.033333333,0.114285714,0.063636364,0.115454545
3845,Baby Foods,"INF FORMU,ME JOHNS,ENFAM,NUTRA,LIPI,W/ IRO,RTF,W/ ARA & DHA","Infant formula, MEAD JOHNSON, ENFAMIL, NUTRAMIGEN, LIPIL, with iron, ready-to-feed, with ARA and DHA",,,,66,1.83,3.5,6.81,5.13,0.0,58.0,0.04,0.19,7.9,0.87,18,0.66,0.059,0.052,62,0.05,1.18,7,0.0,42,1.8,0.66,0.064444444,0.023529412,0.079166667,0.087777778,0.058,0.045,0.04125,0.045384615,0.043333333,0.051666667,5.55556e-05,0.016666667,0.06,0.032727273,0.06
3846,Baby Foods,"INF FORMULA, ABBOTT NUTR, SIMILAC, ALIMENTUM, W/ IRON,RTF","Infant formula, ABBOTT NUTRITION, SIMILAC, ALIMENTUM, with iron, ready-to-feed (formerly ROSS)",,,,66,1.8,3.63,6.77,4.4,0.0,59.0,0.039,0.3,5.9,1.32,17,0.885,0.059,0.039,69,0.049,1.18,5,0.006,49,1.2,0.49,0.065555556,0.022941176,0.125,0.065555556,0.088,0.0425,0.0553125,0.045384615,0.0325,0.0575,5.44444e-05,0.011904762,0.07,0.021818182,0.044545455
3849,Baby Foods,"INF FORMU, ME JOHNS, ENFAM, ENFA LIP, W/IRO, POW, W/AR/AN DH","Infant formula, MEAD JOHNSON, ENFAMIL, ENFACARE LIPIL, with iron, powder, with ARA and DHA",,,,514,12.5,27.0,56.0,51.0,0.0,474.0,0.49,1.48,79.0,9.0,187,9.9,0.99,0.2,590,0.59,8.9,39,0.0,330,14.6,6.2,0.526666667,0.288235294,0.616666667,0.877777778,0.6,0.4675,0.61875,0.761538462,0.166666667,0.491666667,0.000655556,0.092857143,0.471428571,0.265454545,0.563636364
3850,Baby Foods,"INF FORMULA, ABBOTT NUTR, SIMILAC, W/ IRON, RTF","Infant formula, ABBOTT NUTRITION, SIMILAC, with iron, ready-to-feed (formerly ROSS)",,,,65,1.36,3.55,6.92,6.9,0.0,59.0,0.039,0.16,5.9,1.32,17,0.69,0.099,0.066,51,0.059,1.18,4,0.003,28,1.2,0.49,0.065555556,0.022941176,0.066666667,0.065555556,0.088,0.0425,0.043125,0.076153846,0.055,0.0425,6.55556e-05,0.00952381,0.04,0.021818182,0.044545455
3851,Baby Foods,"INF FORM, AB NUTR, SIMILAC, W/ IRON, LIQ CONC, NOT RECON","Infant formula, ABBOTT NUTRITION, SIMILAC, with iron, liquid concentrate, not reconstituted (formerly ROSS)",,,,127,2.64,6.89,13.76,13.76,0.0,114.0,0.076,0.32,11.5,1.28,33,1.339,0.191,0.127,99,0.115,2.3,8,0.006,54,2.8,0.96,0.126666667,0.044705882,0.133333333,0.127777778,0.085333333,0.0825,0.0836875,0.146923077,0.105833333,0.0825,0.000127778,0.019047619,0.077142857,0.050909091,0.087272727
3852,Baby Foods,"INF FORMULA, MEA JOH,EN,PR LIPI,W/ IRO,PD,NO RE,W/ ARA & DHA","Infant formula, MEAD JOHNSON, ENFAMIL, PROSOBEE LIPIL, with iron, powder, not reconstituted, with ARA and DHA",,,,510,12.5,27.0,53.0,53.0,0.0,430.0,0.3,1.42,60.0,6.4,136,5.0,0.45,0.4,530,0.38,9.5,55,0.125,420,13.3,6.0,0.477777778,0.176470588,0.591666667,0.666666667,0.426666667,0.34,0.3125,0.346153846,0.333333333,0.441666667,0.000422222,0.130952381,0.6,0.241818182,0.545454545
3853,Baby Foods,"INF FORMULA, ABBOTT NUTR, SIMILAC, W/ IRON, PDR, NOT RECON","Infant formula, ABBOTT NUTRITION, SIMILAC, with iron, powder, not reconstituted (formerly ROSS)",,,,522,10.89,28.87,54.73,54.73,0.0,473.0,0.316,1.32,47.3,5.29,134,5.522,0.789,0.526,410,0.473,9.47,32,0.026,221,11.6,3.94,0.525555556,0.185882353,0.55,0.525555556,0.352666667,0.335,0.345125,0.606923077,0.438333333,0.341666667,0.000525556,0.076190476,0.315714286,0.210909091,0.358181818
3854,Baby Foods,"INFFORMULA, MEAD JOHNS,ENFAMIL,PROSOB,LIPI,LC,NOTREC,ARA&DHA","Infant formula, MEAD JOHNSON, ENFAMIL, PROSOBEE, LIPIL, liquid concentrate, not reconstituted, with ARA and DHA",,,,131,3.19,7.11,13.58,13.58,0.0,113.0,0.077,0.38,15.3,1.16,34,1.283,0.115,0.102,134,0.096,2.3,14,0.0,106,3.6,1.53,0.125555556,0.045294118,0.158333333,0.17,0.077333333,0.085,0.0801875,0.088461538,0.085,0.111666667,0.000106667,0.033333333,0.151428571,0.065454545,0.139090909
3855,Baby Foods,"INF FORMULA, ABBOTT NUTR, SIMILAC, LO IRON, RTF","Infant formula, ABBOTT NUTRITION, SIMILAC, low iron, ready-to-feed (formerly ROSS)",,,,65,1.36,3.55,6.93,6.93,0.0,59.0,0.039,0.16,5.9,1.32,17,0.69,0.099,0.066,51,0.059,0.14,4,0.003,28,1.4,0.49,0.065555556,0.022941176,0.066666667,0.065555556,0.088,0.0425,0.043125,0.076153846,0.055,0.0425,6.55556e-05,0.00952381,0.04,0.025454545,0.044545455
3856,Baby Foods,"INF FORMULA, ABBOTT NUTR, SIMILAC, LO IRON,LIQ CONC,NOT RECO","Infant formula, ABBOTT NUTRITION, SIMILAC, low iron, liquid concentrate, not reconstituted (formerly ROSS)",,,,127,2.64,6.89,13.76,13.76,0.0,114.0,0.076,0.32,11.5,1.28,33,1.339,0.191,0.127,99,0.115,0.89,8,0.006,54,2.8,0.96,0.126666667,0.044705882,0.133333333,0.127777778,0.085333333,0.0825,0.0836875,0.146923077,0.105833333,0.0825,0.000127778,0.019047619,0.077142857,0.050909091,0.087272727
3857,Baby Foods,"INF FORMULA,MEJOHN,PROSOBE LIPI,W/ IRO,RE TO FE,W/ ARA & DHA","Infant formula, MEAD JOHNSON, PROSOBEE LIPIL, with iron, ready to feed, with ARA and DHA",,,,64,1.64,3.5,6.11,6.11,0.0,58.0,0.04,0.19,7.9,0.87,18,0.66,0.059,0.052,69,0.05,1.18,7,0.0,54,1.8,0.79,0.064444444,0.023529412,0.079166667,0.087777778,0.058,0.045,0.04125,0.045384615,0.043333333,0.0575,5.55556e-05,0.016666667,0.077142857,0.032727273,0.071818182
3858,Baby Foods,"INF FORMULA, ABBOTT NUTR, SIMILAC, LO IRON, PDR,NOT RECON","Infant formula, ABBOTT NUTRITION, SIMILAC, low iron, powder, not reconstituted (formerly ROSS)",,,,522,10.85,28.87,54.78,54.7,0.0,473.0,0.316,1.32,47.3,5.29,134,5.522,0.789,0.526,410,0.473,3.68,32,0.026,221,11.6,3.94,0.525555556,0.185882353,0.55,0.525555556,0.352666667,0.335,0.345125,0.606923077,0.438333333,0.341666667,0.000525556,0.076190476,0.315714286,0.210909091,0.358181818
3859,Baby Foods,"INF FORMULA,NESTLE,GOOD START SOY,W/ DHA & ARA,RTF","Infant formula, NESTLE, GOOD START SOY, with DHA and ARA, ready-to-feed",,,,64,1.6,3.28,7.13,5.68,0.0,58.0,0.038,0.19,7.7,0.94,17,0.864,0.06,0.039,67,0.051,1.15,7,0.0,41,1.9,0.58,0.064444444,0.022352941,0.079166667,0.085555556,0.062666667,0.0425,0.054,0.046153846,0.0325,0.055833333,5.66667e-05,0.016666667,0.058571429,0.034545455,0.052727273
3860,Baby Foods,"CHILD FORMULA,ABBOTT NUTR,PEDIASURE,RTF (FORMERLY ROSS)","Child formula, ABBOTT NUTRITION, PEDIASURE, ready-to-feed (formerly ROSS)",,,,99,2.86,4.77,11.15,10.5,0.0,74.0,0.248,0.57,9.5,1.46,60,1.614,0.201,0.258,93,0.095,1.34,19,0.239,76,2.2,1.15,0.082222222,0.145882353,0.2375,0.105555556,0.097333333,0.15,0.100875,0.154615385,0.215,0.0775,0.000105556,0.045238095,0.108571429,0.04,0.104545455
3861,Baby Foods,"INF FORM,MEAD JOHN,NEXT STEP,PROS LIPIL,PDR,W/ ARA & DHA","Infant formula, MEAD JOHNSON, NEXT STEP, PROSOBEE LIPIL, powder, with ARA and DHA",,,,480,15.6,21.0,57.1,56.0,0.0,430.0,0.28,1.42,57.0,6.4,129,4.7,0.43,0.38,920,0.36,9.5,52,0.24,620,13.3,5.7,0.477777778,0.164705882,0.591666667,0.633333333,0.426666667,0.3225,0.29375,0.330769231,0.316666667,0.766666667,0.0004,0.123809524,0.885714286,0.241818182,0.518181818
3864,Baby Foods,"INF FORM,ME JO,NEXT STEP,PROSO,LIPIL,REATO FEED,W/ ARA & DHA","Infant formula, MEAD JOHNSON, NEXT STEP, PROSOBEE, LIPIL, ready to feed, with ARA and DHA",,,,67,2.14,2.91,8.09,7.77,0.0,58.0,0.04,0.19,7.9,0.6,18,0.66,0.059,0.052,128,0.05,1.31,7,0.033,85,1.8,0.79,0.064444444,0.023529412,0.079166667,0.087777778,0.04,0.045,0.04125,0.045384615,0.043333333,0.106666667,5.55556e-05,0.016666667,0.121428571,0.032727273,0.071818182
3867,Baby Foods,"INF FORMULA,NESTLE,GOOD START SOY,W/ ARA & DHA,PDR","Infant formula, NESTLE, GOOD START SOY, with ARA and DHA, powder",,,,503,12.5,25.6,55.6,44.38,0.0,451.0,0.301,1.5,60.1,7.34,136,6.764,0.471,0.301,526,0.401,9.0,55,0.0,316,15.0,4.51,0.501111111,0.177058824,0.625,0.667777778,0.489333333,0.34,0.42275,0.362307692,0.250833333,0.438333333,0.000445556,0.130952381,0.451428571,0.272727273,0.41
3868,Baby Foods,"INF FORMULA, MEAD JOHNSON, ENFAMIL, LACTOFREE, RTF","Infant formula, MEAD JOHNSON, ENFAMIL, LACTOFREE, ready-to-feed",,,,63,1.38,3.5,7.18,7.18,0.0,58.0,0.04,0.19,7.9,0.87,18,0.66,0.092,0.052,53,0.05,1.18,5,0.0,36,1.8,0.66,0.064444444,0.023529412,0.079166667,0.087777778,0.058,0.045,0.04125,0.070769231,0.043333333,0.044166667,5.55556e-05,0.011904762,0.051428571,0.032727273,0.06
3869,Baby Foods,"INF FORMULA,MEAD JOHNSON,ENFAMIL,LACTOFREE,W/ IRN,PDR,NOTREC","Infant formula, MEAD JOHNSON, ENFAMIL, LACTOFREE, with iron, powder, not reconstituted",,,,521,10.85,28.0,57.0,57.0,0.0,470.0,0.31,1.56,62.0,6.9,141,5.2,0.13,0.42,430,0.39,9.4,42,0.0,290,14.6,5.2,0.522222222,0.182352941,0.65,0.688888889,0.46,0.3525,0.325,0.1,0.35,0.358333333,0.000433333,0.1,0.414285714,0.265454545,0.472727273
3870,Baby Foods,"CHI FORMU,ABBT NUTR,PEDIASU,RTF,W/ IRON & FIB (FORMER ROSS)","Child formula, ABBOTT NUTRITION, PEDIASURE, ready-to-feed, with iron and fiber (formerly ROSS)",,,,99,2.8,4.7,11.28,7.6,0.5,46.0,0.248,0.56,9.6,1.46,48,0.96,0.2,0.256,92,0.106,1.32,19,0.144,80,3.0,0.56,0.051111111,0.145882353,0.233333333,0.106666667,0.097333333,0.12,0.06,0.153846154,0.213333333,0.076666667,0.000117778,0.045238095,0.114285714,0.054545455,0.050909091
3900,Baby Foods,"INF FORMULA,NESTLE,GOOD START 2 ESSENTIALS,W/ IRON,RTF","Infant formula, NESTLE, GOOD START 2 ESSENTIALS, with iron, ready-to-feed",,,,65,1.7,2.7,8.54,6.19,0.0,48.0,0.042,0.16,5.9,0.91,17,0.65,0.091,0.052,78,0.055,1.2,5,0.0,52,1.3,0.52,0.053333333,0.024705882,0.066666667,0.065555556,0.060666667,0.0425,0.040625,0.07,0.043333333,0.065,6.11111e-05,0.011904762,0.074285714,0.023636364,0.047272727
3901,Baby Foods,"INF FORMULA, NE,GOO STAR 2 ESSENT,W/ IRON,LIQ CONC,NOT RECON","Infant formula, NESTLE, GOOD START 2 ESSENTIALS, with iron, liquid concentrate, not reconstituted",,,,125,3.25,5.13,16.5,11.9,0.0,98.0,0.081,0.31,11.0,1.75,32,1.25,0.175,0.1,150,0.106,2.25,10,0.0,100,2.5,1.0,0.108888889,0.047647059,0.129166667,0.122222222,0.116666667,0.08,0.078125,0.134615385,0.083333333,0.125,0.000117778,0.023809524,0.142857143,0.045454545,0.090909091
3913,Baby Foods,"INF FORMULA,NESTLE,GOOD START 2 ESSENTIALS,W/ IRON,PDR","Infant formula, NESTLE, GOOD START 2 ESSENTIALS, with iron, powder",,,,471,12.2,19.3,62.23,44.3,0.0,354.0,0.306,1.2,42.0,6.6,121,4.71,0.659,0.377,565,0.4,8.5,38,0.0,377,9.4,4.0,0.393333333,0.18,0.5,0.466666667,0.44,0.3025,0.294375,0.506923077,0.314166667,0.470833333,0.000444444,0.09047619,0.538571429,0.170909091,0.363636364
3925,Baby Foods,"INF FORMULA,NESTLE,GOOD START ESSENTIALS SOY,W/ IRON,RTF","Infant formula, NESTLE, GOOD START ESSENTIALS SOY, with iron, ready-to-feed",,,,65,1.63,3.3,7.17,5.69,0.0,50.0,0.039,0.2,7.8,0.95,17,0.845,0.061,0.039,68,0.078,1.25,7,0.0,41,1.6,0.6,0.055555556,0.022941176,0.083333333,0.086666667,0.063333333,0.0425,0.0528125,0.046923077,0.0325,0.056666667,8.66667e-05,0.016666667,0.058571429,0.029090909,0.054545455
3926,Baby Foods,"INF FORM,NEST,GOOD START ESSENT SOY,W/ IRON,LIQ CON,NOT RECO","Infant formula, NESTLE, GOOD START ESSENTIALS SOY, with iron, liquid concentrate, not reconstituted",,,,128,3.2,6.5,14.1,11.2,0.0,100.0,0.076,0.38,15.2,1.86,35,1.65,0.119,0.076,133,0.152,2.29,14,0.0,80,2.5,1.14,0.111111111,0.044705882,0.158333333,0.168888889,0.124,0.0875,0.103125,0.091538462,0.063333333,0.110833333,0.000168889,0.033333333,0.114285714,0.045454545,0.103636364
3928,Baby Foods,"INF FORMULA,NESTLE,GOOD START ESSENTIALS SOY,W/ IRON,PDR","Infant formula, NESTLE, GOOD START ESSENTIALS SOY, with iron, powder",,,,502,12.5,25.5,55.7,44.38,0.0,466.0,0.301,1.5,60.1,7.34,136,6.513,0.471,0.301,526,0.601,9.0,55,0.0,316,10.0,4.51,0.517777778,0.177058824,0.625,0.667777778,0.489333333,0.34,0.4070625,0.362307692,0.250833333,0.438333333,0.000667778,0.130952381,0.451428571,0.181818182,0.41
3929,Baby Foods,"INF FORMULA, MEAD JOHNSON,NEXT STEP PROSOBEE,PDR,NOT RECON","Infant formula, MEAD JOHNSON, NEXT STEP PROSOBEE, powder, not reconstituted",,,,480,15.6,21.0,57.1,56.0,0.0,430.0,0.28,1.42,57.0,4.28,129,4.7,0.43,0.38,920,0.36,9.5,52,0.24,620,13.3,5.7,0.477777778,0.164705882,0.591666667,0.633333333,0.285333333,0.3225,0.29375,0.330769231,0.316666667,0.766666667,0.0004,0.123809524,0.885714286,0.241818182,0.518181818
3930,Baby Foods,"INF FORMULA,MEAD JOHNSON,NEXT STEP PROSOBEE,PREP FROM PDR","Infant formula, MEAD JOHNSON,NEXT STEP PROSOBEE, prepared from powder",,,,67,2.14,2.91,8.08,7.77,0.0,58.0,0.04,0.19,7.9,0.87,18,0.66,0.059,0.052,128,0.05,1.31,7,0.033,85,1.8,0.79,0.064444444,0.023529412,0.079166667,0.087777778,0.058,0.045,0.04125,0.045384615,0.043333333,0.106666667,5.55556e-05,0.016666667,0.121428571,0.032727273,0.071818182
3934,Baby Foods,"BABYFOOD,CORN & SWT POTATOES,STR","Babyfood, corn and sweet potatoes, strained",,,,68,1.26,0.28,15.23,4.0,1.8,126.0,0.06,0.01,5.0,0.51,14,0.444,0.041,0.018,18,0.051,0.31,10,0.0,29,1.1,0.19,0.14,0.035294118,0.004166667,0.055555556,0.034,0.035,0.02775,0.031538462,0.015,0.015,5.66667e-05,0.023809524,0.041428571,0.02,0.017272727
3935,Baby Foods,"INF FORM, ABBO NUTR, SIMIL, ALIMENT, ADVAN, RTF,W/ ARA & DHA","Infant formula, ABBOTT NUTRITION, SIMILAC, ALIMENTUM, ADVANCE, ready-to-feed, with ARA and DHA (formerly ROSS)",,,,67,1.8,3.63,6.77,4.4,0.0,59.0,0.039,0.3,5.9,1.32,17,0.885,0.059,0.039,69,0.049,1.18,5,0.006,49,1.2,0.49,0.065555556,0.022941176,0.125,0.065555556,0.088,0.0425,0.0553125,0.045384615,0.0325,0.0575,5.44444e-05,0.011904762,0.07,0.021818182,0.044545455
3936,Baby Foods,"INF FORM,PBM PRODU,STORE BRAND,RTF (FORM WYETH-AYERST)","Infant formula, PBM PRODUCTS, store brand, ready-to-feed (formerly WYETH-AYERST)",,,,63,1.4,3.5,6.39,6.4,0.0,59.0,0.04,0.13,5.6,0.41,9,0.49,0.1,0.07,41,0.046,1.18,5,0.0,28,1.4,0.53,0.065555556,0.023529412,0.054166667,0.062222222,0.027333333,0.0225,0.030625,0.076923077,0.058333333,0.034166667,5.11111e-05,0.011904762,0.04,0.025454545,0.048181818
3937,Baby Foods,"INF FORM,PBM PROD,STORE BRAND,LC,NOT REC (FORM WYETH-AYERST)","Infant formula, PBM PRODUCTS, store brand, liquid concentrate, not reconstituted (formerly WYETH-AYERST)",,,,130,2.9,7.0,13.9,13.9,0.0,118.0,0.08,0.26,11.2,0.83,17,0.99,0.2,0.13,83,0.092,2.36,9,0.0,55,2.6,1.06,0.131111111,0.047058824,0.108333333,0.124444444,0.055333333,0.0425,0.061875,0.153846154,0.108333333,0.069166667,0.000102222,0.021428571,0.078571429,0.047272727,0.096363636
3938,Baby Foods,"INF FORMULA,PBM PRODUCTS,STORE BRAND,PDR","Infant formula, PBM PRODUCTS, store brand, powder (formerly WYETH-AYERST)",,,,524,12.0,28.0,56.0,56.0,0.0,473.0,0.33,1.02,43.3,3.38,66,3.94,0.79,0.53,331,0.37,9.5,36,0.0,221,11.0,3.9,0.525555556,0.194117647,0.425,0.481111111,0.225333333,0.165,0.24625,0.607692308,0.441666667,0.275833333,0.000411111,0.085714286,0.315714286,0.2,0.354545455
3939,Baby Foods,"INF FORMULA,PBM PRODUCTS,STORE BRAND,SOY,RTF","Infant formula, PBM PRODUCTS, store brand, soy, ready-to-feed (formerly WYETH-AYERST)",,,,63,1.8,3.5,6.09,6.1,0.0,59.0,0.04,0.2,5.4,0.42,9,0.49,0.1,0.07,59,0.046,1.18,7,0.0,41,1.4,0.53,0.065555556,0.023529412,0.083333333,0.06,0.028,0.0225,0.030625,0.076923077,0.058333333,0.049166667,5.11111e-05,0.016666667,0.058571429,0.025454545,0.048181818
3940,Baby Foods,"INF FORMU,PBM PRODU,STORE BR,SOY,LIQ CONC,NOT RECON","Infant formula, PBM PRODUCTS, store brand, soy, liquid concentrate, not reconstituted (formerly WYETH-AYERST)",,,,126,3.6,7.0,12.18,12.18,0.0,118.0,0.08,0.4,10.8,0.83,17,0.98,0.2,0.14,118,0.092,2.36,14,0.0,82,3.6,1.06,0.131111111,0.047058824,0.166666667,0.12,0.055333333,0.0425,0.06125,0.153846154,0.116666667,0.098333333,0.000102222,0.033333333,0.117142857,0.065454545,0.096363636
3941,Baby Foods,"INF FORMULA,PBM PRODUCTS,STORE BRAND,SOY,PDR","Infant formula, PBM PRODUCTS, store brand, soy, powder (formerly WYETH-AYERST)",,,,508,13.6,27.2,52.2,52.2,0.0,473.0,0.32,1.5,42.0,3.24,64,3.78,0.76,0.5,453,0.355,9.1,51,0.0,317,11.0,3.8,0.525555556,0.188235294,0.625,0.466666667,0.216,0.16,0.23625,0.584615385,0.416666667,0.3775,0.000394444,0.121428571,0.452857143,0.2,0.345454545
3942,Baby Foods,"INF FORMULA, MEAD JOHNS, ENFAMI, AR LIPIL, RTF,W/ ARA & DHA","Infant formula, MEAD JOHNSON, ENFAMIL, AR LIPIL, ready-to-feed, with ARA and DHA",,,,68,1.71,3.49,7.53,6.44,0.0,58.0,0.041,0.21,8.2,0.62,19,0.684,0.096,0.055,53,0.051,1.23,5,0.0,36,1.9,0.68,0.064444444,0.024117647,0.0875,0.091111111,0.041333333,0.0475,0.04275,0.073846154,0.045833333,0.044166667,5.66667e-05,0.011904762,0.051428571,0.034545455,0.061818182
3943,Baby Foods,"INF FORMULA, MEA JOHNSO, ENFAMI, AR LIPIL, PDR, W/ ARA & DHA","Infant formula, MEAD JOHNSON, ENFAMIL, AR LIPIL, powder, with ARA and DHA",,,,509,12.73,25.97,56.03,56.03,0.0,459.0,0.306,1.53,61.1,4.6,139,5.088,0.713,0.408,397,0.382,9.16,41,0.0,269,14.3,5.09,0.51,0.18,0.6375,0.678888889,0.306666667,0.3475,0.318,0.548461538,0.34,0.330833333,0.000424444,0.097619048,0.384285714,0.26,0.462727273
3944,Baby Foods,"INF FORM,ABBOT NUT,SIMIL NEOSU,RTF,W/ ARA & DHA","Infant formula, ABBOTT NUTRITION, SIMILAC NEOSURE, ready-to-feed, with ARA and DHA (formerly ROSS)",,,,69,1.92,3.77,6.94,6.9,0.0,94.0,0.068,0.27,10.3,1.11,29,1.336,0.102,0.151,72,0.082,1.23,6,0.006,42,1.6,0.82,0.104444444,0.04,0.1125,0.114444444,0.074,0.0725,0.0835,0.078461538,0.125833333,0.06,9.11111e-05,0.014285714,0.06,0.029090909,0.074545455
3945,Baby Foods,"INF FORMULA, ABBOTT, SIMILAC, NEOSURE, PDR, W/ ARA & DHA","Infant formula, ABBOTT NUTRITION, SIMILAC, NEOSURE, powder, with ARA and DHA (formerly ROSS)",,,,520,14.42,28.33,51.75,52.02,0.0,711.0,0.515,2.06,77.2,8.34,218,10.043,0.773,1.133,541,0.618,9.26,46,51.499,319,11.8,6.18,0.79,0.302941176,0.858333333,0.857777778,0.556,0.545,0.6276875,0.594615385,0.944166667,0.450833333,0.000686667,0.10952381,0.455714286,0.214545455,0.561818182
3946,Baby Foods,"INF FORMULA, ABB NUTR, SIMI,SENS (LACT FRE) RTF,W/ ARA & DHA","Infant formula, ABBOTT NUTRITION, SIMILAC, SENSITIVE (LACTOSE FREE) ready-to-feed, with ARA and DHA (formerly ROSS)",,,,68,1.48,3.74,7.4,7.4,0.0,62.0,0.042,0.17,6.0,0.93,18,0.726,0.104,0.069,58,0.06,1.24,3,0.003,39,1.2,0.52,0.068888889,0.024705882,0.070833333,0.066666667,0.062,0.045,0.045375,0.08,0.0575,0.048333333,6.66667e-05,0.007142857,0.055714286,0.021818182,0.047272727
3947,Baby Foods,"INF FORMULA, ABB NUT,SIMIL,SENS,(LACT FR),LIQ CON,W/ AR & DH","Infant formula, ABBOTT NUTRITION, SIMILAC, SENSITIVE, (LACTOSE FREE), liquid concentrate, with ARA and DHA (formerly ROSS)",,,,128,2.73,6.95,13.64,13.78,0.0,116.0,0.077,0.32,11.5,0.84,33,1.351,0.279,0.129,108,0.062,2.32,8,0.006,72,2.9,0.97,0.128888889,0.045294118,0.133333333,0.127777778,0.056,0.0825,0.0844375,0.214615385,0.1075,0.09,6.88889e-05,0.019047619,0.102857143,0.052727273,0.088181818
3948,Baby Foods,"INF FORMULA, ABB NUTR,SIMIL,SENS,(LACTO FR), PD, W/ ARA & DH","Infant formula, ABBOTT NUTRITION, SIMILAC, SENSITIVE, (LACTOSE FREE), powder, with ARA and DHA (formerly ROSS)",,,,520,11.13,28.14,55.67,55.67,0.0,468.0,0.316,1.28,45.1,7.07,128,5.462,0.782,0.519,436,0.451,9.33,30,0.023,293,9.0,3.91,0.52,0.185882353,0.533333333,0.501111111,0.471333333,0.32,0.341375,0.601538462,0.4325,0.363333333,0.000501111,0.071428571,0.418571429,0.163636364,0.355454545
3949,Baby Foods,"INF FORMULA, ABBOTT NUTR, SIMILAC, ADVANCE, W/ IRON, RTF","Infant formula, ABBOTT NUTRITION, SIMILAC, ADVANCE, with iron, ready-to-feed (formerly ROSS)",,,,66,1.36,3.7,6.77,6.9,0.0,59.0,0.039,0.16,5.9,1.32,17,0.69,0.099,0.066,53,0.059,1.18,4,0.003,28,1.2,0.49,0.065555556,0.022941176,0.066666667,0.065555556,0.088,0.0425,0.043125,0.076153846,0.055,0.044166667,6.55556e-05,0.00952381,0.04,0.021818182,0.044545455
3950,Baby Foods,"INF FORMULA,ABBOTT NUTR,SIMILAC,ADVANC,W/ IRON,PDR,NOT RECON","Infant formula, ABBOTT NUTRITION, SIMILAC, ADVANCE, with iron, powder, not reconstituted (formerly ROSS)",,,,522,10.89,28.87,54.73,54.73,0.0,473.0,0.316,1.32,47.3,5.29,134,5.522,0.789,0.526,410,0.473,9.47,32,0.026,221,11.6,3.94,0.525555556,0.185882353,0.55,0.525555556,0.352666667,0.335,0.345125,0.606923077,0.438333333,0.341666667,0.000525556,0.076190476,0.315714286,0.210909091,0.358181818
3951,Baby Foods,"INF FORMU,ABBO NUTR,SIMILAC,ADVAN,W/ IRON,LIQ CONC,NOT RECON","Infant formula, ABBOTT NUTRITION, SIMILAC, ADVANCE, with iron, liquid concentrate, not reconstituted (formerly ROSS)",,,,127,2.64,6.89,13.52,13.52,0.0,114.0,0.076,0.32,11.5,1.28,33,1.339,0.191,0.127,99,0.115,2.3,8,0.006,54,2.8,0.96,0.126666667,0.044705882,0.133333333,0.127777778,0.085333333,0.0825,0.0836875,0.146923077,0.105833333,0.0825,0.000127778,0.019047619,0.077142857,0.050909091,0.087272727
3952,Baby Foods,"INF FORMULA, ABB NUTR, SIMIL, ISOMIL, ADVA W/ IRON,LIQ CONC","Infant formula, ABBOTT NUTRITION, SIMILAC, ISOMIL, ADVANCE with iron, liquid concentrate (formerly ROSS)",,,,128,3.13,6.98,13.21,13.1,0.0,114.0,0.077,0.58,11.5,1.2,33,1.725,0.115,0.077,134,0.096,2.3,10,0.032,96,2.7,0.96,0.126666667,0.045294118,0.241666667,0.127777778,0.08,0.0825,0.1078125,0.088461538,0.064166667,0.111666667,0.000106667,0.023809524,0.137142857,0.049090909,0.087272727
3953,Baby Foods,"INF FORMULA, ABBO NUTR,SIMIL,ISOMIL, ADVANCE W/ IRON,RTF","Infant formula, ABBOTT NUTRITION, SIMILAC, ISOMIL, ADVANCE with iron, ready-to-feed (formerly ROSS)",,,,66,1.61,3.59,6.7,6.7,0.0,59.0,0.039,0.3,5.9,1.32,17,0.887,0.059,0.039,69,0.049,1.18,5,0.016,49,1.4,0.49,0.065555556,0.022941176,0.125,0.065555556,0.088,0.0425,0.0554375,0.045384615,0.0325,0.0575,5.44444e-05,0.011904762,0.07,0.025454545,0.044545455
3954,Baby Foods,"INF FORMULA, ABB NUTR, SIMI, ISOMI, ADVAN W/ IRO ,PD,NOT REC","Infant formula, ABBOTT NUTRITION, SIMILAC, ISOMIL, ADVANCE with iron, powder, not reconstituted (formerly ROSS)",,,,517,12.6,28.09,53.57,52.97,0.0,462.0,0.309,2.31,46.3,5.1,131,6.943,0.463,0.309,540,0.386,9.26,39,0.129,386,10.8,3.86,0.513333333,0.181764706,0.9625,0.514444444,0.34,0.3275,0.4339375,0.356153846,0.2575,0.45,0.000428889,0.092857143,0.551428571,0.196363636,0.350909091
3955,Baby Foods,"INF FORMULA,MEAD JOHNSON,ENFAMIL,ENFACARE LIPIL,RTF, ARA&DHA","Infant Formula, MEAD JOHNSON, ENFAMIL, ENFACARE LIPIL, ready-to-feed, with ARA and DHA",,,,71,2.0,3.8,7.4,7.4,0.0,58.0,0.071,0.21,11.3,1.32,31,1.423,0.141,0.141,86,0.086,1.28,6,0.011,47,2.0,0.88,0.064444444,0.041764706,0.0875,0.125555556,0.088,0.0775,0.0889375,0.108461538,0.1175,0.071666667,9.55556e-05,0.014285714,0.067142857,0.036363636,0.08
3956,Baby Foods,"BABYFOOD,YOGURT,WHL MILK,W/ FRUIT,MULTIGRAIN CRL & ADDED DHA","Babyfood, yogurt, whole milk, with fruit, multigrain cereal and added DHA",,,,98,3.4,3.53,13.22,11.46,0.3,24.0,0.034,0.32,1.4,0.07,8,0.119,0.129,0.047,107,0.023,0.15,15,0.101,95,2.8,0.59,0.026666667,0.02,0.133333333,0.015555556,0.004666667,0.02,0.0074375,0.099230769,0.039166667,0.089166667,2.55556e-05,0.035714286,0.135714286,0.050909091,0.053636364
3957,Baby Foods,"INF FORM,ABBOTT,ALIMENTUM ADVANCE,IRON,PDR,NOTREC,DHA&ARA","Infant formula, ABBOTT NUTRITION, ALIMENTUM ADVANCE, with iron, powder, not reconstituted, with DHA and ARA (formerly ROSS)",,,,517,13.99,28.19,51.91,34.18,0.0,458.0,0.305,2.29,45.8,10.24,130,6.87,0.458,0.305,534,0.382,9.16,38,0.0,382,9.3,3.82,0.508888889,0.179411765,0.954166667,0.508888889,0.682666667,0.325,0.429375,0.352307692,0.254166667,0.445,0.000424444,0.09047619,0.545714286,0.169090909,0.347272727
3959,Baby Foods,"BABYFOOD,MSHD CHEDDAR POTATOES&BROCCOLI,TODDLER","Babyfood, mashed cheddar potatoes and broccoli, toddlers",,,,48,1.11,1.47,7.47,1.17,1.2,13.0,0.089,0.01,1.5,0.09,6,0.419,0.02,0.03,20,0.06,0.16,8,0.056,24,0.5,0.16,0.014444444,0.052352941,0.004166667,0.016666667,0.006,0.015,0.0261875,0.015384615,0.025,0.016666667,6.66667e-05,0.019047619,0.034285714,0.009090909,0.014545455
3960,Baby Foods,"INF FORMULA,NESTLE,GOOD START SUPREME,W/ IRON,DHA & ARA,RTF","Infant formula, NESTLE, GOOD START SUPREME, with iron, DHA and ARA, ready-to-feed",,,,66,1.45,3.37,7.39,5.0,0.0,60.0,0.05,0.22,5.9,0.99,17,0.693,0.092,0.066,42,0.053,0.99,5,0.0,24,1.3,0.53,0.066666667,0.029411765,0.091666667,0.065555556,0.066,0.0425,0.0433125,0.070769231,0.055,0.035,5.88889e-05,0.011904762,0.034285714,0.023636364,0.048181818
3961,Baby Foods,"INF FORM,NESTLE,GOOD START SUPREME,IRON,DHA&ARA,PRP FR LC","Infant formula, NESTLE, GOOD START SUPREME, with iron, DHA and ARA, prepared from liquid concentrate",,,,66,1.45,3.37,7.39,5.0,0.0,60.0,0.05,0.22,5.9,0.99,17,0.693,0.092,0.066,42,0.053,0.99,5,0.0,24,1.3,0.53,0.066666667,0.029411765,0.091666667,0.065555556,0.066,0.0425,0.0433125,0.070769231,0.055,0.035,5.88889e-05,0.011904762,0.034285714,0.023636364,0.048181818
3963,Baby Foods,"INFFORM,MEADJOHNSON,ENFAMIL GENTLEASE LIPIL,W/IRON,PREPFRPDR","Infant Formula, MEAD JOHNSON, ENFAMIL GENTLEASE LIPIL, with iron, prepared from powder",,,,63,1.52,3.5,6.39,6.44,0.0,58.0,0.039,0.21,7.9,0.63,18,0.66,0.092,0.052,53,0.05,1.18,5,0.01,30,1.8,0.66,0.064444444,0.022941176,0.0875,0.087777778,0.042,0.045,0.04125,0.070769231,0.043333333,0.044166667,5.55556e-05,0.011904762,0.042857143,0.032727273,0.06
3964,Baby Foods,"BABY FD,FORT CRL BAR,FRUIT FILLING","Baby food, fortified cereal bar, fruit filling",,,,344,5.43,5.3,68.63,42.0,1.7,14.0,1.105,0.19,2.4,0.9,98,11.842,1.053,0.921,1053,0.082,13.16,19,0.461,247,14.1,0.59,0.015555556,0.65,0.079166667,0.026666667,0.06,0.245,0.740125,0.81,0.7675,0.8775,9.11111e-05,0.045238095,0.352857143,0.256363636,0.053636364
3965,Baby Foods,"BABYFOOD,YOGURT,WHL MILK,W/ FRUIT,MULTIGRAIN CRL & IRON","Babyfood, yogurt, whole milk, with fruit, multigrain cereal and added iron",,,,92,3.05,3.08,13.0,11.46,0.6,22.0,0.036,0.29,3.6,0.09,7,0.119,0.12,0.048,98,0.031,4.18,15,0.064,86,2.4,0.54,0.024444444,0.021176471,0.120833333,0.04,0.006,0.0175,0.0074375,0.092307692,0.04,0.081666667,3.44444e-05,0.035714286,0.122857143,0.043636364,0.049090909
3966,Baby Foods,"INF FORMULA,NESTLE,GOOD START SOY,W/ DHA & ARA,LIQ CONC","Infant formula, NESTLE, GOOD START SOY, with DHA and ARA, liquid concentrate",,,,132,3.31,6.67,14.71,11.74,0.0,119.0,0.08,0.4,15.9,1.94,36,1.784,0.125,0.079,139,0.106,2.38,15,0.0,84,4.0,1.19,0.132222222,0.047058824,0.166666667,0.176666667,0.129333333,0.09,0.1115,0.096153846,0.065833333,0.115833333,0.000117778,0.035714286,0.12,0.072727273,0.108181818
3967,Baby Foods,"TODDL FORM,ME JOHN,ENFA,PREM (FORME ENL,LIPIL,NEXT STEP),PDR","Toddler formula, MEAD JOHNSON, ENFAGROW, PREMIUM (formerly ENFAMIL, LIPIL, NEXT STEP), powder",,,,501,13.0,26.9,56.0,53.0,0.0,456.0,0.3,1.52,45.0,4.5,138,5.3,0.75,0.5,600,0.45,9.0,40,0.0,420,14.0,4.5,0.506666667,0.176470588,0.633333333,0.5,0.3,0.345,0.33125,0.576923077,0.416666667,0.5,0.0005,0.095238095,0.6,0.254545455,0.409090909
3968,Baby Foods,"TODDLER FORMULA, MEAD JOHNSON, ENFAGROW PREMIUM, RTF","Toddler formula, MEAD JOHNSON, ENFAGROW PREMIUM (formerly ENFAMIL, LIPIL, NEXT STEP), ready-to-feed",,,,64,1.78,3.63,7.18,7.18,0.0,58.0,0.041,0.21,8.2,0.87,19,0.684,0.096,0.055,133,0.051,1.37,5,0.0,89,1.9,0.68,0.064444444,0.024117647,0.0875,0.091111111,0.058,0.0475,0.04275,0.073846154,0.045833333,0.110833333,5.66667e-05,0.011904762,0.127142857,0.034545455,0.061818182
3980,Baby Foods,"INF FORMULA,MEAD JOHNSON,ENFAMIL,GENTLEASE,PDR","Infant Formula, MEAD JOHNSON, ENFAMIL, GENTLEASE, powder",,,,514,11.8,27.0,56.0,56.0,0.0,460.0,0.31,1.54,62.0,4.64,139,5.1,0.72,0.41,420,0.39,9.3,41,0.077,240,14.4,5.1,0.511111111,0.182352941,0.641666667,0.688888889,0.309333333,0.3475,0.31875,0.553846154,0.341666667,0.35,0.000433333,0.097619048,0.342857143,0.261818182,0.463636364
3981,Baby Foods,"INF FORMULA, MEAD JOHNS, ENFAMIL, ENFAGROW, GENTLEA,TOD, RTF","Infant formula, MEAD JOHNSON, ENFAMIL, ENFAGROW, GENTLEASE, Toddler, ready-to-feed",,,,66,1.71,3.5,6.9,6.9,0.0,60.0,0.039,0.2,7.9,0.59,18,0.657,0.092,0.053,128,0.049,1.31,5,0.01,85,1.8,0.66,0.066666667,0.022941176,0.083333333,0.087777778,0.039333333,0.045,0.0410625,0.070769231,0.044166667,0.106666667,5.44444e-05,0.011904762,0.121428571,0.032727273,0.06
3982,Baby Foods,"INF FORMULA, MEAD JOHNSON, ENFAMIL, ENFAGROW, SOY, TODD RTF","Infant formula, MEAD JOHNSON, ENFAMIL, Enfagrow, Soy, Toddler ready-to-feed",,,,65,2.17,2.89,7.64,7.64,0.0,60.0,0.039,0.2,7.9,0.59,18,0.657,0.059,0.053,128,0.049,1.31,7,0.033,85,1.8,0.79,0.066666667,0.022941176,0.083333333,0.087777778,0.039333333,0.045,0.0410625,0.045384615,0.044166667,0.106666667,5.44444e-05,0.016666667,0.121428571,0.032727273,0.071818182
3983,Baby Foods,"INF FORMULA,MEAD JOHNSON,ENFAMIL,NUTRAMIGEN AA,RTF","Infant formula, MEAD JOHNSON, ENFAMIL, NUTRAMIGEN AA, ready-to-feed",,,,66,1.84,3.48,6.76,6.76,0.0,59.0,0.039,0.2,7.9,0.59,18,0.657,0.059,0.053,62,0.049,1.18,7,0.039,34,1.8,0.66,0.065555556,0.022941176,0.083333333,0.087777778,0.039333333,0.045,0.0410625,0.045384615,0.044166667,0.051666667,5.44444e-05,0.016666667,0.048571429,0.032727273,0.06
3984,Baby Foods,"INF FORMULA,MEAD JOHNSON,ENFAMIL,PREMATURE,20 CAL RTF","Infant formula, MEAD JOHNSON, ENFAMIL, Premature, 20 calories ready-to-feed",,,,66,1.97,3.34,7.21,7.2,0.0,250.0,0.098,0.16,13.1,1.86,45,2.623,0.197,0.131,108,0.079,1.18,6,0.004,54,1.8,0.98,0.277777778,0.057647059,0.066666667,0.145555556,0.124,0.1125,0.1639375,0.151538462,0.109166667,0.09,8.77778e-05,0.014285714,0.077142857,0.032727273,0.089090909
3985,Baby Foods,"INF FORMULA,MEAD JOHNSON,ENFAMIL,PREMATURE,24 CALO RTF","Infant formula, MEAD JOHNSON, ENFAMIL, Premature, 24 calo ready-to-feed",,,,67,1.97,3.34,7.19,7.21,0.0,248.0,0.098,0.16,13.1,1.86,45,2.623,0.197,0.131,108,0.079,1.18,6,0.004,54,1.8,0.98,0.275555556,0.057647059,0.066666667,0.145555556,0.124,0.1125,0.1639375,0.151538462,0.109166667,0.09,8.77778e-05,0.014285714,0.077142857,0.032727273,0.089090909
3986,Baby Foods,"INF FORMULA,MEAD JOHNSON,ENFAMIL,PREMIUM,NEWBORN,RTF","Infant Formula, MEAD JOHNSON, ENFAMIL, Premium, Newborn, ready-to-feed",,,,66,1.38,3.48,7.39,7.39,0.0,60.0,0.039,0.2,7.9,0.63,18,0.657,0.092,0.053,51,0.049,1.18,5,0.009,28,1.8,0.66,0.066666667,0.022941176,0.083333333,0.087777778,0.042,0.045,0.0410625,0.070769231,0.044166667,0.0425,5.44444e-05,0.011904762,0.04,0.032727273,0.06
3987,Baby Foods,"INF FORMULA, GERBER, GOOD START 2 SOY,W/ IRON,RTF","Infant formula, GERBER, GOOD START 2 Soy, with iron, ready-to-feed",,,,65,1.84,3.28,7.15,7.14,0.0,60.0,0.039,0.2,7.9,0.89,17,0.689,0.062,0.039,125,0.049,1.31,7,0.033,70,2.0,0.59,0.066666667,0.022941176,0.083333333,0.087777778,0.059333333,0.0425,0.0430625,0.047692308,0.0325,0.104166667,5.44444e-05,0.016666667,0.1,0.036363636,0.053636364
3988,Baby Foods,"INF FORMULA,GERBER,GOOD START,PROTECT PLUS,RTF","Infant formula, GERBER, GOOD START, PROTECT PLUS, ready-to-feed",,,,65,1.44,3.36,7.17,7.17,0.0,60.0,0.049,0.0,10.0,0.59,17,0.689,0.092,0.066,44,0.08,0.98,5,0.01,25,3.0,0.52,0.066666667,0.028823529,0.0,0.111111111,0.039333333,0.0425,0.0430625,0.070769231,0.055,0.036666667,8.88889e-05,0.011904762,0.035714286,0.054545455,0.047272727
3989,Baby Foods,"INF FORMULA,GERBER GOOD START 2,GENTLE PLUS,RTF","Infant Formula, GERBER GOOD START 2, GENTLE PLUS, ready-to-feed",,,,66,1.44,3.34,7.61,7.61,0.0,60.0,0.049,0.22,7.9,0.59,17,0.689,0.092,0.066,125,0.052,1.31,0,0.01,70,2.0,0.52,0.066666667,0.028823529,0.091666667,0.087777778,0.039333333,0.0425,0.0430625,0.070769231,0.055,0.104166667,5.77778e-05,0.0,0.1,0.036363636,0.047272727
3990,Baby Foods,"INF FORMULA, GERBER, GOOD START 2,PROTECT PLUS, RTF","Infant formula, GERBER, GOOD START 2, PROTECT PLUS, ready-to-feed",,,,66,1.44,3.37,7.39,7.34,0.0,60.0,0.049,0.0,10.0,0.59,17,0.689,0.092,0.066,44,0.08,0.98,5,0.01,25,3.0,0.52,0.066666667,0.028823529,0.0,0.111111111,0.039333333,0.0425,0.0430625,0.070769231,0.055,0.036666667,8.88889e-05,0.011904762,0.035714286,0.054545455,0.047272727
3991,Baby Foods,"INF FORMULA, ABBO NU,SIMIL,GO & GR,RTF,W/ ARA & DHA","Infant formula, ABBOTT NUTRITION, SIMILAC, GO AND GROW, ready-to-feed, with ARA and DHA (formerly ROSS)",,,,66,1.97,3.54,6.69,6.69,0.0,60.0,0.039,0.2,7.9,0.89,17,0.689,0.098,0.066,128,0.059,1.31,6,0.003,85,1.2,0.49,0.066666667,0.022941176,0.083333333,0.087777778,0.059333333,0.0425,0.0430625,0.075384615,0.055,0.106666667,6.55556e-05,0.014285714,0.121428571,0.021818182,0.044545455
3992,Baby Foods,"INF FORMU, ABBO NUTR, SIMIL, EXPERT CARE, DIARRH RT","Infant formula, ABBOTT NUTRITION, SIMILAC, Expert Care, Diarrhea, ready- to- feed with ARA and DHA",,,,66,1.76,3.6,6.67,6.66,0.7,60.0,0.039,0.3,5.9,0.44,17,0.885,0.059,0.039,69,0.049,1.18,5,0.016,49,1.2,0.49,0.066666667,0.022941176,0.125,0.065555556,0.029333333,0.0425,0.0553125,0.045384615,0.0325,0.0575,5.44444e-05,0.011904762,0.07,0.021818182,0.044545455
3993,Baby Foods,"INF FORMULA, ABBO NUTR, SIMIL, FOR SPIT UP, RTF,W/ ARA & DHA","Infant formula, ABBOTT NUTRITION, SIMILAC, For Spit Up, ready-to-feed, with ARA and DHA (formerly ROSS)",,,,66,1.4,3.54,7.19,7.19,0.0,60.0,0.039,0.16,5.9,0.89,17,0.689,0.098,0.066,55,0.059,1.18,4,0.003,37,1.2,0.49,0.066666667,0.022941176,0.066666667,0.065555556,0.059333333,0.0425,0.0430625,0.075384615,0.055,0.045833333,6.55556e-05,0.00952381,0.052857143,0.021818182,0.044545455
3994,Baby Foods,"BABYFD,FRU,BAN AND STRAW, JU","Babyfood, fruit, banana and strawberry, junior",,,,109,0.71,0.37,25.78,19.29,1.4,3.0,0.395,0.0,12.9,0.12,22,0.728,0.08,0.035,0,0.087,0.14,30,0.3,24,1.1,0.23,0.003333333,0.232352941,0.0,0.143333333,0.008,0.055,0.0455,0.061538462,0.029166667,0.0,9.66667e-05,0.071428571,0.034285714,0.02,0.020909091
3995,Baby Foods,"BABYFOO,BAN WI MIX BERR,ST","Babyfood, banana with mixed berries, strained",,,,92,1.01,0.36,21.31,15.0,1.0,3.0,0.257,0.0,18.2,0.37,20,0.623,0.058,0.028,0,0.094,0.0,23,0.351,20,0.8,0.23,0.003333333,0.151176471,0.0,0.202222222,0.024666667,0.05,0.0389375,0.044615385,0.023333333,0.0,0.000104444,0.054761905,0.028571429,0.014545455,0.020909091
3996,Baby Foods,"BABYFOOD,MULTIGRAIN WHL GRAIN CRL,DRY","Babyfood, Multigrain whole grain cereal, dry",,,,405,6.25,6.25,80.89,12.5,6.7,0.0,1.094,4.69,0.0,4.22,80,14.063,1.25,1.094,750,0.225,28.13,95,2.459,500,31.7,10.0,0.0,0.643529412,1.954166667,0.0,0.281333333,0.2,0.8789375,0.961538462,0.911666667,0.625,0.00025,0.226190476,0.714285714,0.576363636,0.909090909
3997,Baby Foods,"BABYFOOD,BABY MUM MUM RICE BISCUITS","Babyfood, Baby MUM MUM Rice Biscuits",,,,391,12.5,0.87,83.21,12.5,0.0,0.0,0.571,0.0,0.0,0.17,14,2.896,0.037,0.174,0,0.156,0.0,47,0.732,127,8.0,0.65,0.0,0.335882353,0.0,0.0,0.011333333,0.035,0.181,0.028461538,0.145,0.0,0.000173333,0.111904762,0.181428571,0.145454545,0.059090909
3998,Baby Foods,"BABYFD,SNK,GE,GRAD,LIL CRUNCH,BKD,WHLGRN,CORN SNK","Babyfood, Snack, GERBER, GRADUATES, LIL CRUNCHIES, baked whole grain corn snack",,,,503,0.0,28.57,61.59,0.0,0.0,39.0,0.258,0.1,0.0,8.57,19,1.291,0.099,0.169,285,0.16,6.4,69,0.312,1044,12.1,3.57,0.043333333,0.151764706,0.041666667,0.0,0.571333333,0.0475,0.0806875,0.076153846,0.140833333,0.2375,0.000177778,0.164285714,1.491428571,0.22,0.324545455
3999,Baby Foods,"INF FORMULA, ABBOTT NUTRIT, SIMILAC, FOR SPIT UP, POW","Infant formula, ABBOTT NUTRITION, SIMILAC, For Spit Up, powder, with ARA and DHA (formerly ROSS)",,,,514,11.0,27.75,55.0,55.0,0.0,467.0,0.308,1.28,46.0,6.93,131,5.396,0.771,0.514,432,0.463,9.3,31,0.026,288,9.3,3.83,0.518888889,0.181176471,0.533333333,0.511111111,0.462,0.3275,0.33725,0.593076923,0.428333333,0.36,0.000514444,0.073809524,0.411428571,0.169090909,0.348181818
4001,Fats and Oils,"FAT,BEEF TALLOW","Fat, beef tallow",,,,902,0.0,100.0,0.0,0.0,0.0,0.0,0.0,0.0,0.0,2.7,0,0.0,0.0,0.0,0,0.0,0.0,0,0.0,0,0.2,0.0,0.0,0.0,0.0,0.0,0.18,0.0,0.0,0.0,0.0,0.0,0.0,0.0,0.0,0.003636364,0.0
4002,Fats and Oils,LARD,Lard,,,,902,0.0,100.0,0.0,0.0,0.0,0.0,0.0,0.0,0.0,0.6,0,0.0,0.0,0.0,0,0.0,0.0,0,0.0,0,0.2,0.11,0.0,0.0,0.0,0.0,0.04,0.0,0.0,0.0,0.0,0.0,0.0,0.0,0.0,0.003636364,0.01
4011,Fats and Oils,"SALAD DRSNG,KRAFT MAYO LT MAYO","Salad dressing, KRAFT Mayo Light Mayonnaise",,"Kraft Foods, Inc.",,334,0.6,32.9,8.5,4.2,0.1,0.0,0.0,0.0,0.3,0.0,0,0.0,0.0,0.0,6,0.0,0.2,0,0.0,58,0.0,0.0,0.0,0.0,0.0,0.003333333,0.0,0.0,0.0,0.0,0.0,0.005,0.0,0.0,0.082857143,0.0,0.0
4013,Fats and Oils,"SALAD DRSNG,KRAFT MAYO FAT FREE MAYO DRSNG","Salad dressing, KRAFT Mayo Fat Free Mayonnaise Dressing",,,,70,0.2,2.7,12.4,6.8,2.0,0.0,0.0,0.0,0.0,0.0,0,0.0,0.0,0.0,6,0.0,0.1,0,0.0,27,0.0,0.0,0.0,0.0,0.0,0.0,0.0,0.0,0.0,0.0,0.0,0.005,0.0,0.0,0.038571429,0.0,0.0
4014,Fats and Oils,"SALAD DRSNG,KRAFT MIRACLE WHIP FREE NONFAT DRSNG","Salad dressing, KRAFT MIRACLE WHIP FREE Nonfat Dressing",,"Kraft Foods, Inc.",,84,0.2,2.7,15.5,10.3,1.9,0.0,0.0,0.0,0.0,0.0,0,0.0,0.0,0.0,6,0.0,0.12,0,0.0,5,0.0,0.0,0.0,0.0,0.0,0.0,0.0,0.0,0.0,0.0,0.0,0.005,0.0,0.0,0.007142857,0.0,0.0
4015,Fats and Oils,"SALAD DRSNG,RUSSIAN DRSNG","Salad dressing, russian dressing",,,,355,0.69,26.18,31.9,17.68,0.7,29.0,0.097,0.0,6.0,3.32,5,0.594,0.046,0.029,13,0.058,0.6,10,0.063,20,1.6,0.22,0.032222222,0.057058824,0.0,0.066666667,0.221333333,0.0125,0.037125,0.035384615,0.024166667,0.010833333,6.44444e-05,0.023809524,0.028571429,0.029090909,0.02
4016,Fats and Oils,"SALAD DRSNG,SESAME SD DRSNG,REG","Salad dressing, sesame seed dressing, regular",,,,443,3.1,45.2,8.6,8.32,1.0,2.0,0.0,0.0,0.0,5.0,0,0.0,0.0,0.0,19,0.0,0.6,0,0.0,37,1.6,0.1,0.002222222,0.0,0.0,0.0,0.333333333,0.0,0.0,0.0,0.0,0.015833333,0.0,0.0,0.052857143,0.029090909,0.009090909
4017,Fats and Oils,"SALAD DRSNG,1000 ISLAND,COMM,REG","Salad dressing, thousand island, commercial, regular",,,,379,1.09,35.06,14.64,15.18,0.8,14.0,0.0,0.0,0.0,4.0,0,0.418,0.058,1.445,17,0.0,1.18,8,0.04,27,1.5,0.26,0.015555556,0.0,0.0,0.0,0.266666667,0.0,0.026125,0.044615385,1.204166667,0.014166667,0.0,0.019047619,0.038571429,0.027272727,0.023636364
4018,Fats and Oils,"SALAD DRSNG,MAYO TYPE,REG,W/SALT","Salad dressing, mayonnaise type, regular, with salt",,,,250,0.65,21.6,14.78,10.02,0.0,5.0,0.009,0.04,0.0,1.55,6,0.004,0.03,0.01,5,0.015,0.12,2,0.015,13,0.4,0.07,0.005555556,0.005294118,0.016666667,0.0,0.103333333,0.015,0.00025,0.023076923,0.008333333,0.004166667,1.66667e-05,0.004761905,0.018571429,0.007272727,0.006363636
4020,Fats and Oils,"SALAD DRSNG,FRENCH DRSNG,RED FAT","Salad dressing, french dressing, reduced fat",,,,222,0.58,11.52,31.22,16.86,1.5,27.0,0.055,0.0,4.8,1.0,2,0.467,0.052,0.024,11,0.16,0.73,8,0.11,16,1.6,0.2,0.03,0.032352941,0.0,0.053333333,0.066666667,0.005,0.0291875,0.04,0.02,0.009166667,0.000177778,0.019047619,0.022857143,0.029090909,0.018181818
4021,Fats and Oils,"SALAD DRSNG,ITALIAN DRSNG,COMM,RED FAT","Salad dressing, italian dressing, commercial, reduced fat",,,,102,0.39,6.68,9.99,9.16,0.0,1.0,0.055,0.0,0.0,4.28,3,0.094,0.008,0.012,15,0.019,0.25,4,0.029,12,1.6,0.06,0.001111111,0.032352941,0.0,0.0,0.285333333,0.0075,0.005875,0.006153846,0.01,0.0125,2.11111e-05,0.00952381,0.017142857,0.029090909,0.005454545
4022,Fats and Oils,"SALAD DRSNG,RUSSIAN DRSNG,LO CAL","Salad dressing, russian dressing, low calorie",,,,141,0.5,4.0,27.6,21.87,0.3,2.0,0.009,0.12,6.0,0.4,3,0.002,0.013,0.007,19,0.01,0.6,0,0.0,37,1.6,0.1,0.002222222,0.005294118,0.05,0.066666667,0.026666667,0.0075,0.000125,0.01,0.005833333,0.015833333,1.11111e-05,0.0,0.052857143,0.029090909,0.009090909
4023,Fats and Oils,"SALAD DRSNG,1000 ISLAND DRSNG,RED FAT","Salad dressing, thousand island dressing, reduced fat",,,,195,0.83,11.32,24.06,17.31,1.2,16.0,0.0,0.0,1.5,1.0,0,0.437,0.043,0.049,27,0.0,0.9,7,0.12,14,0.0,0.19,0.017777778,0.0,0.0,0.016666667,0.066666667,0.0,0.0273125,0.033076923,0.040833333,0.0225,0.0,0.016666667,0.02,0.0,0.017272727
4025,Fats and Oils,"SALAD DRSNG,MAYO,REG","Salad dressing, mayonnaise, regular",,,,680,0.96,74.85,0.57,0.57,0.0,16.0,0.008,0.12,0.0,3.28,5,0.0,0.019,0.01,8,0.019,0.21,1,0.007,21,2.3,0.15,0.017777778,0.004705882,0.05,0.0,0.218666667,0.0125,0.0,0.014615385,0.008333333,0.006666667,2.11111e-05,0.002380952,0.03,0.041818182,0.013636364
4026,Fats and Oils,"SALAD DRSNG,MAYO,SOYBN&SAFFLOWER OIL,W/SALT","Salad dressing, mayonnaise, soybean and safflower oil, with salt",,,,717,1.1,79.4,2.7,0.48,0.0,84.0,0.577,0.26,0.0,22.0,8,0.005,0.0,0.0,18,0.0,0.5,1,0.0,28,1.6,0.12,0.093333333,0.339411765,0.108333333,0.0,1.466666667,0.02,0.0003125,0.0,0.0,0.015,0.0,0.002380952,0.04,0.029090909,0.010909091
4027,Fats and Oils,"SALAD DRSNG,MAYO,IMITN,SOYBN","Salad dressing, mayonnaise, imitation, soybean",,,,232,0.3,19.2,16.0,6.0,0.0,0.0,0.0,0.0,0.0,2.0,0,0.0,0.0,0.0,0,0.01,0.0,0,0.0,0,1.6,0.11,0.0,0.0,0.0,0.0,0.133333333,0.0,0.0,0.0,0.0,0.0,1.11111e-05,0.0,0.0,0.029090909,0.01
4028,Fats and Oils,"SALAD DRSNG,MAYO,IMITN,MILK CRM","Salad dressing, mayonnaise, imitation, milk cream",,,,97,2.1,5.1,11.1,0.0,0.0,4.0,0.021,0.23,0.3,0.4,3,0.054,0.097,0.024,72,0.01,0.5,7,0.001,57,1.6,0.25,0.004444444,0.012352941,0.095833333,0.003333333,0.026666667,0.0075,0.003375,0.074615385,0.02,0.06,1.11111e-05,0.016666667,0.081428571,0.029090909,0.022727273
4029,Fats and Oils,"SALAD DRSNG,MAYO,IMITN,SOYBN WO/CHOL","Salad dressing, mayonnaise, imitation, soybean without cholesterol",,,,482,0.1,47.7,15.8,6.0,0.0,0.0,0.0,0.0,0.0,5.0,0,0.0,0.0,0.0,0,0.001,0.01,0,0.0,0,1.6,0.11,0.0,0.0,0.0,0.0,0.333333333,0.0,0.0,0.0,0.0,0.0,1.11111e-06,0.0,0.0,0.029090909,0.01
4030,Fats and Oils,"SANDWICH SPRD,W/CHOPD PICKLE,REG,UNSPEC OILS","Sandwich spread, with chopped pickle, regular, unspecified oils",,,,389,0.9,34.0,22.4,15.18,0.4,22.0,0.02,0.21,0.0,4.0,6,0.01,0.02,0.01,14,0.01,0.2,2,0.0,26,1.6,0.81,0.024444444,0.011764706,0.0875,0.0,0.266666667,0.015,0.000625,0.015384615,0.008333333,0.011666667,1.11111e-05,0.004761905,0.037142857,0.029090909,0.073636364
4031,Fats and Oils,"SHORTENING,HOUSEHOLD,PARTIALLY HYDROG SOYBN -COTTONSEED","Shortening, household, soybean (partially hydrogenated)-cottonseed (partially hydrogenated)",,,,884,0.0,100.0,0.0,0.0,0.0,0.0,0.0,0.0,0.0,6.13,0,0.0,0.0,0.0,0,0.0,0.0,0,0.0,0,0.0,0.0,0.0,0.0,0.0,0.0,0.408666667,0.0,0.0,0.0,0.0,0.0,0.0,0.0,0.0,0.0,0.0
4034,Fats and Oils,"OIL,SOYBN,SALAD OR COOKING,(PARTIALLY HYDROGENATED)","Oil, soybean, salad or cooking, (partially hydrogenated)",,,,884,0.0,100.0,0.0,0.0,0.0,0.0,0.0,0.0,0.0,8.1,0,0.0,0.0,0.0,0,0.0,0.0,0,0.0,0,0.0,0.0,0.0,0.0,0.0,0.0,0.54,0.0,0.0,0.0,0.0,0.0,0.0,0.0,0.0,0.0,0.0
4037,Fats and Oils,"OIL,RICE BRAN","Oil, rice bran",,,,884,0.0,100.0,0.0,0.0,0.0,0.0,0.0,0.0,0.0,32.3,0,0.0,0.0,0.0,0,0.0,0.07,0,0.0,0,0.0,0.0,0.0,0.0,0.0,0.0,2.153333333,0.0,0.0,0.0,0.0,0.0,0.0,0.0,0.0,0.0,0.0
4038,Fats and Oils,"OIL,WHEAT GERM","Oil, wheat germ",,,,884,0.0,100.0,0.0,0.0,0.0,0.0,0.0,0.0,0.0,149.4,0,0.0,0.0,0.0,0,0.0,0.0,0,0.0,0,0.0,0.0,0.0,0.0,0.0,0.0,9.96,0.0,0.0,0.0,0.0,0.0,0.0,0.0,0.0,0.0,0.0
4042,Fats and Oils,"OIL,PNUT,SALAD OR COOKING","Oil, peanut, salad or cooking",,,,884,0.0,100.0,0.0,0.0,0.0,0.0,0.0,0.0,0.0,15.69,0,0.0,0.0,0.0,0,0.0,0.03,0,0.0,0,0.0,0.01,0.0,0.0,0.0,0.0,1.046,0.0,0.0,0.0,0.0,0.0,0.0,0.0,0.0,0.0,0.000909091
4044,Fats and Oils,"OIL,SOYBN,SALAD OR COOKING","Oil, soybean, salad or cooking",,,,884,0.0,100.0,0.0,0.0,0.0,0.0,0.0,0.0,0.0,8.18,0,0.0,0.0,0.0,0,0.0,0.05,0,0.0,0,0.0,0.01,0.0,0.0,0.0,0.0,0.545333333,0.0,0.0,0.0,0.0,0.0,0.0,0.0,0.0,0.0,0.000909091
4047,Fats and Oils,"OIL,COCNT","Oil, coconut",,,,862,0.0,100.0,0.0,0.0,0.0,0.0,0.0,0.0,0.0,0.09,0,0.0,0.0,0.0,0,0.0,0.04,0,0.0,0,0.0,0.0,0.0,0.0,0.0,0.0,0.006,0.0,0.0,0.0,0.0,0.0,0.0,0.0,0.0,0.0,0.0
4053,Fats and Oils,"OIL,OLIVE,SALAD OR COOKING","Oil, olive, salad or cooking",,,,884,0.0,100.0,0.0,0.0,0.0,0.0,0.0,0.0,0.0,14.35,0,0.0,0.0,0.0,1,0.0,0.56,0,0.0,0,0.0,0.0,0.0,0.0,0.0,0.0,0.956666667,0.0,0.0,0.0,0.0,0.000833333,0.0,0.0,0.0,0.0,0.0
4055,Fats and Oils,"OIL,PALM","Oil, palm",,,,884,0.0,100.0,0.0,0.0,0.0,0.0,0.0,0.0,0.0,15.94,0,0.0,0.0,0.0,0,0.0,0.01,0,0.0,0,0.0,0.0,0.0,0.0,0.0,0.0,1.062666667,0.0,0.0,0.0,0.0,0.0,0.0,0.0,0.0,0.0,0.0
4058,Fats and Oils,"OIL,SESAME,SALAD OR COOKING","Oil, sesame, salad or cooking",,,,884,0.0,100.0,0.0,0.0,0.0,0.0,0.0,0.0,0.0,1.4,0,0.0,0.0,0.0,0,0.0,0.0,0,0.0,0,0.0,0.0,0.0,0.0,0.0,0.0,0.093333333,0.0,0.0,0.0,0.0,0.0,0.0,0.0,0.0,0.0,0.0
4060,Fats and Oils,"OIL,SUNFLOWER,LINOLEIC (LESS THAN 60%)","Oil, sunflower, linoleic (less than 60%)",,,,884,0.0,100.0,0.0,0.0,0.0,0.0,0.0,0.0,0.0,41.08,0,0.0,0.0,0.0,0,0.0,0.03,0,0.0,0,0.0,0.0,0.0,0.0,0.0,0.0,2.738666667,0.0,0.0,0.0,0.0,0.0,0.0,0.0,0.0,0.0,0.0
4073,Fats and Oils,"MARGARINE,REG,HARD,SOYBN (HYDR)","Margarine, regular, hard, soybean (hydrogenated)",,,,719,0.9,80.5,0.9,0.0,0.0,819.0,0.009,0.1,0.2,3.1,1,0.023,0.037,0.01,30,0.0,0.0,3,0.0,23,0.0,0.0,0.91,0.005294118,0.041666667,0.002222222,0.206666667,0.0025,0.0014375,0.028461538,0.008333333,0.025,0.0,0.007142857,0.032857143,0.0,0.0
4114,Fats and Oils,"SALAD DRSNG,ITALIAN DRSNG,COMM,REG","Salad dressing, italian dressing, commercial, regular",,,,240,0.41,21.12,12.12,10.77,0.0,2.0,0.064,0.0,0.4,2.19,0,0.131,0.0,0.02,13,0.019,0.26,5,0.031,15,2.0,0.07,0.002222222,0.037647059,0.0,0.004444444,0.146,0.0,0.0081875,0.0,0.016666667,0.010833333,2.11111e-05,0.011904762,0.021428571,0.036363636,0.006363636
4120,Fats and Oils,"SALAD DRSNG,FRENCH DRSNG,COMM,REG","Salad dressing, french dressing, commercial, regular",,,,457,0.77,44.81,15.58,15.95,0.0,23.0,0.0,0.14,3.6,5.0,0,0.188,0.053,0.019,24,0.0,0.8,5,0.021,19,0.0,0.29,0.025555556,0.0,0.058333333,0.04,0.333333333,0.0,0.01175,0.040769231,0.015833333,0.02,0.0,0.011904762,0.027142857,0.0,0.026363636
4128,Fats and Oils,"VEG OIL SPRD,UNSPEC OILS,APPROX 37% FAT,W/ SALT","Margarine-like, vegetable oil spread, unspecified oils, approximately 37% fat, with salt",,,,339,0.51,37.77,0.66,0.0,0.0,1297.0,0.0,0.06,0.1,13.45,1,0.0,0.005,0.011,6,0.0,0.02,1,0.0,5,0.0,0.02,1.441111111,0.0,0.025,0.001111111,0.896666667,0.0025,0.0,0.003846154,0.009166667,0.005,0.0,0.002380952,0.007142857,0.0,0.001818182
4133,Fats and Oils,"SALAD DRSNG,FRENCH,HOME RECIPE","Salad dressing, french, home recipe",,,,631,0.1,70.2,3.4,0.0,0.0,26.0,0.0,0.0,0.6,8.0,0,0.13,0.02,0.01,6,0.0,0.2,0,0.0,3,1.6,0.0,0.028888889,0.0,0.0,0.006666667,0.533333333,0.0,0.008125,0.015384615,0.008333333,0.005,0.0,0.0,0.004285714,0.029090909,0.0
4135,Fats and Oils,"SALAD DRSNG,HOME RECIPE,VINEGAR&OIL","Salad dressing, home recipe, vinegar and oil",,,,449,0.0,50.1,2.5,2.5,0.0,0.0,0.0,0.0,0.0,4.61,0,0.0,0.0,0.0,0,0.0,0.0,0,0.0,0,1.6,0.0,0.0,0.0,0.0,0.0,0.307333333,0.0,0.0,0.0,0.0,0.0,0.0,0.0,0.0,0.029090909,0.0
4141,Fats and Oils,"SALAD DRSNG,FRENCH DRSNG,COMM,REG,WO/ SALT","Salad dressing, french dressing, commercial, regular, without salt",,,,459,0.77,44.81,15.58,15.95,0.0,23.0,0.0,0.0,0.0,4.12,0,0.188,0.053,0.019,24,0.0,0.8,5,0.021,19,0.0,0.29,0.025555556,0.0,0.0,0.0,0.274666667,0.0,0.01175,0.040769231,0.015833333,0.02,0.0,0.011904762,0.027142857,0.0,0.026363636
4142,Fats and Oils,"SALAD DRSNG,FRENCH DRSNG,RED FAT,WO/ SALT","Salad dressing, french dressing, reduced fat, without salt",,,,233,0.58,13.46,29.28,28.45,1.1,27.0,0.055,0.0,0.0,2.86,2,0.467,0.052,0.024,11,0.16,0.87,8,0.11,16,1.6,0.2,0.03,0.032352941,0.0,0.0,0.190666667,0.005,0.0291875,0.04,0.02,0.009166667,0.000177778,0.019047619,0.022857143,0.029090909,0.018181818
4143,Fats and Oils,"SALAD DRSNG,ITALIAN DRSNG,COMM,REG,WO/ SALT","Salad dressing, italian dressing, commercial, regular, without salt",,,,292,0.38,28.37,10.43,8.32,0.0,2.0,0.06,0.0,0.0,2.61,0,0.0,0.021,0.013,7,0.0,0.63,3,0.017,9,2.0,0.13,0.002222222,0.035294118,0.0,0.0,0.174,0.0,0.0,0.016153846,0.010833333,0.005833333,0.0,0.007142857,0.012857143,0.036363636,0.011818182
4144,Fats and Oils,"SALAD DRSNG,ITALIAN DRSNG,RED FAT,WO/ SALT","Salad dressing, italian dressing, reduced fat, without salt",,,,76,0.47,6.38,4.57,4.55,0.0,1.0,0.07,0.0,0.0,0.59,0,0.0,0.015,0.0,9,0.0,0.65,4,0.0,11,8.0,0.19,0.001111111,0.041176471,0.0,0.0,0.039333333,0.0,0.0,0.011538462,0.0,0.0075,0.0,0.00952381,0.015714286,0.145454545,0.017272727
4145,Fats and Oils,"SALAD DRSNG,MAYO,SOYBN OIL,WO/SALT","Salad dressing, mayonnaise, soybean oil, without salt",,,,717,1.1,79.4,2.7,0.0,0.0,84.0,0.0,0.0,0.0,0.0,0,0.0,0.0,0.0,18,0.0,0.5,0,0.0,28,1.6,0.0,0.093333333,0.0,0.0,0.0,0.0,0.0,0.0,0.0,0.0,0.015,0.0,0.0,0.04,0.029090909,0.0
4146,Fats and Oils,"SALAD DRSNG,FRENCH,CTTNSD,OIL,HOME RECIPE","Salad dressing, french, cottonseed, oil, home recipe",,,,631,0.1,70.2,3.4,0.0,0.0,0.0,0.0,0.0,0.0,0.0,0,0.13,0.02,0.01,6,0.0,0.2,0,0.0,3,1.6,0.0,0.0,0.0,0.0,0.0,0.0,0.0,0.008125,0.015384615,0.008333333,0.005,0.0,0.0,0.004285714,0.029090909,0.0
4367,Fats and Oils,"SALAD DRSNG,FRENCH DRSNG,FAT-FREE","Salad dressing, french dressing, fat-free",,,,132,0.2,0.27,32.14,16.45,2.2,4.0,0.0,0.0,0.0,0.02,14,0.112,0.026,0.011,5,0.121,0.58,3,0.024,0,2.0,0.1,0.004444444,0.0,0.0,0.0,0.001333333,0.035,0.007,0.02,0.009166667,0.004166667,0.000134444,0.007142857,0.0,0.036363636,0.009090909
4501,Fats and Oils,"OIL,COCOA BUTTER","Oil, cocoa butter",,,,884,0.0,100.0,0.0,0.0,0.0,0.0,0.0,0.0,0.0,1.8,0,0.0,0.0,0.0,0,0.0,0.0,0,0.0,0,0.0,0.0,0.0,0.0,0.0,0.0,0.12,0.0,0.0,0.0,0.0,0.0,0.0,0.0,0.0,0.0,0.0
4502,Fats and Oils,"OIL,CTTNSD,SALAD OR COOKING","Oil, cottonseed, salad or cooking",,,,884,0.0,100.0,0.0,0.0,0.0,0.0,0.0,0.0,0.0,35.3,0,0.0,0.0,0.0,0,0.0,0.0,0,0.0,0,0.0,0.0,0.0,0.0,0.0,0.0,2.353333333,0.0,0.0,0.0,0.0,0.0,0.0,0.0,0.0,0.0,0.0
4506,Fats and Oils,"OIL,SUNFLOWER,LINOLEIC,(APPROX. 65%)","Oil, sunflower, linoleic, (approx. 65%)",,,,884,0.0,100.0,0.0,0.0,0.0,0.0,0.0,0.0,0.0,41.08,0,0.0,0.0,0.0,0,0.0,0.0,0,0.0,0,0.0,0.0,0.0,0.0,0.0,0.0,2.738666667,0.0,0.0,0.0,0.0,0.0,0.0,0.0,0.0,0.0,0.0
4510,Fats and Oils,"OIL,SAFFLOWER,SALAD OR COOKING,LINOLEIC,(OVER 70%)","Oil, safflower, salad or cooking, linoleic, (over 70%)",,,,884,0.0,100.0,0.0,0.0,0.0,0.0,0.0,0.0,0.0,34.1,0,0.0,0.0,0.0,0,0.0,0.0,0,0.0,0,0.0,0.0,0.0,0.0,0.0,0.0,2.273333333,0.0,0.0,0.0,0.0,0.0,0.0,0.0,0.0,0.0,0.0
4511,Fats and Oils,"OIL,SAFFLOWER,SALAD OR COOKING,HI OLEIC","Oil, safflower, salad or cooking, high oleic (primary safflower oil of commerce)",,,,884,0.0,100.0,0.0,0.0,0.0,0.0,0.0,0.0,0.0,34.1,0,0.0,0.0,0.0,0,0.0,0.0,0,0.0,0,0.0,0.0,0.0,0.0,0.0,0.0,2.273333333,0.0,0.0,0.0,0.0,0.0,0.0,0.0,0.0,0.0,0.0
4513,Fats and Oils,"VEGETABLE OIL,PALM KERNEL","Vegetable oil, palm kernel",,,,862,0.0,100.0,0.0,0.0,0.0,0.0,0.0,0.0,0.0,3.81,0,0.0,0.0,0.0,0,0.0,0.0,0,0.0,0,0.0,0.0,0.0,0.0,0.0,0.0,0.254,0.0,0.0,0.0,0.0,0.0,0.0,0.0,0.0,0.0,0.0
4514,Fats and Oils,"OIL,POPPYSEED","Oil, poppyseed",,,,884,0.0,100.0,0.0,0.0,0.0,0.0,0.0,0.0,0.0,11.4,0,0.0,0.0,0.0,0,0.0,0.0,0,0.0,0,0.0,0.0,0.0,0.0,0.0,0.0,0.76,0.0,0.0,0.0,0.0,0.0,0.0,0.0,0.0,0.0,0.0
4515,Fats and Oils,"OIL,TOMATOSEED","Oil, tomatoseed",,,,884,0.0,100.0,0.0,0.0,0.0,0.0,0.0,0.0,0.0,3.8,0,0.0,0.0,0.0,0,0.0,0.0,0,0.0,0,0.0,0.0,0.0,0.0,0.0,0.0,0.253333333,0.0,0.0,0.0,0.0,0.0,0.0,0.0,0.0,0.0,0.0
4516,Fats and Oils,"OIL,TEASEED","Oil, teaseed",,,,884,0.0,100.0,0.0,0.0,0.0,0.0,0.0,0.0,0.0,0.0,0,0.0,0.0,0.0,0,0.0,0.0,0,0.0,0,0.0,0.0,0.0,0.0,0.0,0.0,0.0,0.0,0.0,0.0,0.0,0.0,0.0,0.0,0.0,0.0,0.0
4517,Fats and Oils,"OIL,GRAPESEED","Oil, grapeseed",,,,884,0.0,100.0,0.0,0.0,0.0,0.0,0.0,0.0,0.0,28.8,0,0.0,0.0,0.0,0,0.0,0.0,0,0.0,0,0.0,0.0,0.0,0.0,0.0,0.0,1.92,0.0,0.0,0.0,0.0,0.0,0.0,0.0,0.0,0.0,0.0
4518,Fats and Oils,"OIL,CORN,INDUSTRIAL & RTL,ALLPURP SALAD OR COOKING","Oil, corn, industrial and retail, all purpose salad or cooking",,,,900,0.0,100.0,0.0,0.0,0.0,0.0,0.0,0.0,0.0,14.3,0,0.0,0.0,0.0,0,0.0,0.0,0,0.0,0,0.0,0.0,0.0,0.0,0.0,0.0,0.953333333,0.0,0.0,0.0,0.0,0.0,0.0,0.0,0.0,0.0,0.0
4520,Fats and Oils,"FAT,MUTTON TALLOW","Fat, mutton tallow",,,,902,0.0,100.0,0.0,0.0,0.0,0.0,0.0,0.0,0.0,2.8,0,0.0,0.0,0.0,0,0.0,0.0,0,0.0,0,0.2,0.0,0.0,0.0,0.0,0.0,0.186666667,0.0,0.0,0.0,0.0,0.0,0.0,0.0,0.0,0.003636364,0.0
4528,Fats and Oils,"OIL,WALNUT","Oil, walnut",,,,884,0.0,100.0,0.0,0.0,0.0,0.0,0.0,0.0,0.0,0.4,0,0.0,0.0,0.0,0,0.0,0.0,0,0.0,0,0.0,0.0,0.0,0.0,0.0,0.0,0.026666667,0.0,0.0,0.0,0.0,0.0,0.0,0.0,0.0,0.0,0.0
4529,Fats and Oils,"OIL,ALMOND","Oil, almond",,,,884,0.0,100.0,0.0,0.0,0.0,0.0,0.0,0.0,0.0,39.2,0,0.0,0.0,0.0,0,0.0,0.0,0,0.0,0,0.0,0.0,0.0,0.0,0.0,0.0,2.613333333,0.0,0.0,0.0,0.0,0.0,0.0,0.0,0.0,0.0,0.0
4530,Fats and Oils,"OIL,APRICOT KERNEL","Oil, apricot kernel",,,,884,0.0,100.0,0.0,0.0,0.0,0.0,0.0,0.0,0.0,4.0,0,0.0,0.0,0.0,0,0.0,0.0,0,0.0,0,0.0,0.0,0.0,0.0,0.0,0.0,0.266666667,0.0,0.0,0.0,0.0,0.0,0.0,0.0,0.0,0.0,0.0
4531,Fats and Oils,"OIL,SOYBN LECITHIN","Oil, soybean lecithin",,,,763,0.0,100.0,0.0,0.0,0.0,0.0,0.0,0.0,0.0,8.18,0,0.0,0.0,0.0,0,0.0,0.0,0,0.0,0,0.0,0.0,0.0,0.0,0.0,0.0,0.545333333,0.0,0.0,0.0,0.0,0.0,0.0,0.0,0.0,0.0,0.0
4532,Fats and Oils,"OIL,HAZELNUT","Oil, hazelnut",,,,884,0.0,100.0,0.0,0.0,0.0,0.0,0.0,0.0,0.0,47.2,0,0.0,0.0,0.0,0,0.0,0.0,0,0.0,0,0.0,0.0,0.0,0.0,0.0,0.0,3.146666667,0.0,0.0,0.0,0.0,0.0,0.0,0.0,0.0,0.0,0.0
4534,Fats and Oils,"OIL,BABASSU","Oil, babassu",,,,884,0.0,100.0,0.0,0.0,0.0,0.0,0.0,0.0,0.0,19.1,0,0.0,0.0,0.0,0,0.0,0.0,0,0.0,0,0.0,0.0,0.0,0.0,0.0,0.0,1.273333333,0.0,0.0,0.0,0.0,0.0,0.0,0.0,0.0,0.0,0.0
4536,Fats and Oils,"OIL,SHEANUT","Oil, sheanut",,,,884,0.0,100.0,0.0,0.0,0.0,0.0,0.0,0.0,0.0,0.0,0,0.0,0.0,0.0,0,0.0,0.0,0,0.0,0,0.0,0.0,0.0,0.0,0.0,0.0,0.0,0.0,0.0,0.0,0.0,0.0,0.0,0.0,0.0,0.0,0.0
4539,Fats and Oils,"SALAD DRSNG,BLUE OR ROQUEFORT CHS DRSNG,COMM,REG","Salad dressing, blue or roquefort cheese dressing, commercial, regular",,,,484,1.37,51.1,4.77,3.48,0.4,14.0,0.037,0.27,0.7,4.28,5,0.1,0.1,0.01,37,0.009,0.09,8,0.006,74,1.0,0.21,0.015555556,0.021764706,0.1125,0.007777778,0.285333333,0.0125,0.00625,0.076923077,0.008333333,0.030833333,1e-05,0.019047619,0.105714286,0.018181818,0.019090909
4541,Fats and Oils,"OIL,CUPU ASSU","Oil, cupu assu",,,,884,0.0,100.0,0.0,0.0,0.0,0.0,0.0,0.0,0.0,0.6,0,0.0,0.0,0.0,0,0.0,0.0,0,0.0,0,0.0,0.0,0.0,0.0,0.0,0.0,0.04,0.0,0.0,0.0,0.0,0.0,0.0,0.0,0.0,0.0,0.0
4542,Fats and Oils,"FAT,CHICKEN","Fat, chicken",,,,900,0.0,99.8,0.0,0.0,0.0,0.0,0.0,0.0,0.0,2.7,0,0.0,0.0,0.0,0,0.0,0.0,0,0.0,0,0.2,0.0,0.0,0.0,0.0,0.0,0.18,0.0,0.0,0.0,0.0,0.0,0.0,0.0,0.0,0.003636364,0.0
4543,Fats and Oils,"OIL,SOYBN,SALAD OR COOKING,(PARTIALLY HYDROGENATED) & CTTNSD","Oil, soybean, salad or cooking, (partially hydrogenated) and cottonseed",,,,884,0.0,100.0,0.0,0.0,0.0,0.0,0.0,0.0,0.0,12.1,0,0.0,0.0,0.0,0,0.0,0.0,0,0.0,0,0.0,0.0,0.0,0.0,0.0,0.0,0.806666667,0.0,0.0,0.0,0.0,0.0,0.0,0.0,0.0,0.0,0.0
4544,Fats and Oils,"SHORTENING,HOUSEHOLD,LARD&VEG OIL","Shortening, household, lard and vegetable oil",,,,900,0.0,100.0,0.0,0.0,0.0,0.0,0.0,0.0,0.0,1.0,0,0.0,0.0,0.0,0,0.0,0.0,0,0.0,0,0.0,0.0,0.0,0.0,0.0,0.0,0.066666667,0.0,0.0,0.0,0.0,0.0,0.0,0.0,0.0,0.0,0.0
4545,Fats and Oils,"OIL,SUNFLOWER,LINOLEIC,(PARTIALLY HYDROGENATED)","Oil, sunflower, linoleic, (partially hydrogenated)",,,,884,0.0,100.0,0.0,0.0,0.0,0.0,0.0,0.0,0.0,41.08,0,0.0,0.0,0.0,0,0.0,0.0,0,0.0,0,0.0,0.0,0.0,0.0,0.0,0.0,2.738666667,0.0,0.0,0.0,0.0,0.0,0.0,0.0,0.0,0.0,0.0
4546,Fats and Oils,"SHORTENING BREAD,SOYBN (HYDR)&CTTNSD","Shortening bread, soybean (hydrogenated) and cottonseed",,,,884,0.0,100.0,0.0,0.0,0.0,0.0,0.0,0.0,0.0,6.13,0,0.0,0.0,0.0,0,0.0,0.0,0,0.0,0,0.0,0.0,0.0,0.0,0.0,0.0,0.408666667,0.0,0.0,0.0,0.0,0.0,0.0,0.0,0.0,0.0,0.0
4548,Fats and Oils,"SHORTENING CAKE MIX,SOYBN (HYDR)&CTTNSD (HYDR)","Shortening cake mix, soybean (hydrogenated) and cottonseed (hydrogenated)",,,,884,0.0,100.0,0.0,0.0,0.0,0.0,0.0,0.0,0.0,6.13,0,0.0,0.0,0.0,0,0.0,0.0,0,0.0,0,0.0,0.0,0.0,0.0,0.0,0.0,0.408666667,0.0,0.0,0.0,0.0,0.0,0.0,0.0,0.0,0.0,0.0
4549,Fats and Oils,"SHORTENING INDUSTRIAL,LARD&VEG OIL","Shortening industrial, lard and vegetable oil",,,,900,0.0,100.0,0.0,0.0,0.0,0.0,0.0,0.0,0.0,1.0,0,0.0,0.0,0.0,0,0.0,0.0,0,0.0,0,0.0,0.0,0.0,0.0,0.0,0.0,0.066666667,0.0,0.0,0.0,0.0,0.0,0.0,0.0,0.0,0.0,0.0
4550,Fats and Oils,"SHORTENING FRYING (HVY DUTY),BF TALLOW&CTTNSD","Shortening frying (heavy duty), beef tallow and cottonseed",,,,900,0.0,100.0,0.0,0.0,0.0,0.0,0.0,0.0,0.0,4.0,0,0.0,0.0,0.0,0,0.0,0.0,0,0.0,0,0.0,0.0,0.0,0.0,0.0,0.0,0.266666667,0.0,0.0,0.0,0.0,0.0,0.0,0.0,0.0,0.0,0.0
4551,Fats and Oils,"SHORTENING CONFECTIONERY,COCNT (HYDR)&OR PALM KERNEL (HYDR)","Shortening confectionery, coconut (hydrogenated) and or palm kernel (hydrogenated)",,,,884,0.0,100.0,0.0,0.0,0.0,0.0,0.0,0.0,0.0,1.95,0,0.0,0.0,0.0,0,0.0,0.0,0,0.0,0,0.0,0.0,0.0,0.0,0.0,0.0,0.13,0.0,0.0,0.0,0.0,0.0,0.0,0.0,0.0,0.0,0.0
4554,Fats and Oils,"SHORTENING INDUSTRIAL,SOYBN (HYDR)&CTTNSD","Shortening industrial, soybean (hydrogenated) and cottonseed",,,,884,0.0,100.0,0.0,0.0,0.0,0.0,0.0,0.0,0.0,6.13,0,0.0,0.0,0.0,0,0.0,0.0,0,0.0,0,0.0,0.0,0.0,0.0,0.0,0.0,0.408666667,0.0,0.0,0.0,0.0,0.0,0.0,0.0,0.0,0.0,0.0
4556,Fats and Oils,"SHORTENING FRYING (HVY DUTY),PALM (HYDR)","Shortening frying (heavy duty), palm (hydrogenated)",,,,884,0.0,100.0,0.0,0.0,0.0,0.0,0.0,0.0,0.0,19.0,0,0.0,0.0,0.0,0,0.0,0.0,0,0.0,0,0.0,0.0,0.0,0.0,0.0,0.0,1.266666667,0.0,0.0,0.0,0.0,0.0,0.0,0.0,0.0,0.0,0.0
4559,Fats and Oils,SHORTENING HOUSEHOLD SOYBN (HYDR)&PALM,Shortening household soybean (hydrogenated) and palm,,,,884,0.0,100.0,0.0,0.0,0.0,0.0,0.0,0.0,0.0,0.0,0,0.0,0.0,0.0,0,0.0,0.0,0,0.0,0,0.0,0.0,0.0,0.0,0.0,0.0,0.0,0.0,0.0,0.0,0.0,0.0,0.0,0.0,0.0,0.0,0.0
4560,Fats and Oils,"SHORTENING FRYING HVY DUTY,SOYBN HYDR,LINOLEIC (LESS THAN 1%","Shortening frying (heavy duty), soybean (hydrogenated), linoleic (less than 1%)",,,,884,0.0,100.0,0.0,0.0,0.0,0.0,0.0,0.0,0.0,6.13,0,0.0,0.0,0.0,0,0.0,0.0,0,0.0,0,0.0,0.0,0.0,0.0,0.0,0.0,0.408666667,0.0,0.0,0.0,0.0,0.0,0.0,0.0,0.0,0.0,0.0
4570,Fats and Oils,"SHORTENING,CONFECTIONERY,FRACTIONATED PALM","Shortening, confectionery, fractionated palm",,,,884,0.0,100.0,0.0,0.0,0.0,0.0,0.0,0.0,0.0,19.0,0,0.0,0.0,0.0,0,0.0,0.0,0,0.0,0,0.0,0.0,0.0,0.0,0.0,0.0,1.266666667,0.0,0.0,0.0,0.0,0.0,0.0,0.0,0.0,0.0,0.0
4572,Fats and Oils,"OIL,NUTMEG BUTTER","Oil, nutmeg butter",,,,884,0.0,100.0,0.0,0.0,0.0,0.0,0.0,0.0,0.0,0.2,0,0.0,0.0,0.0,0,0.0,0.0,0,0.0,0,0.0,0.0,0.0,0.0,0.0,0.0,0.013333333,0.0,0.0,0.0,0.0,0.0,0.0,0.0,0.0,0.0,0.0
4573,Fats and Oils,"OIL,UCUHUBA BUTTER","Oil, ucuhuba butter",,,,884,0.0,100.0,0.0,0.0,0.0,0.0,0.0,0.0,0.0,0.6,0,0.0,0.0,0.0,0,0.0,0.0,0,0.0,0,0.0,0.0,0.0,0.0,0.0,0.0,0.04,0.0,0.0,0.0,0.0,0.0,0.0,0.0,0.0,0.0,0.0
4574,Fats and Oils,"FAT,DUCK","Fat, duck",,,,882,0.0,99.8,0.0,0.0,0.0,0.0,0.0,0.0,0.0,2.7,0,0.0,0.0,0.0,0,0.0,0.0,0,0.0,0,0.2,0.0,0.0,0.0,0.0,0.0,0.18,0.0,0.0,0.0,0.0,0.0,0.0,0.0,0.0,0.003636364,0.0
4575,Fats and Oils,"FAT,TURKEY","Fat, turkey",,,,900,0.0,99.8,0.0,0.0,0.0,0.0,0.0,0.0,0.0,2.9,0,0.0,0.0,0.0,0,0.0,0.0,0,0.0,0,0.2,0.0,0.0,0.0,0.0,0.0,0.193333333,0.0,0.0,0.0,0.0,0.0,0.0,0.0,0.0,0.003636364,0.0
4576,Fats and Oils,"FAT,GOOSE","Fat, goose",,,,900,0.0,99.8,0.0,0.0,0.0,0.0,0.0,0.0,0.0,2.7,0,0.0,0.0,0.0,0,0.0,0.0,0,0.0,0,0.2,0.0,0.0,0.0,0.0,0.0,0.18,0.0,0.0,0.0,0.0,0.0,0.0,0.0,0.0,0.003636364,0.0
4581,Fats and Oils,"OIL,AVOCADO","Oil, avocado",,,,884,0.0,100.0,0.0,0.0,0.0,0.0,0.0,0.0,0.0,0.0,0,0.0,0.0,0.0,0,0.0,0.0,0,0.0,0,0.0,0.0,0.0,0.0,0.0,0.0,0.0,0.0,0.0,0.0,0.0,0.0,0.0,0.0,0.0,0.0,0.0
4582,Fats and Oils,"OIL,CANOLA","Oil, canola",low erucic acid rapeseed oil,,,884,0.0,100.0,0.0,0.0,0.0,0.0,0.0,0.0,0.0,17.46,0,0.0,0.0,0.0,0,0.0,0.0,0,0.0,0,0.0,0.0,0.0,0.0,0.0,0.0,1.164,0.0,0.0,0.0,0.0,0.0,0.0,0.0,0.0,0.0,0.0
4583,Fats and Oils,"OIL,MUSTARD","Oil, mustard",,,,884,0.0,100.0,0.0,0.0,0.0,0.0,0.0,0.0,0.0,0.0,0,0.0,0.0,0.0,0,0.0,0.0,0,0.0,0,0.0,0.0,0.0,0.0,0.0,0.0,0.0,0.0,0.0,0.0,0.0,0.0,0.0,0.0,0.0,0.0,0.0
4584,Fats and Oils,"OIL,SUNFLOWER,HI OLEIC (70% & OVER)","Oil, sunflower, high oleic (70% and over)",,,,884,0.0,100.0,0.0,0.0,0.0,0.0,0.0,0.0,0.0,41.08,0,0.0,0.0,0.0,0,0.0,0.0,0,0.0,0,0.0,0.0,0.0,0.0,0.0,0.0,2.738666667,0.0,0.0,0.0,0.0,0.0,0.0,0.0,0.0,0.0,0.0
4585,Fats and Oils,"MARGARINE-LIKE,MARGARINE-BUTTER BLEND,SOYBN OIL & BUTTER","Margarine-like, margarine-butter blend, soybean oil and butter",,,,727,0.31,80.32,0.77,0.0,0.0,819.0,0.009,0.0,0.1,3.88,2,0.022,0.023,0.009,10,0.01,0.04,1,0.006,10,0.2,0.03,0.91,0.005294118,0.0,0.001111111,0.258666667,0.005,0.001375,0.017692308,0.0075,0.008333333,1.11111e-05,0.002380952,0.014285714,0.003636364,0.002727273
4586,Fats and Oils,"SHORTENING,SPL PURPOSE FOR CAKES&FROSTINGS,SOYBN (HYDR)","Shortening, special purpose for cakes and frostings, soybean (hydrogenated)",,,,884,0.0,100.0,0.0,0.0,0.0,0.0,0.0,0.0,0.0,6.13,0,0.0,0.0,0.0,0,0.0,0.0,0,0.0,0,0.0,0.0,0.0,0.0,0.0,0.0,0.408666667,0.0,0.0,0.0,0.0,0.0,0.0,0.0,0.0,0.0,0.0
4587,Fats and Oils,"SHORTENING,SPL PURPOSE FOR BAKING,SOYBN (HYDR) PALM&CTTNSD","Shortening, special purpose for baking, soybean (hydrogenated) palm and cottonseed",,,,884,0.0,100.0,0.0,0.0,0.0,0.0,0.0,0.0,0.0,6.13,0,0.0,0.0,0.0,0,0.0,0.0,0,0.0,0,0.0,0.0,0.0,0.0,0.0,0.0,0.408666667,0.0,0.0,0.0,0.0,0.0,0.0,0.0,0.0,0.0,0.0
4588,Fats and Oils,"OIL,OAT","Oil, oat",,,,884,0.0,100.0,0.0,0.0,0.0,0.0,0.0,0.0,0.0,14.4,0,0.0,0.0,0.0,0,0.0,0.0,0,0.0,0,0.0,0.0,0.0,0.0,0.0,0.0,0.96,0.0,0.0,0.0,0.0,0.0,0.0,0.0,0.0,0.0,0.0
4589,Fats and Oils,"FISH OIL,COD LIVER","Fish oil, cod liver",,,,902,0.0,100.0,0.0,0.0,0.0,30000.0,0.0,0.0,0.0,0.0,0,0.0,0.0,0.0,0,0.0,0.0,0,0.0,0,0.0,0.0,33.33333333,0.0,0.0,0.0,0.0,0.0,0.0,0.0,0.0,0.0,0.0,0.0,0.0,0.0,0.0
4590,Fats and Oils,"FISH OIL,HERRING","Fish oil, herring",,,,902,0.0,100.0,0.0,0.0,0.0,0.0,0.0,0.0,0.0,0.0,0,0.0,0.0,0.0,0,0.0,0.0,0,0.0,0,0.0,0.0,0.0,0.0,0.0,0.0,0.0,0.0,0.0,0.0,0.0,0.0,0.0,0.0,0.0,0.0,0.0
4591,Fats and Oils,"FISH OIL,MENHADEN","Fish oil, menhaden",,,,902,0.0,100.0,0.0,0.0,0.0,0.0,0.0,0.0,0.0,0.0,0,0.0,0.0,0.0,0,0.0,0.0,0,0.0,0,0.0,0.0,0.0,0.0,0.0,0.0,0.0,0.0,0.0,0.0,0.0,0.0,0.0,0.0,0.0,0.0,0.0
4592,Fats and Oils,"FISH OIL,MENHADEN,FULLY HYDR","Fish oil, menhaden, fully hydrogenated",,,,902,0.0,100.0,0.0,0.0,0.0,0.0,0.0,0.0,0.0,0.0,0,0.0,0.0,0.0,0,0.0,0.0,0,0.0,0,0.0,0.0,0.0,0.0,0.0,0.0,0.0,0.0,0.0,0.0,0.0,0.0,0.0,0.0,0.0,0.0,0.0
4593,Fats and Oils,"FISH OIL,SALMON","Fish oil, salmon",,,,902,0.0,100.0,0.0,0.0,0.0,0.0,0.0,0.0,0.0,0.0,0,0.0,0.0,0.0,0,0.0,0.0,0,0.0,0,0.0,0.0,0.0,0.0,0.0,0.0,0.0,0.0,0.0,0.0,0.0,0.0,0.0,0.0,0.0,0.0,0.0
4594,Fats and Oils,"FISH OIL,SARDINE","Fish oil, sardine",,,,902,0.0,100.0,0.0,0.0,0.0,0.0,0.0,0.0,0.0,0.0,0,0.0,0.0,0.0,0,0.0,0.0,0,0.0,0,0.0,0.0,0.0,0.0,0.0,0.0,0.0,0.0,0.0,0.0,0.0,0.0,0.0,0.0,0.0,0.0,0.0
4595,Fats and Oils,"SHORTENING,MULTIPURPOSE,SOYBN (HYDR)&PALM (HYDR)","Shortening, multipurpose, soybean (hydrogenated) and palm (hydrogenated)",,,,884,0.0,100.0,0.0,0.0,0.0,0.0,0.0,0.0,0.0,0.0,0,0.0,0.0,0.0,0,0.0,0.0,0,0.0,0,0.0,0.0,0.0,0.0,0.0,0.0,0.0,0.0,0.0,0.0,0.0,0.0,0.0,0.0,0.0,0.0,0.0
4600,Fats and Oils,"MARGARINE-LIKE,VEG OIL-BUTTER SPRD,TUB,W/ SALT","Margarine-like, vegetable oil-butter spread, tub, with salt",,,,362,1.0,40.0,1.0,0.0,0.0,819.0,0.01,0.09,0.1,4.47,1,0.02,0.03,0.01,24,0.002,0.04,2,0.0,20,0.5,0.01,0.91,0.005882353,0.0375,0.001111111,0.298,0.0025,0.00125,0.023076923,0.008333333,0.02,2.22222e-06,0.004761905,0.028571429,0.009090909,0.000909091
4601,Fats and Oils,"BUTTER,LT,STK,W/SALT","Butter, light, stick, with salt",,,,509,3.3,55.1,0.0,0.0,0.0,465.0,0.01,0.13,0.0,1.58,1,0.02,0.07,0.01,48,0.0,1.09,5,0.0,34,1.0,0.26,0.516666667,0.005882353,0.054166667,0.0,0.105333333,0.0025,0.00125,0.053846154,0.008333333,0.04,0.0,0.011904762,0.048571429,0.018181818,0.023636364
4602,Fats and Oils,"BUTTER,LT,STK,WO/SALT","Butter, light, stick, without salt",,,,499,3.3,55.1,0.0,0.0,0.0,465.0,0.01,0.13,0.0,1.58,1,0.02,0.07,0.01,48,0.0,1.09,5,0.0,34,1.0,0.26,0.516666667,0.005882353,0.054166667,0.0,0.105333333,0.0025,0.00125,0.053846154,0.008333333,0.04,0.0,0.011904762,0.048571429,0.018181818,0.023636364
4606,Fats and Oils,"MEAT DRIPPINGS (LARD,BF TALLOW,MUTTON TALLOW)","Meat drippings (lard, beef tallow, mutton tallow)",,,,889,0.0,98.59,0.0,0.0,0.0,0.0,0.0,0.0,0.0,0.59,0,0.0,0.0,0.0,0,0.0,0.0,0,0.0,0,0.0,0.0,0.0,0.0,0.0,0.0,0.039333333,0.0,0.0,0.0,0.0,0.0,0.0,0.0,0.0,0.0,0.0
4609,Fats and Oils,"ANIMAL FAT,BACON GREASE","Animal fat, bacon grease",,,,897,0.0,99.5,0.0,0.0,0.0,0.0,0.0,0.0,0.0,0.6,0,0.0,0.0,0.0,0,0.0,0.0,0,0.0,0,0.0,0.11,0.0,0.0,0.0,0.0,0.04,0.0,0.0,0.0,0.0,0.0,0.0,0.0,0.0,0.0,0.01
4610,Fats and Oils,"MARGARINE,REG,80% FAT,COMP,STK,W/ SALT","Margarine, regular, 80% fat, composite, stick, with salt",,,,717,0.16,80.71,0.7,0.0,0.0,819.0,0.009,0.1,0.2,9.0,1,0.023,0.037,0.01,3,0.0,0.06,3,0.0,5,0.0,0.0,0.91,0.005294118,0.041666667,0.002222222,0.6,0.0025,0.0014375,0.028461538,0.008333333,0.0025,0.0,0.007142857,0.007142857,0.0,0.0
4611,Fats and Oils,"MARGARINE,REG,80% FAT,COMP,TUB,W/ SALT","Margarine, regular, 80% fat, composite, tub, with salt",,,,713,0.22,80.17,0.75,0.0,0.0,819.0,0.0,0.08,0.1,15.43,1,0.0,0.0,0.0,3,0.0,0.0,1,0.0,5,0.0,0.0,0.91,0.0,0.033333333,0.001111111,1.028666667,0.0025,0.0,0.0,0.0,0.0025,0.0,0.002380952,0.007142857,0.0,0.0
4612,Fats and Oils,"MARGARINE-LIKE,VEG OIL SPRD,60% FAT,STK,W/ SALT","Margarine-like, vegetable oil spread, 60% fat, stick, with salt",,,,537,0.12,60.39,0.69,0.0,0.0,819.0,0.006,0.07,0.1,5.0,1,0.016,0.026,0.007,21,0.008,0.0,2,0.0,16,0.0,0.0,0.91,0.003529412,0.029166667,0.001111111,0.333333333,0.0025,0.001,0.02,0.005833333,0.0175,8.88889e-06,0.004761905,0.022857143,0.0,0.0
4613,Fats and Oils,"MARGARINE-LIKE,VEG OIL SPRD,60% FAT,TUB,W/ SALT","Margarine-like, vegetable oil spread, 60% fat, tub, with salt",,,,533,0.17,59.81,0.86,0.0,0.0,819.0,3.75,10.8,0.1,21.12,1,0.016,0.026,0.007,21,0.0,0.0,2,0.0,16,0.0,0.0,0.91,2.205882353,4.5,0.001111111,1.408,0.0025,0.001,0.02,0.005833333,0.0175,0.0,0.004761905,0.022857143,0.0,0.0
4614,Fats and Oils,"MARGARINE-LIKE,VEG OIL SPRD,60% FAT,STICK/TUB/BOTTLE,W/ SALT","Margarine-like, vegetable oil spread, 60% fat, stick/tub/bottle, with salt",,,,526,0.6,59.17,0.0,0.0,0.0,819.0,0.006,0.07,0.1,5.0,1,0.016,0.026,0.007,21,0.0,0.0,2,0.0,16,0.0,0.0,0.91,0.003529412,0.029166667,0.001111111,0.333333333,0.0025,0.001,0.02,0.005833333,0.0175,0.0,0.004761905,0.022857143,0.0,0.0
4615,Fats and Oils,"SHORTENING,VEG,HOUSEHOLD,COMP","Shortening, vegetable, household, composite",,,,884,0.0,99.97,0.0,0.0,0.0,0.0,0.001,0.0,0.0,6.13,0,0.0,0.0,0.02,1,0.0,0.07,0,0.0,0,0.0,0.0,0.0,0.000588235,0.0,0.0,0.408666667,0.0,0.0,0.0,0.016666667,0.000833333,0.0,0.0,0.0,0.0,0.0
4617,Fats and Oils,"MARGARINE,REG,80% FAT,COMP,STK,WO/ SALT","Margarine, regular, 80% fat, composite, stick, without salt",,,,717,0.16,80.71,0.7,0.0,0.0,819.0,0.009,0.1,0.2,9.0,1,0.023,0.037,0.01,3,0.0,0.06,3,0.0,5,0.0,0.0,0.91,0.005294118,0.041666667,0.002222222,0.6,0.0025,0.0014375,0.028461538,0.008333333,0.0025,0.0,0.007142857,0.007142857,0.0,0.0
4618,Fats and Oils,"MARGARINE,REG,80% FAT,COMP,TUB,WO/ SALT","Margarine, regular, 80% fat, composite, tub, without salt",,,,713,0.22,80.17,0.75,0.0,0.0,819.0,0.0,0.08,0.1,15.43,1,0.0,0.0,0.0,3,0.0,0.0,1,0.0,5,0.0,0.0,0.91,0.0,0.033333333,0.001111111,1.028666667,0.0025,0.0,0.0,0.0,0.0025,0.0,0.002380952,0.007142857,0.0,0.0
4620,Fats and Oils,"VEG OIL SPRD,60% FAT,STICK/TUB/BOTTLE,WO/ SALT","Margarine-like, vegetable oil spread, 60% fat, stick/tub/bottle, without salt",,,,533,0.17,59.81,0.86,0.0,0.0,819.0,3.75,10.8,0.1,21.12,1,0.016,0.026,0.007,21,0.0,0.0,2,0.0,16,0.0,0.0,0.91,2.205882353,4.5,0.001111111,1.408,0.0025,0.001,0.02,0.005833333,0.0175,0.0,0.004761905,0.022857143,0.0,0.0
4624,Fats and Oils,"MARGARINE-LIKE,VEG OIL SPRD,FAT FREE,LIQ,W/ SALT","Margarine-like, vegetable oil spread, fat free, liquid, with salt",,,,43,1.5,3.0,2.5,0.0,0.0,819.0,0.01,0.11,0.3,5.0,2,0.03,0.04,0.01,38,0.008,0.03,4,0.0,30,0.0,0.14,0.91,0.005882353,0.045833333,0.003333333,0.333333333,0.005,0.001875,0.030769231,0.008333333,0.031666667,8.88889e-06,0.00952381,0.042857143,0.0,0.012727273
4626,Fats and Oils,"MARGARINE-LIKE SPRD W/ YOGURT,70% FAT,STK,W/ SALT","Margarine-like spread with yogurt, 70% fat, stick, with salt",,,,630,0.3,70.0,0.5,0.0,0.0,819.0,0.05,0.06,0.1,5.0,1,0.01,0.02,0.005,20,0.002,0.01,2,0.0,16,0.0,0.1,0.91,0.029411765,0.025,0.001111111,0.333333333,0.0025,0.000625,0.015384615,0.004166667,0.016666667,2.22222e-06,0.004761905,0.022857143,0.0,0.009090909
4627,Fats and Oils,"MARGARINE-LIKE SPRD W/ YOGURT,APPROX 40% FAT,TUB,W/ SALT","Margarine-like spread with yogurt, approximately 40% fat, tub, with salt",,,,330,2.0,35.0,2.0,0.0,0.0,819.0,0.01,0.15,0.2,5.0,3,0.03,0.06,0.01,50,0.004,0.02,5,0.0,39,1.0,0.24,0.91,0.005882353,0.0625,0.002222222,0.333333333,0.0075,0.001875,0.046153846,0.008333333,0.041666667,4.44444e-06,0.011904762,0.055714286,0.018181818,0.021818182
4628,Fats and Oils,"MARGARINE,80% FAT,STK,INCL REG & HYDR CORN & SOYBN OILS","Margarine, 80% fat, stick, includes regular and hydrogenated corn and soybean oils",,,,717,0.16,80.71,0.7,0.0,0.0,0.0,0.0,0.0,0.0,5.23,1,0.003,0.0,0.012,3,0.0,0.12,1,0.0,5,0.0,0.11,0.0,0.0,0.0,0.0,0.348666667,0.0025,0.0001875,0.0,0.01,0.0025,0.0,0.002380952,0.007142857,0.0,0.01
4629,Fats and Oils,"MARGARINE, VEG OIL SPRD,70% FAT,SOYBN & PART HYDR SOYBN,STK","Margarine, margarine-type vegetable oil spread, 70% fat, soybean and partially hydrogenated soybean, stick",,,,628,0.26,70.22,1.53,0.0,0.0,0.0,0.003,0.0,0.0,5.59,1,0.0,0.025,0.052,7,0.0,0.12,2,0.014,10,0.0,0.06,0.0,0.001764706,0.0,0.0,0.372666667,0.0025,0.0,0.019230769,0.043333333,0.005833333,0.0,0.004761905,0.014285714,0.0,0.005454545
4630,Fats and Oils,"MARGARINE SPRD,APPROX 48% FAT,TUB","Margarine Spread, approximately 48% fat, tub",,,,424,0.2,47.53,0.86,0.0,0.0,0.0,0.001,0.0,0.0,3.94,2,0.0,0.019,0.0,4,0.008,0.21,1,0.0,4,0.0,0.06,0.0,0.000588235,0.0,0.0,0.262666667,0.005,0.0,0.014615385,0.0,0.003333333,8.88889e-06,0.002380952,0.005714286,0.0,0.005454545
4631,Fats and Oils,"MARGARINE-LIKE,VEG OIL SPRD,FAT-FREE,TUB","Margarine-like, vegetable oil spread, fat-free, tub",,,,44,0.1,3.04,4.34,0.0,0.0,993.0,0.001,0.0,0.0,0.52,0,0.883,0.0,1.011,8,0.0,0.08,1,0.0,2,0.0,0.07,1.103333333,0.000588235,0.0,0.0,0.034666667,0.0,0.0551875,0.0,0.8425,0.006666667,0.0,0.002380952,0.002857143,0.0,0.006363636
4633,Fats and Oils,"MARGARINE-LIKE,VEG OIL SPRD,20% FAT,W/ SALT","Margarine-like, vegetable oil spread, 20% fat, with salt",,,,175,0.0,19.5,0.4,0.0,0.0,819.0,0.0,0.0,0.0,4.5,0,0.0,0.0,0.0,0,0.0,0.0,1,0.0,14,0.0,0.0,0.91,0.0,0.0,0.0,0.3,0.0,0.0,0.0,0.0,0.0,0.0,0.002380952,0.02,0.0,0.0
4634,Fats and Oils,"MARGARINE-LIKE,VEG OIL SPRD,20% FAT,WO/ SALT","Margarine-like, vegetable oil spread, 20% fat, without salt",,,,175,0.0,19.5,0.4,0.0,0.0,819.0,0.0,0.0,0.0,4.5,0,0.0,0.0,0.0,0,0.0,0.0,1,0.0,14,0.0,0.0,0.91,0.0,0.0,0.0,0.3,0.0,0.0,0.0,0.0,0.0,0.0,0.002380952,0.02,0.0,0.0
4635,Fats and Oils,"SALAD DRSNG,1000 ISLAND DRSNG,FAT-FREE","Salad dressing, thousand island dressing, fat-free",,,,132,0.55,1.45,29.27,16.83,3.3,1.0,0.0,0.0,0.0,0.75,12,0.261,0.049,0.236,11,0.178,0.28,4,0.021,1,2.0,0.09,0.001111111,0.0,0.0,0.0,0.05,0.03,0.0163125,0.037692308,0.196666667,0.009166667,0.000197778,0.00952381,0.001428571,0.036363636,0.008181818
4636,Fats and Oils,"SALAD DRSNG,ITALIAN DRSNG,FAT-FREE","Salad dressing, italian dressing, fat-free",,,,47,0.97,0.87,8.75,8.85,0.6,4.0,0.0,0.31,0.4,0.76,12,0.135,0.053,0.031,30,0.116,0.4,5,0.032,109,2.0,0.36,0.004444444,0.0,0.129166667,0.004444444,0.050666667,0.03,0.0084375,0.040769231,0.025833333,0.025,0.000128889,0.011904762,0.155714286,0.036363636,0.032727273
4638,Fats and Oils,"SALAD DRSNG,RANCH DRSNG,FAT-FREE","Salad dressing, ranch dressing, fat-free",,,,119,0.25,1.92,26.51,5.35,0.1,1.0,0.024,0.0,0.0,0.18,6,0.007,0.025,0.03,50,0.195,1.05,8,0.111,113,0.8,0.4,0.001111111,0.014117647,0.0,0.0,0.012,0.015,0.0004375,0.019230769,0.025,0.041666667,0.000216667,0.019047619,0.161428571,0.014545455,0.036363636
4639,Fats and Oils,"SALAD DRSNG,RANCH DRSNG,COMM,REG","Salad dressing, ranch dressing, commercial, regular",,,,421,1.32,44.54,5.74,4.69,0.0,14.0,0.03,0.18,0.0,2.22,4,0.054,0.087,0.015,28,0.019,0.3,5,0.033,183,3.5,0.17,0.015555556,0.017647059,0.075,0.0,0.148,0.01,0.003375,0.066923077,0.0125,0.023333333,2.11111e-05,0.011904762,0.261428571,0.063636364,0.015454545
4640,Fats and Oils,"SALAD DRSNG,RANCH DRSNG,RED FAT","Salad dressing, ranch dressing, reduced fat",,,,196,1.25,12.42,21.33,3.77,1.1,18.0,0.029,0.0,0.6,1.6,4,0.007,0.027,0.022,40,0.162,0.69,6,0.053,193,2.9,0.62,0.02,0.017058824,0.0,0.006666667,0.106666667,0.01,0.0004375,0.020769231,0.018333333,0.033333333,0.00018,0.014285714,0.275714286,0.052727273,0.056363636
4641,Fats and Oils,"SALAD DRSNG,MAYO,LT","Salad dressing, mayonnaise, light",lite mayonnaise,,,238,0.37,22.22,9.23,3.56,0.0,8.0,0.002,0.0,0.0,2.19,4,0.01,0.0,0.008,6,0.019,0.14,2,0.007,15,2.6,0.07,0.008888889,0.001176471,0.0,0.0,0.146,0.01,0.000625,0.0,0.006666667,0.005,2.11111e-05,0.004761905,0.021428571,0.047272727,0.006363636
4642,Fats and Oils,"OIL,INDUSTRIAL,MID-OLEIC,SUNFLOWER","Oil, industrial, mid-oleic, sunflower",NuSun,,,884,0.0,100.0,0.0,0.0,0.0,0.0,0.0,0.0,0.0,41.08,0,0.0,0.0,0.0,0,0.0,0.03,0,0.0,0,0.0,0.0,0.0,0.0,0.0,0.0,2.738666667,0.0,0.0,0.0,0.0,0.0,0.0,0.0,0.0,0.0,0.0
4643,Fats and Oils,"OIL,INDUSTRIAL,CANOLA W/ ANTIFOAMING AGENT","Oil, industrial, canola with antifoaming agent, principal uses salads, woks and light frying",,,,884,0.0,100.0,0.0,0.0,0.0,0.0,0.0,0.0,0.0,17.1,0,0.0,0.0,0.0,0,0.0,0.0,0,0.0,0,0.0,0.0,0.0,0.0,0.0,0.0,1.14,0.0,0.0,0.0,0.0,0.0,0.0,0.0,0.0,0.0,0.0
4644,Fats and Oils,"OIL,INDUSTRIAL,CANOLA FOR SALADS,WOKS & LT FRYING","Oil, industrial, canola for salads, woks and light frying",,,,884,0.0,100.0,0.0,0.0,0.0,0.0,0.0,0.0,0.0,17.46,0,0.0,0.0,0.0,0,0.0,0.0,0,0.0,0,0.0,0.0,0.0,0.0,0.0,0.0,1.164,0.0,0.0,0.0,0.0,0.0,0.0,0.0,0.0,0.0,0.0
4645,Fats and Oils,"OIL,INDUS,CANOLA (PART HYDROG) OIL FOR DEEP FAT FRYING","Oil, industrial, canola (partially hydrogenated) oil for deep fat frying",,,,884,0.0,100.0,0.0,0.0,0.0,0.0,0.0,0.0,0.0,17.46,0,0.0,0.0,0.0,0,0.0,0.0,0,0.0,0,0.0,0.0,0.0,0.0,0.0,0.0,1.164,0.0,0.0,0.0,0.0,0.0,0.0,0.0,0.0,0.0,0.0
4646,Fats and Oils,"OIL,INDUSTRIAL,COCNT","Oil, industrial, coconut, principal uses candy coatings, oil sprays, roasting nuts",,,,884,0.0,100.0,0.0,0.0,0.0,0.0,0.0,0.0,0.0,0.09,0,0.0,0.0,0.0,0,0.0,0.04,0,0.0,0,0.0,0.0,0.0,0.0,0.0,0.0,0.006,0.0,0.0,0.0,0.0,0.0,0.0,0.0,0.0,0.0,0.0
4648,Fats and Oils,"OIL,INDUSTRIAL,SOY (PART HYDR),FOR POPCORN & FLAVORING VEG","Oil, industrial, soy (partially hydrogenated), principal uses popcorn and flavoring vegetables",,,,884,0.0,100.0,0.0,0.0,0.0,0.0,0.0,0.0,0.0,8.1,0,0.0,0.0,0.0,0,0.0,0.0,0,0.0,0,0.0,0.0,0.0,0.0,0.0,0.0,0.54,0.0,0.0,0.0,0.0,0.0,0.0,0.0,0.0,0.0,0.0
4649,Fats and Oils,"SHORTENING,INDUS,SOY (PART HYDROG),POURABLE LIQ FRY","Shortening, industrial, soy (partially hydrogenated), pourable liquid fry shortening",,,,884,0.0,100.0,0.0,0.0,0.0,0.0,0.0,0.0,0.0,8.1,0,0.0,0.0,0.0,0,0.0,0.0,0,0.0,0,0.0,0.0,0.0,0.0,0.0,0.0,0.54,0.0,0.0,0.0,0.0,0.0,0.0,0.0,0.0,0.0,0.0
4650,Fats and Oils,"OIL,INDUSTRIAL,SOY,REFINED,FOR WOKS & LT FRYING","Oil, industrial, soy, refined, for woks and light frying",,,,884,0.0,100.0,0.0,0.0,0.0,0.0,0.0,0.0,0.0,8.18,0,0.0,0.0,0.0,0,0.0,0.02,0,0.0,0,0.0,0.0,0.0,0.0,0.0,0.0,0.545333333,0.0,0.0,0.0,0.0,0.0,0.0,0.0,0.0,0.0,0.0
4651,Fats and Oils,"OIL,INDUSTRIAL,SOY (PART HYDR),FOR NON-DAIRY BUTTER FLAVOR","Oil, industrial, soy (partially hydrogenated), multiuse for non-dairy butter flavor",,,,884,0.0,100.0,0.0,0.0,0.0,0.0,0.0,0.0,0.0,8.1,0,0.0,0.0,0.0,0,0.0,0.0,0,0.0,0,0.0,0.0,0.0,0.0,0.0,0.0,0.54,0.0,0.0,0.0,0.0,0.0,0.0,0.0,0.0,0.0,0.0
4652,Fats and Oils,"OIL,INDUSTRIAL,SOY ( PART HYDROGENATED),ALLPURP","Oil, industrial, soy ( partially hydrogenated), all purpose",,,,884,0.0,100.0,0.0,0.0,0.0,0.0,0.0,0.0,0.0,8.1,0,0.0,0.0,0.0,0,0.0,0.0,0,0.0,0,0.0,0.0,0.0,0.0,0.0,0.0,0.54,0.0,0.0,0.0,0.0,0.0,0.0,0.0,0.0,0.0,0.0
4653,Fats and Oils,"OIL,INDUSTRIAL,SOY (PART HYDR ) & SOY,POURABLE FRY","Oil, industrial, soy (partially hydrogenated ) and soy (winterized), pourable clear fry",,,,884,0.0,100.0,0.0,0.0,0.0,0.0,0.0,0.0,0.0,8.1,0,0.0,0.0,0.0,0,0.0,0.0,0,0.0,0,0.0,0.0,0.0,0.0,0.0,0.0,0.54,0.0,0.0,0.0,0.0,0.0,0.0,0.0,0.0,0.0,0.0
4654,Fats and Oils,"OIL,INDUS,SOY (PART HYDROG) & CTTNSD,TORTILLA SHORTENING","Oil, industrial, soy (partially hydrogenated)  and cottonseed, principal use as a tortilla shortening",,,,884,0.0,100.0,0.0,0.0,0.0,0.0,0.0,0.0,0.0,12.1,0,0.0,0.0,0.0,0,0.0,0.0,0,0.0,0,0.0,0.0,0.0,0.0,0.0,0.0,0.806666667,0.0,0.0,0.0,0.0,0.0,0.0,0.0,0.0,0.0,0.0
4655,Fats and Oils,"MARGARINE-LIKE SHORTENING,INDUS,SOY(PART  HYDR),CTTNSD,& SOY","Margarine-like shortening, industrial, soy (partially hydrogenated), cottonseed, and soy, principal use flaky pastries",,,,628,0.0,71.0,0.0,0.0,0.0,0.0,0.0,0.0,0.0,6.13,0,0.0,0.0,0.0,0,0.0,0.0,0,0.0,0,0.0,0.0,0.0,0.0,0.0,0.0,0.408666667,0.0,0.0,0.0,0.0,0.0,0.0,0.0,0.0,0.0,0.0
4656,Fats and Oils,"OIL,INDUSTRIAL,PALM KERNEL,CONFECTION FAT","Oil, industrial, palm kernel, confection fat, uses similar to high quality cocoa butter",,,,884,0.0,100.0,0.0,0.0,0.0,0.0,0.0,0.0,0.0,3.81,0,0.0,0.0,0.0,1,0.0,0.29,0,0.0,0,0.0,0.04,0.0,0.0,0.0,0.0,0.254,0.0,0.0,0.0,0.0,0.000833333,0.0,0.0,0.0,0.0,0.003636364
4657,Fats and Oils,"OIL,INDUSTRIAL,PALM KERNEL (HYDROGENATED),CONFECTION FAT","Oil, industrial, palm kernel (hydrogenated), confection fat, uses similar to 95 degree hard butter",,,,884,0.0,100.0,0.0,0.0,0.0,0.0,0.0,0.0,0.0,3.81,0,0.0,0.0,0.0,1,0.0,0.15,0,0.0,0,0.0,0.08,0.0,0.0,0.0,0.0,0.254,0.0,0.0,0.0,0.0,0.000833333,0.0,0.0,0.0,0.0,0.007272727
4658,Fats and Oils,"OIL,INDUSTRIAL,PALM KERNEL (HYDROGENATED),CONFECTION FAT","Oil, industrial, palm kernel (hydrogenated), confection fat, intermediate grade product",,,,884,0.0,100.0,0.0,0.0,0.0,0.0,0.0,0.0,0.0,3.81,0,0.0,0.0,0.0,1,0.0,0.15,0,0.0,0,0.0,0.04,0.0,0.0,0.0,0.0,0.254,0.0,0.0,0.0,0.0,0.000833333,0.0,0.0,0.0,0.0,0.003636364
4659,Fats and Oils,"OIL,INDUSTRIAL,COCNT,CONFECTION FAT,ICE CRM COATINGS","Oil, industrial, coconut, confection fat, typical basis for ice cream coatings",,,,884,0.0,100.0,0.0,0.0,0.0,0.0,0.0,0.0,0.0,0.09,0,0.0,0.0,0.0,2,0.0,0.15,0,0.0,0,0.0,0.04,0.0,0.0,0.0,0.0,0.006,0.0,0.0,0.0,0.0,0.001666667,0.0,0.0,0.0,0.0,0.003636364
4660,Fats and Oils,"OIL,INDUSTRIAL,PALM KERNEL (HYDROG) FOR WHIPPED TOPPINGS","Oil, industrial, palm kernel (hydrogenated) , used for whipped toppings, non-dairy",,,,884,0.0,100.0,0.0,0.0,0.0,0.0,0.0,0.0,0.0,3.81,0,0.0,0.0,0.0,1,0.0,0.15,0,0.0,0,0.0,0.04,0.0,0.0,0.0,0.0,0.254,0.0,0.0,0.0,0.0,0.000833333,0.0,0.0,0.0,0.0,0.003636364
4661,Fats and Oils,"OIL,INDUSTRIAL,COCNT (HYDROGENATED),FOR TOPPINGS & WHITENERS","Oil, industrial, coconut (hydrogenated), used for whipped toppings and coffee whiteners",,,,880,0.0,99.5,0.0,0.0,0.0,0.0,0.0,0.0,0.0,0.09,0,0.0,0.0,0.0,1,0.0,0.15,0,0.0,0,0.0,0.04,0.0,0.0,0.0,0.0,0.006,0.0,0.0,0.0,0.0,0.000833333,0.0,0.0,0.0,0.0,0.003636364
4662,Fats and Oils,"OIL,INDUSTRIAL,PALM & PALM KERNEL,FILLING FAT (NON-HYDROG)","Oil, industrial, palm and palm kernel, filling fat (non-hydrogenated)",,,,880,0.0,99.5,0.0,0.0,0.0,0.0,0.0,0.0,0.0,3.81,0,0.0,0.0,0.0,1,0.0,0.15,0,0.0,0,0.0,0.04,0.0,0.0,0.0,0.0,0.254,0.0,0.0,0.0,0.0,0.000833333,0.0,0.0,0.0,0.0,0.003636364
4663,Fats and Oils,"OIL,INDUSTRIAL,PALM KERNEL (HYDROGENATED),FILLING FAT","Oil, industrial, palm kernel (hydrogenated), filling fat",,,,884,0.0,100.0,0.0,0.0,0.0,0.0,0.0,0.0,0.0,3.81,0,0.0,0.0,0.0,2,0.0,0.15,0,0.0,0,0.0,0.04,0.0,0.0,0.0,0.0,0.254,0.0,0.0,0.0,0.0,0.001666667,0.0,0.0,0.0,0.0,0.003636364
4664,Fats and Oils,"OIL,INDUSTRIAL,SOY (PARTHYDR ),PALM, ICINGS & FILLINGS","Oil, industrial, soy (partially hydrogenated ), palm, principal uses icings and fillings",,,,884,0.0,100.0,0.0,0.0,0.0,0.0,0.0,0.0,0.0,8.1,0,0.0,0.0,0.0,0,0.0,0.0,0,0.0,0,0.0,0.0,0.0,0.0,0.0,0.0,0.54,0.0,0.0,0.0,0.0,0.0,0.0,0.0,0.0,0.0,0.0
4665,Fats and Oils,"MARGARINE,INDUS,NON-DAIRY,CTTNSD,SOY OIL (PART HYDR )","Margarine, industrial, non-dairy, cottonseed, soy oil (partially hydrogenated ), for flaky pastries",,,,714,1.9,80.2,0.0,0.0,0.0,1032.0,0.019,0.21,0.4,4.6,3,0.05,0.081,0.022,66,0.0,0.0,6,0.0,51,0.0,0.0,1.146666667,0.011176471,0.0875,0.004444444,0.306666667,0.0075,0.003125,0.062307692,0.018333333,0.055,0.0,0.014285714,0.072857143,0.0,0.0
4666,Fats and Oils,"SHORTENING,INDUSTRIAL,SOY (PARTIALLY HYDR )&CORN FOR FRYING","Shortening, industrial, soy (partially hydrogenated ) and corn for frying",,,,884,0.0,100.0,0.0,0.0,0.0,0.0,0.0,0.0,0.0,6.13,0,0.0,0.0,0.0,0,0.0,0.0,0,0.0,0,0.0,0.0,0.0,0.0,0.0,0.0,0.408666667,0.0,0.0,0.0,0.0,0.0,0.0,0.0,0.0,0.0,0.0
4667,Fats and Oils,"SHORTENING,INDUS,SOY (PART HYDR ) FOR BAKING & CONFECTIONS","Shortening, industrial, soy (partially hydrogenated ) for baking and confections",,,,884,0.0,100.0,0.0,0.0,0.0,0.0,0.0,0.0,0.0,6.13,0,0.0,0.0,0.0,0,0.0,0.0,0,0.0,0,0.0,0.0,0.0,0.0,0.0,0.0,0.408666667,0.0,0.0,0.0,0.0,0.0,0.0,0.0,0.0,0.0,0.0
4668,Fats and Oils,"MARGARINE,INDUS,SOY & PART HYDR SOY OIL,BAKING,SAUCES,CANDY","Margarine, industrial, soy and partially hydrogenated soy oil, use for baking, sauces and candy",,,,714,0.18,80.0,0.71,0.0,0.0,0.0,0.0,0.21,0.0,6.23,1,0.003,0.0,0.012,3,0.0,0.12,1,0.0,5,0.0,0.11,0.0,0.0,0.0875,0.0,0.415333333,0.0025,0.0001875,0.0,0.01,0.0025,0.0,0.002380952,0.007142857,0.0,0.01
4669,Fats and Oils,"USDA CMDTY FD,OIL,VEG,SOYBN,REFINED","USDA Commodity Food, oil, vegetable, soybean, refined",,,,884,0.0,100.0,0.0,0.0,0.0,0.0,0.0,0.0,0.0,8.18,0,0.0,0.0,0.0,0,0.0,0.02,0,0.0,0,0.0,0.0,0.0,0.0,0.0,0.0,0.545333333,0.0,0.0,0.0,0.0,0.0,0.0,0.0,0.0,0.0,0.0
4670,Fats and Oils,"USDA CMDTY FD,OIL,VEG,LO SATURATED FAT","USDA Commodity Food, oil, vegetable, low saturated fat",,,,884,0.0,100.0,0.0,0.0,0.0,0.0,0.0,0.0,0.0,9.21,0,0.0,0.0,0.0,0,0.0,0.02,0,0.0,0,0.0,0.0,0.0,0.0,0.0,0.0,0.614,0.0,0.0,0.0,0.0,0.0,0.0,0.0,0.0,0.0,0.0
4673,Fats and Oils,"MARGARINE-LIKE SPRD,SMART BALANCE REG BUTTERY SPRD","Margarine-like spread, SMART BALANCE Regular Buttery Spread with flax oil",,GFA Brands,,583,0.14,64.63,0.14,0.0,0.0,0.0,0.0,0.0,0.0,19.34,0,0.0,0.0,0.0,0,0.0,0.0,0,0.0,4,0.0,0.0,0.0,0.0,0.0,0.0,1.289333333,0.0,0.0,0.0,0.0,0.0,0.0,0.0,0.005714286,0.0,0.0
4674,Fats and Oils,"MARGARINE-LIKE SPRD,SMART BALANCE LT BUTTERY SPRD","Margarine-like spread, SMART BALANCE Light Buttery Spread",,,,337,0.02,36.41,1.98,0.0,0.0,1433.0,0.0,0.0,0.0,15.75,0,0.0,0.0,0.0,3,0.0,0.0,1,0.0,1,0.0,0.0,1.592222222,0.0,0.0,0.0,1.05,0.0,0.0,0.0,0.0,0.0025,0.0,0.002380952,0.001428571,0.0,0.0
4675,Fats and Oils,"MARGARINE-LIKE SPRD,SMART BEAT SUPER LT WO/ SATURATED FAT","Margarine-like spread, SMART BEAT Super Light without saturated fat",,,,158,0.0,17.1,0.0,0.0,0.0,0.0,0.0,0.0,0.0,1.7,0,0.0,0.0,0.0,0,0.0,0.0,0,0.0,0,0.0,0.0,0.0,0.0,0.0,0.0,0.113333333,0.0,0.0,0.0,0.0,0.0,0.0,0.0,0.0,0.0,0.0
4676,Fats and Oils,"MARGARINE-LIKE SPRD,SMART BEAT SMART SQUEEZE","Margarine-like spread, SMART BEAT Smart Squeeze",,GFA Brands,,47,0.0,2.1,7.1,1.0,0.0,0.0,0.0,0.0,0.0,0.2,0,0.0,0.0,0.0,0,0.0,0.0,0,0.0,0,0.0,0.0,0.0,0.0,0.0,0.0,0.013333333,0.0,0.0,0.0,0.0,0.0,0.0,0.0,0.0,0.0,0.0
4677,Fats and Oils,"MARGARINE-LIKE SPRD,SMART BALANCE OMEGA PLUS SPRD","Margarine-like spread, SMART BALANCE Omega Plus Spread (with plant sterols & fish oil)",,GFA Brands,,605,0.13,70.95,0.16,0.0,0.0,0.0,0.0,0.0,0.0,11.78,0,0.0,0.0,0.0,0,0.0,0.0,0,0.0,23,0.0,0.0,0.0,0.0,0.0,0.0,0.785333333,0.0,0.0,0.0,0.0,0.0,0.0,0.0,0.032857143,0.0,0.0
4678,Fats and Oils,"OIL,VEG,NATREON CANOLA,HI STABILITY,NON TRANS,HI OLEIC (70%)","Oil, vegetable, Natreon canola, high stability, non trans, high oleic (70%)",trans free high stability low saturated fat non-hydrogenated canola oil,"Dow AgroSciences, LLC",,884,0.0,100.0,0.0,0.0,0.0,0.0,0.0,0.0,0.0,21.8,0,0.0,0.0,0.0,0,0.0,0.0,0,0.0,0,0.0,0.0,0.0,0.0,0.0,0.0,1.453333333,0.0,0.0,0.0,0.0,0.0,0.0,0.0,0.0,0.0,0.0
4679,Fats and Oils,"OIL,PAM COOKING SPRAY,ORIGINAL","Oil, PAM cooking spray, original",,"ConAgra, Inc.",,792,0.26,78.69,20.69,0.0,0.0,0.0,0.0,0.0,0.0,0.0,0,0.0,0.0,0.0,0,0.0,0.0,0,0.0,0,0.0,0.0,0.0,0.0,0.0,0.0,0.0,0.0,0.0,0.0,0.0,0.0,0.0,0.0,0.0,0.0,0.0
4683,Fats and Oils,"MARGARINE,MARGARINE-LIKE VEG OIL SPRD,67-70% FAT,TUB","Margarine, margarine-like vegetable oil spread, 67-70% fat, tub",,,,606,0.07,68.29,0.59,0.0,0.0,0.0,0.0,0.0,0.0,13.0,0,0.0,0.0,0.0,0,0.0,0.0,0,0.0,0,0.0,0.0,0.0,0.0,0.0,0.0,0.866666667,0.0,0.0,0.0,0.0,0.0,0.0,0.0,0.0,0.0,0.0
4684,Fats and Oils,"MARGARINE,80% FAT,TUB,CANOLA HARVEST SOFT SPRD","Margarine, 80% fat, tub, CANOLA HARVEST Soft Spread (canola, palm and palm kernel oils)",,,,730,0.41,80.32,1.39,0.0,0.0,0.0,0.0,0.0,0.0,26.63,0,0.0,0.0,0.0,0,0.0,0.0,0,0.0,0,0.0,0.0,0.0,0.0,0.0,0.0,1.775333333,0.0,0.0,0.0,0.0,0.0,0.0,0.0,0.0,0.0,0.0
4685,Fats and Oils,"OIL,COOKING & SALAD,ENOVA,80% DIGLYCERIDES","Oil, cooking and salad, ENOVA, 80% diglycerides",,ADM KAO LLC,,884,0.0,100.0,0.0,0.0,0.0,0.0,0.0,0.0,0.0,21.64,0,0.0,0.0,0.0,0,0.0,0.0,0,0.0,0,0.0,0.0,0.0,0.0,0.0,0.0,1.442666667,0.0,0.0,0.0,0.0,0.0,0.0,0.0,0.0,0.0,0.0
4686,Fats and Oils,"SALAD DRSNG,HONEY MUSTARD DRSNG,RED CAL","Salad dressing, honey mustard dressing, reduced calorie",,,,207,0.98,10.0,28.26,18.33,0.8,1.0,0.02,0.0,0.4,1.46,2,0.118,0.013,0.07,67,0.025,0.41,12,0.144,28,6.8,0.17,0.001111111,0.011764706,0.0,0.004444444,0.097333333,0.005,0.007375,0.01,0.058333333,0.055833333,2.77778e-05,0.028571429,0.04,0.123636364,0.015454545
4687,Fats and Oils,"MARGARINE-LIKE SPRD,BENECOL LT SPRD","Margarine-like spread, BENECOL Light Spread",,"McNeil Nutritionals, LLC",,357,0.0,38.71,5.71,0.0,0.0,1370.0,0.0,0.0,0.0,37.22,0,0.0,0.0,0.012,4,0.0,0.0,1,0.0,4,0.0,0.0,1.522222222,0.0,0.0,0.0,2.481333333,0.0,0.0,0.0,0.01,0.003333333,0.0,0.002380952,0.005714286,0.0,0.0
4688,Fats and Oils,"SALAD DRSNG,SPRAY-STYLE DRSNG,ASSORTED FLAVORS","Salad dressing, spray-style dressing, assorted flavors",,,,165,0.16,10.75,16.6,14.29,0.3,0.0,0.0,0.0,0.7,0.0,0,0.0,0.0,0.0,6,0.0,0.18,0,0.0,0,0.0,0.0,0.0,0.0,0.0,0.007777778,0.0,0.0,0.0,0.0,0.0,0.005,0.0,0.0,0.0,0.0,0.0
4689,Fats and Oils,"SALAD DRSNG,MAYO,LT,SMART BALANCE,OMEGA PLUS LT","Salad Dressing, mayonnaise, light, SMART BALANCE, Omega Plus light",,Smart Balance Foods,,333,1.53,34.18,9.39,5.38,0.2,0.0,0.015,0.17,0.0,10.41,0,0.028,0.03,0.015,13,0.016,0.31,2,0.013,27,4.4,0.2,0.0,0.008823529,0.070833333,0.0,0.694,0.0,0.00175,0.023076923,0.0125,0.010833333,1.77778e-05,0.004761905,0.038571429,0.08,0.018181818
4690,Fats and Oils,"VEG OIL SPRD,37% FAT,UNSPEC OILS,W/ SALT,W/ ADDED VITAMIN D","Margarine-like, vegetable oil spread, approximately 37% fat, unspecified oils, with salt, with added vitamin D",,,,339,0.51,37.77,0.66,0.0,0.0,1297.0,0.0,0.06,0.1,13.45,1,0.0,0.005,0.011,6,0.0,0.02,1,0.0,5,0.0,0.02,1.441111111,0.0,0.025,0.001111111,0.896666667,0.0025,0.0,0.003846154,0.009166667,0.005,0.0,0.002380952,0.007142857,0.0,0.001818182
4691,Fats and Oils,"MARGARINE,REG,80% FAT,COMP,STK,W/ SALT,W/ ADDED VITAMIN D","Margarine, regular, 80% fat, composite, stick, with salt, with added vitamin D",,,,717,0.16,80.71,0.7,0.0,0.0,819.0,0.009,0.1,0.2,9.0,1,0.023,0.037,0.01,3,0.0,0.06,3,0.0,5,0.0,0.0,0.91,0.005294118,0.041666667,0.002222222,0.6,0.0025,0.0014375,0.028461538,0.008333333,0.0025,0.0,0.007142857,0.007142857,0.0,0.0
4692,Fats and Oils,"MARGARINE,REG,80% FAT,COMP,TUB,W/ SALT,W/ ADDED VITAMIN D","Margarine, regular, 80% fat, composite, tub, with salt, with added vitamin D",,,,713,0.22,80.17,0.75,0.0,0.0,819.0,0.0,0.08,0.1,15.43,1,0.0,0.0,0.0,3,0.0,0.0,1,0.0,5,0.0,0.0,0.91,0.0,0.033333333,0.001111111,1.028666667,0.0025,0.0,0.0,0.0,0.0025,0.0,0.002380952,0.007142857,0.0,0.0
4693,Fats and Oils,"VEG OIL SPRD,60% FAT,STK,W/ SALT,W/ ADDED VITAMIN D","Margarine-like, vegetable oil spread, 60% fat, stick, with salt, with added vitamin D",,,,537,0.12,60.39,0.69,0.0,0.0,819.0,0.006,0.07,0.1,5.0,1,0.016,0.026,0.007,21,0.008,0.0,2,0.0,16,0.0,0.0,0.91,0.003529412,0.029166667,0.001111111,0.333333333,0.0025,0.001,0.02,0.005833333,0.0175,8.88889e-06,0.004761905,0.022857143,0.0,0.0
4694,Fats and Oils,"VEG OIL SPRD,60% FAT,TUB,W/ SALT,W/ ADDED VITAMIN D","Margarine-like, vegetable oil spread, 60% fat, tub, with salt, with added vitamin D",,,,533,0.17,59.81,0.86,0.0,0.0,819.0,3.75,10.8,0.1,21.12,1,0.016,0.026,0.007,21,0.0,0.0,2,0.0,16,0.0,0.0,0.91,2.205882353,4.5,0.001111111,1.408,0.0025,0.001,0.02,0.005833333,0.0175,0.0,0.004761905,0.022857143,0.0,0.0
4695,Fats and Oils,"VEG-OIL SPRD,STICK/TUB/BOTTLE,60% FAT,W/ ADDED VITAMIN D","Margarine-like vegetable-oil spread, stick/tub/bottle, 60% fat, with added vitamin D",,,,535,0.6,59.17,0.0,0.0,0.0,819.0,0.006,0.07,0.1,5.0,1,0.016,0.026,0.007,21,0.0,0.0,2,0.0,16,0.0,0.0,0.91,0.003529412,0.029166667,0.001111111,0.333333333,0.0025,0.001,0.02,0.005833333,0.0175,0.0,0.004761905,0.022857143,0.0,0.0
4696,Fats and Oils,"MARGARINE,REG,80% FAT,COMP,STK,WO/ SALT,W/ ADDED VITAMIN D","Margarine, regular, 80% fat, composite, stick, without salt, with added vitamin D",,,,717,0.16,80.71,0.7,0.0,0.0,819.0,0.009,0.1,0.2,9.0,1,0.023,0.037,0.01,3,0.0,0.06,3,0.0,5,0.0,0.0,0.91,0.005294118,0.041666667,0.002222222,0.6,0.0025,0.0014375,0.028461538,0.008333333,0.0025,0.0,0.007142857,0.007142857,0.0,0.0
4697,Fats and Oils,"VEG OIL SPRD,60% FAT,STICK/TUB/BOTTLE,WO/ SALT,W/VIT D","Margarine-like, vegetable oil spread, 60% fat, stick/tub/bottle, without salt, with added vitamin D",,,,542,0.17,59.81,0.86,0.0,0.0,819.0,3.75,10.8,0.1,21.12,1,0.016,0.026,0.007,21,0.0,0.0,2,0.0,16,0.0,0.0,0.91,2.205882353,4.5,0.001111111,1.408,0.0025,0.001,0.02,0.005833333,0.0175,0.0,0.004761905,0.022857143,0.0,0.0
4698,Fats and Oils,"OIL,INDUSTRIAL,CANOLA,HI OLEIC","Oil, industrial, canola, high oleic",,,,900,0.0,100.0,0.0,0.0,0.0,0.0,0.0,0.0,0.0,17.46,0,0.0,0.0,0.0,0,0.0,0.0,0,0.0,0,0.0,0.0,0.0,0.0,0.0,0.0,1.164,0.0,0.0,0.0,0.0,0.0,0.0,0.0,0.0,0.0,0.0
4699,Fats and Oils,"OIL,INDUSTRIAL,SOY,LO LINOLENIC","Oil, industrial, soy, low linolenic",,,,900,0.0,100.0,0.0,0.0,0.0,0.0,0.0,0.0,0.0,8.18,0,0.0,0.0,0.0,0,0.0,0.05,0,0.0,0,0.0,0.01,0.0,0.0,0.0,0.0,0.545333333,0.0,0.0,0.0,0.0,0.0,0.0,0.0,0.0,0.0,0.000909091
4700,Fats and Oils,"OIL,INDUSTRIAL,SOY,ULTRA LO LINOLENIC","Oil, industrial, soy, ultra low linolenic",,,,884,0.0,100.0,0.0,0.0,0.0,0.0,0.0,0.0,0.0,8.18,0,0.0,0.0,0.0,0,0.0,0.05,0,0.0,0,0.0,0.01,0.0,0.0,0.0,0.0,0.545333333,0.0,0.0,0.0,0.0,0.0,0.0,0.0,0.0,0.0,0.000909091
4701,Fats and Oils,"OIL,INDUSTRIAL,SOY,FULLY HYDR","Oil, industrial, soy, fully hydrogenated",,,,884,0.0,100.0,0.0,0.0,0.0,0.0,0.0,0.0,0.0,8.18,0,0.0,0.0,0.0,0,0.0,0.05,0,0.0,0,0.0,0.01,0.0,0.0,0.0,0.0,0.545333333,0.0,0.0,0.0,0.0,0.0,0.0,0.0,0.0,0.0,0.000909091
4702,Fats and Oils,"OIL,INDUSTRIAL,CTTNSD,FULLY HYDR","Oil, industrial, cottonseed, fully hydrogenated",,,,884,0.0,100.0,0.0,0.0,0.0,0.0,0.0,0.0,0.0,35.3,0,0.0,0.0,0.0,0,0.0,0.0,0,0.0,0,0.0,0.0,0.0,0.0,0.0,0.0,2.353333333,0.0,0.0,0.0,0.0,0.0,0.0,0.0,0.0,0.0,0.0
4703,Fats and Oils,"SALAD DRSNG,HONEY MUSTARD,REG","Salad dressing, honey mustard, regular",,,,464,0.87,40.83,23.33,15.84,0.4,12.0,0.017,0.05,0.2,3.53,5,0.061,0.023,0.039,12,0.018,0.29,5,0.066,22,5.0,0.14,0.013333333,0.01,0.020833333,0.002222222,0.235333333,0.0125,0.0038125,0.017692308,0.0325,0.01,2e-05,0.011904762,0.031428571,0.090909091,0.012727273
4704,Fats and Oils,"SALAD DRSNG,POPPYSEED,CREAMY","Salad dressing, poppyseed, creamy",,,,399,0.92,33.33,23.73,23.39,0.3,51.0,0.022,0.09,0.3,2.36,3,0.047,0.058,0.024,59,0.035,0.25,9,0.131,49,1.2,0.25,0.056666667,0.012941176,0.0375,0.003333333,0.157333333,0.0075,0.0029375,0.044615385,0.02,0.049166667,3.88889e-05,0.021428571,0.07,0.021818182,0.022727273
4705,Fats and Oils,"SALAD DRSNG,CAESAR,FAT-FREE","Salad dressing, caesar, fat-free",,,,131,1.47,0.23,30.73,8.82,0.2,1.0,0.04,0.04,0.1,0.02,2,0.029,0.009,0.031,33,0.019,0.29,4,0.04,30,2.2,0.3,0.001111111,0.023529412,0.016666667,0.001111111,0.001333333,0.005,0.0018125,0.006923077,0.025833333,0.0275,2.11111e-05,0.00952381,0.042857143,0.04,0.027272727
4706,Fats and Oils,"DRESSING,HONEY MUSTARD,FAT-FREE","Dressing, honey mustard, fat-free",,,,169,1.07,1.47,38.43,17.75,1.2,5.0,0.053,0.02,2.1,0.8,9,0.151,0.021,0.043,24,0.04,0.36,13,0.115,37,6.2,0.29,0.005555556,0.031176471,0.008333333,0.023333333,0.053333333,0.0225,0.0094375,0.016153846,0.035833333,0.02,4.44444e-05,0.030952381,0.052857143,0.112727273,0.026363636
4707,Fats and Oils,"OIL,FLAXSEED,CONTAINS ADDED SLICED FLAXSEED","Oil, flaxseed, contains added sliced flaxseed",,,,878,0.37,99.01,0.39,0.0,0.0,0.0,0.0,0.0,0.0,0.71,0,0.0,0.0,0.0,9,0.067,0.34,15,0.141,27,0.0,0.31,0.0,0.0,0.0,0.0,0.047333333,0.0,0.0,0.0,0.0,0.0075,7.44444e-05,0.035714286,0.038571429,0.0,0.028181818
4708,Fats and Oils,"MAYONNAISE,RED FAT,W/ OLIVE OIL","Mayonnaise, reduced fat, with olive oil",,,,361,0.37,40.0,0.0,0.0,0.0,8.0,0.002,0.12,0.0,2.19,0,0.01,0.0,0.008,0,0.019,0.0,2,0.007,15,2.3,0.07,0.008888889,0.001176471,0.05,0.0,0.146,0.0,0.000625,0.0,0.006666667,0.0,2.11111e-05,0.004761905,0.021428571,0.041818182,0.006363636
5000,Poultry Products,"CHICKEN,BROILER,ROTISSERIE,BBQ,BREAST MEAT ONLY","Chicken, broiler, rotisserie, BBQ, breast meat only",,,,144,28.04,3.57,0.0,0.0,0.0,5.0,0.314,0.27,0.0,0.32,8,9.634,0.131,0.081,13,0.041,0.46,25,0.0,246,23.1,0.87,0.005555556,0.184705882,0.1125,0.0,0.021333333,0.02,0.602125,0.100769231,0.0675,0.010833333,4.55556e-05,0.05952381,0.351428571,0.42,0.079090909
5001,Poultry Products,"CHICKEN,BROILERS OR FRYERS,MEAT&SKN&GIBLETS&NECK,RAW","Chicken, broilers or fryers, meat and skin and giblets and neck, raw",,,Gallus gallus,213,18.33,14.83,0.13,0.0,0.0,232.0,0.34,1.11,2.6,0.0,30,6.639,0.186,0.061,11,0.064,1.31,20,0.029,149,11.8,1.48,0.257777778,0.2,0.4625,0.028888889,0.0,0.075,0.4149375,0.143076923,0.050833333,0.009166667,7.11111e-05,0.047619048,0.212857143,0.214545455,0.134545455
5002,Poultry Products,"CHICKEN,BROILER OR FRYER,MEAT&SKN&GIBLETS&NECK,FRIED,BATTER","Chicken, broilers or fryers, meat and skin and giblets and neck, cooked, fried, batter",,,,291,22.84,17.53,9.03,0.0,0.0,181.0,0.32,0.83,0.4,0.0,38,7.083,0.248,0.113,21,0.089,1.79,21,0.064,158,20.3,1.91,0.201111111,0.188235294,0.345833333,0.004444444,0.0,0.095,0.4426875,0.190769231,0.094166667,0.0175,9.88889e-05,0.05,0.225714286,0.369090909,0.173636364
5003,Poultry Products,"CHICKEN,BROILERS OR FRYERS,MEAT&SKN&GIBLETS&NECK,FRIED,FLR","Chicken, broilers or fryers, meat and skin and giblets and neck, cooked, fried, flour",,,,272,28.57,15.27,3.27,0.0,0.0,248.0,0.42,1.11,0.5,0.0,32,8.93,0.278,0.088,17,0.1,1.99,25,0.047,194,16.6,2.36,0.275555556,0.247058824,0.4625,0.005555556,0.0,0.08,0.558125,0.213846154,0.073333333,0.014166667,0.000111111,0.05952381,0.277142857,0.301818182,0.214545455
5004,Poultry Products,"CHICKEN,BROILERS OR FRYERS,MEAT&SKN&GIBLETS&NECK,RSTD","Chicken, broilers or fryers, meat and skin and giblets and neck, roasted",,,,234,26.78,13.27,0.06,0.0,0.0,191.0,0.38,0.94,0.5,0.33,29,7.908,0.224,0.063,15,0.08,1.66,23,0.031,182,15.9,2.16,0.212222222,0.223529412,0.391666667,0.005555556,0.022,0.0725,0.49425,0.172307692,0.0525,0.0125,8.88889e-05,0.054761905,0.26,0.289090909,0.196363636
5005,Poultry Products,"CHICKEN,BROILERS OR FRYERS,MEAT&SKN&GIBLETS&NECK,STWD","Chicken, broilers or fryers, meat and skin and giblets and neck, stewed",,,,216,24.49,12.37,0.06,0.0,0.0,174.0,0.22,0.79,0.5,0.0,27,5.389,0.201,0.048,14,0.071,1.53,19,0.029,144,15.9,1.98,0.193333333,0.129411765,0.329166667,0.005555556,0.0,0.0675,0.3368125,0.154615385,0.04,0.011666667,7.88889e-05,0.045238095,0.205714286,0.289090909,0.18
5006,Poultry Products,"CHICKEN,BROILERS OR FRYERS,MEAT & SKN,RAW","Chicken, broilers or fryers, meat and skin, raw",,,,215,18.6,15.06,0.0,0.0,0.0,41.0,0.35,0.31,1.6,0.3,6,6.801,0.12,0.06,11,0.048,0.9,20,0.019,147,14.4,1.31,0.045555556,0.205882353,0.129166667,0.017777778,0.02,0.015,0.4250625,0.092307692,0.05,0.009166667,5.33333e-05,0.047619048,0.21,0.261818182,0.119090909
5007,Poultry Products,"CHICKEN,BROILERS OR FRYERS,MEAT&SKN,CKD,FRIED,BATTER","Chicken, broilers or fryers, meat and skin, cooked, fried, batter",,,,289,22.54,17.35,9.42,0.0,0.3,28.0,0.31,0.28,0.0,1.24,25,7.043,0.189,0.115,21,0.072,1.37,21,0.057,155,25.5,1.67,0.031111111,0.182352941,0.116666667,0.0,0.082666667,0.0625,0.4401875,0.145384615,0.095833333,0.0175,8e-05,0.05,0.221428571,0.463636364,0.151818182
5008,Poultry Products,"CHICKEN,BROILERS OR FRYERS,MEAT&SKN,CKD,FRIED,FLR","Chicken, broilers or fryers, meat and skin, cooked, fried, flour",,,,269,28.56,14.92,3.15,0.0,0.1,27.0,0.41,0.31,0.0,0.63,11,8.992,0.193,0.087,17,0.075,1.38,25,0.034,191,21.7,2.04,0.03,0.241176471,0.129166667,0.0,0.042,0.0275,0.562,0.148461538,0.0725,0.014166667,8.33333e-05,0.05952381,0.272857143,0.394545455,0.185454545
5009,Poultry Products,"CHICKEN,BROILERS OR FRYERS,MEAT&SKN,CKD,RSTD","Chicken, broilers or fryers, meat and skin, cooked, roasted",,,,239,27.3,13.6,0.0,0.0,0.0,48.0,0.4,0.3,0.0,0.27,5,8.487,0.168,0.063,15,0.066,1.26,23,0.02,182,23.9,1.94,0.053333333,0.235294118,0.125,0.0,0.018,0.0125,0.5304375,0.129230769,0.0525,0.0125,7.33333e-05,0.054761905,0.26,0.434545455,0.176363636
5010,Poultry Products,"CHICKEN,BROILERS OR FRYERS,MEAT&SKN,CKD,STWD","Chicken, broilers or fryers, meat and skin, cooked, stewed",,,,219,24.68,12.56,0.0,0.0,0.0,44.0,0.22,0.2,0.0,0.27,5,5.594,0.148,0.046,13,0.057,1.16,19,0.019,139,18.0,1.76,0.048888889,0.129411765,0.083333333,0.0,0.018,0.0125,0.349625,0.113846154,0.038333333,0.010833333,6.33333e-05,0.045238095,0.198571429,0.327272727,0.16
5011,Poultry Products,"CHICKEN,BROILERS OR FRYERS,MEAT ONLY,RAW","Chicken, broilers or fryers, meat only, raw",,,,119,21.39,3.08,0.0,0.0,0.0,16.0,0.43,0.37,2.3,0.21,7,8.239,0.142,0.073,12,0.053,0.89,25,0.019,173,15.7,1.54,0.017777778,0.252941176,0.154166667,0.025555556,0.014,0.0175,0.5149375,0.109230769,0.060833333,0.01,5.88889e-05,0.05952381,0.247142857,0.285454545,0.14
5012,Poultry Products,"CHICKEN,BROILERS OR FRYERS,MEAT ONLY,CKD,FRIED","Chicken, broilers or fryers, meat only, cooked, fried",,,,219,30.57,9.12,1.69,0.0,0.1,18.0,0.48,0.34,0.0,0.46,7,9.663,0.198,0.085,17,0.075,1.35,27,0.028,205,24.5,2.24,0.02,0.282352941,0.141666667,0.0,0.030666667,0.0175,0.6039375,0.152307692,0.070833333,0.014166667,8.33333e-05,0.064285714,0.292857143,0.445454545,0.203636364
5013,Poultry Products,"CHICKEN,BROILERS OR FRYERS,MEAT ONLY,RSTD","Chicken, broilers or fryers, meat only, roasted",,,,190,28.93,7.41,0.0,0.0,0.0,16.0,0.47,0.33,0.0,0.27,6,9.173,0.178,0.069,15,0.067,1.21,25,0.019,195,22.0,2.1,0.017777778,0.276470588,0.1375,0.0,0.018,0.015,0.5733125,0.136923077,0.0575,0.0125,7.44444e-05,0.05952381,0.278571429,0.4,0.190909091
5014,Poultry Products,"CHICKEN,BROILERS OR FRYERS,MEAT ONLY,STWD","Chicken, broilers or fryers, meat only, stewed",,,,177,27.29,6.71,0.0,0.0,0.0,15.0,0.26,0.22,0.0,0.27,6,6.117,0.163,0.049,14,0.061,1.17,21,0.019,150,20.9,1.99,0.016666667,0.152941176,0.091666667,0.0,0.018,0.015,0.3823125,0.125384615,0.040833333,0.011666667,6.77778e-05,0.05,0.214285714,0.38,0.180909091
5015,Poultry Products,"CHICKEN,BROILERS OR FRYERS,SKN ONLY,RAW","Chicken, broilers or fryers, skin only, raw",,,,349,13.33,32.35,0.0,0.0,0.0,76.0,0.09,0.23,0.0,0.0,3,3.987,0.069,0.033,11,0.041,1.08,13,0.019,100,12.3,0.93,0.084444444,0.052941176,0.095833333,0.0,0.0,0.0075,0.2491875,0.053076923,0.0275,0.009166667,4.55556e-05,0.030952381,0.142857143,0.223636364,0.084545455
5016,Poultry Products,"CHICKEN,BROILERS OR FRYERS,SKN ONLY,CKD,FRIED,BATTER","Chicken, broilers or fryers, skin only, cooked, fried, batter",,,,394,10.32,28.83,23.15,0.0,0.0,0.0,0.06,0.17,0.0,0.0,62,3.342,0.178,0.174,26,0.071,1.43,12,0.108,80,53.9,0.72,0.0,0.035294118,0.070833333,0.0,0.0,0.155,0.208875,0.136923077,0.145,0.021666667,7.88889e-05,0.028571429,0.114285714,0.98,0.065454545
5017,Poultry Products,"CHICKEN,BROILERS OR FRYERS,SKN ONLY,CKD,FRIED,FLR","Chicken, broilers or fryers, skin only, cooked, fried, flour",,,,502,19.09,42.58,9.34,0.0,0.0,70.0,0.1,0.18,0.0,0.0,53,5.818,0.165,0.097,14,0.079,1.52,17,0.06,126,62.9,1.15,0.077777778,0.058823529,0.075,0.0,0.0,0.1325,0.363625,0.126923077,0.080833333,0.011666667,8.77778e-05,0.04047619,0.18,1.143636364,0.104545455
5018,Poultry Products,"CHICKEN,BROILERS OR FRYERS,SKN ONLY,CKD,RSTD","Chicken, broilers or fryers, skin only, cooked, roasted",,,,454,20.36,40.68,0.0,0.0,0.0,78.0,0.1,0.2,0.0,0.4,2,5.581,0.127,0.036,14,0.064,1.51,15,0.022,125,20.0,1.23,0.086666667,0.058823529,0.083333333,0.0,0.026666667,0.005,0.3488125,0.097692308,0.03,0.011666667,7.11111e-05,0.035714286,0.178571429,0.363636364,0.111818182
5019,Poultry Products,"CHICKEN,BROILERS OR FRYERS,SKN ONLY,CKD,STWD","Chicken, broilers or fryers, skin only, cooked, stewed",,,,363,15.22,33.04,0.0,0.0,0.0,0.0,0.05,0.11,0.0,0.0,2,3.756,0.094,0.034,12,0.046,1.13,13,0.018,99,14.4,0.96,0.0,0.029411765,0.045833333,0.0,0.0,0.005,0.23475,0.072307692,0.028333333,0.01,5.11111e-05,0.030952381,0.141428571,0.261818182,0.087272727
5020,Poultry Products,"CHICKEN,BROILERS OR FRYERS,GIBLETS,RAW","Chicken, broilers or fryers, giblets, raw",,,,124,17.88,4.47,1.8,0.0,0.0,2657.0,0.42,11.41,16.2,0.0,345,6.662,0.987,0.088,10,0.243,5.86,18,0.149,197,55.2,3.32,2.952222222,0.247058824,4.754166667,0.18,0.0,0.8625,0.416375,0.759230769,0.073333333,0.008333333,0.00027,0.042857143,0.281428571,1.003636364,0.301818182
5021,Poultry Products,"CHICKEN,BROILERS OR FRYERS,GIBLETS,CKD,FRIED","Chicken, broilers or fryers, giblets, cooked, fried",,,,277,32.54,13.46,4.35,0.0,0.0,3582.0,0.61,13.31,8.7,0.0,379,10.987,1.524,0.097,18,0.422,10.32,25,0.222,286,104.2,6.27,3.98,0.358823529,5.545833333,0.096666667,0.0,0.9475,0.6866875,1.172307692,0.080833333,0.015,0.000468889,0.05952381,0.408571429,1.894545455,0.57
5022,Poultry Products,"CHICKEN,BROILERS OR FRYERS,GIBLETS,CKD,SIMMRD","Chicken, broilers or fryers, giblets, cooked, simmered",,,,157,27.15,4.5,0.0,0.0,0.0,1753.0,0.397,9.44,12.5,0.46,257,6.625,1.052,0.143,14,0.331,7.04,14,0.199,289,59.6,4.23,1.947777778,0.233529412,3.933333333,0.138888889,0.030666667,0.6425,0.4140625,0.809230769,0.119166667,0.011666667,0.000367778,0.033333333,0.412857143,1.083636364,0.384545455
5023,Poultry Products,"CHICKEN,GIZZARD,ALL CLASSES,RAW","Chicken, gizzard, all classes, raw",,,,94,17.66,2.06,0.0,0.0,0.0,19.0,0.112,1.21,3.7,0.33,5,3.68,0.231,0.028,11,0.116,2.49,15,0.055,148,25.5,2.72,0.021111111,0.065882353,0.504166667,0.041111111,0.022,0.0125,0.23,0.177692308,0.023333333,0.009166667,0.000128889,0.035714286,0.211428571,0.463636364,0.247272727
5024,Poultry Products,"CHICKEN,GIZZARD,ALL CLASSES,CKD,SIMMRD","Chicken, gizzard, all classes, cooked, simmered",,,,154,30.39,2.68,0.0,0.0,0.0,0.0,0.071,1.04,0.0,0.2,5,3.12,0.21,0.026,17,0.161,3.19,3,0.074,189,41.1,4.42,0.0,0.041764706,0.433333333,0.0,0.013333333,0.0125,0.195,0.161538462,0.021666667,0.014166667,0.000178889,0.007142857,0.27,0.747272727,0.401818182
5025,Poultry Products,"CHICKEN,HEART,ALL CLASSES,RAW","Chicken, heart, all classes, raw",,,,153,15.55,9.33,0.71,0.0,0.0,9.0,0.36,7.29,3.2,0.0,72,4.883,0.728,0.152,12,0.346,5.96,15,0.089,177,4.3,6.59,0.01,0.211764706,3.0375,0.035555556,0.0,0.18,0.3051875,0.56,0.126666667,0.01,0.000384444,0.035714286,0.252857143,0.078181818,0.599090909
5026,Poultry Products,"CHICKEN,HEART,ALL CLASSES,CKD,SIMMRD","Chicken, heart, all classes, cooked, simmered",,,,185,26.41,7.92,0.1,0.0,0.0,8.0,0.32,7.29,1.8,0.0,80,2.803,0.741,0.07,19,0.502,9.03,20,0.107,199,8.0,7.3,0.008888889,0.188235294,3.0375,0.02,0.0,0.2,0.1751875,0.57,0.058333333,0.015833333,0.000557778,0.047619048,0.284285714,0.145454545,0.663636364
5027,Poultry Products,"CHICKEN,LIVER,ALL CLASSES,RAW","Chicken, liver, all classes, raw",,,,119,16.92,4.83,0.73,0.0,0.0,3296.0,0.853,16.58,17.9,0.7,588,9.728,1.778,0.305,8,0.492,8.99,19,0.255,297,54.6,2.67,3.662222222,0.501764706,6.908333333,0.198888889,0.046666667,1.47,0.608,1.367692308,0.254166667,0.006666667,0.000546667,0.045238095,0.424285714,0.992727273,0.242727273
5028,Poultry Products,"CHICKEN,LIVER,ALL CLASSES,CKD,SIMMRD","Chicken, liver, all classes, cooked, simmered",,,,167,24.46,6.51,0.87,0.0,0.0,3981.0,0.755,16.85,27.9,0.82,578,11.045,1.993,0.291,11,0.496,11.63,25,0.359,405,82.4,3.98,4.423333333,0.444117647,7.020833333,0.31,0.054666667,1.445,0.6903125,1.533076923,0.2425,0.009166667,0.000551111,0.05952381,0.578571429,1.498181818,0.361818182
5029,Poultry Products,"CHICKEN,BROILERS OR FRYERS,LT MEAT,MEAT & SKN,RAW","Chicken, broilers or fryers, light meat, meat and skin, raw",,,,186,20.27,11.07,0.0,0.0,0.0,30.0,0.48,0.34,0.0,0.27,4,8.908,0.086,0.059,11,0.04,0.79,23,0.018,163,16.4,0.93,0.033333333,0.282352941,0.141666667,0.0,0.018,0.01,0.55675,0.066153846,0.049166667,0.009166667,4.44444e-05,0.054761905,0.232857143,0.298181818,0.084545455
5030,Poultry Products,"CHICKEN,BROILERS OR FRYERS,LT MEAT,MEAT&SKN,CKD,FRIED,BATTER","Chicken, broilers or fryers, light meat, meat and skin, cooked, fried, batter",,,,277,23.55,15.44,9.5,0.0,0.0,24.0,0.39,0.28,0.0,0.0,23,9.156,0.147,0.113,20,0.061,1.26,22,0.055,168,27.2,1.06,0.026666667,0.229411765,0.116666667,0.0,0.0,0.0575,0.57225,0.113076923,0.094166667,0.016666667,6.77778e-05,0.052380952,0.24,0.494545455,0.096363636
5031,Poultry Products,"CHICKEN,BROILERS OR FRYERS,LT MEAT,MEAT&SKN,CKD,FRIED,FLR","Chicken, broilers or fryers, light meat, meat and skin, cooked, fried, flour",,,,246,30.45,12.09,1.82,0.0,0.1,20.0,0.54,0.33,0.0,0.57,9,12.035,0.133,0.076,16,0.058,1.21,27,0.026,213,29.1,1.26,0.022222222,0.317647059,0.1375,0.0,0.038,0.0225,0.7521875,0.102307692,0.063333333,0.013333333,6.44444e-05,0.064285714,0.304285714,0.529090909,0.114545455
5032,Poultry Products,"CHICKEN,BROILERS OR FRYERS,LT MEAT,MEAT&SKN,CKD,RSTD","Chicken, broilers or fryers, light meat, meat and skin, cooked, roasted",,,,222,29.02,10.85,0.0,0.0,0.0,33.0,0.52,0.32,0.0,0.0,3,11.134,0.118,0.06,15,0.053,1.14,25,0.018,200,24.1,1.23,0.036666667,0.305882353,0.133333333,0.0,0.0,0.0075,0.695875,0.090769231,0.05,0.0125,5.88889e-05,0.05952381,0.285714286,0.438181818,0.111818182
5033,Poultry Products,"CHICKEN,BROILERS OR FRYERS,LT MEAT,MEAT&SKN,CKD,STWD","Chicken, broilers or fryers, light meat, meat and skin, cooked, stewed",,,,201,26.14,9.97,0.0,0.0,0.0,29.0,0.27,0.2,0.0,0.0,3,6.935,0.112,0.041,13,0.044,0.98,20,0.018,146,21.2,1.14,0.032222222,0.158823529,0.083333333,0.0,0.0,0.0075,0.4334375,0.086153846,0.034166667,0.010833333,4.88889e-05,0.047619048,0.208571429,0.385454545,0.103636364
5034,Poultry Products,"CHICKEN,BROILERS OR FRYERS,DK MEAT,MEAT & SKN,RAW","Chicken, broilers or fryers, dark meat, meat and skin, raw",,,,237,16.69,18.34,0.0,0.0,0.0,49.0,0.25,0.29,0.0,0.3,7,5.211,0.146,0.061,11,0.054,0.98,19,0.019,136,12.7,1.58,0.054444444,0.147058824,0.120833333,0.0,0.02,0.0175,0.3256875,0.112307692,0.050833333,0.009166667,6e-05,0.045238095,0.194285714,0.230909091,0.143636364
5035,Poultry Products,"CHICKEN,BROILERS OR FRYERS,DK MEAT,MEAT&SKN,CKD,FRIED,BATTER","Chicken, broilers or fryers, dark meat, meat and skin, cooked, fried, batter",,,,298,21.85,18.64,9.38,0.0,0.0,31.0,0.25,0.27,0.0,0.0,24,5.607,0.218,0.117,21,0.08,1.44,20,0.058,145,23.6,2.08,0.034444444,0.147058824,0.1125,0.0,0.0,0.06,0.3504375,0.167692308,0.0975,0.0175,8.88889e-05,0.047619048,0.207142857,0.429090909,0.189090909
5036,Poultry Products,"CHICKEN,BROILERS OR FRYERS,DK MEAT,MEAT&SKN,CKD,FRIED,FLR","Chicken, broilers or fryers, dark meat, meat and skin, cooked, fried, flour",,,,285,27.22,16.91,4.08,0.0,0.0,31.0,0.32,0.3,0.0,0.0,13,6.842,0.235,0.095,17,0.088,1.5,24,0.039,176,20.5,2.6,0.034444444,0.188235294,0.125,0.0,0.0,0.0325,0.427625,0.180769231,0.079166667,0.014166667,9.77778e-05,0.057142857,0.251428571,0.372727273,0.236363636
5037,Poultry Products,"CHICKEN,BROILERS OR FRYERS,DK MEAT,MEAT&SKN,CKD,RSTD","Chicken, broilers or fryers, dark meat, meat and skin, cooked, roasted",,,,253,25.97,15.78,0.0,0.0,0.0,60.0,0.31,0.29,0.0,0.0,7,6.359,0.207,0.066,15,0.077,1.36,22,0.021,168,20.2,2.49,0.066666667,0.182352941,0.120833333,0.0,0.0,0.0175,0.3974375,0.159230769,0.055,0.0125,8.55556e-05,0.052380952,0.24,0.367272727,0.226363636
5038,Poultry Products,"CHICKEN,BROILERS OR FRYERS,DK MEAT,MEAT&SKN,CKD,STWD","Chicken, broilers or fryers, dark meat, meat and skin, cooked, stewed",,,,233,23.5,14.66,0.0,0.0,0.0,56.0,0.17,0.2,0.0,0.0,6,4.513,0.177,0.05,14,0.068,1.31,18,0.019,133,18.4,2.26,0.062222222,0.1,0.083333333,0.0,0.0,0.015,0.2820625,0.136153846,0.041666667,0.011666667,7.55556e-05,0.042857143,0.19,0.334545455,0.205454545
5039,Poultry Products,"CHICKEN,BROILERS OR FRYERS,LT MEAT,MEAT ONLY,RAW","Chicken, broilers or fryers, light meat, meat only, raw",,,,114,23.2,1.65,0.0,0.0,0.0,8.0,0.54,0.38,0.0,0.22,4,10.604,0.092,0.068,12,0.04,0.73,27,0.018,187,17.8,0.97,0.008888889,0.317647059,0.158333333,0.0,0.014666667,0.01,0.66275,0.070769231,0.056666667,0.01,4.44444e-05,0.064285714,0.267142857,0.323636364,0.088181818
5040,Poultry Products,"CHICKEN,BROILERS OR FRYERS,LT MEAT,MEAT ONLY,CKD,FRIED","Chicken, broilers or fryers, light meat, meat only, cooked, fried",,,,192,32.82,5.54,0.42,0.0,0.0,9.0,0.63,0.36,0.0,0.0,4,13.365,0.126,0.073,16,0.054,1.14,29,0.02,231,26.2,1.27,0.01,0.370588235,0.15,0.0,0.0,0.01,0.8353125,0.096923077,0.060833333,0.013333333,6e-05,0.069047619,0.33,0.476363636,0.115454545
5041,Poultry Products,"CHICKEN,BROILERS OR FRYERS,LT MEAT,MEAT ONLY,CKD,RSTD","Chicken, broilers or fryers, light meat, meat only, cooked, roasted",,,,173,30.91,4.51,0.0,0.0,0.0,9.0,0.6,0.34,0.0,0.27,4,12.421,0.116,0.065,15,0.05,1.06,27,0.017,216,24.4,1.23,0.01,0.352941176,0.141666667,0.0,0.018,0.01,0.7763125,0.089230769,0.054166667,0.0125,5.55556e-05,0.064285714,0.308571429,0.443636364,0.111818182
5042,Poultry Products,"CHICKEN,BROILERS OR FRYERS,LT MEAT,MEAT ONLY,CKD,STWD","Chicken, broilers or fryers, light meat, meat only, cooked, stewed",,,,159,28.88,3.99,0.0,0.0,0.0,8.0,0.33,0.23,0.0,0.27,3,7.79,0.117,0.042,13,0.044,0.93,22,0.018,159,22.3,1.19,0.008888889,0.194117647,0.095833333,0.0,0.018,0.0075,0.486875,0.09,0.035,0.010833333,4.88889e-05,0.052380952,0.227142857,0.405454545,0.108181818
5043,Poultry Products,"CHICKEN,BROILERS OR FRYERS,DK MEAT,MEAT ONLY,RAW","Chicken, broilers or fryers, dark meat, meat only, raw",,,,125,20.08,4.31,0.0,0.0,0.0,22.0,0.33,0.36,3.1,0.21,10,6.246,0.184,0.077,12,0.063,1.03,23,0.021,162,13.5,2.0,0.024444444,0.194117647,0.15,0.034444444,0.014,0.025,0.390375,0.141538462,0.064166667,0.01,7e-05,0.054761905,0.231428571,0.245454545,0.181818182
5044,Poultry Products,"CHICKEN,BROILERS OR FRYERS,DK MEAT,MEAT ONLY,CKD,FRIED","Chicken, broilers or fryers, dark meat, meat only, cooked, fried",,,,239,28.99,11.62,2.59,0.0,0.0,24.0,0.37,0.33,0.0,0.0,9,7.07,0.249,0.093,18,0.089,1.49,25,0.033,187,20.5,2.91,0.026666667,0.217647059,0.1375,0.0,0.0,0.0225,0.441875,0.191538462,0.0775,0.015,9.88889e-05,0.05952381,0.267142857,0.372727273,0.264545455
5045,Poultry Products,"CHICKEN,BROILERS OR FRYERS,DK MEAT,MEAT ONLY,CKD,RSTD","Chicken, broilers or fryers, dark meat, meat only, cooked, roasted",,,,205,27.37,9.73,0.0,0.0,0.0,22.0,0.36,0.32,0.0,0.27,8,6.548,0.227,0.073,15,0.08,1.33,23,0.021,179,18.0,2.8,0.024444444,0.211764706,0.133333333,0.0,0.018,0.02,0.40925,0.174615385,0.060833333,0.0125,8.88889e-05,0.054761905,0.255714286,0.327272727,0.254545455
5046,Poultry Products,"CHICKEN,BROILERS OR FRYERS,DK MEAT,MEAT ONLY,CKD,STWD","Chicken, broilers or fryers, dark meat, meat only, cooked, stewed",,,,192,25.97,8.98,0.0,0.0,0.0,21.0,0.21,0.22,0.0,0.27,7,4.737,0.202,0.055,14,0.075,1.36,20,0.02,143,17.3,2.66,0.023333333,0.123529412,0.091666667,0.0,0.018,0.0175,0.2960625,0.155384615,0.045833333,0.011666667,8.33333e-05,0.047619048,0.204285714,0.314545455,0.241818182
5047,Poultry Products,"CHICKEN,BROILERS OR FRYERS,FAT,RAW","Chicken, broilers or fryers, separable fat, raw",,,,629,3.73,67.95,0.0,0.0,0.0,125.0,0.02,0.07,0.0,2.73,1,2.041,0.059,0.021,7,0.029,0.7,6,0.014,54,9.7,0.45,0.138888889,0.011764706,0.029166667,0.0,0.182,0.0025,0.1275625,0.045384615,0.0175,0.005833333,3.22222e-05,0.014285714,0.077142857,0.176363636,0.040909091
5048,Poultry Products,"CHICKEN,BROILERS OR FRYERS,BACK,MEAT&SKN,RAW","Chicken, broilers or fryers, back, meat and skin, raw",,,,319,14.05,28.74,0.0,0.0,0.0,75.0,0.19,0.25,1.6,0.37,6,4.835,0.116,0.051,13,0.047,0.94,15,0.018,113,12.1,1.26,0.083333333,0.111764706,0.104166667,0.017777778,0.024666667,0.015,0.3021875,0.089230769,0.0425,0.010833333,5.22222e-05,0.035714286,0.161428571,0.22,0.114545455
5049,Poultry Products,"CHICKEN,BROILERS OR FRYERS,BACK,MEAT&SKN,CKD,FRIED,BATTER","Chicken, broilers or fryers, back, meat and skin, cooked, fried, batter",,,,331,21.97,21.91,10.25,0.0,0.0,36.0,0.23,0.26,0.0,0.0,28,5.837,0.213,0.119,26,0.081,1.49,19,0.062,137,29.0,1.96,0.04,0.135294118,0.108333333,0.0,0.0,0.07,0.3648125,0.163846154,0.099166667,0.021666667,9e-05,0.045238095,0.195714286,0.527272727,0.178181818
5050,Poultry Products,"CHICKEN,BROILERS OR FRYERS,BACK,MEAT&SKN,CKD,FRIED,FLR","Chicken, broilers or fryers, back, meat and skin, cooked, fried, flour",,,,331,27.79,20.74,6.5,0.0,0.0,37.0,0.3,0.28,0.0,0.0,20,7.297,0.236,0.107,24,0.091,1.62,23,0.05,166,23.7,2.47,0.041111111,0.176470588,0.116666667,0.0,0.0,0.05,0.4560625,0.181538462,0.089166667,0.02,0.000101111,0.054761905,0.237142857,0.430909091,0.224545455
5051,Poultry Products,"CHICKEN,BROILERS OR FRYERS,BACK,MEAT&SKN,CKD,RSTD","Chicken, broilers or fryers, back, meat and skin, cooked, roasted",,,,300,25.95,20.97,0.0,0.0,0.0,105.0,0.27,0.27,0.0,0.27,6,6.718,0.195,0.061,21,0.076,1.42,20,0.022,154,22.5,2.25,0.116666667,0.158823529,0.1125,0.0,0.018,0.015,0.419875,0.15,0.050833333,0.0175,8.44444e-05,0.047619048,0.22,0.409090909,0.204545455
5052,Poultry Products,"CHICKEN,BROILERS OR FRYERS,BACK,MEAT&SKN,CKD,STWD","Chicken, broilers or fryers, back, meat and skin, cooked, stewed",,,,258,22.18,18.14,0.0,0.0,0.0,88.0,0.15,0.18,0.0,0.27,5,4.343,0.151,0.043,18,0.063,1.22,16,0.02,120,19.9,1.93,0.097777778,0.088235294,0.075,0.0,0.018,0.0125,0.2714375,0.116153846,0.035833333,0.015,7e-05,0.038095238,0.171428571,0.361818182,0.175454545
5053,Poultry Products,"CHICKEN,BROILERS OR FRYERS,BACK,MEAT ONLY,RAW","Chicken, broilers or fryers, back, meat only, raw",,,,137,19.56,5.92,0.0,0.0,0.0,30.0,0.33,0.36,0.0,0.22,9,6.672,0.164,0.074,17,0.06,1.04,22,0.021,151,13.5,1.85,0.033333333,0.194117647,0.15,0.0,0.014666667,0.0225,0.417,0.126153846,0.061666667,0.014166667,6.66667e-05,0.052380952,0.215714286,0.245454545,0.168181818
5054,Poultry Products,"CHICKEN,BROILERS OR FRYERS,BACK,MEAT ONLY,CKD,FRIED","Chicken, broilers or fryers, back, meat only, cooked, fried",,,,288,29.99,15.32,5.68,0.0,0.0,29.0,0.35,0.31,0.0,0.0,9,7.68,0.253,0.109,26,0.095,1.65,25,0.047,176,19.9,2.8,0.032222222,0.205882353,0.129166667,0.0,0.0,0.0225,0.48,0.194615385,0.090833333,0.021666667,0.000105556,0.05952381,0.251428571,0.361818182,0.254545455
5055,Poultry Products,"CHICKEN,BROILERS OR FRYERS,BACK,MEAT ONLY,CKD,RSTD","Chicken, broilers or fryers, back, meat only, cooked, roasted",,,,239,28.19,13.16,0.0,0.0,0.0,0.0,0.34,0.3,0.0,0.0,0,7.069,0.217,0.068,24,0.081,1.39,22,0.022,165,17.3,2.65,0.0,0.2,0.125,0.0,0.0,0.0,0.4418125,0.166923077,0.056666667,0.02,9e-05,0.052380952,0.235714286,0.314545455,0.240909091
5056,Poultry Products,"CHICKEN,BROILERS OR FRYERS,BACK,MEAT ONLY,CKD,STWD","Chicken, broilers or fryers, back, meat only, cooked, stewed",,,,209,25.31,11.19,0.0,0.0,0.0,27.0,0.2,0.21,0.0,0.27,7,4.556,0.173,0.047,21,0.071,1.27,17,0.02,130,16.5,2.38,0.03,0.117647059,0.0875,0.0,0.018,0.0175,0.28475,0.133076923,0.039166667,0.0175,7.88889e-05,0.04047619,0.185714286,0.3,0.216363636
5057,Poultry Products,"CHICKEN,BROILERS OR FRYERS,BREAST,MEAT&SKN,RAW","Chicken, broilers or fryers, breast, meat and skin, raw",,,,172,20.85,9.25,0.0,0.0,0.0,24.0,0.53,0.34,0.0,0.27,4,9.908,0.085,0.063,11,0.039,0.74,25,0.018,174,16.6,0.8,0.026666667,0.311764706,0.141666667,0.0,0.018,0.01,0.61925,0.065384615,0.0525,0.009166667,4.33333e-05,0.05952381,0.248571429,0.301818182,0.072727273
5058,Poultry Products,"CHICKEN,BROILERS OR FRYERS,BREAST,MEAT&SKN,CKD,FRIED,BATTER","Chicken, broilers or fryers, breast, meat and skin, cooked, fried, batter",,,,260,24.84,13.2,8.99,0.0,0.3,20.0,0.43,0.3,0.0,1.06,21,10.523,0.146,0.115,20,0.06,1.25,24,0.054,185,28.0,0.95,0.022222222,0.252941176,0.125,0.0,0.070666667,0.0525,0.6576875,0.112307692,0.095833333,0.016666667,6.66667e-05,0.057142857,0.264285714,0.509090909,0.086363636
5059,Poultry Products,"CHICKEN,BROILERS OR FRYERS,BREAST,MEAT&SKN,CKD,FRIED,FLR","Chicken, broilers or fryers, breast, meat and skin, cooked, fried, flour",,,,222,31.84,8.87,1.64,0.0,0.1,15.0,0.58,0.34,0.0,0.0,7,13.742,0.131,0.082,16,0.057,1.19,30,0.026,233,23.9,1.1,0.016666667,0.341176471,0.141666667,0.0,0.0,0.0175,0.858875,0.100769231,0.068333333,0.013333333,6.33333e-05,0.071428571,0.332857143,0.434545455,0.1
5060,Poultry Products,"CHICKEN,BROILERS OR FRYERS,BREAST,MEAT&SKN,CKD,RSTD","Chicken, broilers or fryers, breast, meat and skin, cooked, roasted",,,,197,29.8,7.78,0.0,0.0,0.0,28.0,0.56,0.32,0.0,0.27,4,12.71,0.119,0.066,14,0.05,1.07,27,0.018,214,24.7,1.02,0.031111111,0.329411765,0.133333333,0.0,0.018,0.01,0.794375,0.091538462,0.055,0.011666667,5.55556e-05,0.064285714,0.305714286,0.449090909,0.092727273
5061,Poultry Products,"CHICKEN,BROILERS OR FRYERS,BREAST,MEAT&SKN,CKD,STWD","Chicken, broilers or fryers, breast, meat and skin, cooked, stewed",,,,184,27.39,7.42,0.0,0.0,0.0,25.0,0.29,0.21,0.0,0.27,3,7.807,0.115,0.041,13,0.044,0.92,22,0.018,156,21.8,0.97,0.027777778,0.170588235,0.0875,0.0,0.018,0.0075,0.4879375,0.088461538,0.034166667,0.010833333,4.88889e-05,0.052380952,0.222857143,0.396363636,0.088181818
5062,Poultry Products,"CHICKEN,BROILER OR FRYERS,BRST,SKINLESS,BNLESS,MEAT ONLY,RAW","Chicken, broiler or fryers, breast, skinless, boneless, meat only, raw",,,,120,22.5,2.62,0.0,0.0,0.0,7.0,0.811,0.21,0.0,0.56,9,9.6,0.177,0.094,5,0.037,0.37,28,0.011,213,22.8,0.68,0.007777778,0.477058824,0.0875,0.0,0.037333333,0.0225,0.6,0.136153846,0.078333333,0.004166667,4.11111e-05,0.066666667,0.304285714,0.414545455,0.061818182
5063,Poultry Products,"CHICKEN,BROILERS OR FRYERS,BREAST,MEAT ONLY,CKD,FRIED","Chicken, broilers or fryers, breast, meat only, cooked, fried",,,,187,33.44,4.71,0.51,0.0,0.0,7.0,0.64,0.37,0.0,0.42,4,14.782,0.125,0.079,16,0.054,1.14,31,0.021,246,26.2,1.08,0.007777778,0.376470588,0.154166667,0.0,0.028,0.01,0.923875,0.096153846,0.065833333,0.013333333,6e-05,0.073809524,0.351428571,0.476363636,0.098181818
5064,Poultry Products,"CHICKEN,BROILERS OR FRYERS,BREAST,MEAT ONLY,CKD,RSTD","Chicken, broilers or fryers, breast, meat only, cooked, roasted",,,,165,31.02,3.57,0.0,0.0,0.0,6.0,0.6,0.34,0.0,0.27,4,13.712,0.114,0.07,15,0.049,1.04,29,0.017,228,27.6,1.0,0.006666667,0.352941176,0.141666667,0.0,0.018,0.01,0.857,0.087692308,0.058333333,0.0125,5.44444e-05,0.069047619,0.325714286,0.501818182,0.090909091
5065,Poultry Products,"CHICKEN,BROILERS OR FRYERS,BREAST,MEAT ONLY,CKD,STWD","Chicken, broilers or fryers, breast, meat only, cooked, stewed",,,,151,28.98,3.03,0.0,0.0,0.0,6.0,0.33,0.23,0.0,0.27,3,8.469,0.119,0.042,13,0.043,0.88,24,0.018,165,22.3,0.97,0.006666667,0.194117647,0.095833333,0.0,0.018,0.0075,0.5293125,0.091538462,0.035,0.010833333,4.77778e-05,0.057142857,0.235714286,0.405454545,0.088181818
5066,Poultry Products,"CHICKEN,BROILERS OR FRYERS,DRUMSTK,MEAT&SKN,RAW","Chicken, broilers or fryers, drumstick, meat and skin, raw",,,,161,18.08,9.2,0.11,0.0,0.0,14.0,0.345,0.53,0.0,0.19,3,4.841,0.195,0.083,8,0.062,0.71,18,0.014,163,20.2,1.86,0.015555556,0.202941176,0.220833333,0.0,0.012666667,0.0075,0.3025625,0.15,0.069166667,0.006666667,6.88889e-05,0.042857143,0.232857143,0.367272727,0.169090909
5067,Poultry Products,"CHICKEN,BROILERS OR FRYERS,DRUMSTK,MEAT&SKN,CKD,FRIED,BATTER","Chicken, broilers or fryers, drumstick, meat and skin, cooked, fried, batter",,,,268,21.95,15.75,8.28,0.0,0.3,26.0,0.27,0.28,0.0,0.0,24,5.096,0.215,0.112,17,0.076,1.35,20,0.052,147,21.9,2.33,0.028888889,0.158823529,0.116666667,0.0,0.0,0.06,0.3185,0.165384615,0.093333333,0.014166667,8.44444e-05,0.047619048,0.21,0.398181818,0.211818182
5068,Poultry Products,"CHICKEN,BROILERS OR FRYERS,DRUMSTK,MEAT&SKN,CKD,FRIED,FLR","Chicken, broilers or fryers, drumstick, meat and skin, cooked, fried, flour",,,,245,26.96,13.72,1.63,0.0,0.1,25.0,0.35,0.32,0.0,0.0,11,6.037,0.225,0.081,12,0.08,1.34,23,0.028,176,18.4,2.89,0.027777778,0.205882353,0.133333333,0.0,0.0,0.0275,0.3773125,0.173076923,0.0675,0.01,8.88889e-05,0.054761905,0.251428571,0.334545455,0.262727273
5069,Poultry Products,"CHICKEN,BROILERS OR FRYERS,DRUMSTK,MEAT&SKN,CKD,RSTD","Chicken, broilers or fryers, drumstick, meat and skin, cooked, roasted",,,,191,23.35,10.15,0.0,0.0,0.0,12.0,0.383,0.39,0.0,0.19,4,5.403,0.203,0.093,11,0.071,1.11,22,0.015,195,26.9,2.36,0.013333333,0.225294118,0.1625,0.0,0.012666667,0.01,0.3376875,0.156153846,0.0775,0.009166667,7.88889e-05,0.052380952,0.278571429,0.489090909,0.214545455
5070,Poultry Products,"CHICKEN,BROILERS OR FRYERS,DRUMSTK,MEAT&SKN,CKD,STWD","Chicken, broilers or fryers, drumstick, meat and skin, cooked, stewed",,,,204,25.32,10.64,0.0,0.0,0.0,27.0,0.19,0.22,0.0,0.27,7,4.204,0.19,0.05,11,0.071,1.33,20,0.019,141,17.0,2.65,0.03,0.111764706,0.091666667,0.0,0.018,0.0175,0.26275,0.146153846,0.041666667,0.009166667,7.88889e-05,0.047619048,0.201428571,0.309090909,0.240909091
5071,Poultry Products,"CHICKEN,BROILERS OR FRYERS,DK MEAT,DRUMSTK,MEAT ONLY,RAW","Chicken, broilers or fryers, dark meat, drumstick, meat only, raw",,,,116,19.41,3.71,0.0,0.0,0.0,7.0,0.381,0.51,0.0,0.18,4,5.198,0.22,0.09,9,0.066,0.76,20,0.014,174,21.8,2.05,0.007777778,0.224117647,0.2125,0.0,0.012,0.01,0.324875,0.169230769,0.075,0.0075,7.33333e-05,0.047619048,0.248571429,0.396363636,0.186363636
5072,Poultry Products,"CHICKEN,BROILERS OR FRYERS,DRUMSTK,MEAT ONLY,CKD,FRIED","Chicken, broilers or fryers, drumstick, meat only, cooked, fried",,,,195,28.62,8.08,0.0,0.0,0.0,18.0,0.39,0.35,0.0,0.0,9,6.146,0.236,0.077,12,0.08,1.32,24,0.021,186,19.6,3.22,0.02,0.229411765,0.145833333,0.0,0.0,0.0225,0.384125,0.181538462,0.064166667,0.01,8.88889e-05,0.057142857,0.265714286,0.356363636,0.292727273
5073,Poultry Products,"CHICKEN,BROILERS OR FRYERS,DK MEAT,DRUMSTK,MEAT ONLY,CKD,RST","Chicken, broilers or fryers, dark meat, drumstick, meat only, cooked, roasted",,,,155,24.24,5.7,0.0,0.0,0.0,6.0,0.407,0.38,0.0,0.18,4,5.598,0.222,0.098,11,0.074,1.14,22,0.014,200,28.1,2.56,0.006666667,0.239411765,0.158333333,0.0,0.012,0.01,0.349875,0.170769231,0.081666667,0.009166667,8.22222e-05,0.052380952,0.285714286,0.510909091,0.232727273
5074,Poultry Products,"CHICKEN,BROILERS OR FRYERS,DRUMSTK,MEAT ONLY,CKD,STWD","Chicken, broilers or fryers, drumstick, meat only, cooked, stewed",,,,169,27.5,5.71,0.0,0.0,0.0,17.0,0.23,0.24,0.0,0.27,8,4.3,0.213,0.054,11,0.077,1.37,21,0.019,150,18.0,3.02,0.018888889,0.135294118,0.1,0.0,0.018,0.02,0.26875,0.163846154,0.045,0.009166667,8.55556e-05,0.05,0.214285714,0.327272727,0.274545455
5075,Poultry Products,"CHICKEN,BROILERS OR FRYERS,LEG,MEAT&SKN,RAW","Chicken, broilers or fryers, leg, meat and skin, raw",,,,214,16.37,15.95,0.17,0.0,0.0,28.0,0.318,0.56,0.2,0.22,4,4.733,0.141,0.073,9,0.054,0.69,19,0.016,155,18.0,1.47,0.031111111,0.187058824,0.233333333,0.002222222,0.014666667,0.01,0.2958125,0.108461538,0.060833333,0.0075,6e-05,0.045238095,0.221428571,0.327272727,0.133636364
5076,Poultry Products,"CHICKEN,BROILERS OR FRYERS,LEG,MEAT&SKN,CKD,FRIED,BATTER","Chicken, broilers or fryers, leg, meat and skin, cooked, fried, batter",,,,273,21.77,16.17,8.72,0.0,0.3,27.0,0.27,0.28,0.0,0.0,24,5.433,0.221,0.116,18,0.08,1.4,20,0.054,152,26.6,2.17,0.03,0.158823529,0.116666667,0.0,0.0,0.06,0.3395625,0.17,0.096666667,0.015,8.88889e-05,0.047619048,0.217142857,0.483636364,0.197272727
5077,Poultry Products,"CHICKEN,BROILERS OR FRYERS,LEG,MEAT&SKN,CKD,FRIED,FLR","Chicken, broilers or fryers, leg, meat and skin, cooked, fried, flour",,,,254,26.84,14.43,2.5,0.0,0.1,28.0,0.34,0.31,0.0,0.0,13,6.546,0.235,0.088,13,0.085,1.43,24,0.032,182,20.8,2.68,0.031111111,0.2,0.129166667,0.0,0.0,0.0325,0.409125,0.180769231,0.073333333,0.010833333,9.44444e-05,0.057142857,0.26,0.378181818,0.243636364
5078,Poultry Products,"CHICKEN,BROILERS OR FRYERS,LEG,MEAT&SKN,CKD,RSTD","Chicken, broilers or fryers, leg, meat and skin, cooked, roasted",,,,184,24.03,8.99,0.0,0.0,0.0,20.0,0.413,0.38,0.0,0.19,5,6.034,0.187,0.09,12,0.061,1.09,23,0.02,202,25.7,2.07,0.022222222,0.242941176,0.158333333,0.0,0.012666667,0.0125,0.377125,0.143846154,0.075,0.01,6.77778e-05,0.054761905,0.288571429,0.467272727,0.188181818
5079,Poultry Products,"CHICKEN,BROILERS OR FRYERS,LEG,MEAT&SKN,CKD,STWD","Chicken, broilers or fryers, leg, meat and skin, cooked, stewed",,,,220,24.17,12.92,0.0,0.0,0.0,37.0,0.18,0.2,0.0,0.27,6,4.59,0.191,0.054,11,0.071,1.35,20,0.019,139,18.9,2.43,0.041111111,0.105882353,0.083333333,0.0,0.018,0.015,0.286875,0.146923077,0.045,0.009166667,7.88889e-05,0.047619048,0.198571429,0.343636364,0.220909091
5080,Poultry Products,"CHICKEN,BROILERS OR FRYERS,LEG,MEAT ONLY,RAW","Chicken, broilers or fryers, leg, meat only, raw",,,,120,19.16,4.22,0.0,0.0,0.0,10.0,0.406,0.57,0.0,0.18,4,5.578,0.179,0.087,10,0.06,0.78,23,0.017,180,21.0,1.76,0.011111111,0.238823529,0.2375,0.0,0.012,0.01,0.348625,0.137692308,0.0725,0.008333333,6.66667e-05,0.054761905,0.257142857,0.381818182,0.16
5081,Poultry Products,"CHICKEN,BROILERS OR FRYERS,LEG,MEAT ONLY,CKD,FRIED","Chicken, broilers or fryers, leg, meat only, cooked, fried",,,,208,28.38,9.32,0.65,0.0,0.0,20.0,0.39,0.34,0.0,0.0,9,6.688,0.247,0.083,13,0.086,1.4,25,0.025,193,18.8,2.98,0.022222222,0.229411765,0.141666667,0.0,0.0,0.0225,0.418,0.19,0.069166667,0.010833333,9.55556e-05,0.05952381,0.275714286,0.341818182,0.270909091
5082,Poultry Products,"CHICKEN,BROILERS OR FRYERS,LEG,MEAT ONLY,CKD,RSTD","Chicken, broilers or fryers, leg, meat only, cooked, roasted",,,,174,24.22,7.8,0.0,0.0,0.0,7.0,0.425,0.39,0.0,0.16,5,6.053,0.189,0.091,12,0.061,1.08,24,0.019,205,25.2,2.11,0.007777778,0.25,0.1625,0.0,0.010666667,0.0125,0.3783125,0.145384615,0.075833333,0.01,6.77778e-05,0.057142857,0.292857143,0.458181818,0.191818182
5083,Poultry Products,"CHICKEN,BROILERS OR FRYERS,LEG,MEAT ONLY,CKD,STWD","Chicken, broilers or fryers, leg, meat only, cooked, stewed",,,,185,26.26,8.06,0.0,0.0,0.0,18.0,0.21,0.23,0.0,0.27,8,4.798,0.216,0.059,11,0.077,1.4,21,0.019,149,26.5,2.78,0.02,0.123529412,0.095833333,0.0,0.018,0.02,0.299875,0.166153846,0.049166667,0.009166667,8.55556e-05,0.05,0.212857143,0.481818182,0.252727273
5084,Poultry Products,"CHICKEN,BROILERS OR FRYERS,NECK,MEAT&SKN,RAW","Chicken, broilers or fryers, neck, meat and skin, raw",,,,297,14.07,26.24,0.0,0.0,0.0,65.0,0.17,0.26,0.0,0.3,5,3.608,0.191,0.047,18,0.08,1.9,13,0.033,112,12.0,1.86,0.072222222,0.1,0.108333333,0.0,0.02,0.0125,0.2255,0.146923077,0.039166667,0.015,8.88889e-05,0.030952381,0.16,0.218181818,0.169090909
5085,Poultry Products,"CHICKEN,BROILERS OR FRYERS,NECK,MEAT&SKN,CKD,FRIED,BATTER","Chicken, broilers or fryers, neck, meat and skin, cooked, fried, batter",,,,330,19.82,23.52,8.7,0.0,0.0,51.0,0.21,0.24,0.0,0.0,21,4.528,0.237,0.1,31,0.113,2.15,16,0.065,115,21.3,2.5,0.056666667,0.123529412,0.1,0.0,0.0,0.0525,0.283,0.182307692,0.083333333,0.025833333,0.000125556,0.038095238,0.164285714,0.387272727,0.227272727
5086,Poultry Products,"CHICKEN,BROILERS OR FRYERS,NECK,MEAT&SKN,CKD,FRIED,FLR","Chicken, broilers or fryers, neck, meat and skin, cooked, fried, flour",,,,332,24.01,23.61,4.24,0.0,0.0,57.0,0.25,0.26,0.0,0.0,15,5.348,0.259,0.078,31,0.13,2.42,19,0.052,132,18.6,3.07,0.063333333,0.147058824,0.108333333,0.0,0.0,0.0375,0.33425,0.199230769,0.065,0.025833333,0.000144444,0.045238095,0.188571429,0.338181818,0.279090909
5087,Poultry Products,"CHICKEN,BROILERS OR FRYERS,NECK,MEAT&SKN,CKD SIMMRD","Chicken, broilers or fryers, neck, meat and skin, cooked simmered",,,,247,19.61,18.1,0.0,0.0,0.0,48.0,0.1,0.14,0.0,0.27,3,3.319,0.248,0.04,27,0.097,2.3,13,0.046,122,17.3,2.72,0.053333333,0.058823529,0.058333333,0.0,0.018,0.0075,0.2074375,0.190769231,0.033333333,0.0225,0.000107778,0.030952381,0.174285714,0.314545455,0.247272727
5088,Poultry Products,"CHICKEN,BROILERS OR FRYERS,NECK,MEAT ONLY,RAW","Chicken, broilers or fryers, neck, meat only, raw",,,,154,17.55,8.78,0.0,0.0,0.0,44.0,0.29,0.32,0.0,0.0,8,4.119,0.228,0.054,27,0.109,2.06,17,0.035,113,13.5,2.68,0.048888889,0.170588235,0.133333333,0.0,0.0,0.02,0.2574375,0.175384615,0.045,0.0225,0.000121111,0.04047619,0.161428571,0.245454545,0.243636364
5089,Poultry Products,"CHICKEN,BROILERS OR FRYERS,NECK,MEAT ONLY,CKD,FRIED","Chicken, broilers or fryers, neck, meat only, cooked, fried",,,,229,26.87,11.88,1.77,0.0,0.0,49.0,0.35,0.3,0.0,0.0,8,5.027,0.318,0.07,41,0.161,2.98,20,0.05,135,20.5,4.24,0.054444444,0.205882353,0.125,0.0,0.0,0.02,0.3141875,0.244615385,0.058333333,0.034166667,0.000178889,0.047619048,0.192857143,0.372727273,0.385454545
5090,Poultry Products,"CHICKEN,BROILERS OR FRYERS,NECK,MEAT ONLY,CKD,SIMMRD","Chicken, broilers or fryers, neck, meat only, cooked, simmered",,,,179,24.56,8.18,0.0,0.0,0.0,0.0,0.16,0.17,0.0,0.0,6,3.956,0.283,0.046,44,0.129,2.63,16,0.048,128,20.5,3.77,0.0,0.094117647,0.070833333,0.0,0.0,0.015,0.24725,0.217692308,0.038333333,0.036666667,0.000143333,0.038095238,0.182857143,0.372727273,0.342727273
5091,Poultry Products,"CHICKEN,BROILERS OR FRYERS,THIGH,MEAT&SKN,RAW","Chicken, broilers or fryers, thigh, meat and skin, raw",,,,221,16.52,16.61,0.25,0.0,0.0,23.0,0.347,0.62,0.0,0.21,3,4.625,0.145,0.073,7,0.054,0.68,18,0.013,157,18.9,1.29,0.025555556,0.204117647,0.258333333,0.0,0.014,0.0075,0.2890625,0.111538462,0.060833333,0.005833333,6e-05,0.042857143,0.224285714,0.343636364,0.117272727
5092,Poultry Products,"CHICKEN,BROILERS OR FRYERS,THIGH,MEAT&SKN,CKD,FRIED,BATTER","Chicken, broilers or fryers, thigh, meat and skin, cooked, fried, batter",,,,277,21.61,16.53,9.08,0.0,0.3,29.0,0.26,0.28,0.0,0.0,26,5.715,0.227,0.119,18,0.082,1.45,21,0.057,155,23.2,2.04,0.032222222,0.152941176,0.116666667,0.0,0.0,0.065,0.3571875,0.174615385,0.099166667,0.015,9.11111e-05,0.05,0.221428571,0.421818182,0.185454545
5093,Poultry Products,"CHICKEN,BROILERS OR FRYERS,THIGH,MEAT&SKN,CKD,FRIED,FLR","Chicken, broilers or fryers, thigh, meat and skin, cooked, fried, flour",,,,262,26.75,14.98,3.18,0.0,0.1,29.0,0.33,0.3,0.0,0.0,15,6.946,0.243,0.094,14,0.089,1.49,25,0.036,187,19.9,2.52,0.032222222,0.194117647,0.125,0.0,0.0,0.0375,0.434125,0.186923077,0.078333333,0.011666667,9.88889e-05,0.05952381,0.267142857,0.361818182,0.229090909
5094,Poultry Products,"CHICKEN,BROILERS OR FRYERS,THIGH,MEAT&SKN,CKD,RSTD","Chicken, broilers or fryers, thigh, meat and skin, cooked, roasted",,,,232,23.26,14.71,0.0,0.0,0.0,16.0,0.414,0.44,0.0,0.19,4,5.789,0.19,0.088,9,0.063,1.08,22,0.017,216,25.3,1.73,0.017777778,0.243529412,0.183333333,0.0,0.012666667,0.01,0.3618125,0.146153846,0.073333333,0.0075,7e-05,0.052380952,0.308571429,0.46,0.157272727
5095,Poultry Products,"CHICKEN,BROILERS OR FRYERS,THIGH,MEAT&SKN,CKD,STWD","Chicken, broilers or fryers, thigh, meat and skin, cooked, stewed",,,,232,23.26,14.74,0.0,0.0,0.0,45.0,0.17,0.19,0.0,0.27,6,4.894,0.191,0.057,11,0.07,1.37,19,0.019,139,17.9,2.25,0.05,0.1,0.079166667,0.0,0.018,0.015,0.305875,0.146923077,0.0475,0.009166667,7.77778e-05,0.045238095,0.198571429,0.325454545,0.204545455
5096,Poultry Products,"CHICKEN,BROILERS OR FRYERS,DK MEAT,THIGH,MEAT ONLY,RAW","Chicken, broilers or fryers, dark meat, thigh, meat only, raw",,,,121,19.66,4.12,0.0,0.0,0.0,7.0,0.451,0.61,0.0,0.18,4,5.557,0.196,0.088,7,0.062,0.81,23,0.013,185,22.9,1.58,0.007777778,0.265294118,0.254166667,0.0,0.012,0.01,0.3473125,0.150769231,0.073333333,0.005833333,6.88889e-05,0.054761905,0.264285714,0.416363636,0.143636364
5097,Poultry Products,"CHICKEN,BROILERS OR FRYERS,THIGH,MEAT ONLY,CKD,FRIED","Chicken, broilers or fryers, thigh, meat only, cooked, fried",,,,218,28.18,10.3,1.18,0.0,0.0,0.0,0.38,0.33,0.0,0.0,9,7.12,0.255,0.088,13,0.09,1.46,26,0.027,199,20.5,2.79,0.0,0.223529412,0.1375,0.0,0.0,0.0225,0.445,0.196153846,0.073333333,0.010833333,0.0001,0.061904762,0.284285714,0.372727273,0.253636364
5098,Poultry Products,"CHICKEN,BROILERS OR FRYERS,THIGH,MEAT ONLY,CKD,RSTD","Chicken, broilers or fryers, thigh, meat only, cooked, roasted",,,,179,24.76,8.15,0.0,0.0,0.0,8.0,0.462,0.42,0.0,0.18,5,6.208,0.218,0.096,9,0.067,1.13,24,0.016,230,27.1,1.92,0.008888889,0.271764706,0.175,0.0,0.012,0.0125,0.388,0.167692308,0.08,0.0075,7.44444e-05,0.057142857,0.328571429,0.492727273,0.174545455
5099,Poultry Products,"CHICKEN,BROILERS OR FRYERS,THIGH,MEAT ONLY,CKD,STWD","Chicken, broilers or fryers, thigh, meat only, cooked, stewed",,,,195,25.0,9.79,0.0,0.0,0.0,19.0,0.21,0.21,0.0,0.27,7,5.2,0.218,0.063,11,0.077,1.42,21,0.02,149,17.1,2.58,0.021111111,0.123529412,0.0875,0.0,0.018,0.0175,0.325,0.167692308,0.0525,0.009166667,8.55556e-05,0.05,0.212857143,0.310909091,0.234545455
5100,Poultry Products,"CHICKEN,BROILERS OR FRYERS,WING,MEAT&SKN,RAW","Chicken, broilers or fryers, wing, meat and skin, raw",,,,191,17.52,13.16,0.0,0.0,0.0,9.0,0.528,0.25,0.0,0.64,7,5.697,0.103,0.054,11,0.034,0.46,16,0.011,123,17.6,1.21,0.01,0.310588235,0.104166667,0.0,0.042666667,0.0175,0.3560625,0.079230769,0.045,0.009166667,3.77778e-05,0.038095238,0.175714286,0.32,0.11
5101,Poultry Products,"CHICKEN,BROILERS OR FRYERS,WING,MEAT&SKN,CKD,FRIED,BATTER","Chicken, broilers or fryers, wing, meat and skin, cooked, fried, batter",,,,324,19.87,21.81,10.94,0.0,0.3,34.0,0.3,0.25,0.0,0.0,26,5.265,0.152,0.106,20,0.063,1.29,16,0.06,121,25.7,1.38,0.037777778,0.176470588,0.104166667,0.0,0.0,0.065,0.3290625,0.116923077,0.088333333,0.016666667,7e-05,0.038095238,0.172857143,0.467272727,0.125454545
5102,Poultry Products,"CHICKEN,BROILERS OR FRYERS,WING,MEAT&SKN,CKD,FRIED,FLR","Chicken, broilers or fryers, wing, meat and skin, cooked, fried, flour",,,,321,26.11,22.16,2.39,0.0,0.1,38.0,0.41,0.28,0.0,0.0,8,6.697,0.137,0.058,15,0.061,1.25,19,0.028,150,21.3,1.76,0.042222222,0.241176471,0.116666667,0.0,0.0,0.02,0.4185625,0.105384615,0.048333333,0.0125,6.77778e-05,0.045238095,0.214285714,0.387272727,0.16
5103,Poultry Products,"CHICKEN,BROILERS OR FRYERS,WING,MEAT&SKN,CKD,RSTD","Chicken, broilers or fryers, wing, meat and skin, cooked, roasted",,,,254,23.79,16.87,0.0,0.0,0.0,12.0,0.558,0.35,0.0,0.69,9,6.32,0.153,0.065,18,0.041,0.84,19,0.011,147,25.5,1.64,0.013333333,0.328235294,0.145833333,0.0,0.046,0.0225,0.395,0.117692308,0.054166667,0.015,4.55556e-05,0.045238095,0.21,0.463636364,0.149090909
5104,Poultry Products,"CHICKEN,BROILERS OR FRYERS,WING,MEAT&SKN,CKD,STWD","Chicken, broilers or fryers, wing, meat and skin, cooked, stewed",,,,249,22.78,16.82,0.0,0.0,0.0,40.0,0.22,0.18,0.0,0.27,3,4.621,0.103,0.04,12,0.046,1.13,16,0.018,121,18.5,1.63,0.044444444,0.129411765,0.075,0.0,0.018,0.0075,0.2888125,0.079230769,0.033333333,0.01,5.11111e-05,0.038095238,0.172857143,0.336363636,0.148181818
5105,Poultry Products,"CHICKEN,BROILERS OR FRYERS,WING,MEAT ONLY,RAW","Chicken, broilers or fryers, wing, meat only, raw",,,,126,21.97,3.54,0.0,0.0,0.0,18.0,0.53,0.38,1.2,0.13,4,7.359,0.101,0.059,13,0.041,0.88,22,0.018,155,17.8,1.63,0.02,0.311764706,0.158333333,0.013333333,0.008666667,0.01,0.4599375,0.077692308,0.049166667,0.010833333,4.55556e-05,0.052380952,0.221428571,0.323636364,0.148181818
5106,Poultry Products,"CHICKEN,BROILERS OR FRYERS,WING,MEAT ONLY,CKD,FRIED","Chicken, broilers or fryers, wing, meat only, cooked, fried",,,,211,30.15,9.15,0.0,0.0,0.0,0.0,0.59,0.34,0.0,0.0,4,7.239,0.128,0.046,15,0.053,1.14,21,0.016,164,25.4,2.12,0.0,0.347058824,0.141666667,0.0,0.0,0.01,0.4524375,0.098461538,0.038333333,0.0125,5.88889e-05,0.05,0.234285714,0.461818182,0.192727273
5107,Poultry Products,"CHICKEN,BROILERS OR FRYERS,WING,MEAT ONLY,CKD,RSTD","Chicken, broilers or fryers, wing, meat only, cooked, roasted",,,,203,30.46,8.13,0.0,0.0,0.0,18.0,0.59,0.34,0.0,0.27,4,7.312,0.129,0.047,16,0.054,1.16,21,0.016,166,24.7,2.14,0.02,0.347058824,0.141666667,0.0,0.018,0.01,0.457,0.099230769,0.039166667,0.013333333,6e-05,0.05,0.237142857,0.449090909,0.194545455
5108,Poultry Products,"CHICKEN,BROILERS OR FRYERS,WING,MEAT ONLY,CKD,STWD","Chicken, broilers or fryers, wing, meat only, cooked, stewed",,,,181,27.18,7.18,0.0,0.0,0.0,16.0,0.32,0.22,0.0,0.27,3,5.2,0.11,0.044,13,0.047,1.12,18,0.017,134,21.7,2.02,0.017777778,0.188235294,0.091666667,0.0,0.018,0.0075,0.325,0.084615385,0.036666667,0.010833333,5.22222e-05,0.042857143,0.191428571,0.394545455,0.183636364
5109,Poultry Products,"CHICKEN,ROASTING,MEAT&SKN&GIBLETS&NECK,RAW","Chicken, roasting, meat and skin and giblets and neck, raw",,,,213,17.09,15.46,0.09,0.0,0.0,253.0,0.32,0.99,2.4,0.0,26,6.427,0.171,0.059,10,0.06,1.37,19,0.027,165,11.6,1.28,0.281111111,0.188235294,0.4125,0.026666667,0.0,0.065,0.4016875,0.131538462,0.049166667,0.008333333,6.66667e-05,0.045238095,0.235714286,0.210909091,0.116363636
5110,Poultry Products,"CHICKEN,ROASTING,MEAT&SKN&GIBLETS&NECK,CKD,RSTD","Chicken, roasting, meat and skin and giblets and neck, cooked, roasted",,,,220,23.96,13.07,0.05,0.0,0.0,179.0,0.34,0.78,0.4,0.0,23,7.031,0.189,0.057,13,0.071,1.61,20,0.027,179,15.7,1.71,0.198888889,0.2,0.325,0.004444444,0.0,0.0575,0.4394375,0.145384615,0.0475,0.010833333,7.88889e-05,0.047619048,0.255714286,0.285454545,0.155454545
5111,Poultry Products,"CANADA GOOSE,BREAST MEAT,SKINLESS,RAW","Canada Goose, breast meat, skinless, raw",Canadian geese,,Branta canadensis,133,24.31,4.02,0.0,0.0,0.0,11.0,1.077,4.1,0.0,0.57,0,6.56,1.523,0.284,4,0.443,5.91,29,0.05,256,0.0,1.68,0.012222222,0.633529412,1.708333333,0.0,0.038,0.0,0.41,1.171538462,0.236666667,0.003333333,0.000492222,0.069047619,0.365714286,0.0,0.152727273
5112,Poultry Products,"CHICKEN,ROASTING,MEAT&SKN,CKD,RSTD","Chicken, roasting, meat and skin, cooked, roasted",,,,223,23.97,13.39,0.0,0.0,0.0,0.0,0.35,0.27,0.0,0.0,5,7.418,0.143,0.057,12,0.058,1.26,20,0.018,179,23.6,1.45,0.0,0.205882353,0.1125,0.0,0.0,0.0125,0.463625,0.11,0.0475,0.01,6.44444e-05,0.047619048,0.255714286,0.429090909,0.131818182
5113,Poultry Products,"CHICKEN,ROASTING,MEAT ONLY,RAW","Chicken, roasting, meat only, raw",,,,111,20.33,2.7,0.0,0.0,0.0,13.0,0.42,0.36,0.0,0.22,7,7.875,0.134,0.069,10,0.05,1.03,23,0.018,198,16.9,1.19,0.014444444,0.247058824,0.15,0.0,0.014666667,0.0175,0.4921875,0.103076923,0.0575,0.008333333,5.55556e-05,0.054761905,0.282857143,0.307272727,0.108181818
5114,Poultry Products,"CHICKEN,ROASTING,MEAT ONLY,CKD,RSTD","Chicken, roasting, meat only, cooked, roasted",,,,167,25.01,6.63,0.0,0.0,0.0,12.0,0.41,0.29,0.0,0.0,5,7.881,0.147,0.062,12,0.057,1.21,21,0.017,192,24.6,1.52,0.013333333,0.241176471,0.120833333,0.0,0.0,0.0125,0.4925625,0.113076923,0.051666667,0.01,6.33333e-05,0.05,0.274285714,0.447272727,0.138181818
5115,Poultry Products,"CHICKEN,ROASTING,GIBLETS,RAW","Chicken, roasting, giblets, raw",,,,127,18.14,5.04,1.14,0.0,0.0,2880.0,0.36,9.4,13.1,0.0,276,6.208,0.818,0.08,10,0.218,5.4,17,0.13,184,54.1,3.39,3.2,0.211764706,3.916666667,0.145555556,0.0,0.69,0.388,0.629230769,0.066666667,0.008333333,0.000242222,0.04047619,0.262857143,0.983636364,0.308181818
5116,Poultry Products,"CHICKEN,ROASTING,GIBLETS,CKD,SIMMRD","Chicken, roasting, giblets, cooked, simmered",,,,165,26.77,5.22,0.86,0.0,0.0,2443.0,0.3,8.45,6.5,0.0,303,4.032,0.808,0.074,12,0.236,6.09,20,0.147,213,100.1,4.63,2.714444444,0.176470588,3.520833333,0.072222222,0.0,0.7575,0.252,0.621538462,0.061666667,0.01,0.000262222,0.047619048,0.304285714,1.82,0.420909091
5117,Poultry Products,"CHICKEN,ROASTING,LT MEAT,MEAT ONLY,RAW","Chicken, roasting, light meat, meat only, raw",,,,109,22.2,1.63,0.0,0.0,0.0,8.0,0.55,0.39,0.0,0.22,4,10.217,0.089,0.066,11,0.038,0.89,25,0.017,223,17.8,0.66,0.008888889,0.323529412,0.1625,0.0,0.014666667,0.01,0.6385625,0.068461538,0.055,0.009166667,4.22222e-05,0.05952381,0.318571429,0.323636364,0.06
5118,Poultry Products,"CHICKEN,ROASTING,LT MEAT,MEAT ONLY,CKD,RSTD","Chicken, roasting, light meat, meat only, cooked, roasted",,,,153,27.13,4.07,0.0,0.0,0.0,8.0,0.54,0.31,0.0,0.27,3,10.469,0.093,0.061,13,0.042,1.08,23,0.015,217,25.8,0.78,0.008888889,0.317647059,0.129166667,0.0,0.018,0.0075,0.6543125,0.071538462,0.050833333,0.010833333,4.66667e-05,0.054761905,0.31,0.469090909,0.070909091
5119,Poultry Products,"CHICKEN,ROASTING,DK MEAT,MEAT ONLY,RAW","Chicken, roasting, dark meat, meat only, raw",,,,113,18.74,3.61,0.0,0.0,0.0,18.0,0.32,0.34,0.0,0.21,9,5.878,0.173,0.072,9,0.059,1.15,21,0.02,178,13.5,1.65,0.02,0.188235294,0.141666667,0.0,0.014,0.0225,0.367375,0.133076923,0.06,0.0075,6.55556e-05,0.05,0.254285714,0.245454545,0.15
5120,Poultry Products,"CHICKEN,ROASTING,DK MEAT,MEAT ONLY,CKD,RSTD","Chicken, roasting, dark meat, meat only, cooked, roasted",,,,178,23.25,8.75,0.0,0.0,0.0,16.0,0.31,0.27,0.0,0.0,7,5.736,0.192,0.063,11,0.07,1.33,20,0.019,171,19.6,2.13,0.017777778,0.182352941,0.1125,0.0,0.0,0.0175,0.3585,0.147692308,0.0525,0.009166667,7.77778e-05,0.047619048,0.244285714,0.356363636,0.193636364
5121,Poultry Products,"CHICKEN,STEWING,MEAT&SKN,&GIBLETS&NECK,RAW","Chicken, stewing, meat and skin, and giblets and neck, raw",,,,251,17.48,19.52,0.19,0.0,0.0,331.0,0.35,1.26,3.1,0.0,37,6.383,0.251,0.111,10,0.092,1.51,20,0.031,173,12.5,1.37,0.367777778,0.205882353,0.525,0.034444444,0.0,0.0925,0.3989375,0.193076923,0.0925,0.008333333,0.000102222,0.047619048,0.247142857,0.227272727,0.124545455
5122,Poultry Products,"CHICKEN,STEWING,MEAT & SKN,& GIBLETS & NECK,CKD,STWD","Chicken, stewing, meat and skin, and giblets and neck, cooked, stewed",,,,214,24.88,11.91,0.0,0.0,0.0,182.0,0.234,0.95,1.0,0.28,25,5.677,0.221,0.054,13,0.079,1.64,19,0.034,151,21.4,1.96,0.202222222,0.137647059,0.395833333,0.011111111,0.018666667,0.0625,0.3548125,0.17,0.045,0.010833333,8.77778e-05,0.045238095,0.215714286,0.389090909,0.178181818
5123,Poultry Products,"CHICKEN,STEWING,MEAT&SKN,RAW","Chicken, stewing, meat and skin, raw",,,,258,17.55,20.33,0.0,0.0,0.0,52.0,0.33,0.32,0.0,0.33,6,6.262,0.167,0.114,10,0.074,1.04,20,0.019,172,14.4,1.19,0.057777778,0.194117647,0.133333333,0.0,0.022,0.015,0.391375,0.128461538,0.095,0.008333333,8.22222e-05,0.047619048,0.245714286,0.261818182,0.108181818
5124,Poultry Products,"CHICKEN,STEWING,MEAT&SKN,CKD,STWD","Chicken, stewing, meat and skin, cooked, stewed",,,,285,26.88,18.87,0.0,0.0,0.0,39.0,0.25,0.23,0.0,0.0,5,5.798,0.235,0.094,13,0.1,1.37,20,0.021,180,19.7,1.77,0.043333333,0.147058824,0.095833333,0.0,0.0,0.0125,0.362375,0.180769231,0.078333333,0.010833333,0.000111111,0.047619048,0.257142857,0.358181818,0.160909091
5125,Poultry Products,"CHICKEN,STEWING,MEAT ONLY,RAW","Chicken, stewing, meat only, raw",,,,148,21.26,6.32,0.0,0.0,0.0,32.0,0.44,0.38,3.3,0.24,7,7.477,0.207,0.149,10,0.089,1.09,24,0.019,209,15.7,1.4,0.035555556,0.258823529,0.158333333,0.036666667,0.016,0.0175,0.4673125,0.159230769,0.124166667,0.008333333,9.88889e-05,0.057142857,0.298571429,0.285454545,0.127272727
5126,Poultry Products,"CHICKEN,STEWING,MEAT ONLY,CKD,STWD","Chicken, stewing, meat only, cooked, stewed",,,,237,30.42,11.89,0.0,0.0,0.0,34.0,0.31,0.26,0.0,0.3,6,6.408,0.277,0.112,13,0.116,1.43,22,0.022,204,25.2,2.06,0.037777778,0.182352941,0.108333333,0.0,0.02,0.015,0.4005,0.213076923,0.093333333,0.010833333,0.000128889,0.052380952,0.291428571,0.458181818,0.187272727
5127,Poultry Products,"CHICKEN,STEWING,GIBLETS,RAW","Chicken, stewing, giblets, raw",,,,168,17.89,9.21,2.13,0.0,0.0,3152.0,0.52,10.83,11.4,0.0,350,8.53,1.106,0.097,10,0.275,5.93,18,0.151,198,56.1,3.01,3.502222222,0.305882353,4.5125,0.126666667,0.0,0.875,0.533125,0.850769231,0.080833333,0.008333333,0.000305556,0.042857143,0.282857143,1.02,0.273636364
5128,Poultry Products,"CHICKEN,STEWING,GIBLETS,CKD,SIMMRD","Chicken, stewing, giblets, cooked, simmered",,,,194,25.73,9.3,0.11,0.0,0.0,2864.0,0.41,9.48,5.5,0.0,367,4.971,1.047,0.09,13,0.299,6.44,20,0.177,223,90.4,4.28,3.182222222,0.241176471,3.95,0.061111111,0.0,0.9175,0.3106875,0.805384615,0.075,0.010833333,0.000332222,0.047619048,0.318571429,1.643636364,0.389090909
5129,Poultry Products,"CHICKEN,STEWING,LT MEAT,MEAT ONLY,RAW","Chicken, stewing, light meat, meat only, raw",,,,137,23.1,4.21,0.0,0.0,0.0,21.0,0.57,0.4,1.8,0.23,4,9.915,0.123,0.132,11,0.067,0.92,26,0.018,231,17.8,0.6,0.023333333,0.335294118,0.166666667,0.02,0.015333333,0.01,0.6196875,0.094615385,0.11,0.009166667,7.44444e-05,0.061904762,0.33,0.323636364,0.054545455
5130,Poultry Products,"CHICKEN,STEWING,LT MEAT,MEAT ONLY,CKD,STWD","Chicken, stewing, light meat, meat only, cooked, stewed",,,,213,33.04,7.98,0.0,0.0,0.0,22.0,0.39,0.27,0.0,0.0,4,8.538,0.196,0.094,14,0.085,1.19,23,0.02,225,28.7,0.83,0.024444444,0.229411765,0.1125,0.0,0.0,0.01,0.533625,0.150769231,0.078333333,0.011666667,9.44444e-05,0.054761905,0.321428571,0.521818182,0.075454545
5131,Poultry Products,"CHICKEN,STEWING,DK MEAT,MEAT ONLY,RAW","Chicken, stewing, dark meat, meat only, raw",,,,157,19.7,8.12,0.0,0.0,0.0,41.0,0.34,0.37,4.6,0.24,10,5.405,0.279,0.163,10,0.107,1.22,23,0.021,190,13.5,2.08,0.045555556,0.2,0.154166667,0.051111111,0.016,0.025,0.3378125,0.214615385,0.135833333,0.008333333,0.000118889,0.054761905,0.271428571,0.245454545,0.189090909
5132,Poultry Products,"CHICKEN,STEWING,DK MEAT,MEAT ONLY,CKD,STWD","Chicken, stewing, dark meat, meat only, cooked, stewed",,,,258,28.14,15.28,0.0,0.0,0.0,44.0,0.24,0.25,0.0,0.0,8,4.556,0.347,0.128,12,0.144,1.64,22,0.023,187,21.8,3.12,0.048888889,0.141176471,0.104166667,0.0,0.0,0.02,0.28475,0.266923077,0.106666667,0.01,0.00016,0.052380952,0.267142857,0.396363636,0.283636364
5133,Poultry Products,"CHICKEN,CAPONS,MEAT&SKN&GIBLETS&NECK,RAW","Chicken, capons, meat and skin and giblets and neck, raw",,,,232,18.51,16.9,0.08,0.0,0.0,272.0,0.36,1.01,2.6,0.0,27,7.074,0.183,0.065,11,0.063,1.41,21,0.028,181,12.2,1.32,0.302222222,0.211764706,0.420833333,0.028888889,0.0,0.0675,0.442125,0.140769231,0.054166667,0.009166667,7e-05,0.05,0.258571429,0.221818182,0.12
5134,Poultry Products,"CHICKEN,CAPONS,MEAT&SKN&GIBLETS&NECK,CKD,RSTD","Chicken, capons, meat and skin and giblets and neck, cooked, roasted",,,,226,28.35,11.67,0.04,0.0,0.0,220.0,0.41,0.36,0.4,0.0,26,8.415,0.219,0.07,15,0.081,1.79,23,0.031,239,19.3,1.94,0.244444444,0.241176471,0.15,0.004444444,0.0,0.065,0.5259375,0.168461538,0.058333333,0.0125,9e-05,0.054761905,0.341428571,0.350909091,0.176363636
5135,Poultry Products,"CHICKEN,CAPONS,MEAT&SKN,RAW","Chicken, capons, meat and skin, raw",,,,234,18.77,17.07,0.0,0.0,0.0,37.0,0.36,0.34,1.7,0.32,6,7.273,0.127,0.064,11,0.05,1.09,21,0.02,183,14.6,1.17,0.041111111,0.211764706,0.141666667,0.018888889,0.021333333,0.015,0.4545625,0.097692308,0.053333333,0.009166667,5.55556e-05,0.05,0.261428571,0.265454545,0.106363636
5136,Poultry Products,"CHICKEN,CAPONS,MEAT&SKN,CKD,RSTD","Chicken, capons, meat and skin, cooked, roasted",,,,229,28.96,11.65,0.0,0.0,0.0,0.0,0.43,0.33,0.0,0.0,6,8.947,0.17,0.07,14,0.069,1.49,24,0.021,246,21.6,1.74,0.0,0.252941176,0.1375,0.0,0.0,0.015,0.5591875,0.130769231,0.058333333,0.011666667,7.66667e-05,0.057142857,0.351428571,0.392727273,0.158181818
5137,Poultry Products,"CHICKEN,CAPONS,GIBLETS,RAW","Chicken, capons, giblets, raw",,,,130,18.28,5.18,1.42,0.0,0.0,4374.0,0.47,12.95,18.4,0.0,394,6.984,1.119,0.097,10,0.268,6.25,18,0.163,207,55.3,3.38,4.86,0.276470588,5.395833333,0.204444444,0.0,0.985,0.4365,0.860769231,0.080833333,0.008333333,0.000297778,0.042857143,0.295714286,1.005454545,0.307272727
5138,Poultry Products,"CHICKEN,CAPONS,GIBLETS,CKD,SIMMRD","Chicken, capons, giblets, cooked, simmered",,,,164,26.39,5.4,0.76,0.0,0.0,3984.0,0.38,1.14,9.0,0.0,414,4.12,1.061,0.095,13,0.294,6.8,20,0.192,235,95.0,4.67,4.426666667,0.223529412,0.475,0.1,0.0,1.035,0.2575,0.816153846,0.079166667,0.010833333,0.000326667,0.047619048,0.335714286,1.727272727,0.424545455
5139,Poultry Products,"DUCK,DOMESTICATED,MEAT&SKN,RAW","Duck, domesticated, meat and skin, raw",,,Anas platyrhynchos,404,11.49,39.34,0.0,0.0,0.0,50.0,0.19,0.25,2.8,0.7,13,3.934,0.21,0.197,11,0.236,2.4,15,0.017,139,12.4,1.36,0.055555556,0.111764706,0.104166667,0.031111111,0.046666667,0.0325,0.245875,0.161538462,0.164166667,0.009166667,0.000262222,0.035714286,0.198571429,0.225454545,0.123636364
5140,Poultry Products,"DUCK,DOMESTICATED,MEAT&SKN,CKD,RSTD","Duck, domesticated, meat and skin, cooked, roasted",,,,337,18.99,28.35,0.0,0.0,0.0,63.0,0.18,0.3,0.0,0.7,6,4.825,0.269,0.174,11,0.227,2.7,16,0.019,156,20.0,1.86,0.07,0.105882353,0.125,0.0,0.046666667,0.015,0.3015625,0.206923077,0.145,0.009166667,0.000252222,0.038095238,0.222857143,0.363636364,0.169090909
5141,Poultry Products,"DUCK,DOMESTICATED,MEAT ONLY,RAW","Duck, domesticated, meat only, raw",,,,135,18.28,5.95,0.94,0.0,0.0,24.0,0.34,0.4,5.8,0.7,25,5.3,0.45,0.36,11,0.253,2.4,19,0.019,203,13.9,1.9,0.026666667,0.2,0.166666667,0.064444444,0.046666667,0.0625,0.33125,0.346153846,0.3,0.009166667,0.000281111,0.045238095,0.29,0.252727273,0.172727273
5142,Poultry Products,"DUCK,DOMESTICATED,MEAT ONLY,CKD,RSTD","Duck, domesticated, meat only, cooked, roasted",,,,201,23.48,11.2,0.0,0.0,0.0,23.0,0.25,0.4,0.0,0.7,10,5.1,0.47,0.26,12,0.231,2.7,20,0.019,203,22.4,2.6,0.025555556,0.147058824,0.166666667,0.0,0.046666667,0.025,0.31875,0.361538462,0.216666667,0.01,0.000256667,0.047619048,0.29,0.407272727,0.236363636
5143,Poultry Products,"DUCK,DOMESTICATED,LIVER,RAW","Duck, domesticated, liver, raw",,,,136,18.74,4.64,3.53,0.0,0.0,11984.0,0.76,54.0,4.5,0.0,738,6.5,0.892,0.562,11,5.962,30.53,24,0.258,269,67.0,3.07,13.31555556,0.447058824,22.5,0.05,0.0,1.845,0.40625,0.686153846,0.468333333,0.009166667,0.006624444,0.057142857,0.384285714,1.218181818,0.279090909
5144,Poultry Products,"DUCK,WILD,MEAT&SKN,RAW","Duck, wild, meat and skin, raw",,,,211,17.42,15.2,0.0,0.0,0.0,26.0,0.53,0.65,5.2,0.0,21,3.317,0.269,0.351,5,0.312,4.16,20,0.019,168,12.8,0.77,0.028888889,0.311764706,0.270833333,0.057777778,0.0,0.0525,0.2073125,0.206923077,0.2925,0.004166667,0.000346667,0.047619048,0.24,0.232727273,0.07
5145,Poultry Products,"DUCK,WILD,BREAST,MEAT ONLY,RAW","Duck, wild, breast, meat only, raw",,,,123,19.85,4.25,0.0,0.0,0.0,16.0,0.63,0.76,6.2,0.0,25,3.444,0.31,0.416,3,0.33,4.51,22,0.019,186,13.9,0.74,0.017777778,0.370588235,0.316666667,0.068888889,0.0,0.0625,0.21525,0.238461538,0.346666667,0.0025,0.000366667,0.052380952,0.265714286,0.252727273,0.067272727
5146,Poultry Products,"GOOSE,DOMESTICATED,MEAT&SKN,RAW","Goose, domesticated, meat and skin, raw",,,Anser anser,371,15.86,33.62,0.0,0.0,0.0,17.0,0.39,0.34,4.2,0.0,4,3.608,0.245,0.085,12,0.27,2.5,18,0.02,234,14.4,1.72,0.018888889,0.229411765,0.141666667,0.046666667,0.0,0.01,0.2255,0.188461538,0.070833333,0.01,0.0003,0.042857143,0.334285714,0.261818182,0.156363636
5147,Poultry Products,"GOOSE,DOMESTICATED,MEAT&SKN,CKD,RSTD","Goose, domesticated, meat and skin, cooked, roasted",,,,305,25.16,21.92,0.0,0.0,0.0,21.0,0.37,0.41,0.0,1.74,2,4.168,0.323,0.077,13,0.264,2.83,22,0.023,270,21.8,2.62,0.023333333,0.217647059,0.170833333,0.0,0.116,0.005,0.2605,0.248461538,0.064166667,0.010833333,0.000293333,0.052380952,0.385714286,0.396363636,0.238181818
5148,Poultry Products,"GOOSE,DOMESTICATED,MEAT ONLY,RAW","Goose, domesticated, meat only, raw",,,,161,22.75,7.13,0.0,0.0,0.0,12.0,0.64,0.49,7.2,0.0,31,4.278,0.377,0.129,13,0.306,2.57,24,0.024,312,16.8,2.34,0.013333333,0.376470588,0.204166667,0.08,0.0,0.0775,0.267375,0.29,0.1075,0.010833333,0.00034,0.057142857,0.445714286,0.305454545,0.212727273
5149,Poultry Products,"GOOSE,DOMESTICATED,MEAT ONLY,CKD,RSTD","Goose, domesticated, meat only, cooked, roasted",,,,238,28.97,12.67,0.0,0.0,0.0,12.0,0.47,0.49,0.0,0.0,12,4.081,0.39,0.092,14,0.276,2.87,25,0.024,309,25.5,3.17,0.013333333,0.276470588,0.204166667,0.0,0.0,0.03,0.2550625,0.3,0.076666667,0.011666667,0.000306667,0.05952381,0.441428571,0.463636364,0.288181818
5150,Poultry Products,"GOOSE,LIVER,RAW","Goose, liver, raw",,,,133,16.37,4.28,6.32,0.0,0.0,9309.0,0.76,54.0,4.5,0.0,738,6.5,0.892,0.562,43,7.522,30.53,24,0.0,261,68.1,3.07,10.34333333,0.447058824,22.5,0.05,0.0,1.845,0.40625,0.686153846,0.468333333,0.035833333,0.008357778,0.057142857,0.372857143,1.238181818,0.279090909
5151,Poultry Products,"GUINEA HEN,MEAT&SKN,RAW","Guinea hen, meat and skin, raw",,,Numida meleagris,158,23.4,6.45,0.0,0.0,0.0,28.0,0.38,0.34,1.3,0.0,5,7.667,0.102,0.059,11,0.043,0.84,22,0.018,153,16.3,1.13,0.031111111,0.223529412,0.141666667,0.014444444,0.0,0.0125,0.4791875,0.078461538,0.049166667,0.009166667,4.77778e-05,0.052380952,0.218571429,0.296363636,0.102727273
5152,Poultry Products,"GUINEA HEN,MEAT ONLY,RAW","Guinea hen, meat only, raw",,,,110,20.64,2.47,0.0,0.0,0.0,12.0,0.47,0.37,1.7,0.0,6,8.782,0.112,0.067,11,0.044,0.77,24,0.018,169,17.5,1.2,0.013333333,0.276470588,0.154166667,0.018888889,0.0,0.015,0.548875,0.086153846,0.055833333,0.009166667,4.88889e-05,0.057142857,0.241428571,0.318181818,0.109090909
5153,Poultry Products,"PHEASANT,RAW,MEAT&SKN","Pheasant, raw, meat and skin",,,Phasianus colchicus,181,22.7,9.29,0.0,0.0,0.0,53.0,0.66,0.77,5.3,0.0,6,6.426,0.143,0.072,12,0.065,1.15,20,0.017,214,15.7,0.96,0.058888889,0.388235294,0.320833333,0.058888889,0.0,0.015,0.401625,0.11,0.06,0.01,7.22222e-05,0.047619048,0.305714286,0.285454545,0.087272727
5154,Poultry Products,"PHEASANT,RAW,MEAT ONLY","Pheasant, raw, meat only",,,,133,23.57,3.64,0.0,0.0,0.0,50.0,0.74,0.84,6.0,0.0,6,6.759,0.153,0.077,13,0.069,1.15,20,0.016,230,16.2,0.97,0.055555556,0.435294118,0.35,0.066666667,0.0,0.015,0.4224375,0.117692308,0.064166667,0.010833333,7.66667e-05,0.047619048,0.328571429,0.294545455,0.088181818
5155,Poultry Products,"PHEASANT,BREAST,MEAT ONLY,RAW","Pheasant, breast, meat only, raw",,,,133,24.37,3.25,0.0,0.0,0.0,44.0,0.74,0.84,6.0,0.0,4,8.554,0.119,0.081,3,0.046,0.79,21,0.015,200,16.7,0.63,0.048888889,0.435294118,0.35,0.066666667,0.0,0.01,0.534625,0.091538462,0.0675,0.0025,5.11111e-05,0.05,0.285714286,0.303636364,0.057272727
5156,Poultry Products,"PHEASANT,LEG,MEAT ONLY,RAW","Pheasant, leg, meat only, raw",,,,134,22.2,4.3,0.0,0.0,0.0,59.0,0.74,0.84,6.0,0.0,10,3.7,0.21,0.07,29,0.108,1.78,20,0.02,280,15.3,1.53,0.065555556,0.435294118,0.35,0.066666667,0.0,0.025,0.23125,0.161538462,0.058333333,0.024166667,0.00012,0.047619048,0.4,0.278181818,0.139090909
5157,Poultry Products,"QUAIL,MEAT AND SKIN,RAW","Quail, meat and skin, raw",,,Coturnix spp. and Colinus spp.,192,19.63,12.05,0.0,0.0,0.0,73.0,0.6,0.43,6.1,0.0,8,7.538,0.26,0.244,13,0.507,3.97,23,0.019,275,16.6,2.42,0.081111111,0.352941176,0.179166667,0.067777778,0.0,0.02,0.471125,0.2,0.203333333,0.010833333,0.000563333,0.054761905,0.392857143,0.301818182,0.22
5158,Poultry Products,"QUAIL,MEAT ONLY,RAW","Quail, meat only, raw",,,,134,21.76,4.53,0.0,0.0,0.0,17.0,0.53,0.47,7.2,0.0,7,8.2,0.285,0.283,13,0.594,4.51,25,0.019,307,17.4,2.7,0.018888889,0.311764706,0.195833333,0.08,0.0,0.0175,0.5125,0.219230769,0.235833333,0.010833333,0.00066,0.05952381,0.438571429,0.316363636,0.245454545
5159,Poultry Products,"QUAIL,BREAST,MEAT ONLY,RAW","Quail, breast, meat only, raw",,,,123,22.59,2.99,0.0,0.0,0.0,11.0,0.53,0.47,5.1,0.0,4,8.2,0.243,0.24,10,0.433,2.31,28,0.018,228,18.8,2.7,0.012222222,0.311764706,0.195833333,0.056666667,0.0,0.01,0.5125,0.186923077,0.2,0.008333333,0.000481111,0.066666667,0.325714286,0.341818182,0.245454545
5160,Poultry Products,"SQUAB,(PIGEON),MEAT&SKN,RAW","Squab, (pigeon), meat and skin, raw",,,Columba spp.,294,18.47,23.8,0.0,0.0,0.0,73.0,0.41,0.4,5.2,0.0,6,6.046,0.224,0.212,12,0.437,3.54,22,0.019,248,13.3,2.2,0.081111111,0.241176471,0.166666667,0.057777778,0.0,0.015,0.377875,0.172307692,0.176666667,0.01,0.000485556,0.052380952,0.354285714,0.241818182,0.2
5161,Poultry Products,"SQUAB,(PIGEON),MEAT ONLY,RAW","Squab, (pigeon), meat only, raw",,,,142,17.5,7.5,0.0,0.0,0.0,28.0,0.53,0.47,7.2,0.0,7,6.86,0.285,0.283,13,0.594,4.51,25,0.019,307,13.5,2.7,0.031111111,0.311764706,0.195833333,0.08,0.0,0.0175,0.42875,0.219230769,0.235833333,0.010833333,0.00066,0.05952381,0.438571429,0.245454545,0.245454545
5162,Poultry Products,"SQUAB,(PIGEON),LT MEAT WO/SKN,RAW","Squab, (pigeon), light meat without skin, raw",,,,134,21.76,4.52,0.0,0.0,0.0,17.0,0.53,0.47,5.1,0.0,4,7.322,0.243,0.24,10,0.433,2.31,28,0.018,228,15.5,2.7,0.018888889,0.311764706,0.195833333,0.056666667,0.0,0.01,0.457625,0.186923077,0.2,0.008333333,0.000481111,0.066666667,0.325714286,0.281818182,0.245454545
5165,Poultry Products,"TURKEY,WHL,MEAT & SKN,RAW","Turkey, whole, meat and skin, raw",,,,143,21.64,5.64,0.13,0.07,0.0,17.0,0.599,1.22,0.0,0.09,7,7.631,0.185,0.048,11,0.077,0.86,25,0.012,183,21.3,1.78,0.018888889,0.352352941,0.508333333,0.0,0.006,0.0175,0.4769375,0.142307692,0.04,0.009166667,8.55556e-05,0.05952381,0.261428571,0.387272727,0.161818182
5166,Poultry Products,"TURKEY,WHL,MEAT & SKN,CKD,RSTD","Turkey, whole, meat and skin, cooked, roasted",,,,189,28.55,7.39,0.06,0.0,0.0,12.0,0.616,1.02,0.0,0.07,9,9.573,0.281,0.045,14,0.093,1.09,30,0.014,223,29.8,2.48,0.013333333,0.362352941,0.425,0.0,0.004666667,0.0225,0.5983125,0.216153846,0.0375,0.011666667,0.000103333,0.071428571,0.318571429,0.541818182,0.225454545
5167,Poultry Products,"TURKEY,WHL,MEAT ONLY,RAW","Turkey, whole, meat only, raw",,,,112,22.64,1.93,0.14,0.07,0.0,9.0,0.652,1.24,0.0,0.09,7,8.1,0.192,0.05,11,0.079,0.86,27,0.012,190,22.6,1.84,0.01,0.383529412,0.516666667,0.0,0.006,0.0175,0.50625,0.147692308,0.041666667,0.009166667,8.77778e-05,0.064285714,0.271428571,0.410909091,0.167272727
5168,Poultry Products,"TURKEY,WHL,MEAT ONLY,CKD,RSTD","Turkey, whole, meat only, cooked, roasted",,,,159,29.06,3.84,0.0,0.0,0.0,4.0,0.643,0.94,0.0,0.06,9,9.5,0.28,0.047,13,0.091,1.03,29,0.014,222,30.7,2.51,0.004444444,0.378235294,0.391666667,0.0,0.004,0.0225,0.59375,0.215384615,0.039166667,0.010833333,0.000101111,0.069047619,0.317142857,0.558181818,0.228181818
5169,Poultry Products,"TURKEY,SKN FROM WHL,(LIGHT & DARK),RAW","Turkey, skin from whole, (light and dark), raw",,,,407,12.96,38.93,0.06,0.1,0.0,85.0,0.166,0.88,0.0,0.09,4,3.905,0.11,0.021,13,0.053,0.85,11,0.012,120,10.1,1.1,0.094444444,0.097647059,0.366666667,0.0,0.006,0.01,0.2440625,0.084615385,0.0175,0.010833333,5.88889e-05,0.026190476,0.171428571,0.183636364,0.1
5170,Poultry Products,"TURKEY,SKN FROM WHL (LIGHT & DARK),RSTD","Turkey, skin from whole (light and dark), roasted",,,,459,23.94,39.31,0.57,0.0,0.0,79.0,0.375,1.71,0.0,0.15,8,10.235,0.29,0.029,21,0.11,1.63,33,0.017,233,21.1,2.14,0.087777778,0.220588235,0.7125,0.0,0.01,0.02,0.6396875,0.223076923,0.024166667,0.0175,0.000122222,0.078571429,0.332857143,0.383636364,0.194545455
5171,Poultry Products,"TURKEY,WHL,GIBLETS,RAW","Turkey, whole, giblets, raw",,,,124,18.18,5.09,0.07,0.0,0.0,3939.0,0.654,13.06,0.0,0.25,331,8.694,1.393,0.149,18,0.577,5.92,22,0.19,223,49.3,3.23,4.376666667,0.384705882,5.441666667,0.0,0.016666667,0.8275,0.543375,1.071538462,0.124166667,0.015,0.000641111,0.052380952,0.318571429,0.896363636,0.293636364
5172,Poultry Products,"TURKEY,WHL,GIBLETS,CKD,SIMMRD","Turkey, whole, giblets, cooked, simmered",,,,173,26.44,6.61,0.0,0.0,0.0,4619.0,0.546,15.89,0.0,0.13,303,8.647,1.543,0.171,18,0.692,3.39,25,0.202,249,71.1,4.29,5.132222222,0.321176471,6.620833333,0.0,0.008666667,0.7575,0.5404375,1.186923077,0.1425,0.015,0.000768889,0.05952381,0.355714286,1.292727273,0.39
5173,Poultry Products,"TURKEY,GIZZARD,ALL CLASSES,RAW","Turkey, gizzard, all classes, raw",,,,111,18.8,3.37,0.0,0.0,0.0,46.0,0.198,3.61,6.2,0.22,6,6.233,0.327,0.061,16,0.22,2.78,19,0.085,164,28.8,3.03,0.051111111,0.116470588,1.504166667,0.068888889,0.014666667,0.015,0.3895625,0.251538462,0.050833333,0.013333333,0.000244444,0.045238095,0.234285714,0.523636364,0.275454545
5174,Poultry Products,"TURKEY,GIZZARD,ALL CLASSES,CKD,SIMMRD","Turkey, gizzard, all classes, cooked, simmered",,,,155,26.45,4.64,0.0,0.0,0.0,11.0,0.175,3.91,6.3,0.11,13,6.45,0.357,0.057,17,0.274,3.68,21,0.098,187,44.1,3.92,0.012222222,0.102941176,1.629166667,0.07,0.007333333,0.0325,0.403125,0.274615385,0.0475,0.014166667,0.000304444,0.05,0.267142857,0.801818182,0.356363636
5175,Poultry Products,"TURKEY,HEART,ALL CLASSES,RAW","Turkey, heart, all classes, raw",,,,140,16.7,7.44,0.4,0.0,0.0,82.0,0.479,13.3,3.0,0.31,0,6.44,1.13,0.165,18,0.488,3.7,21,0.102,183,35.4,3.21,0.091111111,0.281764706,5.541666667,0.033333333,0.020666667,0.0,0.4025,0.869230769,0.1375,0.015,0.000542222,0.05,0.261428571,0.643636364,0.291818182
5176,Poultry Products,"TURKEY,HEART,ALL CLASSES,CKD,SIMMRD","Turkey, heart, all classes, cooked, simmered",,,,174,24.88,7.52,0.0,0.0,0.0,16.0,0.608,13.9,0.0,0.13,8,7.76,1.54,0.236,21,0.825,6.96,28,0.121,241,56.8,4.6,0.017777778,0.357647059,5.791666667,0.0,0.008666667,0.02,0.485,1.184615385,0.196666667,0.0175,0.000916667,0.066666667,0.344285714,1.032727273,0.418181818
5177,Poultry Products,"TURKEY,LIVER,ALL CLASSES,RAW","Turkey, liver, all classes, raw",,,,128,18.26,5.5,0.0,0.0,0.0,8058.0,1.04,19.73,24.5,0.24,677,11.233,2.247,0.206,20,0.863,8.94,24,0.296,279,68.7,3.37,8.953333333,0.611764706,8.220833333,0.272222222,0.016,1.6925,0.7020625,1.728461538,0.171666667,0.016666667,0.000958889,0.057142857,0.398571429,1.249090909,0.306363636
5178,Poultry Products,"TURKEY,LIVER,ALL CLASSES,CKD,SIMMRD","Turkey, liver, all classes, cooked, simmered",,,,189,27.0,8.18,0.0,0.0,0.0,10751.0,0.882,28.17,22.6,0.15,691,11.09,2.687,0.256,19,1.046,1.79,26,0.331,312,102.3,4.53,11.94555556,0.518823529,11.7375,0.251111111,0.01,1.7275,0.693125,2.066923077,0.213333333,0.015833333,0.001162222,0.061904762,0.445714286,1.86,0.411818182
5179,Poultry Products,"TURKEY FROM WHL,NECK,MEAT ONLY,RAW","Turkey from whole, neck, meat only, raw",,,,125,16.51,6.04,0.0,0.0,0.0,13.0,0.364,1.76,0.0,0.12,5,4.924,0.211,0.051,24,0.142,1.01,15,0.056,160,28.6,3.39,0.014444444,0.214117647,0.733333333,0.0,0.008,0.0125,0.30775,0.162307692,0.0425,0.02,0.000157778,0.035714286,0.228571429,0.52,0.308181818
5180,Poultry Products,"TURKEY FROM WHL,NECK,MEAT ONLY,CKD,SIMMRD","Turkey from whole, neck, meat only, cooked, simmered",,,,162,22.48,7.36,0.0,0.0,0.0,0.0,0.375,1.42,0.0,0.64,7,5.88,0.288,0.048,58,0.158,1.18,18,0.053,182,36.2,4.03,0.0,0.220588235,0.591666667,0.0,0.042666667,0.0175,0.3675,0.221538462,0.04,0.048333333,0.000175556,0.042857143,0.26,0.658181818,0.366363636
5181,Poultry Products,"TURKEY FROM WHL,LT MEAT,MEAT & SKN,RAW","Turkey from whole, light meat, meat and skin, raw",,,,161,21.96,7.43,0.13,0.06,0.0,19.0,0.711,0.67,0.0,0.07,7,8.968,0.139,0.038,11,0.067,0.75,25,0.011,188,20.7,1.25,0.021111111,0.418235294,0.279166667,0.0,0.004666667,0.0175,0.5605,0.106923077,0.031666667,0.009166667,7.44444e-05,0.05952381,0.268571429,0.376363636,0.113636364
5182,Poultry Products,"TURKEY FROM WHL,LT MEAT,MEAT & SKN,CKD,RSTD","Turkey from whole, light meat, meat and skin, cooked, roasted",,,,177,29.55,5.57,0.05,0.0,0.0,10.0,0.767,0.5,0.0,0.07,9,11.608,0.213,0.035,11,0.068,0.8,32,0.012,230,29.3,1.76,0.011111111,0.451176471,0.208333333,0.0,0.004666667,0.0225,0.7255,0.163846154,0.029166667,0.009166667,7.55556e-05,0.076190476,0.328571429,0.532727273,0.16
5183,Poultry Products,"TURKEY,DK MEAT,MEAT & SKN,RAW","Turkey, dark meat, meat and skin, raw",,,,161,19.81,8.97,0.13,0.1,0.0,26.0,0.391,1.84,0.0,0.11,6,5.378,0.229,0.055,11,0.085,1.0,22,0.014,166,20.2,2.32,0.028888889,0.23,0.766666667,0.0,0.007333333,0.015,0.336125,0.176153846,0.045833333,0.009166667,9.44444e-05,0.052380952,0.237142857,0.367272727,0.210909091
5184,Poultry Products,"TURKEY,DK MEAT FROM WHL,MEAT & SKN,CKD,RSTD","Turkey, dark meat from whole, meat and skin, cooked, roasted",,,,206,27.27,9.95,0.07,0.0,0.0,14.0,0.43,1.66,0.0,0.08,9,7.103,0.365,0.057,17,0.125,1.45,27,0.017,215,30.2,3.35,0.015555556,0.252941176,0.691666667,0.0,0.005333333,0.0225,0.4439375,0.280769231,0.0475,0.014166667,0.000138889,0.064285714,0.307142857,0.549090909,0.304545455
5185,Poultry Products,"TURKEY FROM WHL,LT MEAT,RAW","Turkey from whole, light meat, raw",,,,114,23.66,1.48,0.14,0.05,0.0,6.0,0.813,0.63,0.0,0.06,7,9.924,0.145,0.042,11,0.07,0.73,28,0.011,201,22.7,1.28,0.006666667,0.478235294,0.2625,0.0,0.004,0.0175,0.62025,0.111538462,0.035,0.009166667,7.77778e-05,0.066666667,0.287142857,0.412727273,0.116363636
5186,Poultry Products,"TURKEY,ALL CLASSES,LT MEAT,CKD,RSTD","Turkey, all classes, light meat, cooked, roasted",,,,147,30.13,2.08,0.0,0.0,0.0,3.0,0.807,0.37,0.0,0.06,10,11.75,0.205,0.035,9,0.063,0.71,32,0.011,230,30.2,1.72,0.003333333,0.474705882,0.154166667,0.0,0.004,0.025,0.734375,0.157692308,0.029166667,0.0075,7e-05,0.076190476,0.328571429,0.549090909,0.156363636
5187,Poultry Products,"Turkey from whole, dark meat, meat only, raw","Turkey from whole, dark meat, meat only, raw",,,,108,21.28,2.5,0.1,0.1,0.0,13.0,0.44,2.05,0.0,0.12,7,5.696,0.255,0.062,11,0.092,1.04,25,0.014,176,22.4,2.59,0.014444444,0.258823529,0.854166667,0.0,0.008,0.0175,0.356,0.196153846,0.051666667,0.009166667,0.000102222,0.05952381,0.251428571,0.407272727,0.235454545
5188,Poultry Products,"TURKEY,FROM WHL,DK MEAT,CKD,RSTD","Turkey, from whole, dark meat, cooked, roasted",,,,173,27.71,6.04,0.0,0.0,0.0,5.0,0.438,1.65,0.0,0.07,9,6.685,0.375,0.06,17,0.127,1.43,27,0.016,212,31.4,3.51,0.005555556,0.257647059,0.6875,0.0,0.004666667,0.0225,0.4178125,0.288461538,0.05,0.014166667,0.000141111,0.064285714,0.302857143,0.570909091,0.319090909
5190,Poultry Products,"TURKEY,ALL CLASSES,BACK,MEAT&SKN,CKD,RSTD","Turkey, all classes, back, meat and skin, cooked, roasted",,,,244,26.59,14.38,0.16,0.0,0.0,0.0,0.3,0.34,0.0,0.59,8,3.446,0.224,0.054,33,0.142,2.19,22,0.023,189,37.8,3.92,0.0,0.176470588,0.141666667,0.0,0.039333333,0.02,0.215375,0.172307692,0.045,0.0275,0.000157778,0.052380952,0.27,0.687272727,0.356363636
5191,Poultry Products,"TURKEY,ALL CLASSES,BREAST,MEAT&SKN,RAW","Turkey, all classes, breast, meat and skin, raw",,,,157,21.89,7.02,0.0,0.0,0.0,2.0,0.48,0.42,0.0,0.0,7,5.2,0.115,0.058,13,0.074,1.2,24,0.018,186,22.4,1.57,0.002222222,0.282352941,0.175,0.0,0.0,0.0175,0.325,0.088461538,0.048333333,0.010833333,8.22222e-05,0.057142857,0.265714286,0.407272727,0.142727273
5192,Poultry Products,"TURKEY,ALL CLASSES,BREAST,MEAT&SKN,CKD,RSTD","Turkey, all classes, breast, meat and skin, cooked, roasted",,,,189,28.71,7.41,0.0,0.0,0.0,0.0,0.48,0.36,0.0,0.0,6,6.365,0.131,0.057,21,0.047,1.4,27,0.02,210,29.1,2.03,0.0,0.282352941,0.15,0.0,0.0,0.015,0.3978125,0.100769231,0.0475,0.0175,5.22222e-05,0.064285714,0.3,0.529090909,0.184545455
5193,Poultry Products,"TURKEY,ALL CLASSES,LEG,MEAT&SKN,RAW","Turkey, all classes, leg, meat and skin, raw",,,,144,19.54,6.72,0.0,0.0,0.0,1.0,0.34,0.39,0.0,0.0,10,2.947,0.211,0.077,17,0.142,1.72,21,0.022,177,26.4,3.09,0.001111111,0.2,0.1625,0.0,0.0,0.025,0.1841875,0.162307692,0.064166667,0.014166667,0.000157778,0.05,0.252857143,0.48,0.280909091
5194,Poultry Products,"TURKEY,ALL CLASSES,LEG,MEAT&SKN,CKD,RSTD","Turkey, all classes, leg, meat and skin, cooked, roasted",,,,208,27.87,9.82,0.0,0.0,0.0,0.0,0.33,0.36,0.0,0.62,9,3.561,0.241,0.06,32,0.154,2.3,23,0.023,199,37.8,4.27,0.0,0.194117647,0.15,0.0,0.041333333,0.0225,0.2225625,0.185384615,0.05,0.026666667,0.000171111,0.054761905,0.284285714,0.687272727,0.388181818
5195,Poultry Products,"TURKEY,ALL CLASSES,WING,MEAT&SKN,RAW","Turkey, all classes, wing, meat and skin, raw",,,,197,20.22,12.32,0.0,0.0,0.0,3.0,0.41,0.39,0.0,0.0,7,4.425,0.11,0.05,14,0.077,1.26,21,0.017,165,22.4,1.54,0.003333333,0.241176471,0.1625,0.0,0.0,0.0175,0.2765625,0.084615385,0.041666667,0.011666667,8.55556e-05,0.05,0.235714286,0.407272727,0.14
5196,Poultry Products,"TURKEY,ALL CLASSES,WING,MEAT&SKN,CKD,RSTD","Turkey, all classes, wing, meat and skin, cooked, roasted",,,,229,27.38,12.43,0.0,0.0,0.0,0.0,0.42,0.34,0.0,0.17,6,5.732,0.134,0.05,24,0.056,1.46,25,0.02,197,29.9,2.1,0.0,0.247058824,0.141666667,0.0,0.011333333,0.015,0.35825,0.103076923,0.041666667,0.02,6.22222e-05,0.05952381,0.281428571,0.543636364,0.190909091
5200,Poultry Products,"TURKEY,FRYER-ROASTERS,MEAT&SKN,CKD,RSTD","Turkey, fryer-roasters, meat and skin, cooked, roasted",,,,172,28.26,5.72,0.0,0.0,0.0,0.0,0.42,0.37,0.0,0.35,7,4.922,0.183,0.043,22,0.146,1.95,25,0.024,198,33.8,2.89,0.0,0.247058824,0.154166667,0.0,0.023333333,0.0175,0.307625,0.140769231,0.035833333,0.018333333,0.000162222,0.05952381,0.282857143,0.614545455,0.262727273
5215,Poultry Products,"TURKEY,BACK,FROM WHL BIRD,NON-ENHANCED,MEAT ONLY,RAW","Turkey, back, from whole bird, non-enhanced, meat only, raw",,,,113,21.28,2.5,0.15,0.1,0.0,13.0,0.44,2.05,0.0,0.12,0,5.696,0.255,0.062,11,0.092,1.04,25,0.014,176,22.4,2.59,0.014444444,0.258823529,0.854166667,0.0,0.008,0.0,0.356,0.196153846,0.051666667,0.009166667,0.000102222,0.05952381,0.251428571,0.407272727,0.235454545
5216,Poultry Products,"TURKEY,BACK,FROM WHL BIRD,NON-ENHANCED,MEAT ONLY,RSTD","Turkey, back, from whole bird, non-enhanced, meat only, roasted",,,,173,27.71,6.04,0.0,0.0,0.0,5.0,0.438,1.65,0.0,0.07,9,6.685,0.375,0.06,17,0.127,1.43,27,0.016,212,31.4,3.51,0.005555556,0.257647059,0.6875,0.0,0.004666667,0.0225,0.4178125,0.288461538,0.05,0.014166667,0.000141111,0.064285714,0.302857143,0.570909091,0.319090909
5219,Poultry Products,"TURKEY,BREAST,FROM WHL BIRD,NON-ENHANCED,MEAT ONLY,RAW","Turkey, breast, from whole bird, non-enhanced, meat only, raw",,,,114,23.66,1.48,0.14,0.05,0.0,6.0,0.813,0.63,0.0,0.06,7,9.924,0.145,0.042,11,0.07,0.73,28,0.011,201,22.7,1.28,0.006666667,0.478235294,0.2625,0.0,0.004,0.0175,0.62025,0.111538462,0.035,0.009166667,7.77778e-05,0.066666667,0.287142857,0.412727273,0.116363636
5220,Poultry Products,"TURKEY,BREAST,FROM WHL BIRD,NON-ENHANCED,MEAT ONLY,RSTD","Turkey, breast, from whole bird, non-enhanced, meat only, roasted",,,,147,30.13,2.08,0.0,0.0,0.0,3.0,0.807,0.39,0.0,0.06,9,11.75,0.205,0.035,9,0.063,0.71,32,0.011,230,30.2,1.72,0.003333333,0.474705882,0.1625,0.0,0.004,0.0225,0.734375,0.157692308,0.029166667,0.0075,7e-05,0.076190476,0.328571429,0.549090909,0.156363636
5227,Poultry Products,"TURKEY,WING,FROM WHL BIRD,NON-ENHANCED,MEAT ONLY,RAW","Turkey, wing, from whole bird, non-enhanced, meat only, raw",,,,114,23.66,1.48,0.14,0.05,0.0,6.0,0.813,0.63,0.0,0.06,7,9.924,0.145,0.042,11,0.07,0.73,28,0.011,201,22.7,1.28,0.006666667,0.478235294,0.2625,0.0,0.004,0.0175,0.62025,0.111538462,0.035,0.009166667,7.77778e-05,0.066666667,0.287142857,0.412727273,0.116363636
5228,Poultry Products,"TURKEY,WING,FROM WHL BIRD,NON-ENHANCED,MEAT ONLY,RSTD","Turkey, wing, from whole bird, non-enhanced, meat only, roasted",,,,147,30.13,2.08,0.0,0.0,0.0,3.0,0.807,0.81,0.0,0.06,10,11.75,0.205,0.035,9,0.063,0.71,32,0.011,230,30.2,1.72,0.003333333,0.474705882,0.3375,0.0,0.004,0.025,0.734375,0.157692308,0.029166667,0.0075,7e-05,0.076190476,0.328571429,0.549090909,0.156363636
5236,Poultry Products,"TURKEY,YOUNG HEN,SKN ONLY,CKD,RSTD","Turkey, young hen, skin only, cooked, roasted",,,,482,19.03,44.45,0.0,0.0,0.0,0.0,0.07,0.24,0.0,0.0,4,2.801,0.133,0.021,32,0.078,1.82,15,0.022,133,144.1,2.06,0.0,0.041176471,0.1,0.0,0.0,0.01,0.1750625,0.102307692,0.0175,0.026666667,8.66667e-05,0.035714286,0.19,2.62,0.187272727
5277,Poultry Products,"CHICKEN,CND,MEAT ONLY,W/BROTH","Chicken, canned, meat only, with broth",,,,165,21.77,7.95,0.0,0.0,0.0,34.0,0.35,0.29,2.0,0.26,4,6.329,0.129,0.015,14,0.046,1.58,12,0.015,111,15.8,1.41,0.037777778,0.205882353,0.120833333,0.022222222,0.017333333,0.01,0.3955625,0.099230769,0.0125,0.011666667,5.11111e-05,0.028571429,0.158571429,0.287272727,0.128181818
5282,Poultry Products,"PATE DE FOIE GRAS,CND (GOOSE LIVER PATE),SMOKED","Pate de foie gras, canned (goose liver pate), smoked",,,,462,11.4,43.84,4.67,0.0,0.0,1001.0,0.06,9.4,2.0,0.0,60,2.51,0.299,0.088,70,0.4,5.5,13,0.12,200,44.0,0.92,1.112222222,0.035294118,3.916666667,0.022222222,0.0,0.15,0.156875,0.23,0.073333333,0.058333333,0.000444444,0.030952381,0.285714286,0.8,0.083636364
5284,Poultry Products,"TURKEY,CND,MEAT ONLY,W/BROTH","Turkey, canned, meat only, with broth",,,,169,23.68,6.86,1.47,0.0,0.0,0.0,0.33,0.28,2.0,0.27,6,6.622,0.171,0.014,12,0.074,1.86,20,0.017,162,25.9,2.37,0.0,0.194117647,0.116666667,0.022222222,0.018,0.015,0.413875,0.131538462,0.011666667,0.01,8.22222e-05,0.047619048,0.231428571,0.470909091,0.215454545
5285,Poultry Products,"TURKEY,DICED,LT&DK MEAT,SEASONED","Turkey, diced, light and dark meat, seasoned",,,,138,18.7,6.0,1.0,0.0,0.0,0.0,0.28,0.24,0.0,0.0,5,4.8,0.11,0.04,1,0.063,1.8,17,0.013,240,26.1,2.02,0.0,0.164705882,0.1,0.0,0.0,0.0125,0.3,0.084615385,0.033333333,0.000833333,7e-05,0.04047619,0.342857143,0.474545455,0.183636364
5286,Poultry Products,"TURKEY AND GRAVY,FROZEN","Turkey and gravy, frozen",,,,67,5.88,2.63,4.61,0.0,0.0,13.0,0.1,0.24,0.0,0.0,4,1.799,0.127,0.024,14,0.022,0.93,8,0.005,81,19.2,0.7,0.014444444,0.058823529,0.1,0.0,0.0,0.01,0.1124375,0.097692308,0.02,0.011666667,2.44444e-05,0.019047619,0.115714286,0.349090909,0.063636364
5292,Poultry Products,"TURKEY PATTIES,BREADED,BATTERED,FRIED","Turkey patties, breaded, battered, fried",,,,283,14.0,18.0,15.7,0.32,0.5,10.0,0.197,0.23,0.0,0.93,61,2.3,0.19,0.1,14,0.093,2.2,15,0.077,270,22.1,1.44,0.011111111,0.115882353,0.095833333,0.0,0.062,0.1525,0.14375,0.146153846,0.083333333,0.011666667,0.000103333,0.035714286,0.385714286,0.401818182,0.130909091
5293,Poultry Products,"TURKEY BREAST,PRE-BASTED,MEAT&SKN,CKD,RSTD","Turkey breast, pre-basted, meat and skin, cooked, roasted",,,,126,22.16,3.46,0.0,0.0,0.0,0.0,0.32,0.32,0.0,0.0,5,9.067,0.133,0.053,9,0.041,0.66,21,0.015,214,25.7,1.53,0.0,0.188235294,0.133333333,0.0,0.0,0.0125,0.5666875,0.102307692,0.044166667,0.0075,4.55556e-05,0.05,0.305714286,0.467272727,0.139090909
5294,Poultry Products,"TURKEY THIGH,PRE-BASTED,MEAT&SKN,CKD,RSTD","Turkey thigh, pre-basted, meat and skin, cooked, roasted",,,,157,18.8,8.54,0.0,0.0,0.0,0.0,0.23,0.24,0.0,0.0,6,2.409,0.255,0.083,8,0.139,1.51,17,0.015,171,27.9,4.12,0.0,0.135294118,0.1,0.0,0.0,0.015,0.1505625,0.196153846,0.069166667,0.006666667,0.000154444,0.04047619,0.244285714,0.507272727,0.374545455
5295,Poultry Products,"TURKEY RST,BNLESS,FRZ,SEASONED,LT&DK MEAT,RAW","Turkey roast, boneless, frozen, seasoned, light and dark meat, raw",,,,120,17.6,2.2,6.4,0.0,0.0,0.0,0.38,0.35,0.0,0.0,7,4.4,0.12,0.04,1,0.088,2.1,20,0.017,158,26.5,1.91,0.0,0.223529412,0.145833333,0.0,0.0,0.0175,0.275,0.092307692,0.033333333,0.000833333,9.77778e-05,0.047619048,0.225714286,0.481818182,0.173636364
5296,Poultry Products,"TURKEY RST,BNLESS,FRZ,SEASONED,LT&DK MEAT,RSTD","Turkey roast, boneless, frozen, seasoned, light and dark meat, roasted",,,,155,21.32,5.78,3.07,0.0,0.0,0.0,0.27,1.52,0.0,0.38,5,6.271,0.163,0.047,5,0.06,1.63,22,0.015,244,36.5,2.54,0.0,0.158823529,0.633333333,0.0,0.025333333,0.0125,0.3919375,0.125384615,0.039166667,0.004166667,6.66667e-05,0.052380952,0.348571429,0.663636364,0.230909091
5300,Poultry Products,"TURKEY STKS,BREADED,BATTERED,FRIED","Turkey sticks, breaded, battered, fried",,,,279,14.2,16.9,17.0,0.0,0.0,12.0,0.2,0.23,0.0,0.0,43,2.1,0.18,0.1,14,0.073,2.2,15,0.083,234,20.7,1.46,0.013333333,0.117647059,0.095833333,0.0,0.0,0.1075,0.13125,0.138461538,0.083333333,0.011666667,8.11111e-05,0.035714286,0.334285714,0.376363636,0.132727273
5301,Poultry Products,"POULTRY,MECHANICALLY DEBONED,FROM BACKS&NECKS W/SKN,RAW","Poultry, mechanically deboned, from backs and necks with skin, raw",,,,272,11.39,24.73,0.0,0.0,0.0,74.0,0.19,0.25,1.5,0.0,6,4.63,0.129,0.05,138,0.065,1.57,12,0.019,132,10.7,1.29,0.082222222,0.111764706,0.104166667,0.016666667,0.0,0.015,0.289375,0.099230769,0.041666667,0.115,7.22222e-05,0.028571429,0.188571429,0.194545455,0.117272727
5302,Poultry Products,"POULTRY,MECHANICALLY DEBONED,FROM BACKS&NECKS WO/SKN,RAW","Poultry, mechanically deboned, from backs and necks without skin, raw",,,,199,13.79,15.48,0.0,0.0,0.0,32.0,0.32,0.35,3.0,0.0,9,6.246,0.175,0.071,123,0.069,1.73,13,0.02,154,14.4,1.82,0.035555556,0.188235294,0.145833333,0.033333333,0.0,0.0225,0.390375,0.134615385,0.059166667,0.1025,7.66667e-05,0.030952381,0.22,0.261818182,0.165454545
5303,Poultry Products,"POULTRY,MECHANICALLY DEBONED,FROM MATURE HENS,RAW","Poultry, mechanically deboned, from mature hens, raw",,,,243,14.72,19.98,0.0,0.0,0.0,45.0,0.28,0.27,2.0,0.0,5,5.254,0.14,0.096,187,0.065,1.22,12,0.019,132,15.7,1.9,0.05,0.164705882,0.1125,0.022222222,0.0,0.0125,0.328375,0.107692308,0.08,0.155833333,7.22222e-05,0.028571429,0.188571429,0.285454545,0.172727273
5304,Poultry Products,"TURKEY,MECHANICALLY DEBONED,FROM TURKEY FRAMES,RAW","Turkey, mechanically deboned, from turkey frames, raw",,,,201,13.29,15.96,0.0,0.0,0.0,0.0,0.21,0.26,0.0,0.0,7,1.969,0.134,0.048,145,0.093,1.61,13,0.015,115,26.5,2.9,0.0,0.123529412,0.108333333,0.0,0.0,0.0175,0.1230625,0.103076923,0.04,0.120833333,0.000103333,0.030952381,0.164285714,0.481818182,0.263636364
5305,Poultry Products,"GROUND TURKEY,RAW","Ground turkey, raw",,,,148,19.66,7.66,0.0,0.0,0.0,20.0,0.564,1.0,0.0,0.09,7,6.733,0.156,0.066,19,0.096,1.09,23,0.008,200,21.9,2.35,0.022222222,0.331764706,0.416666667,0.0,0.006,0.0175,0.4208125,0.12,0.055,0.015833333,0.000106667,0.054761905,0.285714286,0.398181818,0.213636364
5306,Poultry Products,"GROUND TURKEY,CKD","Ground turkey, cooked",,,,203,27.37,10.4,0.0,0.0,0.0,24.0,0.633,1.34,0.0,0.11,7,8.724,0.211,0.077,28,0.151,1.52,30,0.011,254,31.1,3.11,0.026666667,0.372352941,0.558333333,0.0,0.007333333,0.0175,0.54525,0.162307692,0.064166667,0.023333333,0.000167778,0.071428571,0.362857143,0.565454545,0.282727273
5307,Poultry Products,"CHICKEN,CORNISH GAME HENS,MEAT&SKN,RAW","Chicken, cornish game hens, meat and skin, raw",,,,200,17.15,14.02,0.0,0.0,0.0,32.0,0.295,0.33,0.5,0.28,3,5.675,0.17,0.073,11,0.049,0.78,18,0.016,140,11.8,1.15,0.035555556,0.173529412,0.1375,0.005555556,0.018666667,0.0075,0.3546875,0.130769231,0.060833333,0.009166667,5.44444e-05,0.042857143,0.2,0.214545455,0.104545455
5308,Poultry Products,"CHICKEN,CORNISH GAME HENS,MEAT&SKN,CKD,RSTD","Chicken, cornish game hens, meat and skin, cooked, roasted",,,,259,22.27,18.21,0.0,0.0,0.0,32.0,0.307,0.28,0.5,0.36,2,5.897,0.199,0.067,13,0.061,0.91,18,0.015,146,15.5,1.49,0.035555556,0.180588235,0.116666667,0.005555556,0.024,0.005,0.3685625,0.153076923,0.055833333,0.010833333,6.77778e-05,0.042857143,0.208571429,0.281818182,0.135454545
5309,Poultry Products,"CHICKEN,CORNISH GAME HENS,MEAT ONLY,RAW","Chicken, cornish game hens, meat only, raw",,,,116,20.04,3.33,0.0,0.0,0.0,22.0,0.385,0.4,0.6,0.21,3,6.744,0.216,0.092,12,0.053,0.74,21,0.017,160,15.8,1.31,0.024444444,0.226470588,0.166666667,0.006666667,0.014,0.0075,0.4215,0.166153846,0.076666667,0.01,5.88889e-05,0.05,0.228571429,0.287272727,0.119090909
5310,Poultry Products,"CHICKEN,CORNISH GAME HENS,MEAT ONLY,CKD,RSTD","Chicken, cornish game hens, meat only, cooked, roasted",,,,134,23.3,3.87,0.0,0.0,0.0,20.0,0.358,0.3,0.6,0.24,2,6.273,0.227,0.075,13,0.059,0.77,19,0.015,149,20.8,1.53,0.022222222,0.210588235,0.125,0.006666667,0.016,0.005,0.3920625,0.174615385,0.0625,0.010833333,6.55556e-05,0.045238095,0.212857143,0.378181818,0.139090909
5311,Poultry Products,"CHICKEN,CANNED,NO BROTH","Chicken, canned, no broth",,,,185,25.3,8.1,0.9,0.0,0.0,53.0,0.19,1.0,0.0,0.32,2,2.4,0.1,0.0,14,0.05,1.3,19,0.0,153,18.4,2.5,0.058888889,0.111764706,0.416666667,0.0,0.021333333,0.005,0.15,0.076923077,0.0,0.011666667,5.55556e-05,0.045238095,0.218571429,0.334545455,0.227272727
5312,Poultry Products,"CHICKEN,WING,FRZ,GLAZED,BARBECUE FLAV","Chicken, wing, frozen, glazed, barbecue flavored",,,,211,19.67,12.67,3.34,2.04,0.6,17.0,0.142,0.4,0.0,0.36,10,5.5,0.242,0.074,28,0.039,2.41,20,0.0,205,33.2,1.14,0.018888889,0.083529412,0.166666667,0.0,0.024,0.025,0.34375,0.186153846,0.061666667,0.023333333,4.33333e-05,0.047619048,0.292857143,0.603636364,0.103636364
5313,Poultry Products,"CHICKEN,WING,FRZ,GLAZED,BARBECUE FLAV,HTD (MICROWAVE)","Chicken, wing, frozen, glazed, barbecue flavored, heated (microwave)",,,,248,25.34,13.9,3.84,2.1,0.9,20.0,0.21,0.48,0.5,0.38,12,7.1,0.296,0.081,38,0.049,2.74,27,0.0,272,41.7,1.55,0.022222222,0.123529412,0.2,0.005555556,0.025333333,0.03,0.44375,0.227692308,0.0675,0.031666667,5.44444e-05,0.064285714,0.388571429,0.758181818,0.140909091
5314,Poultry Products,"CHKN,BROLRS OR FRYERS,BRST,SKNLSS,BNLESS,MEAT OLY,ENHCED,RAW","Chicken, broilers or fryers, breast, skinless, boneless, meat only, enhanced, raw",,,,108,20.32,3.0,0.0,0.0,0.0,11.0,0.761,0.19,0.0,0.19,8,7.583,0.127,0.068,5,0.029,0.34,25,0.011,198,26.4,0.63,0.012222222,0.447647059,0.079166667,0.0,0.012666667,0.02,0.4739375,0.097692308,0.056666667,0.004166667,3.22222e-05,0.05952381,0.282857143,0.48,0.057272727
5315,Poultry Products,"DUCK,YNG DUCKLING,DOM,WH PEKIN,BRST,MEAT&SKN,BNLESS,CKD,RSTD","Duck, young duckling, domesticated, White Pekin, breast, meat and skin, boneless, cooked, roasted",,,Anas platyrhynchos,202,24.5,10.85,0.0,0.0,0.0,0.0,0.0,0.0,2.8,0.0,0,7.855,0.0,0.0,8,0.0,3.26,0,0.0,0,26.4,0.0,0.0,0.0,0.0,0.031111111,0.0,0.0,0.4909375,0.0,0.0,0.006666667,0.0,0.0,0.0,0.48,0.0
5316,Poultry Products,"DUCK,YNG DUCKL,DOM,WH PEKIN,BRST,MEAT,BNLESS,CKD WO/SKN,BRLD","Duck, young duckling, domesticated, White Pekin, breast, meat only, boneless, cooked without skin, broiled",,,Anas platyrhynchos,140,27.6,2.5,0.0,0.0,0.0,0.0,0.0,0.0,3.2,0.0,0,10.35,0.0,0.0,9,0.0,4.49,0,0.0,0,29.0,0.0,0.0,0.0,0.0,0.035555556,0.0,0.0,0.646875,0.0,0.0,0.0075,0.0,0.0,0.0,0.527272727,0.0
5317,Poultry Products,"DUCK,YNG DUCKLING,DOM,WH PEKIN,LEG,MEAT&SKN,BONE IN,CKD,RSTD","Duck, young duckling, domesticated, White Pekin, leg, meat and skin, bone in, cooked, roasted",,,Anas platyrhynchos,217,26.75,11.4,0.0,0.0,0.0,0.0,0.0,0.0,1.5,0.0,0,5.77,0.0,0.0,10,0.0,2.08,0,0.0,0,21.8,0.0,0.0,0.0,0.0,0.016666667,0.0,0.0,0.360625,0.0,0.0,0.008333333,0.0,0.0,0.0,0.396363636,0.0
5318,Poultry Products,"DUCK,YNG DUCKL,DOM,WH PEKIN,LEG,MEAT,BONE IN,CKD WO/SKN,BRSD","Duck, young duckling, domesticated, White Pekin, leg, meat only, bone in, cooked without skin, braised",,,Anas platyrhynchos,178,29.1,5.96,0.0,0.0,0.0,0.0,0.0,0.0,2.3,0.0,0,5.33,0.0,0.0,10,0.0,2.33,0,0.0,0,21.6,0.0,0.0,0.0,0.0,0.025555556,0.0,0.0,0.333125,0.0,0.0,0.008333333,0.0,0.0,0.0,0.392727273,0.0
5319,Poultry Products,"CHICKEN,BROILER,ROTISSERIE,BBQ,DRUMSTK,MEAT ONLY","Chicken, broiler, rotisserie, BBQ, drumstick, meat only",,,,172,27.71,6.76,0.0,0.0,0.0,10.0,0.184,0.47,0.0,0.54,9,5.745,0.229,0.065,20,0.089,1.05,23,0.0,248,27.4,2.86,0.011111111,0.108235294,0.195833333,0.0,0.036,0.0225,0.3590625,0.176153846,0.054166667,0.016666667,9.88889e-05,0.054761905,0.354285714,0.498181818,0.26
5320,Poultry Products,"CHICKEN,WING,FRZ,GLAZED,BBQ FLAV,HTD (CONVENTIONAL OVEN)","Chicken, wing, frozen, glazed, barbecue flavored, heated (conventional oven)",,,,242,22.24,14.87,3.36,1.94,0.5,21.0,0.183,0.55,0.0,0.44,10,6.03,0.26,0.117,28,0.0,1.97,21,0.0,233,34.2,1.3,0.023333333,0.107647059,0.229166667,0.0,0.029333333,0.025,0.376875,0.2,0.0975,0.023333333,0.0,0.05,0.332857143,0.621818182,0.118181818
5323,Poultry Products,"CHICKEN PATTY,FRZ,UNCKD","Chicken patty, frozen, uncooked",,,,292,14.33,20.04,13.61,0.0,1.2,11.0,0.155,0.23,0.0,1.18,5,6.63,0.054,0.073,20,0.207,0.93,25,0.254,196,21.4,0.94,0.012222222,0.091176471,0.095833333,0.0,0.078666667,0.0125,0.414375,0.041538462,0.060833333,0.016666667,0.00023,0.05952381,0.28,0.389090909,0.085454545
5324,Poultry Products,"CHICKEN PATTY,FRZ,CKD","Chicken patty, frozen, cooked",,,,287,14.85,19.58,12.84,0.0,0.3,0.0,0.183,0.29,0.0,1.28,7,4.764,0.072,0.083,19,0.09,0.95,24,0.26,208,23.3,1.05,0.0,0.107647059,0.120833333,0.0,0.085333333,0.0175,0.29775,0.055384615,0.069166667,0.015833333,0.0001,0.057142857,0.297142857,0.423636364,0.095454545
5326,Poultry Products,"CHICKEN BREAST TENDERS,BREADED,CKD,MICROWAVED","Chicken breast tenders, breaded, cooked, microwaved",,,,252,16.35,12.89,17.56,0.0,0.0,0.0,0.037,0.44,0.0,0.37,12,6.514,0.098,0.324,14,0.316,1.0,26,0.235,216,30.6,0.77,0.0,0.021764706,0.183333333,0.0,0.024666667,0.03,0.407125,0.075384615,0.27,0.011666667,0.000351111,0.061904762,0.308571429,0.556363636,0.07
5332,Poultry Products,"CHICKEN,GROUND,RAW","Chicken, ground, raw",,,,143,17.44,8.1,0.04,0.0,0.0,0.0,0.512,0.56,0.0,0.27,1,5.575,0.241,0.109,6,0.065,0.82,21,0.016,178,10.2,1.47,0.0,0.301176471,0.233333333,0.0,0.018,0.0025,0.3484375,0.185384615,0.090833333,0.005,7.22222e-05,0.05,0.254285714,0.185454545,0.133636364
5333,Poultry Products,"CHICKEN,GROUND,CRUMBLES,CKD,PAN-BROWNED","Chicken, ground, crumbles, cooked, pan-browned",,,,189,23.28,10.92,0.0,0.0,0.0,0.0,0.538,0.51,0.0,0.39,2,7.107,0.302,0.121,8,0.062,0.93,28,0.016,234,14.3,1.92,0.0,0.316470588,0.2125,0.0,0.026,0.005,0.4441875,0.232307692,0.100833333,0.006666667,6.88889e-05,0.066666667,0.334285714,0.26,0.174545455
5334,Poultry Products,"CHICKEN,BROILER,ROTISSERIE,BBQ,THIGH,MEAT ONLY","Chicken, broiler, rotisserie, BBQ, thigh, meat only",,,,193,24.09,10.74,0.0,0.0,0.0,13.0,0.176,0.45,0.0,0.48,8,5.441,0.234,0.055,13,0.084,0.97,21,0.0,216,23.1,2.0,0.014444444,0.103529412,0.1875,0.0,0.032,0.02,0.3400625,0.18,0.045833333,0.010833333,9.33333e-05,0.05,0.308571429,0.42,0.181818182
5335,Poultry Products,"CHICK,FEET,BOILED","Chicken, feet, boiled",,,,215,19.4,14.6,0.2,0.0,0.0,30.0,0.01,0.47,0.0,0.27,86,0.4,0.2,0.06,88,0.102,0.91,5,0.0,83,3.6,0.69,0.033333333,0.005882353,0.195833333,0.0,0.018,0.215,0.025,0.153846154,0.05,0.073333333,0.000113333,0.011904762,0.118571429,0.065454545,0.062727273
5336,Poultry Products,"USDA CMDTY CHICK,CND,MEAT ONLY,DRND","USDA Commodity Chicken, canned, meat only, drained",,,,162,27.52,5.72,0.0,0.0,0.0,12.0,0.266,0.23,0.0,0.27,6,6.505,0.171,0.051,12,0.061,1.16,22,0.019,156,24.5,1.94,0.013333333,0.156470588,0.095833333,0.0,0.018,0.015,0.4065625,0.131538462,0.0425,0.01,6.77778e-05,0.052380952,0.222857143,0.445454545,0.176363636
5337,Poultry Products,"USDA CMDTY,CHICK,CND,MEAT ONLY,W/ H2O","USDA Commodity, Chicken, canned, meat only, with water",USDA Commodity A532 (12.5 oz can) and A507(50 oz can),,,129,22.02,4.58,0.0,0.0,0.0,10.0,0.213,0.18,0.0,0.21,5,5.204,0.137,0.041,10,0.051,0.93,18,0.015,125,19.6,1.55,0.011111111,0.125294118,0.075,0.0,0.014,0.0125,0.32525,0.105384615,0.034166667,0.008333333,5.66667e-05,0.042857143,0.178571429,0.356363636,0.140909091
5338,Poultry Products,"USDA CMDTY,CHICK,CND,MEAT ONLY,W/ BROTH","USDA Commodity, Chicken, canned, meat only, with broth",,,,133,22.41,4.69,0.23,0.03,0.0,10.0,0.215,0.2,0.0,0.21,5,5.471,0.143,0.041,10,0.059,0.97,18,0.015,131,19.6,1.57,0.011111111,0.126470588,0.083333333,0.0,0.014,0.0125,0.3419375,0.11,0.034166667,0.008333333,6.55556e-05,0.042857143,0.187142857,0.356363636,0.142727273
5339,Poultry Products,"CHICKEN,BROILER,ROTISSERIE,BBQ,WING,MEAT ONLY","Chicken, broiler, rotisserie, BBQ, wing, meat only",,,,184,28.34,7.79,0.54,0.53,0.0,11.0,0.184,0.39,0.0,0.37,7,7.676,0.138,0.092,32,0.066,0.97,24,0.0,264,51.1,2.05,0.012222222,0.108235294,0.1625,0.0,0.024666667,0.0175,0.47975,0.106153846,0.076666667,0.026666667,7.33333e-05,0.057142857,0.377142857,0.929090909,0.186363636
5341,Poultry Products,"CHICKEN,BROILERS OR FRYERS,BACK,MEAT ONLY,CKD,ROTISSERIE,ORI","Chicken, broilers or fryers, back, meat only, cooked, rotisserie, original seasoning",,,,205,25.34,11.54,0.0,0.0,0.0,17.0,0.14,0.71,0.0,0.25,8,6.0,0.21,0.08,38,0.079,0.97,21,0.024,250,48.3,2.04,0.018888889,0.082352941,0.295833333,0.0,0.016666667,0.02,0.375,0.161538462,0.066666667,0.031666667,8.77778e-05,0.05,0.357142857,0.878181818,0.185454545
5342,Poultry Products,"CHICKEN,BROILERS OR FRYERS,BREAST,MEAT ONLY,CKD,ROTISSERIE,O","Chicken, broilers or fryers, breast, meat only, cooked, rotisserie, original seasoning",,,,137,28.0,2.79,0.0,0.0,0.0,5.0,0.24,0.27,0.0,0.33,0,9.233,0.207,0.045,13,0.043,0.45,25,0.009,235,39.1,0.86,0.005555556,0.141176471,0.1125,0.0,0.022,0.0,0.5770625,0.159230769,0.0375,0.010833333,4.77778e-05,0.05952381,0.335714286,0.710909091,0.078181818
5343,Poultry Products,"CHICKEN,BROILERS OR FRYERS,DRUMSTK,MEAT ONLY,CKD,ROTISSERIE,","Chicken, broilers or fryers, drumstick, meat only, cooked, rotisserie, original seasoning",,,,176,28.74,6.81,0.0,0.0,0.0,10.0,0.19,0.49,0.0,0.3,10,5.958,0.237,0.067,21,0.092,1.09,24,0.023,257,38.2,2.96,0.011111111,0.111764706,0.204166667,0.0,0.02,0.025,0.372375,0.182307692,0.055833333,0.0175,0.000102222,0.057142857,0.367142857,0.694545455,0.269090909
5344,Poultry Products,"CHICKEN,BROILERS OR FRYERS,SKN ONLY,CKD,ROTISSERIE,ORIGINAL","Chicken, broilers or fryers, skin only, cooked, rotisserie, original seasoning",,,,406,17.66,37.24,0.11,0.11,0.0,56.0,0.138,0.59,0.0,0.36,11,5.737,0.121,0.036,25,0.045,0.98,26,0.029,248,18.5,1.03,0.062222222,0.081176471,0.245833333,0.0,0.024,0.0275,0.3585625,0.093076923,0.03,0.020833333,5e-05,0.061904762,0.354285714,0.336363636,0.093636364
5345,Poultry Products,"CHICKEN,BROILERS OR FRYERS,THIGH,MEAT ONLY,CKD,ROTISSERIE,OR","Chicken, broilers or fryers, thigh, meat only, cooked, rotisserie, original seasoning",,,,196,24.06,11.09,0.0,0.0,0.0,13.0,0.176,0.45,0.0,0.25,12,5.433,0.233,0.055,13,0.084,0.97,21,0.018,217,27.0,2.01,0.014444444,0.103529412,0.1875,0.0,0.016666667,0.03,0.3395625,0.179230769,0.045833333,0.010833333,9.33333e-05,0.05,0.31,0.490909091,0.182727273
5346,Poultry Products,"CHICKEN,BROILERS OR FRYERS,WING,MEAT ONLY,CKD,ROTISSERIE,ORI","Chicken, broilers or fryers, wing, meat only, cooked, rotisserie, original seasoning",,,,197,27.69,9.53,0.0,0.0,0.0,11.0,0.18,0.38,0.0,0.28,7,7.5,0.135,0.09,32,0.066,0.97,24,0.023,264,51.1,2.05,0.012222222,0.105882353,0.158333333,0.0,0.018666667,0.0175,0.46875,0.103846154,0.075,0.026666667,7.33333e-05,0.057142857,0.377142857,0.929090909,0.186363636
5347,Poultry Products,"CHICKEN,BROILERS OR FRYERS,BACK,MEAT & SKN,CKD,ROTISSERIE,OR","Chicken, broilers or fryers, back, meat and skin, cooked, rotisserie, original seasoning",,,,260,23.23,18.59,0.03,0.03,0.0,28.0,0.139,0.68,0.0,0.28,9,5.928,0.185,0.068,35,0.069,0.97,23,0.026,249,40.1,1.77,0.031111111,0.081764706,0.283333333,0.0,0.018666667,0.0225,0.3705,0.142307692,0.056666667,0.029166667,7.66667e-05,0.054761905,0.355714286,0.729090909,0.160909091
5348,Poultry Products,"CHICKEN,BROILERS OR FRYERS,BREAST,MEAT & SKN,CKD,ROTISSERIE,","Chicken, broilers or fryers, breast, meat and skin, cooked, rotisserie, original seasoning",,,,184,27.48,8.18,0.02,0.02,0.0,12.0,0.299,0.32,0.0,0.2,11,9.397,0.133,0.078,15,0.043,0.55,26,0.017,255,30.6,0.92,0.013333333,0.175882353,0.133333333,0.0,0.013333333,0.0275,0.5873125,0.102307692,0.065,0.0125,4.77778e-05,0.061904762,0.364285714,0.556363636,0.083636364
5349,Poultry Products,"CHICKEN,BROILERS OR FRYERS,DRUMSTK,MEAT & SKN,CKD,ROTISSERIE","Chicken, broilers or fryers, drumstick, meat and skin, cooked, rotisserie, original seasoning",,,,215,26.86,11.98,0.02,0.02,0.0,18.0,0.181,0.51,0.0,0.31,11,5.921,0.218,0.062,21,0.084,1.07,25,0.024,255,34.8,2.63,0.02,0.106470588,0.2125,0.0,0.020666667,0.0275,0.3700625,0.167692308,0.051666667,0.0175,9.33333e-05,0.05952381,0.364285714,0.632727273,0.239090909
5351,Poultry Products,"CHICKEN,BROILERS OR FRYERS,THIGH,MEAT & SKN,CKD,ROTISSERIE,O","Chicken, broilers or fryers, thigh, meat and skin, cooked, rotisserie, original seasoning",,,,233,22.93,15.7,0.02,0.02,0.0,21.0,0.169,0.47,0.0,0.27,12,5.487,0.213,0.052,15,0.077,0.97,22,0.02,222,25.5,1.84,0.023333333,0.099411765,0.195833333,0.0,0.018,0.03,0.3429375,0.163846154,0.043333333,0.0125,8.55556e-05,0.052380952,0.317142857,0.463636364,0.167272727
5352,Poultry Products,"CHICKEN,BROILERS OR FRYERS,WING,MEAT & SKN,CKD,ROTISSERIE,OR","Chicken, broilers or fryers, wing, meat and skin, cooked, rotisserie, original seasoning",,,,266,24.34,18.77,0.04,0.04,0.0,26.0,0.166,0.45,0.0,0.3,8,6.912,0.13,0.072,29,0.059,0.97,24,0.025,258,40.2,1.71,0.028888889,0.097647059,0.1875,0.0,0.02,0.02,0.432,0.1,0.06,0.024166667,6.55556e-05,0.057142857,0.368571429,0.730909091,0.155454545
5353,Poultry Products,"USDA CMDTY,CHICK FAJITA STRIPS,FRZ","USDA Commodity, chicken fajita strips, frozen",,,,135,18.56,5.73,2.23,0.0,0.0,0.0,0.387,0.54,0.0,0.22,4,4.779,0.213,0.1,13,0.03,0.99,22,0.066,277,16.7,1.37,0.0,0.227647059,0.225,0.0,0.014666667,0.01,0.2986875,0.163846154,0.083333333,0.010833333,3.33333e-05,0.052380952,0.395714286,0.303636364,0.124545455
5354,Poultry Products,"USDA CMDTY,TURKEY TACO MEAT,FRZ,CKD","USDA Commodity, turkey taco meat, frozen, cooked",,,,148,16.8,7.58,3.03,0.0,0.0,0.0,0.3,2.17,0.0,0.25,25,2.982,0.334,0.078,69,0.03,1.8,27,0.165,180,17.9,2.52,0.0,0.176470588,0.904166667,0.0,0.016666667,0.0625,0.186375,0.256923077,0.065,0.0575,3.33333e-05,0.064285714,0.257142857,0.325454545,0.229090909
5356,Poultry Products,"CHICKEN,BROILER,ROTISSERIE,BBQ,SKIN","Chicken, broiler, rotisserie, BBQ, skin",,,,378,15.19,35.15,0.7,0.7,0.0,51.0,0.259,0.55,0.0,0.33,9,7.082,0.199,0.054,34,0.043,0.86,22,0.027,230,16.6,0.76,0.056666667,0.152352941,0.229166667,0.0,0.022,0.0225,0.442625,0.153076923,0.045,0.028333333,4.77778e-05,0.052380952,0.328571429,0.301818182,0.069090909
5357,Poultry Products,"CHICKEN,BROILER,ROTISSERIE,BBQ,BACK MEAT & SKN","Chicken, broiler, rotisserie, BBQ, back meat and skin",,,,251,20.29,18.86,0.4,0.4,0.0,24.0,0.153,0.6,0.0,0.26,7,5.621,0.185,0.065,33,0.061,0.83,19,0.006,217,35.4,1.51,0.026666667,0.09,0.25,0.0,0.017333333,0.0175,0.3513125,0.142307692,0.054166667,0.0275,6.77778e-05,0.045238095,0.31,0.643636364,0.137272727
5358,Poultry Products,"CHICKEN,BROILER,ROTISSERIE,BBQ,BREAST MEAT & SKN","Chicken, broiler, rotisserie, BBQ, breast meat and skin",,,,175,26.37,7.67,0.09,0.09,0.0,11.0,0.307,0.3,0.0,0.33,8,9.303,0.139,0.078,16,0.041,0.51,25,0.004,244,22.3,0.86,0.012222222,0.180588235,0.125,0.0,0.022,0.02,0.5814375,0.106923077,0.065,0.013333333,4.55556e-05,0.05952381,0.348571429,0.405454545,0.078181818
5359,Poultry Products,"CHICKEN,BROILER,ROTISSERIE,BBQ,DRUMSTK MEAT & SKN","Chicken, broiler, rotisserie, BBQ, drumstick meat and skin",,,,206,25.65,11.46,0.12,0.12,0.0,17.0,0.196,0.49,0.0,0.51,9,5.966,0.224,0.063,22,0.082,1.02,23,0.004,245,25.7,2.52,0.018888889,0.115294118,0.204166667,0.0,0.034,0.0225,0.372875,0.172307692,0.0525,0.018333333,9.11111e-05,0.054761905,0.35,0.467272727,0.229090909
5361,Poultry Products,"CHICKEN,BROILER,ROTISSERIE,BBQ,THIGH MEAT & SKN","Chicken, broiler, rotisserie, BBQ, thigh meat and skin",,,,226,22.51,15.08,0.12,0.12,0.0,20.0,0.191,0.47,0.0,0.46,8,5.732,0.227,0.055,16,0.077,0.95,21,0.005,218,22.0,1.78,0.022222222,0.112352941,0.195833333,0.0,0.030666667,0.02,0.35825,0.174615385,0.045833333,0.013333333,8.55556e-05,0.05,0.311428571,0.4,0.161818182
5362,Poultry Products,"CHICKEN,BROILER,ROTISSERIE,BBQ,WING MEAT & SKN","Chicken, broiler, rotisserie, BBQ, wing meat and skin",,,,257,23.42,18.04,0.6,0.6,0.0,26.0,0.212,0.45,0.0,0.12,8,7.454,0.161,0.078,33,0.057,0.93,23,0.01,251,38.2,1.57,0.028888889,0.124705882,0.1875,0.0,0.008,0.02,0.465875,0.123846154,0.065,0.0275,6.33333e-05,0.054761905,0.358571429,0.694545455,0.142727273
5363,Poultry Products,"RUFFED GROUSE,BREAST MEAT,SKINLESS,RAW","Ruffed Grouse, breast meat, skinless, raw",Ruffed grouse,,Bonasa umbellus,112,25.94,0.88,0.0,0.0,0.0,5.0,1.275,2.9,0.0,0.73,0,11.6,0.28,0.042,5,0.058,0.58,32,0.016,229,0.0,0.51,0.005555556,0.75,1.208333333,0.0,0.048666667,0.0,0.725,0.215384615,0.035,0.004166667,6.44444e-05,0.076190476,0.327142857,0.0,0.046363636
5600,Poultry Products,"USDA COMMODITY,TURKEY HAM,DK MEAT,SMOKED,FRZ","USDA Commodity, turkey ham, dark meat, smoked, frozen",,,,118,16.3,4.0,3.1,1.2,0.0,16.0,0.06,0.8,0.0,0.0,0,4.12,0.27,0.23,7,0.0,1.0,16,0.0,289,38.2,2.1,0.017777778,0.035294118,0.333333333,0.0,0.0,0.0,0.2575,0.207692308,0.191666667,0.005833333,0.0,0.038095238,0.412857143,0.694545455,0.190909091
5621,Poultry Products,"EMU,GROUND,RAW","Emu, ground, raw",,,Dromaius novaehollandiae,134,22.77,4.03,0.0,0.0,0.0,0.0,0.642,6.75,0.0,0.24,13,7.485,0.457,0.27,7,0.199,4.02,24,0.027,222,30.5,3.48,0.0,0.377647059,2.8125,0.0,0.016,0.0325,0.4678125,0.351538462,0.225,0.005833333,0.000221111,0.057142857,0.317142857,0.554545455,0.316363636
5622,Poultry Products,"EMU,GROUND,CKD,PAN-BROILED","Emu, ground, cooked, pan-broiled",,,Dromaius novaehollandiae,163,28.43,4.65,0.0,0.0,0.0,0.0,0.833,8.52,0.0,0.24,9,8.925,0.545,0.318,8,0.238,5.01,29,0.03,269,43.5,4.56,0.0,0.49,3.55,0.0,0.016,0.0225,0.5578125,0.419230769,0.265,0.006666667,0.000264444,0.069047619,0.384285714,0.790909091,0.414545455
5623,Poultry Products,"EMU,FAN FILLET,RAW","Emu, fan fillet, raw",,,Dromaius novaehollandiae,103,22.5,0.8,0.0,0.0,0.0,0.0,0.634,6.67,0.0,0.22,13,7.397,0.451,0.267,3,0.211,4.5,42,0.029,236,32.5,3.5,0.0,0.372941176,2.779166667,0.0,0.014666667,0.0325,0.4623125,0.346923077,0.2225,0.0025,0.000234444,0.1,0.337142857,0.590909091,0.318181818
5624,Poultry Products,"EMU,FAN FILLET,CKD,BRLD","Emu, fan fillet, cooked, broiled",,,Dromaius novaehollandiae,154,31.27,2.3,0.0,0.0,0.0,0.0,0.916,9.37,0.0,0.23,9,9.814,0.599,0.35,6,0.232,4.56,30,0.026,272,46.1,3.19,0.0,0.538823529,3.904166667,0.0,0.015333333,0.0225,0.613375,0.460769231,0.291666667,0.005,0.000257778,0.071428571,0.388571429,0.838181818,0.29
5625,Poultry Products,"EMU,FLAT FILLET,RAW","Emu, flat fillet, raw",,,Dromaius novaehollandiae,102,22.25,0.74,0.0,0.0,0.0,0.0,0.582,6.12,0.0,0.22,12,6.786,0.414,0.245,3,0.205,5.0,31,0.028,229,31.5,3.0,0.0,0.342352941,2.55,0.0,0.014666667,0.03,0.424125,0.318461538,0.204166667,0.0025,0.000227778,0.073809524,0.327142857,0.572727273,0.272727273
5626,Poultry Products,"EMU,FULL RUMP,RAW","Emu, full rump, raw",,,Dromaius novaehollandiae,112,22.83,1.64,0.0,0.0,0.0,4.0,0.643,2.24,0.0,0.23,13,7.504,0.458,0.36,4,0.211,4.96,40,0.029,236,32.5,3.59,0.004444444,0.378235294,0.933333333,0.0,0.015333333,0.0325,0.469,0.352307692,0.3,0.003333333,0.000234444,0.095238095,0.337142857,0.590909091,0.326363636
5627,Poultry Products,"EMU,FULL RUMP,CKD,BRLD","Emu, full rump, cooked, broiled",,,Dromaius novaehollandiae,168,33.67,2.68,0.0,0.0,0.0,3.0,0.987,2.2,0.0,0.26,10,10.569,0.645,0.43,7,0.285,6.89,34,0.036,323,52.1,4.32,0.003333333,0.580588235,0.916666667,0.0,0.017333333,0.025,0.6605625,0.496153846,0.358333333,0.005833333,0.000316667,0.080952381,0.461428571,0.947272727,0.392727273
5628,Poultry Products,"EMU,INSIDE DRUM,RAW","Emu, inside drum, raw",,,Dromaius novaehollandiae,108,22.22,1.49,0.0,0.0,0.0,5.0,0.626,2.26,0.0,0.22,12,7.304,0.446,0.42,4,0.205,5.23,26,0.028,229,31.4,4.33,0.005555556,0.368235294,0.941666667,0.0,0.014666667,0.03,0.4565,0.343076923,0.35,0.003333333,0.000227778,0.061904762,0.327142857,0.570909091,0.393636364
5629,Poultry Products,"EMU,INSIDE DRUMS,CKD,BRLD","Emu, inside drums, cooked, broiled",,,Dromaius novaehollandiae,156,32.38,2.01,0.0,0.0,0.0,3.0,0.949,2.4,0.0,0.25,10,10.164,0.621,0.41,6,0.272,7.27,33,0.034,307,49.6,5.09,0.003333333,0.558235294,1.0,0.0,0.016666667,0.025,0.63525,0.477692308,0.341666667,0.005,0.000302222,0.078571429,0.438571429,0.901818182,0.462727273
5630,Poultry Products,"EMU,OUTSIDE DRUM,RAW","Emu, outside drum, raw",,,Dromaius novaehollandiae,103,23.08,0.48,0.0,0.0,0.0,0.0,0.676,6.92,0.0,0.17,7,7.245,0.442,0.258,3,0.199,4.5,29,0.025,225,36.3,4.5,0.0,0.397647059,2.883333333,0.0,0.011333333,0.0175,0.4528125,0.34,0.215,0.0025,0.000221111,0.069047619,0.321428571,0.66,0.409090909
5631,Poultry Products,"EMU,OYSTER,RAW","Emu, oyster, raw",,,Dromaius novaehollandiae,141,22.81,4.86,0.0,0.0,0.0,0.0,0.643,6.76,0.0,0.24,13,7.499,0.458,0.271,4,0.194,5.5,30,0.027,217,29.8,6.0,0.0,0.378235294,2.816666667,0.0,0.016,0.0325,0.4686875,0.352307692,0.225833333,0.003333333,0.000215556,0.071428571,0.31,0.541818182,0.545454545
5632,Poultry Products,"EMU,TOP LOIN,CKD,BRLD","Emu, top loin, cooked, broiled",,,Dromaius novaehollandiae,152,29.07,3.13,0.0,0.0,0.0,0.0,0.852,8.71,0.0,0.23,9,9.124,0.557,0.325,9,0.28,5.07,30,0.031,274,43.5,3.42,0.0,0.501176471,3.629166667,0.0,0.015333333,0.0225,0.57025,0.428461538,0.270833333,0.0075,0.000311111,0.071428571,0.391428571,0.790909091,0.310909091
5641,Poultry Products,"OSTRICH,GROUND,RAW","Ostrich, ground, raw",,,Struthio camelus,165,20.22,8.7,0.0,0.0,0.0,0.0,0.475,4.61,0.0,0.24,7,4.377,0.267,0.182,7,0.128,2.91,20,0.017,199,33.0,3.51,0.0,0.279411765,1.920833333,0.0,0.016,0.0175,0.2735625,0.205384615,0.151666667,0.005833333,0.000142222,0.047619048,0.284285714,0.6,0.319090909
5642,Poultry Products,"OSTRICH,GROUND,CKD,PAN-BROILED","Ostrich, ground, cooked, pan-broiled",,,Struthio camelus,175,26.15,7.07,0.0,0.0,0.0,0.0,0.501,5.74,0.0,0.24,14,6.557,0.268,0.213,8,0.136,3.43,23,0.017,224,33.5,4.33,0.0,0.294705882,2.391666667,0.0,0.016,0.035,0.4098125,0.206153846,0.1775,0.006666667,0.000151111,0.054761905,0.32,0.609090909,0.393636364
5643,Poultry Products,"OSTRICH,FAN,RAW","Ostrich, fan, raw",,,Struthio camelus,117,21.81,2.65,0.0,0.0,0.0,0.0,0.513,4.97,0.0,0.2,8,4.722,0.288,0.196,6,0.136,4.38,22,0.017,211,34.9,3.71,0.0,0.301764706,2.070833333,0.0,0.013333333,0.02,0.295125,0.221538462,0.163333333,0.005,0.000151111,0.052380952,0.301428571,0.634545455,0.337272727
5644,Poultry Products,"OSTRICH,INSIDE LEG,RAW","Ostrich, inside leg, raw",,,Struthio camelus,111,22.39,1.72,0.0,0.0,0.0,0.0,0.526,5.1,0.0,0.2,8,4.847,0.295,0.201,5,0.141,2.3,22,0.018,220,36.4,3.87,0.0,0.309411765,2.125,0.0,0.013333333,0.02,0.3029375,0.226923077,0.1675,0.004166667,0.000156667,0.052380952,0.314285714,0.661818182,0.351818182
5645,Poultry Products,"OSTRICH,INSIDE LEG,CKD","Ostrich, inside leg, cooked",,,Struthio camelus,141,29.01,1.94,0.0,0.0,0.0,0.0,0.555,6.36,0.0,0.22,16,7.274,0.298,0.237,6,0.148,3.12,25,0.018,244,36.5,4.71,0.0,0.326470588,2.65,0.0,0.014666667,0.04,0.454625,0.229230769,0.1975,0.005,0.000164444,0.05952381,0.348571429,0.663636364,0.428181818
5646,Poultry Products,"OSTRICH,INSIDE STRIP,RAW","Ostrich, inside strip, raw",,,Struthio camelus,127,23.69,2.87,0.0,0.0,0.0,0.0,0.557,5.4,0.0,0.21,9,5.129,0.312,0.213,5,0.145,4.2,23,0.019,226,37.5,3.98,0.0,0.327647059,2.25,0.0,0.014,0.0225,0.3205625,0.24,0.1775,0.004166667,0.000161111,0.054761905,0.322857143,0.681818182,0.361818182
5647,Poultry Products,"OSTRICH,INSIDE STRIP,CKD","Ostrich, inside strip, cooked",,,Struthio camelus,164,29.37,4.26,0.0,0.0,0.0,0.0,0.562,6.44,0.0,0.24,16,7.364,0.301,0.24,5,0.153,4.8,26,0.019,253,37.9,4.9,0.0,0.330588235,2.683333333,0.0,0.016,0.04,0.46025,0.231538462,0.2,0.004166667,0.00017,0.061904762,0.361428571,0.689090909,0.445454545
5648,Poultry Products,"OSTRICH,OUTSIDE LEG,RAW","Ostrich, outside leg, raw",,,Struthio camelus,115,22.86,1.96,0.0,0.0,0.0,0.0,0.537,5.21,0.0,0.2,8,4.949,0.302,0.205,5,0.142,2.65,23,0.018,221,36.6,3.89,0.0,0.315882353,2.170833333,0.0,0.013333333,0.02,0.3093125,0.232307692,0.170833333,0.004166667,0.000157778,0.054761905,0.315714286,0.665454545,0.353636364
5649,Poultry Products,"OSTRICH,OUTSIDE STRIP,RAW","Ostrich, outside strip, raw",,,Struthio camelus,120,23.36,2.21,0.0,0.0,0.0,0.0,0.549,5.33,0.0,0.21,8,5.058,0.308,0.21,5,0.147,3.69,23,0.019,229,37.9,4.02,0.0,0.322941176,2.220833333,0.0,0.014,0.02,0.316125,0.236923077,0.175,0.004166667,0.000163333,0.054761905,0.327142857,0.689090909,0.365454545
5650,Poultry Products,"OSTRICH,OUTSIDE STRIP,CKD","Ostrich, outside strip, cooked",,,Struthio camelus,156,28.55,3.83,0.0,0.0,0.0,0.0,0.546,6.26,0.0,0.24,16,7.158,0.293,0.233,5,0.154,4.3,26,0.019,254,38.0,4.91,0.0,0.321176471,2.608333333,0.0,0.016,0.04,0.447375,0.225384615,0.194166667,0.004166667,0.000171111,0.061904762,0.362857143,0.690909091,0.446363636
5651,Poultry Products,"OSTRICH,OYSTER,RAW","Ostrich, oyster, raw",,,Struthio camelus,125,21.55,3.67,0.0,0.0,0.0,0.0,0.507,4.91,0.0,0.2,8,4.665,0.284,0.194,6,0.131,3.86,21,0.017,204,33.8,3.59,0.0,0.298235294,2.045833333,0.0,0.013333333,0.02,0.2915625,0.218461538,0.161666667,0.005,0.000145556,0.05,0.291428571,0.614545455,0.326363636
5652,Poultry Products,"OSTRICH,OYSTER,CKD","Ostrich, oyster, cooked",,,Struthio camelus,159,28.81,3.97,0.0,0.0,0.0,0.0,0.551,6.32,0.0,0.23,16,7.224,0.296,0.235,6,0.18,4.9,29,0.023,281,46.5,4.94,0.0,0.324117647,2.633333333,0.0,0.015333333,0.04,0.4515,0.227692308,0.195833333,0.005,0.0002,0.069047619,0.401428571,0.845454545,0.449090909
5653,Poultry Products,"OSTRICH,RND,RAW","Ostrich, round, raw",,,Struthio camelus,116,21.99,2.4,0.0,0.0,0.0,0.0,0.517,5.01,0.0,0.2,8,4.761,0.29,0.198,5,0.139,3.54,22,0.018,216,35.8,3.8,0.0,0.304117647,2.0875,0.0,0.013333333,0.02,0.2975625,0.223076923,0.165,0.004166667,0.000154444,0.052380952,0.308571429,0.650909091,0.345454545
5654,Poultry Products,"OSTRICH,TENDERLOIN,RAW","Ostrich, tenderloin, raw",,,Struthio camelus,123,22.07,3.19,0.0,0.0,0.0,0.0,0.519,5.03,0.0,0.21,8,4.778,0.291,0.198,6,0.141,4.88,22,0.018,220,36.4,3.87,0.0,0.305294118,2.095833333,0.0,0.014,0.02,0.298625,0.223846154,0.165,0.005,0.000156667,0.052380952,0.314285714,0.661818182,0.351818182
5655,Poultry Products,"OSTRICH,TIP RAW","Ostrich, tip trimmed, raw",,,Struthio camelus,114,21.85,2.3,0.0,0.0,0.0,0.0,0.514,4.98,0.0,0.2,8,4.73,0.288,0.196,5,0.137,2.86,22,0.018,213,35.2,3.74,0.0,0.302352941,2.075,0.0,0.013333333,0.02,0.295625,0.221538462,0.163333333,0.004166667,0.000152222,0.052380952,0.304285714,0.64,0.34
5656,Poultry Products,"OSTRICH,TIP CKD","Ostrich, tip trimmed, cooked",,,Struthio camelus,145,28.49,2.57,0.0,0.0,0.0,0.0,0.545,6.25,0.0,0.23,15,7.143,0.292,0.232,6,0.152,2.79,25,0.019,251,37.5,4.85,0.0,0.320588235,2.604166667,0.0,0.015333333,0.0375,0.4464375,0.224615385,0.193333333,0.005,0.000168889,0.05952381,0.358571429,0.681818182,0.440909091
5657,Poultry Products,"OSTRICH,TOP LOIN,RAW","Ostrich, top loin, raw",,,Struthio camelus,119,21.67,2.95,0.0,0.0,0.0,0.0,0.509,4.94,0.0,0.2,8,4.691,0.286,0.195,6,0.137,3.13,22,0.018,214,35.4,3.76,0.0,0.299411765,2.058333333,0.0,0.013333333,0.02,0.2931875,0.22,0.1625,0.005,0.000152222,0.052380952,0.305714286,0.643636364,0.341818182
5658,Poultry Products,"OSTRICH,TOP LOIN,CKD","Ostrich, top loin, cooked",,,Struthio camelus,155,28.12,3.87,0.0,0.0,0.0,0.0,0.538,6.17,0.0,0.23,15,7.051,0.289,0.229,6,0.148,3.31,25,0.018,245,36.6,4.72,0.0,0.316470588,2.570833333,0.0,0.015333333,0.0375,0.4406875,0.222307692,0.190833333,0.005,0.000164444,0.05952381,0.35,0.665454545,0.429090909
5661,Poultry Products,"CHICKEN,LIVER,ALL CLASSES,CKD,PAN-FRIED","Chicken, liver, all classes, cooked, pan-fried",,,,172,25.78,6.43,1.11,0.0,0.0,4296.0,0.84,21.13,2.7,0.77,560,13.925,2.313,0.292,10,0.535,12.88,27,0.375,442,88.2,4.01,4.773333333,0.494117647,8.804166667,0.03,0.051333333,1.4,0.8703125,1.779230769,0.243333333,0.008333333,0.000594444,0.064285714,0.631428571,1.603636364,0.364545455
5662,Poultry Products,"GROUND TURKEY,FAT FREE,RAW","Ground turkey, fat free, raw",,,,112,23.57,1.95,0.0,0.0,0.0,7.0,0.857,0.51,0.0,0.07,8,9.708,0.105,0.062,3,0.058,0.77,29,0.006,227,22.1,1.76,0.007777778,0.504117647,0.2125,0.0,0.004666667,0.02,0.60675,0.080769231,0.051666667,0.0025,6.44444e-05,0.069047619,0.324285714,0.401818182,0.16
5663,Poultry Products,"GROUND TURKEY,FAT FREE,PAN-BROILED CRUMBLES","Ground turkey, fat free, pan-broiled crumbles",,,,151,31.69,2.71,0.0,0.0,0.0,9.0,1.08,0.7,0.0,0.1,8,12.55,0.135,0.082,6,0.067,1.02,35,0.006,290,31.4,2.2,0.01,0.635294118,0.291666667,0.0,0.006666667,0.02,0.784375,0.103846154,0.068333333,0.005,7.44444e-05,0.083333333,0.414285714,0.570909091,0.2
5664,Poultry Products,"GROUND TURKEY,FAT FREE,PATTIES,BRLD","Ground turkey, fat free, patties, broiled",,,,138,28.99,2.48,0.0,0.0,0.0,8.0,0.908,0.67,0.0,0.09,7,10.707,0.145,0.067,6,0.061,0.78,35,0.006,264,28.0,2.19,0.008888889,0.534117647,0.279166667,0.0,0.006,0.0175,0.6691875,0.111538462,0.055833333,0.005,6.77778e-05,0.083333333,0.377142857,0.509090909,0.199090909
5665,Poultry Products,"GROUND TURKEY,93% LN,7% FAT,RAW","Ground turkey, 93% lean, 7% fat, raw",,,,150,18.73,8.34,0.0,0.0,0.0,22.0,0.35,1.2,0.0,0.11,7,5.417,0.185,0.067,21,0.107,1.17,21,0.008,193,19.0,2.53,0.024444444,0.205882353,0.5,0.0,0.007333333,0.0175,0.3385625,0.142307692,0.055833333,0.0175,0.000118889,0.05,0.275714286,0.345454545,0.23
5666,Poultry Products,"GROUND TURKEY,93% LN,7% FAT,PAN-BROILED CRUMBLES","Ground turkey, 93% lean, 7% fat, pan-broiled crumbles",,,,213,27.1,11.6,0.0,0.0,0.0,30.0,0.497,1.9,0.0,0.18,7,8.095,0.262,0.088,31,0.166,1.56,29,0.01,259,28.4,3.77,0.033333333,0.292352941,0.791666667,0.0,0.012,0.0175,0.5059375,0.201538462,0.073333333,0.025833333,0.000184444,0.069047619,0.37,0.516363636,0.342727273
5667,Poultry Products,"GROUND TURKEY,93% LN,7% FAT,PATTIES,BRLD","Ground turkey, 93% lean, 7% fat, patties, broiled",,,,207,25.86,11.45,0.0,0.0,0.0,31.0,0.471,1.8,0.0,0.13,7,6.64,0.232,0.08,29,0.161,1.73,25,0.011,210,27.5,3.71,0.034444444,0.277058824,0.75,0.0,0.008666667,0.0175,0.415,0.178461538,0.066666667,0.024166667,0.000178889,0.05952381,0.3,0.5,0.337272727
5668,Poultry Products,"GROUND TURKEY,85% LN,15% FAT,RAW","Ground turkey, 85% lean, 15% fat, raw",,,,180,16.9,12.54,0.0,0.0,0.0,30.0,0.485,1.3,0.0,0.08,6,5.075,0.177,0.067,33,0.123,1.32,19,0.009,179,24.6,2.75,0.033333333,0.285294118,0.541666667,0.0,0.005333333,0.015,0.3171875,0.136153846,0.055833333,0.0275,0.000136667,0.045238095,0.255714286,0.447272727,0.25
5669,Poultry Products,"GROUND TURKEY,85% LN,15% FAT,PAN-BROILED CRUMBLES","Ground turkey, 85% lean, 15% fat, pan-broiled crumbles",,,,258,25.11,17.45,0.0,0.0,0.0,35.0,0.462,1.6,0.0,0.09,7,7.72,0.26,0.08,49,0.194,1.98,28,0.015,263,36.1,3.56,0.038888889,0.271764706,0.666666667,0.0,0.006,0.0175,0.4825,0.2,0.066666667,0.040833333,0.000215556,0.066666667,0.375714286,0.656363636,0.323636364
5670,Poultry Products,"GROUND TURKEY,85% LN,15% FAT,PATTIES,BRLD","Ground turkey, 85% lean, 15% fat, patties, broiled",,,,249,25.88,16.2,0.0,0.0,0.0,29.0,0.383,1.4,0.0,0.07,7,6.632,0.232,0.067,48,0.256,2.04,25,0.016,235,35.1,3.25,0.032222222,0.225294118,0.583333333,0.0,0.004666667,0.0175,0.4145,0.178461538,0.055833333,0.04,0.000284444,0.05952381,0.335714286,0.638181818,0.295454545
5671,Poultry Products,"CHICKEN,BROILERS OR FRYERS,DK MEAT,DRUMSTK,MEAT OLY,CKD,BRSD","Chicken, broilers or fryers, dark meat, drumstick, meat only, cooked, braised",,,,149,23.93,5.95,0.0,0.0,0.0,7.0,0.372,0.41,0.0,0.17,5,5.046,0.18,0.088,12,0.063,0.94,22,0.018,184,27.9,2.54,0.007777778,0.218823529,0.170833333,0.0,0.011333333,0.0125,0.315375,0.138461538,0.073333333,0.01,7e-05,0.052380952,0.262857143,0.507272727,0.230909091
5672,Poultry Products,"CHICKEN,BROILERS OR FRYERS,DK MEAT,THIGH,MEAT ONLY,CKD,BRSD","Chicken, broilers or fryers, dark meat, thigh, meat only, cooked, braised",,,,176,24.55,8.63,0.0,0.0,0.0,8.0,0.436,0.42,0.0,0.17,5,5.742,0.182,0.087,12,0.049,1.27,25,0.017,201,29.2,1.87,0.008888889,0.256470588,0.175,0.0,0.011333333,0.0125,0.358875,0.14,0.0725,0.01,5.44444e-05,0.05952381,0.287142857,0.530909091,0.17
5673,Poultry Products,"CHICKEN,SKN (DRUMSTICKS & THIGHS),CKD,BRSD","Chicken, skin (drumsticks and thighs), cooked, braised",,,,443,14.61,42.76,0.0,0.0,0.0,48.0,0.179,0.45,0.0,0.19,3,3.4,0.055,0.05,9,0.04,1.0,14,0.018,130,16.0,0.74,0.053333333,0.105294118,0.1875,0.0,0.012666667,0.0075,0.2125,0.042307692,0.041666667,0.0075,4.44444e-05,0.033333333,0.185714286,0.290909091,0.067272727
5674,Poultry Products,"CHICKEN,SKN (DRUMSTICKS & THIGHS),RAW","Chicken, skin (drumsticks and thighs), raw",,,,440,9.58,44.23,0.79,0.0,0.0,59.0,0.116,0.65,0.0,0.27,2,2.565,0.032,0.04,6,0.038,0.37,8,0.014,95,10.1,0.65,0.065555556,0.068235294,0.270833333,0.0,0.018,0.005,0.1603125,0.024615385,0.033333333,0.005,4.22222e-05,0.019047619,0.135714286,0.183636364,0.059090909
5675,Poultry Products,"CHICKEN,SKN (DRUMSTICKS & THIGHS),CKD,RSTD","Chicken, skin (drumsticks and thighs), cooked, roasted",,,,462,16.57,43.99,0.0,0.0,0.0,54.0,0.197,0.5,0.0,0.23,3,3.917,0.062,0.052,10,0.045,0.9,16,0.02,151,17.4,0.86,0.06,0.115882353,0.208333333,0.0,0.015333333,0.0075,0.2448125,0.047692308,0.043333333,0.008333333,5e-05,0.038095238,0.215714286,0.316363636,0.078181818
5676,Poultry Products,"CHICKEN,BROILERS OR FRYERS,DK MEAT,DRUMSTK,MT & SKN,CKD,BRSD","Chicken, broilers or fryers, dark meat, drumstick, meat and skin, cooked, braised",,,,187,22.72,10.73,0.0,0.0,0.0,12.0,0.347,0.41,0.0,0.17,4,4.832,0.164,0.083,12,0.06,0.94,21,0.018,177,26.4,2.3,0.013333333,0.204117647,0.170833333,0.0,0.011333333,0.01,0.302,0.126153846,0.069166667,0.01,6.66667e-05,0.05,0.252857143,0.48,0.209090909
5677,Poultry Products,"CHICKEN,BROILERS OR FRYERS,DK MEAT,THIGH,MEAT & SKN,CKD,BRSD","Chicken, broilers or fryers, dark meat, thigh, meat and skin, cooked, braised",,,,229,22.57,15.43,0.0,0.0,0.0,16.0,0.385,0.43,0.0,0.17,4,5.276,0.157,0.08,11,0.048,1.21,23,0.018,187,26.6,1.64,0.017777778,0.226470588,0.179166667,0.0,0.011333333,0.01,0.32975,0.120769231,0.066666667,0.009166667,5.33333e-05,0.054761905,0.267142857,0.483636364,0.149090909
5678,Poultry Products,"CHICKEN,DK MEAT,DRUMSTK,MEAT ONLY,ENHANCED,RAW","Chicken, dark meat, drumstick, meat only, enhanced, raw",,,,106,19.19,3.26,0.0,0.0,0.0,8.0,0.385,0.42,0.0,0.4,3,4.94,0.243,0.098,9,0.061,0.72,16,0.01,143,22.4,2.0,0.008888889,0.226470588,0.175,0.0,0.026666667,0.0075,0.30875,0.186923077,0.081666667,0.0075,6.77778e-05,0.038095238,0.204285714,0.407272727,0.181818182
5679,Poultry Products,"CHICKEN,DK MEAT,DRUMSTK,MEAT ONLY,ENHANCED,CKD,RSTD","Chicken, Dark meat, Drumstick, Meat only, Enhanced, Cooked, Roasted",,,,146,25.34,5.0,0.0,0.0,0.0,6.0,0.413,0.41,0.0,0.23,4,5.913,0.297,0.102,12,0.08,1.1,20,0.009,197,30.8,2.64,0.006666667,0.242941176,0.170833333,0.0,0.015333333,0.01,0.3695625,0.228461538,0.085,0.01,8.88889e-05,0.047619048,0.281428571,0.56,0.24
5680,Poultry Products,"CHICKEN,DK MEAT,DRUMSTK,MEAT ONLY,ENHANCED,CKD,BRSD","Chicken, dark meat, drumstick, meat only, enhanced, cooked, braised",,,,149,22.99,6.33,0.0,0.0,0.0,7.0,0.31,0.31,0.0,0.17,4,5.07,0.16,0.08,14,0.049,0.78,21,0.014,170,29.8,2.34,0.007777778,0.182352941,0.129166667,0.0,0.011333333,0.01,0.316875,0.123076923,0.066666667,0.011666667,5.44444e-05,0.05,0.242857143,0.541818182,0.212727273
5681,Poultry Products,"CHICKEN,DK MEAT,THIGH,MEAT ONLY,ENHANCED,CKD,BRSD","Chicken, dark meat, thigh, meat only, enhanced, cooked, braised",,,,164,23.0,7.96,0.0,0.0,0.0,8.0,0.308,0.34,0.0,0.24,4,6.33,0.14,0.08,12,0.052,1.07,24,0.017,203,27.2,1.86,0.008888889,0.181176471,0.141666667,0.0,0.016,0.01,0.395625,0.107692308,0.066666667,0.01,5.77778e-05,0.057142857,0.29,0.494545455,0.169090909
5682,Poultry Products,"CHICKEN,DK MEAT,THIGH,MEAT ONLY,ENHANCED,RAW","Chicken, dark meat, thigh, meat only, enhanced, raw",,,,110,19.11,3.69,0.0,0.0,0.0,6.0,0.433,0.56,0.0,0.26,3,5.3,0.23,0.087,8,0.053,0.6,21,0.009,175,20.9,1.53,0.006666667,0.254705882,0.233333333,0.0,0.017333333,0.0075,0.33125,0.176923077,0.0725,0.006666667,5.88889e-05,0.05,0.25,0.38,0.139090909
5683,Poultry Products,"CHICKEN,DK MEAT,THIGH,MEAT ONLY,ENHANCED,CKD,RSTD","Chicken, dark meat, thigh, meat only, enhanced, cooked, roasted",,,,164,24.23,7.73,0.0,0.0,0.0,8.0,0.444,0.37,0.0,0.36,4,6.343,0.272,0.091,10,0.074,0.98,24,0.011,202,33.7,1.9,0.008888889,0.261176471,0.154166667,0.0,0.024,0.01,0.3964375,0.209230769,0.075833333,0.008333333,8.22222e-05,0.057142857,0.288571429,0.612727273,0.172727273
5684,Poultry Products,"CHICKEN,SKN (DRUMSTICKS & THIGHS),ENHANCED,CKD,BRSD","Chicken, skin (drumsticks and thighs), enhanced, cooked, braised",,,,403,12.26,38.94,1.0,0.0,0.0,44.0,0.144,0.27,0.0,0.18,2,3.3,0.04,0.05,14,0.029,0.65,12,0.016,112,15.6,0.63,0.048888889,0.084705882,0.1125,0.0,0.012,0.005,0.20625,0.030769231,0.041666667,0.011666667,3.22222e-05,0.028571429,0.16,0.283636364,0.057272727
5685,Poultry Products,"CHICKEN,SKN (DRUMSTICKS & THIGHS),ENHANCED,RAW","Chicken, skin (drumsticks and thighs), enhanced, raw",,,,386,11.11,37.9,0.01,0.0,0.0,56.0,0.113,0.68,0.0,0.44,2,2.655,0.06,0.035,7,0.03,0.51,7,0.006,88,10.8,0.62,0.062222222,0.066470588,0.283333333,0.0,0.029333333,0.005,0.1659375,0.046153846,0.029166667,0.005833333,3.33333e-05,0.016666667,0.125714286,0.196363636,0.056363636
5686,Poultry Products,"CHICKEN,SKN (DRUMSTICKS & THIGHS),ENHANCED,CKD,RSTD","Chicken, skin (drumsticks and thighs), enhanced, cooked, roasted",,,,420,20.31,37.6,0.44,0.0,0.0,53.0,0.185,0.56,0.0,0.45,3,4.045,0.125,0.057,15,0.068,1.17,18,0.013,176,20.0,1.51,0.058888889,0.108823529,0.233333333,0.0,0.03,0.0075,0.2528125,0.096153846,0.0475,0.0125,7.55556e-05,0.042857143,0.251428571,0.363636364,0.137272727
5687,Poultry Products,"CHICKEN,DK MEAT,DRUMSTK,MEAT & SKN,ENHANCED,BRSD","Chicken, dark meat, drumstick, meat and skin, enhanced, braised",,,,183,21.55,10.71,0.13,0.0,0.0,12.0,0.288,0.3,0.0,0.17,4,4.832,0.144,0.076,14,0.046,0.76,20,0.014,162,27.9,2.11,0.013333333,0.169411765,0.125,0.0,0.011333333,0.01,0.302,0.110769231,0.063333333,0.011666667,5.11111e-05,0.047619048,0.231428571,0.507272727,0.191818182
5688,Poultry Products,"CHICKEN,DK MEAT,DRUMSTK,MEAT & SKN,ENHANCED,RAW,","Chicken, dark meat, drumstick, meat and skin, enhanced, raw,",,,,146,18.03,8.24,0.0,0.0,0.0,15.0,0.346,0.45,0.0,0.4,3,4.612,0.217,0.089,8,0.057,0.69,15,0.009,135,20.8,1.8,0.016666667,0.203529412,0.1875,0.0,0.026666667,0.0075,0.28825,0.166923077,0.074166667,0.006666667,6.33333e-05,0.035714286,0.192857143,0.378181818,0.163636364
5689,Poultry Products,"CHICKEN,DK MEAT,DRUMSTK,MEAT & SKN,ENHANCED,CKD,RSTD","Chicken, dark meat, drumstick, meat and skin, enhanced, cooked, roasted",,,,180,24.72,9.0,0.05,0.0,0.0,12.0,0.385,0.43,0.0,0.26,4,5.684,0.276,0.096,13,0.079,1.11,20,0.01,194,29.5,2.5,0.013333333,0.226470588,0.179166667,0.0,0.017333333,0.01,0.35525,0.212307692,0.08,0.010833333,8.77778e-05,0.047619048,0.277142857,0.536363636,0.227272727
5690,Poultry Products,"CHICKEN,DK MEAT,THIGH,MEAT & SKN,ENHANCED,CKD,BRSD","Chicken, dark meat, thigh, meat and skin, enhanced, cooked, braised",,,,215,20.7,14.62,0.21,0.0,0.0,15.0,0.273,0.32,0.0,0.23,4,5.679,0.119,0.074,12,0.047,0.98,21,0.016,183,24.7,1.6,0.016666667,0.160588235,0.133333333,0.0,0.015333333,0.01,0.3549375,0.091538462,0.061666667,0.01,5.22222e-05,0.05,0.261428571,0.449090909,0.145454545
5691,Poultry Products,"CHICKEN,DK MEAT,THIGH,MEAT & SKN,ENHANCED,RAW","Chicken, dark meat, thigh, meat and skin, enhanced, raw",,,,197,16.56,14.58,0.0,0.0,0.0,22.0,0.331,0.6,0.0,0.32,3,4.458,0.176,0.071,8,0.046,0.57,16,0.008,147,17.7,1.24,0.024444444,0.194705882,0.25,0.0,0.021333333,0.0075,0.278625,0.135384615,0.059166667,0.006666667,5.11111e-05,0.038095238,0.21,0.321818182,0.112727273
5692,Poultry Products,"CHICKEN,DK MEAT,THIGH,MEAT & SKN,ENHANCED,CKD,RSTD","Chicken, dark meat, thigh, meat and skin, enhanced, cooked, roasted",,,,214,23.47,13.81,0.09,0.0,0.0,17.0,0.394,0.41,0.0,0.38,4,5.898,0.243,0.084,11,0.073,1.02,23,0.011,197,31.1,1.82,0.018888889,0.231764706,0.170833333,0.0,0.025333333,0.01,0.368625,0.186923077,0.07,0.009166667,8.11111e-05,0.054761905,0.281428571,0.565454545,0.165454545
5693,Poultry Products,"CHICKEN,BROILER,ROTISSERIE,BBQ,BACK MEAT ONLY","Chicken, broiler, rotisserie, BBQ, back meat only",,,,212,21.85,13.87,0.31,0.31,0.0,15.0,0.121,0.61,0.0,0.24,7,5.175,0.181,0.069,33,0.067,0.82,18,0.0,212,41.1,1.74,0.016666667,0.071176471,0.254166667,0.0,0.016,0.0175,0.3234375,0.139230769,0.0575,0.0275,7.44444e-05,0.042857143,0.302857143,0.747272727,0.158181818
5694,Poultry Products,"TURKEY,DK MEAT FROM WHL,ENHANCED,MEAT ONLY,RAW","Turkey, dark meat from whole, enhanced, meat only, raw",,,,114,19.27,4.12,0.1,0.1,0.0,13.0,0.425,2.05,0.0,0.12,0,5.745,0.247,0.06,15,0.106,0.9,21,0.01,191,22.4,2.68,0.014444444,0.25,0.854166667,0.0,0.008,0.0,0.3590625,0.19,0.05,0.0125,0.000117778,0.05,0.272857143,0.407272727,0.243636364
5695,Poultry Products,"TURKEY,ENHANCED,DK MEAT,MEAT ONLY,CKD,RSTD","Turkey, enhanced, dark meat, meat only, cooked, roasted",,,,158,26.1,6.0,0.0,0.0,0.0,5.0,0.435,1.65,0.0,0.07,8,6.827,0.335,0.056,16,0.128,1.07,24,0.017,208,31.4,3.4,0.005555556,0.255882353,0.6875,0.0,0.004666667,0.02,0.4266875,0.257692308,0.046666667,0.013333333,0.000142222,0.057142857,0.297142857,0.570909091,0.309090909
5696,Poultry Products,"TURKEY FROM WHL,ENHANCED,LT MEAT,MEAT ONLY,RAW","Turkey from whole, enhanced, light meat, meat only, raw",,,,101,21.54,1.66,0.0,0.05,0.0,6.0,0.775,0.63,0.0,0.06,0,9.924,0.145,0.033,14,0.052,0.54,25,0.007,236,22.7,1.3,0.006666667,0.455882353,0.2625,0.0,0.004,0.0,0.62025,0.111538462,0.0275,0.011666667,5.77778e-05,0.05952381,0.337142857,0.412727273,0.118181818
5697,Poultry Products,"TURKEY FROM WHL,ENHANCED,LT MEAT,MEAT ONLY,CKD,RSTD","Turkey from whole, enhanced, light meat, meat only, cooked, roasted",,,,127,26.97,2.08,0.0,0.0,0.0,3.0,0.697,1.7,0.0,0.06,9,11.75,0.208,0.038,13,0.062,0.55,30,0.011,255,30.2,1.49,0.003333333,0.41,0.708333333,0.0,0.004,0.0225,0.734375,0.16,0.031666667,0.010833333,6.88889e-05,0.071428571,0.364285714,0.549090909,0.135454545
5698,Poultry Products,"TURKEY,ENHANCED,SKN FROM WHL (LIGHT & DARK),RAW","Turkey, enhanced, skin from whole (light and dark), raw",,,,381,12.29,36.8,0.21,0.1,0.0,85.0,0.16,0.88,0.0,0.09,0,3.26,0.095,0.016,13,0.046,0.57,9,0.008,99,10.1,0.82,0.094444444,0.094117647,0.366666667,0.0,0.006,0.0,0.20375,0.073076923,0.013333333,0.010833333,5.11111e-05,0.021428571,0.141428571,0.183636364,0.074545455
5699,Poultry Products,"TURKEY,ENHANCED,SKN FROM WHL,(LIGHT & DARK),RSTD","Turkey, enhanced, skin from whole, (light and dark), roasted",,,,451,22.15,40.31,0.0,0.0,0.0,79.0,0.29,1.59,0.0,0.15,7,7.295,0.235,0.024,25,0.068,1.08,28,0.025,244,21.1,1.61,0.087777778,0.170588235,0.6625,0.0,0.01,0.0175,0.4559375,0.180769231,0.02,0.020833333,7.55556e-05,0.066666667,0.348571429,0.383636364,0.146363636
5700,Poultry Products,"TURKEY,ENHANCED,DK MEAT FROM WHL,MEAT & SKN,RAW","Turkey, enhanced, dark meat from whole, meat and skin, raw",,,,169,17.84,10.83,0.15,0.1,0.0,28.0,0.37,1.81,0.0,0.11,0,5.235,0.216,0.051,14,0.094,0.83,18,0.01,172,19.9,2.3,0.031111111,0.217647059,0.754166667,0.0,0.007333333,0.0,0.3271875,0.166153846,0.0425,0.011666667,0.000104444,0.042857143,0.245714286,0.361818182,0.209090909
5701,Poultry Products,"TURKEY,ENHANCED,DK MEAT FROM WHL,MEAT & SKN,CKD,RSTD","Turkey, enhanced, dark meat from whole, meat and skin, cooked, roasted",,,,199,25.55,10.81,0.0,0.0,0.0,16.0,0.415,1.64,0.0,0.08,8,6.893,0.321,0.052,17,0.119,1.08,25,0.018,213,30.0,3.15,0.017777778,0.244117647,0.683333333,0.0,0.005333333,0.02,0.4308125,0.246923077,0.043333333,0.014166667,0.000132222,0.05952381,0.304285714,0.545454545,0.286363636
5702,Poultry Products,"TURKEY FROM WHL,ENHANCED,LT MEAT,MEAT & SKN,RAW","Turkey from whole, enhanced, light meat, meat and skin, raw",,,,147,20.02,7.42,0.14,0.06,0.0,19.0,0.675,0.67,0.0,0.07,0,8.832,0.137,0.03,14,0.051,0.54,22,0.007,214,20.6,1.22,0.021111111,0.397058824,0.279166667,0.0,0.004666667,0.0,0.552,0.105384615,0.025,0.011666667,5.66667e-05,0.052380952,0.305714286,0.374545455,0.110909091
5703,Poultry Products,"TURKEY FROM WHL,ENHANCED,LT MEAT,MEAT & SKN,CKD,RSTD","Turkey from whole, enhanced, light meat, meat and skin, cooked, roasted",,,,157,26.52,5.64,0.0,0.0,0.0,10.0,0.659,1.69,0.0,0.07,8,11.336,0.211,0.036,14,0.062,0.6,30,0.013,254,29.3,1.5,0.011111111,0.387647059,0.704166667,0.0,0.004666667,0.02,0.7085,0.162307692,0.03,0.011666667,6.88889e-05,0.071428571,0.362857143,0.532727273,0.136363636
5704,Poultry Products,"TURKEY,WHL,ENHANCED,MEAT ONLY,RAW","Turkey, whole, enhanced, meat only, raw",,,,105,20.87,2.39,0.14,0.06,0.0,8.0,0.672,1.05,0.0,0.08,0,8.69,0.175,0.041,14,0.068,0.64,24,0.008,223,22.6,1.7,0.008888889,0.395294118,0.4375,0.0,0.005333333,0.0,0.543125,0.134615385,0.034166667,0.011666667,7.55556e-05,0.057142857,0.318571429,0.410909091,0.154545455
5705,Poultry Products,"TURKEY,WHL,ENHANCED,MEAT ONLY,RSTD","Turkey, whole, enhanced, meat only, roasted",,,,140,26.61,3.7,0.0,0.0,0.0,4.0,0.589,1.68,0.0,0.06,8,9.721,0.261,0.045,14,0.089,0.77,27,0.014,235,30.7,2.28,0.004444444,0.346470588,0.7,0.0,0.004,0.02,0.6075625,0.200769231,0.0375,0.011666667,9.88889e-05,0.064285714,0.335714286,0.558181818,0.207272727
5706,Poultry Products,"TURKEY,WHL,ENHANCED,MEAT & SKN,RAW","Turkey, whole, enhanced, meat and skin, raw",,,,158,19.03,9.1,0.15,0.08,0.0,23.0,0.54,1.16,0.0,0.09,0,7.246,0.17,0.039,14,0.069,0.67,21,0.008,195,20.2,1.68,0.025555556,0.317647059,0.483333333,0.0,0.006,0.0,0.452875,0.130769231,0.0325,0.011666667,7.66667e-05,0.05,0.278571429,0.367272727,0.152727273
5707,Poultry Products,"TURKEY,WHL,ENHANCED,MEAT & SKN,RSTD","Turkey, whole, enhanced, meat and skin, roasted",,,,176,26.09,8.01,0.0,0.0,0.0,13.0,0.554,1.67,0.0,0.07,8,9.436,0.257,0.043,15,0.087,0.81,27,0.015,236,29.6,2.2,0.014444444,0.325882353,0.695833333,0.0,0.004666667,0.02,0.58975,0.197692308,0.035833333,0.0125,9.66667e-05,0.064285714,0.337142857,0.538181818,0.2
5708,Poultry Products,"TURKEY,PART S,ENHANCED,BREAST,MEAT ONLY,RAW","Turkey, retail parts, enhanced, breast, meat only, raw",,,,111,21.99,2.53,0.0,0.0,0.0,5.0,0.84,0.33,0.0,0.1,7,10.0,0.155,0.049,8,0.043,0.41,25,0.005,181,22.3,1.1,0.005555556,0.494117647,0.1375,0.0,0.006666667,0.0175,0.625,0.119230769,0.040833333,0.006666667,4.77778e-05,0.05952381,0.258571429,0.405454545,0.1
5709,Poultry Products,"TURKEY,RTL PARTS,ENHANCED,BREAST,MEAT ONLY,CKD,RSTD","Turkey, retail parts, enhanced, breast, meat only, cooked, roasted",,,,130,27.94,2.08,0.0,0.0,0.0,3.0,0.734,0.3,0.0,0.08,9,11.5,0.195,0.045,15,0.057,0.59,27,0.006,219,28.9,1.33,0.003333333,0.431764706,0.125,0.0,0.005333333,0.0225,0.71875,0.15,0.0375,0.0125,6.33333e-05,0.064285714,0.312857143,0.525454545,0.120909091
5710,Poultry Products,"TURKEY,RTL PARTS,BREAST,MEAT ONLY,RAW","Turkey, retail parts, breast, meat only, raw",,,,114,23.34,2.33,0.0,0.0,0.0,5.0,0.814,1.35,0.0,0.09,0,10.295,0.165,0.052,9,0.054,0.76,27,0.006,185,22.1,1.16,0.005555556,0.478823529,0.5625,0.0,0.006,0.0,0.6434375,0.126923077,0.043333333,0.0075,6e-05,0.064285714,0.264285714,0.401818182,0.105454545
5711,Poultry Products,"TURKEY,RTL PARTS,BREAST,MEAT ONLY,CKD,RSTD","Turkey, retail parts, breast, meat only, cooked, roasted",,,,136,29.51,1.97,0.0,0.0,0.0,3.0,0.83,1.76,0.0,0.06,9,11.75,0.19,0.043,14,0.06,0.97,28,0.005,253,30.7,1.52,0.003333333,0.488235294,0.733333333,0.0,0.004,0.0225,0.734375,0.146153846,0.035833333,0.011666667,6.66667e-05,0.066666667,0.361428571,0.558181818,0.138181818
5712,Poultry Products,"TURKEY,RTL PARTS,WING,MEAT ONLY,RAW","Turkey, retail parts, wing, meat only, raw",,,,112,22.48,2.49,0.0,0.0,0.0,5.0,0.705,0.92,0.0,0.11,0,6.377,0.127,0.038,6,0.047,0.6,19,0.005,147,21.6,2.61,0.005555556,0.414705882,0.383333333,0.0,0.007333333,0.0,0.3985625,0.097692308,0.031666667,0.005,5.22222e-05,0.045238095,0.21,0.392727273,0.237272727
5713,Poultry Products,"TURKEY,RTL PARTS,WING,MEAT ONLY,CKD,RSTD","Turkey, retail parts, wing, meat only, cooked, roasted",,,,170,30.17,5.51,0.0,0.0,0.0,8.0,0.654,1.25,0.0,0.17,10,8.47,0.18,0.039,12,0.059,0.82,21,0.004,180,30.6,3.24,0.008888889,0.384705882,0.520833333,0.0,0.011333333,0.025,0.529375,0.138461538,0.0325,0.01,6.55556e-05,0.05,0.257142857,0.556363636,0.294545455
5714,Poultry Products,"TURKEY,SKN,FROM RTL PARTS,FROM DK MEAT,RAW","Turkey, skin, from retail parts, from dark meat, raw",,,,380,14.35,35.83,0.0,0.0,0.0,79.0,0.114,1.95,0.0,0.08,0,2.745,0.08,0.026,4,0.041,0.76,7,0.003,80,11.2,0.88,0.087777778,0.067058824,0.8125,0.0,0.005333333,0.0,0.1715625,0.061538462,0.021666667,0.003333333,4.55556e-05,0.016666667,0.114285714,0.203636364,0.08
5715,Poultry Products,"TURKEY,SKN,FROM RTL PARTS,FROM DK MEAT,CKD,RSTD","Turkey, skin, from retail parts, from dark meat, cooked, roasted",,,,414,24.58,35.03,0.0,0.0,0.0,59.0,0.287,1.85,0.0,0.13,0,5.4,0.235,0.046,6,0.057,1.65,24,0.009,230,20.2,1.65,0.065555556,0.168823529,0.770833333,0.0,0.008666667,0.0,0.3375,0.180769231,0.038333333,0.005,6.33333e-05,0.057142857,0.328571429,0.367272727,0.15
5716,Poultry Products,"TURKEY,RTL PARTS,DRUMSTK,MEAT ONLY,RAW","Turkey, retail parts, drumstick, meat only, raw",,,,118,20.52,3.97,0.0,0.0,0.0,20.0,0.361,1.9,0.0,0.19,0,5.003,0.3,0.051,10,0.082,1.18,22,0.006,158,21.2,3.12,0.022222222,0.212352941,0.791666667,0.0,0.012666667,0.0,0.3126875,0.230769231,0.0425,0.008333333,9.11111e-05,0.052380952,0.225714286,0.385454545,0.283636364
5717,Poultry Products,"TURKEY,RTL PARTS,THIGH,MEAT ONLY,RAW","Turkey, retail parts, thigh, meat only, raw",,,,116,20.6,3.69,0.0,0.0,0.0,19.0,0.482,2.17,0.0,0.18,0,6.183,0.307,0.059,4,0.083,1.42,22,0.006,177,21.5,2.95,0.021111111,0.283529412,0.904166667,0.0,0.012,0.0,0.3864375,0.236153846,0.049166667,0.003333333,9.22222e-05,0.052380952,0.252857143,0.390909091,0.268181818
5718,Poultry Products,"TURKEY,BREAST,FROM WHL BIRD,ENHANCED,MEAT ONLY,RSTD","Turkey, breast, from whole bird, enhanced, meat only, roasted",,,,127,26.97,2.08,0.0,0.0,0.0,3.0,0.697,0.79,0.0,0.06,7,11.75,0.208,0.038,13,0.062,0.55,30,0.011,255,30.2,1.49,0.003333333,0.41,0.329166667,0.0,0.004,0.0175,0.734375,0.16,0.031666667,0.010833333,6.88889e-05,0.071428571,0.364285714,0.549090909,0.135454545
5719,Poultry Products,"TURKEY,BACK,FROM WHL BIRD,ENHANCED,MEAT ONLY,RAW","Turkey, back, from whole bird, enhanced, meat only, raw",,,,114,19.27,4.12,0.15,0.1,0.0,13.0,0.425,2.05,0.0,0.12,0,5.745,0.247,0.06,15,0.106,0.9,21,0.01,191,22.4,2.68,0.014444444,0.25,0.854166667,0.0,0.008,0.0,0.3590625,0.19,0.05,0.0125,0.000117778,0.05,0.272857143,0.407272727,0.243636364
5720,Poultry Products,"TURKEY,BACK,FROM WHL BIRD,ENHANCED,MEAT ONLY,RSTD","Turkey, back, from whole bird, enhanced, meat only, roasted",,,,127,26.97,2.08,0.0,0.0,0.0,3.0,0.697,1.7,0.0,0.06,6,11.75,0.208,0.038,13,0.062,0.55,30,0.011,255,30.2,1.49,0.003333333,0.41,0.708333333,0.0,0.004,0.015,0.734375,0.16,0.031666667,0.010833333,6.88889e-05,0.071428571,0.364285714,0.549090909,0.135454545
5721,Poultry Products,"TURKEY,BREAST,FROM WHL BIRD,ENHANCED,MEAT ONLY,RAW","Turkey, breast, from whole bird, enhanced, meat only, raw",,,,101,21.54,1.66,0.14,0.05,0.0,6.0,0.775,0.63,0.0,0.06,0,9.924,0.145,0.033,14,0.052,0.54,25,0.007,236,22.7,1.3,0.006666667,0.455882353,0.2625,0.0,0.004,0.0,0.62025,0.111538462,0.0275,0.011666667,5.77778e-05,0.05952381,0.337142857,0.412727273,0.118181818
5722,Poultry Products,"TURKEY,RTL PARTS,THIGH,MEAT ONLY,CKD,RSTD","Turkey, retail parts, thigh, meat only, cooked, roasted",,,,159,25.14,6.25,0.46,0.0,0.0,6.0,0.484,1.63,0.0,0.07,8,6.903,0.323,0.05,4,0.094,1.59,23,0.006,200,29.3,3.26,0.006666667,0.284705882,0.679166667,0.0,0.004666667,0.02,0.4314375,0.248461538,0.041666667,0.003333333,0.000104444,0.054761905,0.285714286,0.532727273,0.296363636
5723,Poultry Products,"TURKEY,RTL PARTS,DRUMSTK,MEAT ONLY,CKD,RSTD","Turkey, retail parts, drumstick, meat only, cooked, roasted",,,,173,28.61,6.52,0.0,0.0,0.0,6.0,0.41,2.53,0.0,0.07,9,5.593,0.353,0.065,17,0.112,1.57,24,0.007,193,31.0,4.5,0.006666667,0.241176471,1.054166667,0.0,0.004666667,0.0225,0.3495625,0.271538462,0.054166667,0.014166667,0.000124444,0.057142857,0.275714286,0.563636364,0.409090909
5724,Poultry Products,"TURKEY,DRUMSTK,FROM WHL BIRD,ENHANCED,MEAT ONLY,RAW","Turkey, drumstick, from whole bird, enhanced, meat only, raw",,,,114,19.27,4.12,0.15,0.1,0.0,13.0,0.425,2.05,0.0,0.12,0,5.745,0.247,0.06,15,0.106,0.9,21,0.01,191,22.4,2.68,0.014444444,0.25,0.854166667,0.0,0.008,0.0,0.3590625,0.19,0.05,0.0125,0.000117778,0.05,0.272857143,0.407272727,0.243636364
5725,Poultry Products,"TURKEY,DRUMSTK,FROM WHL BIRD,ENHANCED,MEAT ONLY,RSTD","Turkey, drumstick, from whole bird, enhanced, meat only, roasted",,,,158,26.1,6.0,0.0,0.0,0.0,5.0,0.435,1.65,0.0,0.07,8,6.827,0.335,0.056,16,0.128,1.07,24,0.017,208,31.4,3.4,0.005555556,0.255882353,0.6875,0.0,0.004666667,0.02,0.4266875,0.257692308,0.046666667,0.013333333,0.000142222,0.057142857,0.297142857,0.570909091,0.309090909
5726,Poultry Products,"TURKEY,THIGH,FROM WHL BIRD,ENHANCED,MEAT ONLY,RAW","Turkey, thigh, from whole bird, enhanced, meat only, raw",,,,114,19.27,4.12,0.15,0.1,0.0,13.0,0.425,2.05,0.0,0.12,0,5.745,0.247,0.06,15,0.106,0.9,21,0.01,191,22.4,2.68,0.014444444,0.25,0.854166667,0.0,0.008,0.0,0.3590625,0.19,0.05,0.0125,0.000117778,0.05,0.272857143,0.407272727,0.243636364
5727,Poultry Products,"TURKEY,RTL PARTS,ENHANCED,BREAST,MEAT & SKN,RAW","Turkey, retail parts, enhanced, breast, meat and skin, raw",,,,144,20.79,6.75,0.03,0.01,0.0,15.0,0.756,0.4,0.0,0.1,7,9.171,0.148,0.045,9,0.043,0.43,23,0.005,171,20.8,1.07,0.016666667,0.444705882,0.166666667,0.0,0.006666667,0.0175,0.5731875,0.113846154,0.0375,0.0075,4.77778e-05,0.054761905,0.244285714,0.378181818,0.097272727
5728,Poultry Products,"TURKEY,THIGH,FROM WHL BIRD,ENHANCED,MEAT ONLY,RSTD","Turkey, thigh, from whole bird, enhanced, meat only, roasted",,,,158,26.1,6.0,0.0,0.0,0.0,5.0,0.435,1.65,0.0,0.07,8,6.827,0.335,0.056,16,0.128,1.07,24,0.017,208,31.4,3.4,0.005555556,0.255882353,0.6875,0.0,0.004666667,0.02,0.4266875,0.257692308,0.046666667,0.013333333,0.000142222,0.057142857,0.297142857,0.570909091,0.309090909
5729,Poultry Products,"TURKEY,WING,FROM WHL BIRD,ENHANCED,MEAT ONLY,RAW","Turkey, wing, from whole bird, enhanced, meat only, raw",,,,101,21.54,1.66,0.14,0.05,0.0,6.0,0.775,0.63,0.0,0.06,0,9.924,0.145,0.033,14,0.052,0.54,25,0.007,236,22.7,1.3,0.006666667,0.455882353,0.2625,0.0,0.004,0.0,0.62025,0.111538462,0.0275,0.011666667,5.77778e-05,0.05952381,0.337142857,0.412727273,0.118181818
5730,Poultry Products,"TURKEY,WING,FROM WHL BIRD,ENHANCED,MEAT ONLY,RSTD","Turkey, wing, from whole bird, enhanced, meat only, roasted",,,,127,26.97,2.08,0.0,0.0,0.0,3.0,0.697,1.7,0.0,0.06,9,11.75,0.208,0.038,13,0.062,0.55,30,0.011,255,30.2,1.49,0.003333333,0.41,0.708333333,0.0,0.004,0.0225,0.734375,0.16,0.031666667,0.010833333,6.88889e-05,0.071428571,0.364285714,0.549090909,0.135454545
5732,Poultry Products,"TURKEY,RTL PARTS,BREAST,MEAT & SKN,RAW","Turkey, retail parts, breast, meat and skin, raw",,,,155,21.88,7.45,0.0,0.0,0.0,16.0,0.724,1.28,0.0,0.09,7,9.4,0.157,0.048,9,0.054,0.77,24,0.006,176,20.4,1.15,0.017777778,0.425882353,0.533333333,0.0,0.006,0.0175,0.5875,0.120769231,0.04,0.0075,6e-05,0.057142857,0.251428571,0.370909091,0.104545455
5733,Poultry Products,"TURKEY,RTL PARTS,BREAST,MEAT & SKN,CKD,RSTD","Turkey, retail parts, breast, meat and skin, cooked, roasted",,,,164,29.01,5.33,0.05,0.0,0.0,10.0,0.789,1.75,0.0,0.07,9,11.614,0.199,0.042,15,0.064,1.03,29,0.006,251,29.8,1.57,0.011111111,0.464117647,0.729166667,0.0,0.004666667,0.0225,0.725875,0.153076923,0.035,0.0125,7.11111e-05,0.069047619,0.358571429,0.541818182,0.142727273
5734,Poultry Products,"TURKEY,RTL PARTS,WING,MEAT & SKN,RAW","Turkey, retail parts, wing, meat and skin, raw",,,,202,19.53,13.79,0.05,0.03,0.0,30.0,0.538,0.91,0.0,0.1,6,5.61,0.121,0.033,8,0.049,0.68,17,0.007,139,18.0,2.14,0.033333333,0.316470588,0.379166667,0.0,0.006666667,0.015,0.350625,0.093076923,0.0275,0.006666667,5.44444e-05,0.04047619,0.198571429,0.327272727,0.194545455
5735,Poultry Products,"TURKEY,RTL PARTS,WING,MEAT & SKN,CKD,RSTD","Turkey, retail parts, wing, meat and skin, cooked, roasted",,,,235,28.74,13.29,0.13,0.0,0.0,24.0,0.59,1.36,0.0,0.17,9,8.876,0.205,0.037,14,0.07,1.0,24,0.007,192,28.4,2.99,0.026666667,0.347058824,0.566666667,0.0,0.011333333,0.0225,0.55475,0.157692308,0.030833333,0.011666667,7.77778e-05,0.057142857,0.274285714,0.516363636,0.271818182
5736,Poultry Products,"TURKEY,RTL PARTS,DRUMSTK,MEAT & SKN,RAW","Turkey, retail parts, drumstick, meat and skin, raw",,,,141,19.96,6.84,0.0,0.0,0.0,26.0,0.339,1.9,0.0,0.18,6,4.8,0.28,0.049,9,0.079,1.14,21,0.006,151,20.3,2.92,0.028888889,0.199411765,0.791666667,0.0,0.012,0.015,0.3,0.215384615,0.040833333,0.0075,8.77778e-05,0.05,0.215714286,0.369090909,0.265454545
5737,Poultry Products,"TURKEY,RTL PARTS,DRUMSTK,MEAT & SKN,CKD,RSTD","Turkey, retail parts, drumstick, meat and skin, cooked, roasted",,,,197,28.21,9.37,0.0,0.0,0.0,11.0,0.398,2.46,0.0,0.08,9,5.574,0.341,0.063,16,0.107,1.58,24,0.007,196,29.9,4.22,0.012222222,0.234117647,1.025,0.0,0.005333333,0.0225,0.348375,0.262307692,0.0525,0.013333333,0.000118889,0.057142857,0.28,0.543636364,0.383636364
5738,Poultry Products,"TURKEY,DRUMSTK,FROM WHL BIRD,MEAT ONLY,RAW","Turkey, drumstick, from whole bird, meat only, raw",,,,108,23.66,1.48,0.14,0.05,0.0,6.0,0.813,0.63,0.0,0.06,0,9.924,0.145,0.042,11,0.07,0.73,28,0.011,201,22.7,1.28,0.006666667,0.478235294,0.2625,0.0,0.004,0.0,0.62025,0.111538462,0.035,0.009166667,7.77778e-05,0.066666667,0.287142857,0.412727273,0.116363636
5739,Poultry Products,"TURKEY,DRUMSTK,FROM WHL BIRD,MEAT ONLY,RSTD","Turkey, drumstick, from whole bird, meat only, roasted",,,,139,30.13,2.08,0.0,0.0,0.0,3.0,0.807,1.9,0.0,0.06,10,11.75,0.205,0.035,9,0.063,0.71,32,0.011,230,30.2,1.72,0.003333333,0.474705882,0.791666667,0.0,0.004,0.025,0.734375,0.157692308,0.029166667,0.0075,7e-05,0.076190476,0.328571429,0.549090909,0.156363636
5740,Poultry Products,"TURKEY,THIGH,FROM WHL BIRD,MEAT ONLY,RAW","Turkey, thigh, from whole bird, meat only, raw",,,,108,21.28,2.5,0.15,0.1,0.0,13.0,0.44,2.05,0.0,0.12,0,5.696,0.255,0.062,11,0.092,1.04,25,0.014,176,22.4,2.59,0.014444444,0.258823529,0.854166667,0.0,0.008,0.0,0.356,0.196153846,0.051666667,0.009166667,0.000102222,0.05952381,0.251428571,0.407272727,0.235454545
5741,Poultry Products,"TURKEY,THIGH,FROM WHL BIRD,MEAT ONLY,RSTD","Turkey, thigh, from whole bird, meat only, roasted",,,,165,27.71,6.04,0.0,0.0,0.0,5.0,0.438,1.65,0.0,0.07,9,6.685,0.375,0.06,17,0.127,1.43,27,0.016,212,31.4,3.51,0.005555556,0.257647059,0.6875,0.0,0.004666667,0.0225,0.4178125,0.288461538,0.05,0.014166667,0.000141111,0.064285714,0.302857143,0.570909091,0.319090909
5742,Poultry Products,"TURKEY,RTL PARTS,THIGH,MEAT & SKN,RAW","Turkey, retail parts, thigh, meat and skin, raw",,,,161,19.54,9.16,0.0,0.0,0.0,29.0,0.419,2.13,0.0,0.16,0,5.599,0.268,0.053,4,0.076,1.31,20,0.006,161,19.8,2.6,0.032222222,0.246470588,0.8875,0.0,0.010666667,0.0,0.3499375,0.206153846,0.044166667,0.003333333,8.44444e-05,0.047619048,0.23,0.36,0.236363636
5743,Poultry Products,"TURKEY,RTL PARTS,THIGH,MEAT & SKN,CKD,RSTD","Turkey, retail parts, thigh, meat and skin, cooked, roasted",,,,183,23.95,9.5,0.41,0.0,0.0,14.0,0.444,1.67,0.0,0.07,8,6.446,0.297,0.047,4,0.089,1.5,21,0.006,187,27.3,3.0,0.015555556,0.261176471,0.695833333,0.0,0.004666667,0.02,0.402875,0.228461538,0.039166667,0.003333333,9.88889e-05,0.05,0.267142857,0.496363636,0.272727273
5744,Poultry Products,"TURKEY,BACK,FROM WHL BIRD,ENHANCED,MEAT & SKN,RAW","Turkey, back, from whole bird, enhanced, meat and skin, raw",,,,206,16.86,15.41,0.15,0.1,0.0,38.0,0.333,1.65,0.0,0.11,0,4.887,0.194,0.045,14,0.085,0.78,17,0.009,159,18.1,2.04,0.042222222,0.195882353,0.6875,0.0,0.007333333,0.0,0.3054375,0.149230769,0.0375,0.011666667,9.44444e-05,0.04047619,0.227142857,0.329090909,0.185454545
5745,Poultry Products,"TURKEY,BACK,FROM WHL BIRD,ENHANCED,MEAT & SKN,RSTD","Turkey, back, from whole bird, enhanced, meat and skin, roasted",,,,205,25.8,11.36,0.0,0.0,0.0,22.0,0.598,1.68,0.0,0.09,6,10.669,0.215,0.034,15,0.063,0.68,29,0.015,252,28.0,1.52,0.024444444,0.351764706,0.7,0.0,0.006,0.015,0.6668125,0.165384615,0.028333333,0.0125,7e-05,0.069047619,0.36,0.509090909,0.138181818
5746,Poultry Products,"CHICkN,BROILR OR FRYRS,BRST,SKNLSS,BNLESS,MEAT ONLY,CKD,BRSD","Chicken, broiler or fryers, breast, skinless, boneless, meat only, cooked, braised",,,,157,32.06,3.24,0.0,0.0,0.0,10.0,0.921,0.2,0.0,0.33,0,9.45,0.187,0.098,6,0.044,0.49,32,0.012,241,31.9,0.96,0.011111111,0.541764706,0.083333333,0.0,0.022,0.0,0.590625,0.143846154,0.081666667,0.005,4.88889e-05,0.076190476,0.344285714,0.58,0.087272727
5747,Poultry Products,"CHCKN,BROLR OR FRYRS,BRST,SKNLSS,BNLESS,MEAT ONLY,CKD,GRILLD","Chicken, broiler or fryers, breast, skinless, boneless, meat only, cooked, grilled",,,,151,30.54,3.17,0.0,0.0,0.0,0.0,1.157,0.21,0.0,0.54,0,12.133,0.213,0.107,5,0.042,0.45,34,0.012,258,28.4,0.9,0.0,0.680588235,0.0875,0.0,0.036,0.0,0.7583125,0.163846154,0.089166667,0.004166667,4.66667e-05,0.080952381,0.368571429,0.516363636,0.081818182
5748,Poultry Products,"CHIKN,BRLR OR FRYRS,BRST,SKNLSS,BNLSS,MEAT OLY,ENHCD,BRSD","Chicken, broiler or fryers, breast, skinless, boneless, meat only, enhanced, cooked, braised",,,,145,28.24,3.61,0.0,0.0,0.0,9.0,0.962,0.17,0.0,0.42,0,9.173,0.167,0.075,5,0.034,0.43,28,0.011,217,40.2,0.8,0.01,0.565882353,0.070833333,0.0,0.028,0.0,0.5733125,0.128461538,0.0625,0.004166667,3.77778e-05,0.066666667,0.31,0.730909091,0.072727273
5749,Poultry Products,"CHCKN,BRLR OR FRYRS,BRST,SKNLSS,BNLSS,MEAT OLY,ENHCED,GRILLD","Chicken, broiler or fryers, breast, skinless, boneless, meat only, enhanced, cooked, grilled",,,,148,29.5,3.39,0.0,0.0,0.0,10.0,0.984,0.2,0.0,0.33,0,11.067,0.227,0.079,6,0.034,0.43,31,0.011,249,42.4,0.82,0.011111111,0.578823529,0.083333333,0.0,0.022,0.0,0.6916875,0.174615385,0.065833333,0.005,3.77778e-05,0.073809524,0.355714286,0.770909091,0.074545455
6001,"Soups, Sauces, and Gravies","SOUP,CRM OF ASPARAGUS,CND,COND","Soup, cream of asparagus, canned, condensed",,,,69,1.82,3.26,8.52,0.72,0.4,26.0,0.01,0.04,2.2,0.49,19,0.62,0.062,0.043,23,0.1,0.64,3,0.3,31,1.9,0.7,0.028888889,0.005882353,0.016666667,0.024444444,0.032666667,0.0475,0.03875,0.047692308,0.035833333,0.019166667,0.000111111,0.007142857,0.044285714,0.034545455,0.063636364
6002,"Soups, Sauces, and Gravies","SOUP,BLACK BEAN,CND,COND","Soup, black bean, canned, condensed",,,,91,4.83,1.32,15.42,2.49,6.8,22.0,0.07,0.0,0.2,0.36,66,0.41,0.039,0.042,35,0.3,1.5,33,0.5,75,0.0,1.1,0.024444444,0.041176471,0.0,0.002222222,0.024,0.165,0.025625,0.03,0.035,0.029166667,0.000333333,0.078571429,0.107142857,0.0,0.1
6003,"Soups, Sauces, and Gravies","CAMPBELLS RED & WHITE,BEEFY MUSHROOM SOUP,COND","CAMPBELLS Red and White, Beefy Mushroom Soup, condensed",,Campbell Soup Co.,,40,2.38,1.59,4.76,0.79,0.0,0.0,0.0,0.0,0.0,0.0,0,0.0,0.0,0.0,0,0.0,0.29,0,0.0,0,0.0,0.0,0.0,0.0,0.0,0.0,0.0,0.0,0.0,0.0,0.0,0.0,0.0,0.0,0.0,0.0,0.0
6004,"Soups, Sauces, and Gravies","SOUP,BEAN W/ PORK,CND,COND","Soup, bean with pork, canned, condensed",,,,129,5.88,4.42,16.97,3.0,5.9,34.0,0.031,0.03,1.2,0.87,24,0.421,0.025,0.065,60,0.3,1.53,33,0.5,98,6.4,0.77,0.037777778,0.018235294,0.0125,0.013333333,0.058,0.06,0.0263125,0.019230769,0.054166667,0.05,0.000333333,0.078571429,0.14,0.116363636,0.07
6006,"Soups, Sauces, and Gravies","SOUP,BEAN W/ FRANKFURTERS,CND,COND","Soup, bean with frankfurters, canned, condensed",,,,142,7.6,5.31,16.75,0.0,4.6,33.0,0.1,0.06,0.7,0.0,24,0.78,0.049,0.083,66,0.3,1.78,37,0.6,126,6.9,0.9,0.036666667,0.058823529,0.025,0.007777778,0.0,0.06,0.04875,0.037692308,0.069166667,0.055,0.000333333,0.088095238,0.18,0.125454545,0.081818182
6007,"Soups, Sauces, and Gravies","SOUP,BEAN W/ HAM,CND,CHUNKY,RTS","Soup, bean with ham, canned, chunky, ready-to-serve",,,,95,5.19,3.5,11.16,0.0,4.6,81.0,0.05,0.03,1.8,0.0,12,0.7,0.06,0.06,32,0.16,1.33,19,0.29,59,6.9,0.44,0.09,0.029411765,0.0125,0.02,0.0,0.03,0.04375,0.046153846,0.05,0.026666667,0.000177778,0.045238095,0.084285714,0.125454545,0.04
6008,"Soups, Sauces, and Gravies","SOUP,BF BROTH OR BOUILLON CND,RTS","Soup, beef broth or bouillon canned, ready-to-serve",,,,7,1.14,0.22,0.04,0.0,0.0,0.0,0.01,0.07,0.0,0.0,2,0.78,0.021,0.002,6,0.0,0.17,2,0.01,13,0.7,0.0,0.0,0.005882353,0.029166667,0.0,0.0,0.005,0.04875,0.016153846,0.001666667,0.005,0.0,0.004761905,0.018571429,0.012727273,0.0
6009,"Soups, Sauces, and Gravies","SOUP,BF NOODLE,CND,COND","Soup, beef noodle, canned, condensed",,,,67,3.85,2.46,7.16,2.06,0.6,11.0,0.03,0.16,0.3,1.0,23,0.849,0.047,0.055,12,0.11,0.88,5,0.218,37,5.9,1.23,0.012222222,0.017647059,0.066666667,0.003333333,0.066666667,0.0575,0.0530625,0.036153846,0.045833333,0.01,0.000122222,0.011904762,0.052857143,0.107272727,0.111818182
6010,"Soups, Sauces, and Gravies","SOUP,CRM OF CELERY,CND,COND","Soup, cream of celery, canned, condensed",,,,72,1.32,4.46,7.03,1.35,0.6,22.0,0.01,0.04,0.2,1.39,2,0.265,0.039,0.023,32,0.113,0.5,5,0.2,30,1.8,0.12,0.024444444,0.005882353,0.016666667,0.002222222,0.092666667,0.005,0.0165625,0.03,0.019166667,0.026666667,0.000125556,0.011904762,0.042857143,0.032727273,0.010909091
6011,"Soups, Sauces, and Gravies","SOUP,CHS,CND,COND","Soup, cheese, canned, condensed",,,,82,0.8,3.92,11.3,3.73,2.2,69.0,0.02,0.0,0.2,0.56,3,0.31,0.105,0.013,36,0.1,0.15,12,0.2,33,3.6,0.15,0.076666667,0.011764706,0.0,0.002222222,0.037333333,0.0075,0.019375,0.080769231,0.010833333,0.03,0.000111111,0.028571429,0.047142857,0.065454545,0.013636364
6012,"Soups, Sauces, and Gravies","SOUP,CHICK W/ DUMPLINGS,CND,COND","Soup, chicken with dumplings, canned, condensed",,,,79,4.58,4.51,4.93,0.46,0.4,25.0,0.03,0.13,0.0,0.44,2,1.43,0.059,0.013,12,0.1,0.51,3,0.4,50,9.8,0.3,0.027777778,0.017647059,0.054166667,0.0,0.029333333,0.005,0.089375,0.045384615,0.010833333,0.01,0.000111111,0.007142857,0.071428571,0.178181818,0.027272727
6013,"Soups, Sauces, and Gravies","SOUP,CHICK BROTH,CND,COND","Soup, chicken broth, canned, condensed",,,,31,4.42,1.04,0.75,0.35,0.0,0.0,0.02,0.2,0.0,0.01,4,2.23,0.046,0.006,6,0.1,0.41,2,0.2,60,2.3,0.2,0.0,0.011764706,0.083333333,0.0,0.000666667,0.01,0.139375,0.035384615,0.005,0.005,0.000111111,0.004761905,0.085714286,0.041818182,0.018181818
6014,"Soups, Sauces, and Gravies","CAMPBELLS RED & WHITE,BROCCOLI CHS SOUP,COND","CAMPBELLS Red and White, Broccoli Cheese Soup, condensed",,Campbell Soup Co.,,81,1.61,3.63,9.68,2.42,0.0,0.0,0.0,0.0,1.0,0.0,0,0.0,0.0,0.0,32,0.0,0.0,0,0.0,0,0.0,8.47,0.0,0.0,0.0,0.011111111,0.0,0.0,0.0,0.0,0.0,0.026666667,0.0,0.0,0.0,0.0,0.77
6015,"Soups, Sauces, and Gravies","SOUP,CHICK,CND,CHUNKY,RTS","Soup, chicken, canned, chunky, ready-to-serve",,,,71,5.06,2.64,6.88,0.87,0.6,27.0,0.02,0.1,0.5,0.13,2,1.76,0.069,0.034,10,0.1,0.69,3,0.1,45,2.5,0.4,0.03,0.011764706,0.041666667,0.005555556,0.008666667,0.005,0.11,0.053076923,0.028333333,0.008333333,0.000111111,0.007142857,0.064285714,0.045454545,0.036363636
6016,"Soups, Sauces, and Gravies","SOUP,CRM OF CHICK,CND,COND","Soup, cream of chicken, canned, condensed",,,,90,2.38,5.77,7.16,0.54,0.0,43.0,0.0,0.0,0.1,0.54,2,0.392,0.046,0.013,14,0.128,1.06,4,0.068,31,1.9,0.29,0.047777778,0.0,0.0,0.001111111,0.036,0.005,0.0245,0.035384615,0.010833333,0.011666667,0.000142222,0.00952381,0.044285714,0.034545455,0.026363636
6017,"Soups, Sauces, and Gravies","SOUP,CHICK GUMBO,CND,COND","Soup, chicken gumbo, canned, condensed",,,,45,2.1,1.14,6.67,1.93,1.6,5.0,0.05,0.02,4.0,0.36,5,0.53,0.3,0.2,19,0.1,0.71,3,0.2,20,6.7,0.3,0.005555556,0.029411765,0.008333333,0.044444444,0.024,0.0125,0.033125,0.230769231,0.166666667,0.015833333,0.000111111,0.007142857,0.028571429,0.121818182,0.027272727
6018,"Soups, Sauces, and Gravies","SOUP,CHUNKY CHICK NOODLE,CND,RTS","Soup, chunky chicken noodle, canned, ready-to-serve",,,,41,3.09,1.16,4.46,0.38,0.8,62.0,0.05,0.08,0.4,0.12,11,1.196,0.02,0.018,11,0.028,0.35,7,0.056,36,4.9,0.17,0.068888889,0.029411765,0.033333333,0.004444444,0.008,0.0275,0.07475,0.015384615,0.015,0.009166667,3.11111e-05,0.016666667,0.051428571,0.089090909,0.015454545
6019,"Soups, Sauces, and Gravies","SOUP,CHICK NOODLE,CND,COND","Soup, chicken noodle, canned, condensed",,,,48,2.37,1.55,6.07,0.0,0.9,22.0,0.042,0.12,0.0,0.05,21,1.222,0.07,0.079,6,0.027,0.67,8,0.098,38,6.3,0.28,0.024444444,0.024705882,0.05,0.0,0.003333333,0.0525,0.076375,0.053846154,0.065833333,0.005,3e-05,0.019047619,0.054285714,0.114545455,0.025454545
6022,"Soups, Sauces, and Gravies","SOUP,CHICK RICE,CND,CHUNKY,RTS","Soup, chicken rice, canned, chunky, ready-to-serve",,,,53,5.11,1.33,5.41,0.6,0.4,122.0,0.02,0.13,1.6,0.24,2,1.71,0.041,0.01,14,0.1,0.78,4,0.1,30,4.5,0.4,0.135555556,0.011764706,0.054166667,0.017777778,0.016,0.005,0.106875,0.031538462,0.008333333,0.011666667,0.000111111,0.00952381,0.042857143,0.081818182,0.036363636
6023,"Soups, Sauces, and Gravies","SOUP,CHICK W/ RICE,CND,COND","Soup, chicken with rice, canned, condensed",,,,68,1.84,1.56,11.57,0.23,0.9,25.0,0.02,0.13,0.0,0.07,1,0.918,0.02,0.014,41,0.096,0.25,10,0.3,42,4.1,0.18,0.027777778,0.011764706,0.054166667,0.0,0.004666667,0.0025,0.057375,0.015384615,0.011666667,0.034166667,0.000106667,0.023809524,0.06,0.074545455,0.016363636
6024,"Soups, Sauces, and Gravies","SOUP,CHICK & VEG,CND,RTS","Soup, chicken and vegetable, canned, ready-to-serve",,,,33,1.97,0.73,4.68,1.01,0.9,52.0,0.072,0.11,0.0,0.24,13,0.906,0.098,0.017,14,0.023,0.25,8,0.056,35,3.0,0.22,0.057777778,0.042352941,0.045833333,0.0,0.016,0.0325,0.056625,0.075384615,0.014166667,0.011666667,2.55556e-05,0.019047619,0.05,0.054545455,0.02
6025,"Soups, Sauces, and Gravies","SOUP,CHICK VEG,CND,COND","Soup, chicken vegetable, canned, condensed",,,,61,2.94,2.32,7.01,1.26,0.7,109.0,0.039,0.1,0.8,0.25,4,1.004,0.046,0.036,14,0.099,0.71,5,0.3,33,4.5,0.3,0.121111111,0.022941176,0.041666667,0.008888889,0.016666667,0.01,0.06275,0.035384615,0.03,0.011666667,0.00011,0.011904762,0.047142857,0.081818182,0.027272727
6026,"Soups, Sauces, and Gravies","SOUP,CHILI BF,CND,COND","Soup, chili beef, canned, condensed",,,,117,5.09,2.53,18.86,5.09,2.5,57.0,0.12,0.3,3.1,1.08,9,0.813,0.058,0.045,33,0.3,1.62,19,0.8,113,5.0,1.56,0.063333333,0.070588235,0.125,0.034444444,0.072,0.0225,0.0508125,0.044615385,0.0375,0.0275,0.000333333,0.045238095,0.161428571,0.090909091,0.141818182
6027,"Soups, Sauces, and Gravies","SOUP,CLAM CHOWDER,MANHATTAN STYLE,CND,CHUNKY,RTS","Soup, clam chowder, manhattan style, canned, chunky, ready-to-serve",,,,56,3.02,1.41,7.84,1.67,1.2,70.0,0.11,3.3,5.1,0.67,4,0.77,0.026,0.024,28,0.1,1.1,8,0.1,35,6.7,0.7,0.077777778,0.064705882,1.375,0.056666667,0.044666667,0.01,0.048125,0.02,0.02,0.023333333,0.000111111,0.019047619,0.05,0.121818182,0.063636364
6028,"Soups, Sauces, and Gravies","SOUP,CLAM CHOWDER,MANHATTAN,CND,COND","Soup, clam chowder, manhattan, canned, condensed",,,,61,1.74,1.76,9.74,2.7,1.2,41.0,0.08,3.23,3.2,1.03,8,0.65,0.032,0.024,19,0.1,1.3,8,0.3,33,7.5,0.74,0.045555556,0.047058824,1.345833333,0.035555556,0.068666667,0.02,0.040625,0.024615385,0.02,0.015833333,0.000111111,0.019047619,0.047142857,0.136363636,0.067272727
6029,"Soups, Sauces, and Gravies","HEALTHY REQUEST,CHICK W/ RICE,COND","HEALTHY REQUEST, Chicken with Rice, condensed",,Campbell Soup Co.,,46,1.59,1.19,7.19,0.79,0.8,30.0,0.037,0.07,1.0,0.07,3,1.059,0.025,0.01,0,0.054,0.0,4,0.182,33,1.7,0.2,0.033333333,0.021764706,0.029166667,0.011111111,0.004666667,0.0075,0.0661875,0.019230769,0.008333333,0.0,6e-05,0.00952381,0.047142857,0.030909091,0.018181818
6030,"Soups, Sauces, and Gravies","SOUP,CLAM CHOWDER,NEW ENGLAND,CND,COND","Soup, clam chowder, new england, canned, condensed",,,,72,3.17,2.06,10.32,0.38,0.7,17.0,0.104,9.47,4.1,0.42,14,1.55,0.165,0.125,16,0.239,2.48,13,0.165,260,6.3,0.37,0.018888889,0.061176471,3.945833333,0.045555556,0.028,0.035,0.096875,0.126923077,0.104166667,0.013333333,0.000265556,0.030952381,0.371428571,0.114545455,0.033636364
6032,"Soups, Sauces, and Gravies","SOUP,BF BROTH BOUILLON & CONSOMME,CND,COND","Soup, beef broth bouillon and consomme, canned, condensed",,,,11,2.52,0.0,0.32,0.0,0.0,0.0,0.02,0.14,0.7,0.01,5,0.58,0.023,0.017,7,0.002,0.43,4,0.019,26,1.4,0.01,0.0,0.011764706,0.058333333,0.007777778,0.000666667,0.0125,0.03625,0.017692308,0.014166667,0.005833333,2.22222e-06,0.00952381,0.037142857,0.025454545,0.000909091
6034,"Soups, Sauces, and Gravies","SOUP,CRAB,CND,RTS","Soup, crab, canned, ready-to-serve",,,,31,2.25,0.62,4.22,0.0,0.3,10.0,0.05,0.08,0.0,0.0,6,0.55,0.03,0.08,27,0.2,0.5,6,0.2,36,2.6,0.6,0.011111111,0.029411765,0.033333333,0.0,0.0,0.015,0.034375,0.023076923,0.066666667,0.0225,0.000222222,0.014285714,0.051428571,0.047272727,0.054545455
6035,"Soups, Sauces, and Gravies","SOUP,ESCAROLE,CND,RTS","Soup, escarole, canned, ready-to-serve",,,,11,0.62,0.73,0.72,0.0,0.0,44.0,0.09,0.2,1.8,0.0,14,0.93,0.02,0.03,13,0.15,0.3,2,0.5,32,0.0,0.9,0.048888889,0.052941176,0.083333333,0.02,0.0,0.035,0.058125,0.015384615,0.025,0.010833333,0.000166667,0.004761905,0.045714286,0.0,0.081818182
6037,"Soups, Sauces, and Gravies","SOUP,LENTIL W/HAM,CND,RTS","Soup, lentil with ham, canned, ready-to-serve",,,,56,3.74,1.12,8.16,0.0,0.0,7.0,0.09,0.12,1.7,0.0,20,0.545,0.045,0.07,17,0.07,1.07,9,0.12,74,0.3,0.3,0.007777778,0.052941176,0.05,0.018888889,0.0,0.05,0.0340625,0.034615385,0.058333333,0.014166667,7.77778e-05,0.021428571,0.105714286,0.005454545,0.027272727
6038,"Soups, Sauces, and Gravies","CAMPBELLS,CHEDDAR CHS SOUP,COND","CAMPBELLS, Cheddar Cheese Soup, condensed",,Campbell Soup Co.,,84,0.8,3.92,11.44,3.73,2.2,0.0,0.0,0.0,0.2,0.0,0,0.0,0.0,0.0,36,0.0,0.15,12,0.0,33,0.0,0.15,0.0,0.0,0.0,0.002222222,0.0,0.0,0.0,0.0,0.0,0.03,0.0,0.028571429,0.047142857,0.0,0.013636364
6039,"Soups, Sauces, and Gravies","SOUP,MINESTRONE,CND,CHUNKY,RTS","Soup, minestrone, canned, chunky, ready-to-serve",,,,53,2.13,1.17,8.64,2.17,2.4,89.0,0.1,0.0,2.0,0.67,28,0.491,0.049,0.023,25,0.1,0.74,6,0.3,46,2.2,0.6,0.098888889,0.058823529,0.0,0.022222222,0.044666667,0.07,0.0306875,0.037692308,0.019166667,0.020833333,0.000111111,0.014285714,0.065714286,0.04,0.054545455
6040,"Soups, Sauces, and Gravies","SOUP,MINESTRONE,CND,COND","Soup, minestrone, canned, condensed",,,,68,3.48,2.05,9.17,1.5,0.8,85.0,0.08,0.0,0.9,0.46,40,0.77,0.036,0.044,28,0.1,0.75,6,0.3,46,2.8,0.6,0.094444444,0.047058824,0.0,0.01,0.030666667,0.1,0.048125,0.027692308,0.036666667,0.023333333,0.000111111,0.014285714,0.065714286,0.050909091,0.054545455
6041,"Soups, Sauces, and Gravies","CAMPBELLS RED&WHITE,CHICK & DUMPLINGS SOUP,COND","CAMPBELLS Red and White, Chicken and Dumplings Soup, condensed",,Campbell Soup Co.,,56,2.38,1.98,7.94,0.79,0.8,0.0,0.0,0.0,0.0,0.0,0,0.0,0.0,0.0,0,0.0,0.29,0,0.0,0,0.0,0.0,0.0,0.0,0.0,0.0,0.0,0.0,0.0,0.0,0.0,0.0,0.0,0.0,0.0,0.0,0.0
6042,"Soups, Sauces, and Gravies","SOUP,MUSHROOM BARLEY,CND,COND","Soup, mushroom barley, canned, condensed",,,,61,1.5,1.8,9.6,0.0,0.0,8.0,0.14,0.0,0.0,0.0,5,0.7,0.07,0.02,10,0.16,0.4,7,0.1,50,0.0,0.4,0.008888889,0.082352941,0.0,0.0,0.0,0.0125,0.04375,0.053846154,0.016666667,0.008333333,0.000177778,0.016666667,0.071428571,0.0,0.036363636
6043,"Soups, Sauces, and Gravies","SOUP,CRM OF MUSHROOM,CND,COND","Soup, cream of mushroom, canned, condensed",,,,79,1.35,5.3,6.8,0.4,0.7,2.0,0.015,0.0,0.0,0.5,2,0.345,0.016,0.012,12,0.022,0.18,3,0.037,24,2.9,0.11,0.002222222,0.008823529,0.0,0.0,0.033333333,0.005,0.0215625,0.012307692,0.01,0.01,2.44444e-05,0.007142857,0.034285714,0.052727273,0.01
6044,"Soups, Sauces, and Gravies","SOUP,MUSHROOM W/ BF STOCK,CND,COND","Soup, mushroom with beef stock, canned, condensed",,,,68,2.51,3.21,7.41,2.28,0.1,17.0,0.03,0.0,0.8,0.89,7,0.96,0.076,0.028,8,0.2,0.67,7,0.3,29,3.7,1.1,0.018888889,0.017647059,0.0,0.008888889,0.059333333,0.0175,0.06,0.058461538,0.023333333,0.006666667,0.000222222,0.016666667,0.041428571,0.067272727,0.1
6045,"Soups, Sauces, and Gravies","SOUP,ONION,CND,COND","Soup, onion, canned, condensed",,,,46,3.06,1.42,6.68,2.72,0.7,3.0,0.04,0.0,1.0,0.22,12,0.49,0.02,0.027,22,0.1,0.55,2,0.2,9,3.5,0.5,0.003333333,0.023529412,0.0,0.011111111,0.014666667,0.03,0.030625,0.015384615,0.0225,0.018333333,0.000111111,0.004761905,0.012857143,0.063636364,0.045454545
6046,"Soups, Sauces, and Gravies","SOUP,CRM OF ONION,CND,COND","Soup, cream of onion, canned, condensed",,,,88,2.2,4.2,10.4,3.64,0.4,28.0,0.02,0.04,1.0,0.43,6,0.4,0.06,0.04,27,0.11,0.5,5,0.2,30,2.3,0.12,0.031111111,0.011764706,0.016666667,0.011111111,0.028666667,0.015,0.025,0.046153846,0.033333333,0.0225,0.000122222,0.011904762,0.042857143,0.041818182,0.010909091
6047,"Soups, Sauces, and Gravies","CAMPBELLS RED & WHITE,CHICK & STARS SOUP,COND","CAMPBELLS Red and White, Chicken and Stars Soup, condensed",,Campbell Soup Co.,,56,2.38,1.59,8.73,0.79,0.8,0.0,0.0,0.0,0.0,0.0,0,0.0,0.0,0.0,0,0.0,0.29,0,0.0,0,0.0,0.0,0.0,0.0,0.0,0.0,0.0,0.0,0.0,0.0,0.0,0.0,0.0,0.0,0.0,0.0,0.0
6048,"Soups, Sauces, and Gravies","SOUP,OYSTER STEW,CND,COND","Soup, oyster stew, canned, condensed",,,,48,1.72,3.13,3.32,0.0,0.0,3.0,0.01,1.79,2.6,0.0,2,0.19,0.029,0.017,18,1.3,0.8,4,0.3,39,6.8,8.4,0.003333333,0.005882353,0.745833333,0.028888889,0.0,0.005,0.011875,0.022307692,0.014166667,0.015,0.001444444,0.00952381,0.055714286,0.123636364,0.763636364
6049,"Soups, Sauces, and Gravies","SOUP,PEA,GRN,CND,COND","Soup, pea, green, canned, condensed",,,,125,6.54,2.23,20.18,6.52,3.9,7.0,0.04,0.0,1.3,0.18,1,0.943,0.052,0.082,21,0.288,1.48,30,0.5,95,7.4,1.3,0.007777778,0.023529412,0.0,0.014444444,0.012,0.0025,0.0589375,0.04,0.068333333,0.0175,0.00032,0.071428571,0.135714286,0.134545455,0.118181818
6050,"Soups, Sauces, and Gravies","SOUP,PEA,SPLIT W/HAM,CND,CHUNKY,RTS","Soup, pea, split with ham, canned, chunky, ready-to-serve",,,,77,4.62,1.66,11.17,1.91,1.7,102.0,0.09,0.1,2.9,0.2,2,1.05,0.039,0.048,14,0.1,0.89,16,0.25,74,4.1,1.3,0.113333333,0.052941176,0.041666667,0.032222222,0.013333333,0.005,0.065625,0.03,0.04,0.011666667,0.000111111,0.038095238,0.105714286,0.074545455,0.118181818
6051,"Soups, Sauces, and Gravies","SOUP,PEA,SPLIT W/ HAM,CND,COND","Soup, pea, split with ham, canned, condensed",,,,141,7.68,3.28,20.81,0.0,1.7,17.0,0.05,0.2,1.1,0.0,2,1.098,0.056,0.11,16,0.275,1.7,36,0.5,159,7.4,0.99,0.018888889,0.029411765,0.083333333,0.012222222,0.0,0.005,0.068625,0.043076923,0.091666667,0.013333333,0.000305556,0.085714286,0.227142857,0.134545455,0.09
6052,"Soups, Sauces, and Gravies","SOUP,PEPPERPOT,CND,COND","Soup, pepperpot, canned, condensed",,,,84,5.19,3.78,7.66,0.0,0.4,35.0,0.05,0.14,1.1,0.07,8,1.0,0.039,0.043,19,0.1,0.73,4,0.5,34,0.0,1.0,0.038888889,0.029411765,0.058333333,0.012222222,0.004666667,0.02,0.0625,0.03,0.035833333,0.015833333,0.000111111,0.00952381,0.048571429,0.0,0.090909091
6053,"Soups, Sauces, and Gravies","SOUP,CRM OF POTATO,CND,COND","Soup, cream of potato, canned, condensed",,,,74,1.51,1.88,12.79,1.44,1.3,19.0,0.03,0.04,0.2,0.07,2,0.43,0.029,0.028,17,0.2,0.34,13,0.3,41,1.9,0.15,0.021111111,0.017647059,0.016666667,0.002222222,0.004666667,0.005,0.026875,0.022307692,0.023333333,0.014166667,0.000222222,0.030952381,0.058571429,0.034545455,0.013636364
6054,"Soups, Sauces, and Gravies","CAMPBELLS RED & WHITE,CHICK ALPHABET SOUP,COND","CAMPBELLS Red and White, Chicken Alphabet Soup, condensed",,Campbell Soup Co.,,56,2.38,1.19,9.52,0.79,0.8,0.0,0.0,0.0,1.0,0.0,0,0.0,0.0,0.0,0,0.0,0.29,0,0.0,0,0.0,0.0,0.0,0.0,0.0,0.011111111,0.0,0.0,0.0,0.0,0.0,0.0,0.0,0.0,0.0,0.0,0.0
6055,"Soups, Sauces, and Gravies","SOUP,SCOTCH BROTH,CND,COND","Soup, scotch broth, canned, condensed",,,,66,4.05,2.14,7.73,0.0,1.0,89.0,0.06,0.22,0.7,0.06,8,0.95,0.037,0.015,12,0.2,0.68,3,0.3,45,2.2,1.3,0.098888889,0.035294118,0.091666667,0.007777778,0.004,0.02,0.059375,0.028461538,0.0125,0.01,0.000222222,0.007142857,0.064285714,0.04,0.118181818
6056,"Soups, Sauces, and Gravies","SOUP,CRM OF SHRIMP,CND,COND","Soup, cream of shrimp, canned, condensed",,,,72,2.22,4.14,6.53,0.0,0.2,32.0,0.03,0.47,0.0,0.0,3,0.34,0.022,0.015,14,0.1,0.42,7,0.3,26,4.5,0.6,0.035555556,0.017647059,0.195833333,0.0,0.0,0.0075,0.02125,0.016923077,0.0125,0.011666667,0.000111111,0.016666667,0.037142857,0.081818182,0.054545455
6057,"Soups, Sauces, and Gravies","CAMPBELLS RED&WHITE,CHICK BROTH,COND","CAMPBELLS Red and White, Chicken Broth, condensed",,Campbell Soup Co.,,16,0.81,0.81,0.81,0.81,0.0,0.0,0.0,0.0,0.0,0.0,0,0.0,0.0,0.0,0,0.0,0.0,0,0.0,0,0.0,0.0,0.0,0.0,0.0,0.0,0.0,0.0,0.0,0.0,0.0,0.0,0.0,0.0,0.0,0.0,0.0
6058,"Soups, Sauces, and Gravies","CAMPBELLS RED & WHITE,CHICK GUMBO SOUP,COND","CAMPBELLS Red and White, Chicken Gumbo Soup, condensed",,Campbell Soup Co.,,48,1.59,0.79,7.94,1.59,0.8,0.0,0.0,0.0,0.0,0.0,0,0.0,0.0,0.0,16,0.0,0.0,0,0.0,0,0.0,0.0,0.0,0.0,0.0,0.0,0.0,0.0,0.0,0.0,0.0,0.013333333,0.0,0.0,0.0,0.0,0.0
6061,"Soups, Sauces, and Gravies","SOUP,TOMATO BF W/ NOODLE,CND,COND","Soup, tomato beef with noodle, canned, condensed",,,,112,3.55,3.42,16.87,0.0,1.2,21.0,0.07,0.15,0.0,0.62,21,1.49,0.071,0.067,14,0.1,0.89,6,0.2,45,4.0,0.6,0.023333333,0.041176471,0.0625,0.0,0.041333333,0.0525,0.093125,0.054615385,0.055833333,0.011666667,0.000111111,0.014285714,0.064285714,0.072727273,0.054545455
6062,"Soups, Sauces, and Gravies","CAMPBELLS,RED & WHITE,CHICK NOODLE SOUP,COND","CAMPBELLS, Red and White, Chicken Noodle Soup, condensed",,Campbell Soup Co.,,47,2.37,1.53,5.97,0.0,0.0,0.0,0.0,0.0,0.0,0.0,0,0.0,0.0,0.0,6,0.027,0.69,8,0.1,38,0.0,0.28,0.0,0.0,0.0,0.0,0.0,0.0,0.0,0.0,0.0,0.005,3e-05,0.019047619,0.054285714,0.0,0.025454545
6063,"Soups, Sauces, and Gravies","SOUP,TOMATO RICE,CND,COND","Soup, tomato rice, canned, condensed",,,,93,1.64,2.12,17.08,5.9,1.3,23.0,0.06,0.0,11.5,1.73,11,0.822,0.039,0.048,18,0.1,0.62,4,0.3,26,1.8,0.4,0.025555556,0.035294118,0.0,0.127777778,0.115333333,0.0275,0.051375,0.03,0.04,0.015,0.000111111,0.00952381,0.037142857,0.032727273,0.036363636
6064,"Soups, Sauces, and Gravies","SOUP,TURKEY,CHUNKY,CND,RTS","Soup, turkey, chunky, canned, ready-to-serve",,,,57,4.33,1.87,5.96,0.0,0.0,152.0,0.13,0.9,2.7,0.0,5,1.52,0.045,0.015,21,0.1,0.81,10,0.1,44,0.0,0.9,0.168888889,0.076470588,0.375,0.03,0.0,0.0125,0.095,0.034615385,0.0125,0.0175,0.000111111,0.023809524,0.062857143,0.0,0.081818182
6067,"Soups, Sauces, and Gravies","SOUP,CHUNKY VEG,CND,RTS","Soup, chunky vegetable, canned, ready-to-serve",,,,39,1.14,0.36,7.9,1.56,1.1,52.0,0.065,0.0,0.7,0.17,7,0.542,0.043,0.029,18,0.04,0.51,10,0.087,29,2.9,0.23,0.057777778,0.038235294,0.0,0.007777778,0.011333333,0.0175,0.033875,0.033076923,0.024166667,0.015,4.44444e-05,0.023809524,0.041428571,0.052727273,0.020909091
6068,"Soups, Sauces, and Gravies","SOUP,VEGETARIAN VEG,CND,COND","Soup, vegetarian vegetable, canned, condensed",,,,59,1.72,1.58,9.78,3.13,0.5,142.0,0.045,0.0,1.2,1.17,9,0.747,0.037,0.044,17,0.1,0.88,6,0.375,28,3.5,0.38,0.157777778,0.026470588,0.0,0.013333333,0.078,0.0225,0.0466875,0.028461538,0.036666667,0.014166667,0.000111111,0.014285714,0.04,0.063636364,0.034545455
6070,"Soups, Sauces, and Gravies","SOUP,CHUNKY BF,CND,RTS","Soup, chunky beef, canned, ready-to-serve",,,,66,3.97,1.11,10.08,0.67,0.6,54.0,0.055,0.26,2.9,0.28,6,1.127,0.063,0.024,13,0.1,0.97,2,0.1,50,2.5,1.1,0.06,0.032352941,0.108333333,0.032222222,0.018666667,0.015,0.0704375,0.048461538,0.02,0.010833333,0.000111111,0.004761905,0.071428571,0.045454545,0.1
6071,"Soups, Sauces, and Gravies","SOUP,VEG BF,CND,COND","Soup, vegetable beef, canned, condensed",,,,63,4.45,1.51,8.11,0.89,1.6,155.0,0.06,0.25,1.9,0.48,8,0.823,0.039,0.029,13,0.145,0.89,5,0.25,32,2.2,1.23,0.172222222,0.035294118,0.104166667,0.021111111,0.032,0.02,0.0514375,0.03,0.024166667,0.010833333,0.000161111,0.011904762,0.045714286,0.04,0.111818182
6072,"Soups, Sauces, and Gravies","SOUP,VEG W/ BF BROTH,CND,COND","Soup, vegetable with beef broth, canned, condensed",,,,66,2.42,1.56,10.7,1.64,1.3,85.0,0.046,0.0,1.9,0.12,9,0.789,0.037,0.042,14,0.125,0.79,5,0.275,32,2.2,0.65,0.094444444,0.027058824,0.0,0.021111111,0.008,0.0225,0.0493125,0.028461538,0.035,0.011666667,0.000138889,0.011904762,0.045714286,0.04,0.059090909
6075,"Soups, Sauces, and Gravies","SOUP,BF BROTH OR BOUILLON,PDR,DRY","Soup, beef broth or bouillon, powder, dry",,,,213,15.97,8.89,17.4,16.71,0.0,0.0,0.2,1.0,0.0,2.17,32,4.467,0.243,0.07,60,0.0,1.0,51,0.459,320,27.6,0.0,0.0,0.117647059,0.416666667,0.0,0.144666667,0.08,0.2791875,0.186923077,0.058333333,0.05,0.0,0.121428571,0.457142857,0.501818182,0.0
6076,"Soups, Sauces, and Gravies","SOUP,BEEF BROTH,CUBED,DRY","Soup, beef broth, cubed, dry",,,,170,17.3,4.0,16.1,14.51,0.0,0.0,0.2,1.0,0.0,0.0,32,3.3,0.24,0.2,60,0.0,2.23,50,0.386,225,27.6,0.21,0.0,0.117647059,0.416666667,0.0,0.0,0.08,0.20625,0.184615385,0.166666667,0.05,0.0,0.119047619,0.321428571,0.501818182,0.019090909
6080,"Soups, Sauces, and Gravies","SOUP,CHICK BROTH OR BOUILLON,DRY","Soup, chicken broth or bouillon, dry",,,,267,16.66,13.88,18.01,17.36,0.0,0.0,0.1,0.3,1.1,0.46,32,2.46,0.43,0.1,187,0.0,1.03,56,0.15,166,28.0,0.09,0.0,0.058823529,0.125,0.012222222,0.030666667,0.08,0.15375,0.330769231,0.083333333,0.155833333,0.0,0.133333333,0.237142857,0.509090909,0.008181818
6081,"Soups, Sauces, and Gravies","SOUP,CHICK BROTH CUBES,DRY","Soup, chicken broth cubes, dry",,,,198,14.6,4.7,23.5,0.0,0.0,0.0,0.1,0.3,1.0,0.09,32,3.9,0.38,0.19,190,0.0,1.87,56,0.377,191,27.9,0.2,0.0,0.058823529,0.125,0.011111111,0.006,0.08,0.24375,0.292307692,0.158333333,0.158333333,0.0,0.133333333,0.272857143,0.507272727,0.018181818
6082,"Soups, Sauces, and Gravies","CAMPBELLS RED & WHITE,CHICK NOODLEOS SOUP,COND","CAMPBELLS Red and White, Chicken NOODLEOs Soup, condensed",,Campbell Soup Co.,,71,2.38,1.98,11.9,1.59,0.8,0.0,0.0,0.0,0.0,0.0,0,0.0,0.0,0.0,0,0.0,0.57,0,0.0,0,0.0,0.0,0.0,0.0,0.0,0.0,0.0,0.0,0.0,0.0,0.0,0.0,0.0,0.0,0.0,0.0,0.0
6084,"Soups, Sauces, and Gravies","CAMPBELLS RED & WHITE,CHICK VEG SOUP,COND","CAMPBELLS Red and White, Chicken Vegetable Soup, condensed",,Campbell Soup Co.,,63,2.38,0.79,11.9,2.38,1.6,0.0,0.0,0.0,0.0,0.0,0,0.0,0.0,0.0,16,0.0,0.29,0,0.0,0,0.0,0.0,0.0,0.0,0.0,0.0,0.0,0.0,0.0,0.0,0.0,0.013333333,0.0,0.0,0.0,0.0,0.0
6091,"Soups, Sauces, and Gravies","CAMPBELLS RED & WHITE,BF BROTH,COND","CAMPBELLS Red and White, Beef Broth, condensed",,Campbell Soup Co.,,12,2.42,0.0,0.81,0.81,0.0,0.0,0.0,0.0,0.0,0.0,0,0.0,0.0,0.0,0,0.0,0.0,0,0.0,0,0.0,0.0,0.0,0.0,0.0,0.0,0.0,0.0,0.0,0.0,0.0,0.0,0.0,0.0,0.0,0.0,0.0
6094,"Soups, Sauces, and Gravies","SOUP,ONION,DRY,MIX","Soup, onion, dry, mix",,,,293,7.48,0.34,65.07,4.65,6.6,1.0,0.582,0.0,3.4,0.13,0,1.472,0.274,0.279,143,0.353,1.25,60,0.665,211,5.0,1.12,0.001111111,0.342352941,0.0,0.037777778,0.008666667,0.0,0.092,0.210769231,0.2325,0.119166667,0.000392222,0.142857143,0.301428571,0.090909091,0.101818182
6097,"Soups, Sauces, and Gravies","CAMPBELLS RED & WHITE,BF CONSOMME,COND","CAMPBELLS Red and White, Beef Consomme, condensed",,Campbell Soup Co.,,16,3.23,0.0,0.81,0.81,0.0,0.0,0.0,0.0,0.0,0.0,0,0.0,0.0,0.0,0,0.0,0.0,0,0.0,0,0.0,0.0,0.0,0.0,0.0,0.0,0.0,0.0,0.0,0.0,0.0,0.0,0.0,0.0,0.0,0.0,0.0
6101,"Soups, Sauces, and Gravies","SOUP,CRM OF VEG,DRY,PDR","Soup, cream of vegetable, dry, powder",,,,446,8.0,24.1,52.1,17.51,3.0,600.0,0.1,0.5,16.6,2.41,30,2.2,0.45,5.18,134,0.4,2.6,48,0.8,228,20.7,1.6,0.666666667,0.058823529,0.208333333,0.184444444,0.160666667,0.075,0.1375,0.346153846,4.316666667,0.111666667,0.000444444,0.114285714,0.325714286,0.376363636,0.145454545
6112,"Soups, Sauces, and Gravies","SAUCE,TERIYAKI,RTS","Sauce, teriyaki, ready-to-serve",,,,89,5.93,0.02,15.56,14.1,0.1,0.0,0.1,0.0,0.0,0.0,8,1.27,0.07,0.03,25,0.1,1.7,61,0.0,154,1.1,0.1,0.0,0.058823529,0.0,0.0,0.0,0.02,0.079375,0.053846154,0.025,0.020833333,0.000111111,0.145238095,0.22,0.02,0.009090909
6114,"Soups, Sauces, and Gravies","GRAVY,AU JUS,CANNED","Gravy, au jus, canned",,,,16,1.2,0.2,2.5,0.0,0.0,0.0,0.01,0.1,1.0,0.0,2,0.9,0.06,0.02,4,0.1,0.6,2,0.2,30,0.4,1.0,0.0,0.005882353,0.041666667,0.011111111,0.0,0.005,0.05625,0.046153846,0.016666667,0.003333333,0.000111111,0.004761905,0.042857143,0.007272727,0.090909091
6115,"Soups, Sauces, and Gravies","GRAVY,AU JUS,DRY","Gravy, au jus, dry",,,,313,9.2,9.63,47.49,0.0,0.0,0.0,0.174,0.32,1.0,0.0,81,4.087,0.324,0.472,140,0.12,9.3,56,0.268,153,6.2,0.7,0.0,0.102352941,0.133333333,0.011111111,0.0,0.2025,0.2554375,0.249230769,0.393333333,0.116666667,0.000133333,0.133333333,0.218571429,0.112727273,0.063636364
6116,"Soups, Sauces, and Gravies","GRAVY,BF,CND,RTS","Gravy, beef, canned, ready-to-serve",,,,53,3.75,2.36,4.81,0.21,0.4,1.0,0.01,0.1,0.0,0.02,2,0.66,0.036,0.032,6,0.1,0.7,2,0.2,30,1.0,1.0,0.001111111,0.005882353,0.041666667,0.0,0.001333333,0.005,0.04125,0.027692308,0.026666667,0.005,0.000111111,0.004761905,0.042857143,0.018181818,0.090909091
6117,"Soups, Sauces, and Gravies","CAMPBELLS RED & WHITE,BEAN W/ BACON SOUP,COND","CAMPBELLS Red and White, Bean with Bacon Soup, condensed",,Campbell Soup Co.,,125,6.25,2.34,19.53,3.13,6.3,0.0,0.0,0.0,2.8,0.0,0,0.0,0.0,0.0,47,0.0,1.41,0,0.0,0,0.0,0.0,0.0,0.0,0.0,0.031111111,0.0,0.0,0.0,0.0,0.0,0.039166667,0.0,0.0,0.0,0.0,0.0
6118,"Soups, Sauces, and Gravies","GRAVY,BROWN,DRY","Gravy, brown, dry",,,,367,10.74,9.61,59.38,0.0,2.0,8.0,0.1,0.7,0.3,0.0,43,3.7,0.39,0.18,132,0.19,1.72,34,0.412,203,6.1,1.11,0.008888889,0.058823529,0.291666667,0.003333333,0.0,0.1075,0.23125,0.3,0.15,0.11,0.000211111,0.080952381,0.29,0.110909091,0.100909091
6119,"Soups, Sauces, and Gravies","GRAVY,CHICK,CND,RTS","Gravy, chicken, canned, ready-to-serve",,,,79,1.93,5.71,5.42,0.78,0.4,1.0,0.01,0.1,0.0,0.13,2,0.443,0.043,0.017,20,0.1,0.47,2,0.2,29,0.8,0.8,0.001111111,0.005882353,0.041666667,0.0,0.008666667,0.005,0.0276875,0.033076923,0.014166667,0.016666667,0.000111111,0.004761905,0.041428571,0.014545455,0.072727273
6120,"Soups, Sauces, and Gravies","GRAVY,CHICKEN,DRY","Gravy, chicken, dry",,,,381,11.27,9.73,62.09,0.0,0.0,38.0,0.202,0.48,0.6,0.0,136,4.018,0.634,0.249,146,0.112,1.33,40,0.219,249,5.2,1.39,0.042222222,0.118823529,0.2,0.006666667,0.0,0.34,0.251125,0.487692308,0.2075,0.121666667,0.000124444,0.095238095,0.355714286,0.094545455,0.126363636
6121,"Soups, Sauces, and Gravies","GRAVY,MUSHROOM,CANNED","Gravy, mushroom, canned",,,,50,1.26,2.71,5.47,0.0,0.4,0.0,0.02,0.0,0.0,0.0,12,0.671,0.063,0.033,7,0.1,0.66,2,0.3,15,1.9,0.7,0.0,0.011764706,0.0,0.0,0.0,0.03,0.0419375,0.048461538,0.0275,0.005833333,0.000111111,0.004761905,0.021428571,0.034545455,0.063636364
6122,"Soups, Sauces, and Gravies","GRAVY,MUSHROOM,DRY,PDR","Gravy, mushroom, dry, powder",,,,328,10.0,4.0,64.66,3.26,4.8,0.0,0.1,0.7,7.0,0.15,43,3.7,0.4,0.2,230,0.535,1.0,34,0.4,203,5.3,1.54,0.0,0.058823529,0.291666667,0.077777778,0.01,0.1075,0.23125,0.307692308,0.166666667,0.191666667,0.000594444,0.080952381,0.29,0.096363636,0.14
6123,"Soups, Sauces, and Gravies","GRAVY,ONION,DRY,MIX","Gravy, onion, dry, mix",,,,322,9.0,3.0,67.64,0.0,6.0,0.0,0.1,0.7,7.0,0.0,43,3.7,0.4,0.2,280,0.17,1.0,34,0.4,203,6.1,0.88,0.0,0.058823529,0.291666667,0.077777778,0.0,0.1075,0.23125,0.307692308,0.166666667,0.233333333,0.000188889,0.080952381,0.29,0.110909091,0.08
6124,"Soups, Sauces, and Gravies","GRAVY,PORK,DRY,PDR","Gravy, pork, dry, powder",,,,367,8.78,8.63,63.57,24.73,2.4,34.0,0.086,0.51,1.4,0.26,42,2.27,0.283,0.16,139,0.154,3.94,34,0.311,188,6.1,1.06,0.037777778,0.050588235,0.2125,0.015555556,0.017333333,0.105,0.141875,0.217692308,0.133333333,0.115833333,0.000171111,0.080952381,0.268571429,0.110909091,0.096363636
6125,"Soups, Sauces, and Gravies","GRAVY,TURKEY,CND,RTS","Gravy, turkey, canned, ready-to-serve",,,,51,2.6,2.1,5.1,0.21,0.4,0.0,0.01,0.1,0.0,0.05,2,1.3,0.08,0.02,4,0.1,0.7,2,0.2,29,0.6,0.8,0.0,0.005882353,0.041666667,0.0,0.003333333,0.005,0.08125,0.061538462,0.016666667,0.003333333,0.000111111,0.004761905,0.041428571,0.010909091,0.072727273
6126,"Soups, Sauces, and Gravies","GRAVY,TURKEY,DRY","Gravy, turkey, dry",,,,367,10.42,7.19,65.12,0.0,0.0,8.0,0.204,0.58,0.2,0.0,93,2.77,0.45,0.211,146,0.133,3.29,44,0.219,254,5.2,1.26,0.008888889,0.12,0.241666667,0.002222222,0.0,0.2325,0.173125,0.346153846,0.175833333,0.121666667,0.000147778,0.104761905,0.362857143,0.094545455,0.114545455
6127,"Soups, Sauces, and Gravies","GRAVY,UNSPEC TYPE,DRY","Gravy, unspecified type, dry",,,,344,13.0,8.0,58.0,0.0,0.0,0.0,0.1,0.7,7.0,0.0,43,3.7,0.432,0.2,150,0.1,1.0,45,0.4,203,6.1,1.4,0.0,0.058823529,0.291666667,0.077777778,0.0,0.1075,0.23125,0.332307692,0.166666667,0.125,0.000111111,0.107142857,0.29,0.110909091,0.127272727
6128,"Soups, Sauces, and Gravies","SOUP,CHICK NOODLE,DRY,MIX","Soup, chicken noodle, dry, mix",,,,377,15.42,6.51,62.32,1.9,3.2,8.0,0.236,0.75,0.0,0.33,115,4.88,0.381,0.575,55,0.286,2.44,38,0.468,195,32.4,1.65,0.008888889,0.138823529,0.3125,0.0,0.022,0.2875,0.305,0.293076923,0.479166667,0.045833333,0.000317778,0.09047619,0.278571429,0.589090909,0.15
6142,"Soups, Sauces, and Gravies","SAUCE,SOFRITO,PREP FROM RECIPE","Sauce, sofrito, prepared from recipe",,,,237,12.8,18.2,5.46,0.0,1.7,0.0,0.364,0.0,20.4,0.0,43,2.918,0.212,0.284,20,0.165,0.94,25,0.191,139,0.0,1.41,0.0,0.214117647,0.0,0.226666667,0.0,0.1075,0.182375,0.163076923,0.236666667,0.016666667,0.000183333,0.05952381,0.198571429,0.0,0.128181818
6143,"Soups, Sauces, and Gravies","USDA COMMODITY,SPAGHETTI SAU,MEATLESS,CND","USDA Commodity, spaghetti sauce, meatless, canned",,,,48,1.2,0.9,8.7,4.7,0.0,17.0,0.06,0.0,3.9,0.0,0,0.73,0.12,0.03,20,0.0,0.9,13,0.0,25,0.0,0.21,0.018888889,0.035294118,0.0,0.043333333,0.0,0.0,0.045625,0.092307692,0.025,0.016666667,0.0,0.030952381,0.035714286,0.0,0.019090909
6145,"Soups, Sauces, and Gravies","CAMPBELLS RED & WHITE,BF NOODLE SOUP,COND","CAMPBELLS Red and White, Beef Noodle Soup, condensed",,Campbell Soup Co.,,56,3.17,1.59,6.35,0.79,0.8,0.0,0.0,0.0,0.0,0.0,0,0.0,0.0,0.0,0,0.0,0.57,0,0.0,0,0.0,0.0,0.0,0.0,0.0,0.0,0.0,0.0,0.0,0.0,0.0,0.0,0.0,0.0,0.0,0.0,0.0
6146,"Soups, Sauces, and Gravies","CAMPBELLS RED & WHITE,BF W/ VEG & BARLEY SOUP,COND","CAMPBELLS Red and White, Beef with Vegetables and Barley Soup, condensed",,Campbell Soup Co.,,71,3.97,1.19,11.9,1.59,2.4,0.0,0.0,0.0,0.0,0.0,0,0.0,0.0,0.0,0,0.0,0.57,0,0.0,0,0.0,0.0,0.0,0.0,0.0,0.0,0.0,0.0,0.0,0.0,0.0,0.0,0.0,0.0,0.0,0.0,0.0
6147,"Soups, Sauces, and Gravies","SOUP,BF MUSHROOM,CND,COND","Soup, beef mushroom, canned, condensed",,,,61,4.6,2.4,5.2,0.0,0.2,0.0,0.04,0.16,0.0,0.0,7,0.9,0.06,0.02,4,0.2,0.7,7,0.3,29,0.0,1.1,0.0,0.023529412,0.066666667,0.0,0.0,0.0175,0.05625,0.046153846,0.016666667,0.003333333,0.000222222,0.016666667,0.041428571,0.0,0.1
6149,"Soups, Sauces, and Gravies","SOUP,CHICK MUSHROOM,CND,COND","Soup, chicken mushroom, canned, condensed",,,,100,1.61,4.84,11.95,0.79,3.2,9.0,0.04,0.05,0.0,0.64,2,1.3,0.09,0.02,23,0.04,0.7,7,0.1,22,2.9,0.8,0.01,0.023529412,0.020833333,0.0,0.042666667,0.005,0.08125,0.069230769,0.016666667,0.019166667,4.44444e-05,0.016666667,0.031428571,0.052727273,0.072727273
6150,"Soups, Sauces, and Gravies","SAUCE,BARBECUE","Sauce, barbecue",,,,172,0.82,0.63,40.77,33.24,0.9,11.0,0.075,0.0,0.6,0.8,2,0.597,0.054,0.022,33,0.072,0.64,13,0.126,20,1.3,0.17,0.012222222,0.044117647,0.0,0.006666667,0.053333333,0.005,0.0373125,0.041538462,0.018333333,0.0275,8e-05,0.030952381,0.028571429,0.023636364,0.015454545
6151,"Soups, Sauces, and Gravies","SAUCE,PLUM,READY-TO-SERVE","Sauce, plum, ready-to-serve",,,,184,0.89,1.04,42.81,0.0,0.7,2.0,0.078,0.0,0.5,0.0,6,1.014,0.084,0.018,12,0.078,1.43,12,0.114,22,0.4,0.19,0.002222222,0.045882353,0.0,0.005555556,0.0,0.015,0.063375,0.064615385,0.015,0.01,8.66667e-05,0.028571429,0.031428571,0.007272727,0.017272727
6152,"Soups, Sauces, and Gravies","SAUCE,PIZZA,CND,RTS","Sauce, pizza, canned, ready-to-serve",,,,54,2.18,1.15,8.66,3.78,2.0,0.0,0.136,0.02,11.3,0.0,0,1.421,0.053,0.061,54,0.137,0.9,21,0.221,50,0.0,0.25,0.0,0.08,0.008333333,0.125555556,0.0,0.0,0.0888125,0.040769231,0.050833333,0.045,0.000152222,0.05,0.071428571,0.0,0.022727273
6158,"Soups, Sauces, and Gravies","SOUP,TOMATO BISQUE,CND,COND","Soup, tomato bisque, canned, condensed",,,,96,1.76,1.95,18.47,0.0,0.8,32.0,0.07,0.0,4.6,0.0,12,0.894,0.055,0.051,31,0.1,0.64,7,0.2,47,0.0,0.46,0.035555556,0.041176471,0.0,0.051111111,0.0,0.03,0.055875,0.042307692,0.0425,0.025833333,0.000111111,0.016666667,0.067142857,0.0,0.041818182
6159,"Soups, Sauces, and Gravies","SOUP,TOMATO,CND,COND","Soup, tomato, canned, condensed",,,,66,1.46,0.44,15.22,8.23,1.1,20.0,0.086,0.0,12.9,0.34,0,0.858,0.015,0.042,13,0.05,0.59,14,0.138,31,3.0,0.18,0.022222222,0.050588235,0.0,0.143333333,0.022666667,0.0,0.053625,0.011538462,0.035,0.010833333,5.55556e-05,0.033333333,0.044285714,0.054545455,0.016363636
6164,"Soups, Sauces, and Gravies","SAUCE,SALSA,RTS","Sauce, salsa, ready-to-serve",,,,29,1.54,0.17,6.72,3.94,1.8,24.0,0.176,0.0,1.9,1.22,4,1.12,0.032,0.035,30,0.067,0.4,15,0.113,34,0.9,0.19,0.026666667,0.103529412,0.0,0.021111111,0.081333333,0.01,0.07,0.024615385,0.029166667,0.025,7.44444e-05,0.035714286,0.048571429,0.016363636,0.017272727
6165,"Soups, Sauces, and Gravies","SAUCE,HOMEMADE,WHITE,THIN","Sauce, homemade, white, thin",,,,105,3.77,6.73,7.4,4.78,0.1,73.0,0.041,0.3,0.8,0.17,12,0.261,0.184,0.055,126,0.013,0.21,15,0.024,101,3.3,0.42,0.081111111,0.024117647,0.125,0.008888889,0.011333333,0.03,0.0163125,0.141538462,0.045833333,0.105,1.44444e-05,0.035714286,0.144285714,0.06,0.038181818
6166,"Soups, Sauces, and Gravies","SAUCE,HOMEMADE,WHITE,MED","Sauce, homemade, white, medium",,,,147,3.84,10.63,9.17,4.38,0.2,104.0,0.04,0.28,0.8,0.29,10,0.402,0.185,0.069,118,0.016,0.33,14,0.043,98,4.1,0.41,0.115555556,0.023529412,0.116666667,0.008888889,0.019333333,0.025,0.025125,0.142307692,0.0575,0.098333333,1.77778e-05,0.033333333,0.14,0.074545455,0.037272727
6167,"Soups, Sauces, and Gravies","SAUCE,HOMEMADE,WHITE,THICK","Sauce, homemade, white, thick",,,,186,3.99,13.83,11.61,3.98,0.3,130.0,0.038,0.26,0.7,0.38,15,0.589,0.19,0.088,111,0.021,0.5,14,0.067,96,5.2,0.4,0.144444444,0.022352941,0.108333333,0.007777778,0.025333333,0.0375,0.0368125,0.146153846,0.073333333,0.0925,2.33333e-05,0.033333333,0.137142857,0.094545455,0.036363636
6168,"Soups, Sauces, and Gravies","SAUCE,RTS,PEPPER OR HOT","Sauce, ready-to-serve, pepper or hot",,,,11,0.51,0.37,1.75,1.26,0.3,8.0,0.157,0.0,74.8,0.12,6,0.254,0.082,0.036,8,0.028,0.48,5,0.049,11,0.0,0.11,0.008888889,0.092352941,0.0,0.831111111,0.008,0.015,0.015875,0.063076923,0.03,0.006666667,3.11111e-05,0.011904762,0.015714286,0.0,0.01
6169,"Soups, Sauces, and Gravies","SAUCE,RTS,PEPPER,TABASCO","Sauce, ready-to-serve, pepper, TABASCO",,,,12,1.29,0.76,0.8,0.13,0.6,82.0,0.154,0.0,4.5,0.01,2,0.178,0.084,0.032,12,0.075,1.16,12,0.107,23,0.5,0.16,0.091111111,0.090588235,0.0,0.05,0.000666667,0.005,0.011125,0.064615385,0.026666667,0.01,8.33333e-05,0.028571429,0.032857143,0.009090909,0.014545455
6170,"Soups, Sauces, and Gravies","SOUP,STOCK,BEEF,HOME-PREPARED","Soup, stock, beef, home-prepared",,,,13,1.97,0.09,1.2,0.54,0.0,0.0,0.055,0.0,0.0,0.01,2,0.872,0.091,0.033,8,0.05,0.27,7,0.0,31,1.2,0.17,0.0,0.032352941,0.0,0.0,0.000666667,0.005,0.0545,0.07,0.0275,0.006666667,5.55556e-05,0.016666667,0.044285714,0.021818182,0.015454545
6172,"Soups, Sauces, and Gravies","SOUP,STOCK,CHICK,HOME-PREPARED","Soup, stock, chicken, home-prepared",,,,36,2.52,1.2,3.53,1.58,0.0,1.0,0.061,0.0,0.2,0.03,5,1.584,0.085,0.035,3,0.054,0.21,4,0.0,27,2.2,0.14,0.001111111,0.035882353,0.0,0.002222222,0.002,0.0125,0.099,0.065384615,0.029166667,0.0025,6e-05,0.00952381,0.038571429,0.04,0.012727273
6174,"Soups, Sauces, and Gravies","SOUP,STOCK,FISH,HOME-PREPARED","Soup, stock, fish, home-prepared",,,,16,2.26,0.81,0.0,0.0,0.0,2.0,0.037,0.69,0.1,0.17,2,1.186,0.076,0.033,3,0.058,0.01,7,0.052,56,1.0,0.06,0.002222222,0.021764706,0.2875,0.001111111,0.011333333,0.005,0.074125,0.058461538,0.0275,0.0025,6.44444e-05,0.016666667,0.08,0.018181818,0.005454545
6175,"Soups, Sauces, and Gravies","SAUCE,HOISIN,RTS","Sauce, hoisin, ready-to-serve",,,,220,3.31,3.39,44.08,27.26,2.8,0.0,0.062,0.0,0.4,0.28,23,1.17,0.217,0.004,32,0.128,1.01,24,0.254,38,1.8,0.32,0.0,0.036470588,0.0,0.004444444,0.018666667,0.0575,0.073125,0.166923077,0.003333333,0.026666667,0.000142222,0.057142857,0.054285714,0.032727273,0.029090909
6176,"Soups, Sauces, and Gravies","SAUCE,OYSTER,RTS","Sauce, oyster, ready-to-serve",,,,51,1.35,0.25,10.92,0.0,0.3,0.0,0.016,0.41,0.1,0.0,15,1.474,0.124,0.01,32,0.147,0.18,4,0.053,22,4.4,0.09,0.0,0.009411765,0.170833333,0.001111111,0.0,0.0375,0.092125,0.095384615,0.008333333,0.026666667,0.000163333,0.00952381,0.031428571,0.08,0.008181818
6177,"Soups, Sauces, and Gravies","SOUP,MINESTRONE,CND,RED NA,RTS","Soup, minestrone, canned, reduced sodium, ready-to-serve",,,,50,2.0,0.8,9.0,2.13,2.4,33.0,0.06,0.0,5.7,0.7,17,0.64,0.04,0.06,20,0.083,0.72,13,0.0,34,2.1,0.32,0.036666667,0.035294118,0.0,0.063333333,0.046666667,0.0425,0.04,0.030769231,0.05,0.016666667,9.22222e-05,0.030952381,0.048571429,0.038181818,0.029090909
6178,"Soups, Sauces, and Gravies","USDA COMMODITY,SALSA","USDA Commodity, salsa",,,,36,1.5,0.2,7.0,0.0,1.4,28.0,0.149,0.0,4.0,0.0,19,1.08,0.03,0.05,12,0.096,2.24,16,0.0,30,0.4,0.17,0.031111111,0.087647059,0.0,0.044444444,0.0,0.0475,0.0675,0.023076923,0.041666667,0.01,0.000106667,0.038095238,0.042857143,0.007272727,0.015454545
6179,"Soups, Sauces, and Gravies","SAUCE,FISH,READY-TO-SERVE","Sauce, fish, ready-to-serve",,,,35,5.06,0.01,3.64,3.64,0.0,4.0,0.396,0.48,0.5,0.0,51,2.313,0.057,0.012,43,0.05,0.78,175,0.233,7,9.1,0.2,0.004444444,0.232941176,0.2,0.005555556,0.0,0.1275,0.1445625,0.043846154,0.01,0.035833333,5.55556e-05,0.416666667,0.01,0.165454545,0.018181818
6180,"Soups, Sauces, and Gravies","SOUP,SHARK FIN,REST-PREP","Soup, shark fin, restaurant-prepared",,,,46,3.2,2.0,3.8,0.0,0.0,0.0,0.026,0.19,0.1,0.0,9,0.493,0.039,0.027,10,0.108,0.94,7,0.024,21,0.0,0.82,0.0,0.015294118,0.079166667,0.001111111,0.0,0.0225,0.0308125,0.03,0.0225,0.008333333,0.00012,0.016666667,0.03,0.0,0.074545455
6182,"Soups, Sauces, and Gravies","SOUP,CRM OF MUSHROOM,CND,COND,RED NA","Soup, cream of mushroom, canned, condensed, reduced sodium",,,,52,1.21,1.69,8.1,2.13,0.6,2.0,0.04,0.02,0.0,0.16,11,0.17,0.192,0.042,13,0.22,0.48,5,0.059,51,1.8,0.36,0.002222222,0.023529412,0.008333333,0.0,0.010666667,0.0275,0.010625,0.147692308,0.035,0.010833333,0.000244444,0.011904762,0.072857143,0.032727273,0.032727273
6183,"Soups, Sauces, and Gravies","SOUP,CHICK BROTH,CND,LESS/REDUCED NA","Soup, chicken broth, canned, less/reduced sodium",,,,7,1.36,0.0,0.38,0.22,0.0,0.0,0.006,0.06,0.4,0.01,3,0.686,0.014,0.002,8,0.035,0.26,1,0.062,18,0.0,0.08,0.0,0.003529412,0.025,0.004444444,0.000666667,0.0075,0.042875,0.010769231,0.001666667,0.006666667,3.88889e-05,0.002380952,0.025714286,0.0,0.007272727
6189,"Soups, Sauces, and Gravies","SAUCE,TERIYAKI,RTS,RED NA","Sauce, teriyaki, ready-to-serve, reduced sodium",,,,89,5.93,0.02,15.58,14.1,0.1,0.0,0.1,0.0,0.0,0.0,8,1.27,0.07,0.03,25,0.1,1.7,61,0.0,154,0.8,0.1,0.0,0.058823529,0.0,0.0,0.0,0.02,0.079375,0.053846154,0.025,0.020833333,0.000111111,0.145238095,0.22,0.014545455,0.009090909
6190,"Soups, Sauces, and Gravies","SOUP,BEAN&HAM,CND,RED NA,PREP W/H2O OR RTS","Soup, bean & ham, canned, reduced sodium, prepared with water or ready-to-serve",,,,81,4.19,1.03,13.66,3.17,4.0,35.0,0.046,0.03,1.1,0.39,29,0.324,0.029,0.056,38,0.082,1.02,19,0.228,13,4.3,0.53,0.038888889,0.027058824,0.0125,0.012222222,0.026,0.0725,0.02025,0.022307692,0.046666667,0.031666667,9.11111e-05,0.045238095,0.018571429,0.078181818,0.048181818
6192,"Soups, Sauces, and Gravies","SPLIT PEA SOUP,CND,RED NA,PREP W/ H2O OR READY-TO SERVE","Split pea soup, canned, reduced sodium, prepared with water or ready-to serve",,,,71,3.85,0.92,11.83,5.06,1.9,28.0,0.073,0.01,0.0,0.2,20,0.457,0.029,0.07,17,0.11,0.77,14,0.2,54,0.3,0.4,0.031111111,0.042941176,0.004166667,0.0,0.013333333,0.05,0.0285625,0.022307692,0.058333333,0.014166667,0.000122222,0.033333333,0.077142857,0.005454545,0.036363636
6193,"Soups, Sauces, and Gravies","SPLIT PEA W/ HAM SOUP,CND,RED NA,PREP W/ H2O OR RTS","Split pea with ham soup, canned, reduced sodium, prepared with water or ready-to-serve",,,,68,4.0,0.7,11.4,1.57,1.9,21.0,0.048,0.03,1.0,0.06,29,0.695,0.038,0.083,16,0.1,0.7,14,0.198,54,0.3,0.49,0.023333333,0.028235294,0.0125,0.011111111,0.004,0.0725,0.0434375,0.029230769,0.069166667,0.013333333,0.000111111,0.033333333,0.077142857,0.005454545,0.044545455
6194,"Soups, Sauces, and Gravies","SOUP,CHICK BROTH,RTS","Soup, chicken broth, ready-to-serve",,,,6,0.64,0.21,0.44,0.43,0.0,0.0,0.0,0.02,0.0,0.04,0,0.219,0.059,0.021,4,0.015,0.07,1,0.015,4,0.4,0.07,0.0,0.0,0.008333333,0.0,0.002666667,0.0,0.0136875,0.045384615,0.0175,0.003333333,1.66667e-05,0.002380952,0.005714286,0.007272727,0.006363636
6195,"Soups, Sauces, and Gravies","CAMPBELLS HEALTHY REQUEST,CRM OF CHICK SOUP,COND","CAMPBELLS HEALTHY REQUEST, Cream of Chicken Soup, condensed",,Campbell Soup Co.,,50,3.0,1.5,7.5,0.8,0.4,0.0,0.0,0.0,0.2,0.0,0,0.0,0.0,0.0,8,0.0,0.2,6,0.0,31,0.0,0.07,0.0,0.0,0.0,0.002222222,0.0,0.0,0.0,0.0,0.0,0.006666667,0.0,0.014285714,0.044285714,0.0,0.006363636
6201,"Soups, Sauces, and Gravies","SOUP,CRM OF ASPARAGUS,CND,PREP W/ EQ VOLUME MILK","Soup, cream of asparagus, canned, prepared with equal volume milk",,,,65,2.55,3.3,6.61,0.0,0.3,25.0,0.026,0.2,1.6,0.0,12,0.355,0.111,0.041,70,0.056,0.35,8,0.153,62,0.0,0.37,0.027777778,0.015294118,0.083333333,0.017777778,0.0,0.03,0.0221875,0.085384615,0.034166667,0.058333333,6.22222e-05,0.019047619,0.088571429,0.0,0.033636364
6208,"Soups, Sauces, and Gravies","SOUP,CHICK VEG W/POTATO&CHS,CHUNKY,RTS","Soup, chicken vegetable with potato and cheese, chunky, ready-to-serve",,,,65,1.16,4.46,5.2,0.64,0.3,19.0,0.042,0.02,4.0,0.06,9,0.346,0.017,0.015,15,0.04,0.16,5,0.0,19,3.7,0.16,0.021111111,0.024705882,0.008333333,0.044444444,0.004,0.0225,0.021625,0.013076923,0.0125,0.0125,4.44444e-05,0.011904762,0.027142857,0.067272727,0.014545455
6209,"Soups, Sauces, and Gravies","CAMPBELLS,98% FAT FREE CRM OF BROCCOLI SOUP,COND","CAMPBELLS, 98% Fat Free Cream of Broccoli Soup, condensed",,Campbell Soup Co.,,56,1.61,1.61,8.06,0.81,1.6,0.0,0.0,0.0,0.0,0.0,0,0.0,0.0,0.0,16,0.0,0.0,0,0.0,0,0.0,0.0,0.0,0.0,0.0,0.0,0.0,0.0,0.0,0.0,0.0,0.013333333,0.0,0.0,0.0,0.0,0.0
6210,"Soups, Sauces, and Gravies","SOUP,CRM OF CELERY,CND,PREP W/ EQ VOLUME MILK","Soup, cream of celery, canned, prepared with equal volume milk",,,,66,2.29,3.91,5.86,0.0,0.3,0.0,0.026,0.2,0.6,0.0,3,0.176,0.1,0.03,75,0.062,0.28,9,0.102,61,1.9,0.08,0.0,0.015294118,0.083333333,0.006666667,0.0,0.0075,0.011,0.076923077,0.025,0.0625,6.88889e-05,0.021428571,0.087142857,0.034545455,0.007272727
6211,"Soups, Sauces, and Gravies","SOUP,CHS,CND,PREP W/ EQ VOLUME MILK","Soup, cheese, canned, prepared with equal volume milk",,,,92,3.77,5.8,6.47,0.0,0.4,143.0,0.031,0.17,0.5,0.0,4,0.2,0.133,0.025,115,0.056,0.32,8,0.103,100,2.8,0.27,0.158888889,0.018235294,0.070833333,0.005555556,0.0,0.01,0.0125,0.102307692,0.020833333,0.095833333,6.22222e-05,0.019047619,0.142857143,0.050909091,0.024545455
6212,"Soups, Sauces, and Gravies","CAMPBELLS,25% LESS NA CHICK NOODLE SOUP,COND","CAMPBELLS, 25% Less Sodium Chicken Noodle Soup, condensed",,Campbell Soup Co.,,49,2.9,1.29,6.3,0.6,0.8,0.0,0.0,0.0,0.0,0.0,0,0.0,0.0,0.0,12,0.0,0.6,9,0.0,35,0.0,0.2,0.0,0.0,0.0,0.0,0.0,0.0,0.0,0.0,0.0,0.01,0.0,0.021428571,0.05,0.0,0.018181818
6213,"Soups, Sauces, and Gravies","CAMPBELLS RED&WHITE,25% LESS NA TOMATO SOUP,COND","CAMPBELLS Red and White, 25% Less Sodium Tomato Soup, condensed",,Campbell Soup Co.,,73,1.61,0.0,16.13,9.68,0.8,0.0,0.0,0.0,4.8,0.0,0,0.0,0.0,0.0,0,0.0,0.29,0,0.0,0,0.0,0.0,0.0,0.0,0.0,0.053333333,0.0,0.0,0.0,0.0,0.0,0.0,0.0,0.0,0.0,0.0,0.0
6214,"Soups, Sauces, and Gravies","CAMPBELLS,25% LESS NA CRM OF MUSHROOM SOUP,COND","CAMPBELLS, 25% Less Sodium Cream of Mushroom Soup, condensed",,Campbell Soup Co.,,89,1.61,6.45,6.45,0.81,1.6,0.0,0.0,0.0,0.0,0.0,0,0.0,0.0,0.0,0,0.0,0.0,0,0.0,0,0.0,0.0,0.0,0.0,0.0,0.0,0.0,0.0,0.0,0.0,0.0,0.0,0.0,0.0,0.0,0.0,0.0
6215,"Soups, Sauces, and Gravies","CAMPBELLS,98% FAT FREE BROCCOLI CHS SOUP,COND","CAMPBELLS, 98% Fat Free Broccoli Cheese Soup, condensed",,Campbell Soup Co.,,56,1.61,1.21,9.68,2.42,0.8,0.0,0.0,0.0,0.0,0.0,0,0.0,0.0,0.0,32,0.0,0.0,0,0.0,0,0.0,8.47,0.0,0.0,0.0,0.0,0.0,0.0,0.0,0.0,0.0,0.026666667,0.0,0.0,0.0,0.0,0.77
6216,"Soups, Sauces, and Gravies","SOUP,CRM OF CHICK,CND,PREP W/ EQ VOLUME MILK","Soup, cream of chicken, canned, prepared with equal volume milk",,,,77,3.01,4.62,6.04,0.0,0.1,0.0,0.027,0.22,0.5,0.0,3,0.372,0.104,0.03,73,0.056,0.27,7,0.153,61,0.0,0.27,0.0,0.015882353,0.091666667,0.005555556,0.0,0.0075,0.02325,0.08,0.025,0.060833333,6.22222e-05,0.016666667,0.087142857,0.0,0.024545455
6217,"Soups, Sauces, and Gravies","SOUP,VEG,CND,LO NA,COND","Soup, vegetable, canned, low sodium, condensed",,,,65,2.2,0.9,12.11,4.31,2.1,86.0,0.167,0.0,0.8,1.43,13,1.54,0.092,0.109,20,0.232,0.66,25,0.25,45,4.0,0.4,0.095555556,0.098235294,0.0,0.008888889,0.095333333,0.0325,0.09625,0.070769231,0.090833333,0.016666667,0.000257778,0.05952381,0.064285714,0.072727273,0.036363636
6218,"Soups, Sauces, and Gravies","CAMPBELLS,98% FAT FREE CRM OF CELERY SOUP,COND","CAMPBELLS, 98% Fat Free Cream of Celery Soup, condensed",,Campbell Soup Co.,,56,0.81,2.42,7.26,0.81,1.6,0.0,0.0,0.0,0.0,0.0,0,0.0,0.0,0.0,16,0.0,0.0,0,0.0,0,0.0,0.0,0.0,0.0,0.0,0.0,0.0,0.0,0.0,0.0,0.0,0.013333333,0.0,0.0,0.0,0.0,0.0
6219,"Soups, Sauces, and Gravies","CAMPBELLS,98% FAT FREE CRM OF CHICK SOUP,COND","CAMPBELLS, 98% Fat Free Cream of Chicken Soup, condensed",,Campbell Soup Co.,,55,1.8,2.02,7.46,0.5,0.4,0.0,0.0,0.0,0.2,0.0,0,0.0,0.0,0.0,11,0.0,0.23,6,0.0,23,0.0,0.17,0.0,0.0,0.0,0.002222222,0.0,0.0,0.0,0.0,0.0,0.009166667,0.0,0.014285714,0.032857143,0.0,0.015454545
6220,"Soups, Sauces, and Gravies","PREGO PASTA,CHNKY GRD MSHRM & GRN PPPR ITAL SAU,RTS","PREGO Pasta, Chunky Garden Mushroom and Green Pepper Italian Sauce, ready-to-serve",,Campbell Soup Co.,,69,1.54,2.31,10.0,7.69,2.3,0.0,0.0,0.0,2.8,0.0,0,0.0,0.0,0.0,15,0.0,0.55,0,0.0,0,0.0,0.0,0.0,0.0,0.0,0.031111111,0.0,0.0,0.0,0.0,0.0,0.0125,0.0,0.0,0.0,0.0,0.0
6221,"Soups, Sauces, and Gravies","PREGO PASTA,CHUNKY GARDEN MUSHROOM ITALIAN SAU,RTS","PREGO Pasta, Chunky Garden Mushroom Supreme Italian Sauce, ready-to-serve",,Campbell Soup Co.,,69,1.54,2.31,10.0,7.69,2.3,0.0,0.0,0.0,1.8,0.0,0,0.0,0.0,0.0,0,0.0,0.55,0,0.0,0,0.0,0.0,0.0,0.0,0.0,0.02,0.0,0.0,0.0,0.0,0.0,0.0,0.0,0.0,0.0,0.0,0.0
6222,"Soups, Sauces, and Gravies","PREGO PASTA,DICED ONION & GARLIC ITAL SAU,RTS","PREGO Pasta, Diced Onion and Garlic Italian Sauce, ready-to-serve",,Campbell Soup Co.,,92,1.54,3.46,13.85,9.23,2.3,0.0,0.0,0.0,0.9,0.0,0,0.0,0.0,0.0,31,0.0,0.55,0,0.0,0,0.0,0.0,0.0,0.0,0.0,0.01,0.0,0.0,0.0,0.0,0.0,0.025833333,0.0,0.0,0.0,0.0,0.0
6223,"Soups, Sauces, and Gravies","PREGO PASTA,FLAV W/ MEAT ITAL SAU,RTS","PREGO Pasta, Flavored with Meat Italian Sauce, ready-to-serve",,Campbell Soup Co.,,62,1.54,1.92,10.0,7.69,2.3,0.0,0.0,0.0,1.8,0.0,0,0.0,0.0,0.0,15,0.0,0.83,0,0.0,0,0.0,0.0,0.0,0.0,0.0,0.02,0.0,0.0,0.0,0.0,0.0,0.0125,0.0,0.0,0.0,0.0,0.0
6224,"Soups, Sauces, and Gravies","PREGO PASTA,FRSH MUSHROOM ITAL SAU,RTS","PREGO Pasta, Fresh Mushroom Italian Sauce, ready-to-serve",,Campbell Soup Co.,,54,1.54,1.15,10.0,8.46,2.3,0.0,0.0,0.0,1.8,0.0,0,0.0,0.0,0.0,15,0.0,0.55,0,0.0,0,0.0,0.0,0.0,0.0,0.0,0.02,0.0,0.0,0.0,0.0,0.0,0.0125,0.0,0.0,0.0,0.0,0.0
6225,"Soups, Sauces, and Gravies","PREGO PASTA,GARLIC SUPREME ITAL SAU,RTS","PREGO Pasta, Garlic Supreme Italian Sauce, ready-to-serve",,Campbell Soup Co.,,85,1.54,3.08,13.08,10.0,2.3,0.0,0.0,0.0,0.9,0.0,0,0.0,0.0,0.0,31,0.0,0.83,0,0.0,0,0.0,0.0,0.0,0.0,0.0,0.01,0.0,0.0,0.0,0.0,0.0,0.025833333,0.0,0.0,0.0,0.0,0.0
6226,"Soups, Sauces, and Gravies","PREGO PASTA,ITAL SAUSGE & GARLIC ITAL SAU,RTS","PREGO Pasta, Italian Sausage and Garlic Italian Sauce, ready-to-serve",,Campbell Soup Co.,,72,2.4,2.4,10.4,8.0,2.4,0.0,0.0,0.0,1.0,0.0,0,0.0,0.0,0.0,16,0.0,0.58,0,0.0,0,0.0,0.0,0.0,0.0,0.0,0.011111111,0.0,0.0,0.0,0.0,0.0,0.013333333,0.0,0.0,0.0,0.0,0.0
6228,"Soups, Sauces, and Gravies","PREGO PASTA,MINI MEATBALL ITAL SAU,RTS","PREGO Pasta, Mini Meatball Italian Sauce, ready-to-serve",,Campbell Soup Co.,,77,3.08,2.31,10.0,7.69,2.3,0.0,0.0,0.0,1.8,0.0,0,0.0,0.0,0.0,15,0.0,0.83,0,0.0,0,0.0,0.0,0.0,0.0,0.0,0.02,0.0,0.0,0.0,0.0,0.0,0.0125,0.0,0.0,0.0,0.0,0.0
6229,"Soups, Sauces, and Gravies","PREGO PASTA,MUSHRM & GRLIC ITAL SAU,RTS","PREGO Pasta, Mushroom and Garlic Italian Sauce, ready-to-serve",,Campbell Soup Co.,,62,1.54,1.92,10.0,7.69,2.3,0.0,0.0,0.0,0.9,0.0,0,0.0,0.0,0.0,15,0.0,0.55,0,0.0,0,0.0,0.0,0.0,0.0,0.0,0.01,0.0,0.0,0.0,0.0,0.0,0.0125,0.0,0.0,0.0,0.0,0.0
6230,"Soups, Sauces, and Gravies","SOUP,CLAM CHOWDER,NEW ENG,CND,PREP W/ EQ VLM LOFAT (2%) MILK","Soup, clam chowder, new england, canned, prepared with equal volume low fat (2%) milk",,,,61,3.24,2.02,7.46,2.81,0.3,37.0,0.07,4.84,2.1,0.22,9,0.794,0.176,0.081,70,0.118,1.21,12,0.087,173,4.4,0.43,0.041111111,0.041176471,2.016666667,0.023333333,0.014666667,0.0225,0.049625,0.135384615,0.0675,0.058333333,0.000131111,0.028571429,0.247142857,0.08,0.039090909
6231,"Soups, Sauces, and Gravies","PREGO PASTA,MUSHRM & PARMESAN ITALIAN SAU,RTS","PREGO Pasta, Mushroom and Parmesan Italian Sauce, ready-to-serve",,Campbell Soup Co.,,104,2.4,2.8,17.6,10.4,2.4,0.0,0.0,0.0,1.0,0.0,0,0.0,0.0,0.0,48,0.0,0.86,0,0.0,0,0.0,0.0,0.0,0.0,0.0,0.011111111,0.0,0.0,0.0,0.0,0.0,0.04,0.0,0.0,0.0,0.0,0.0
6232,"Soups, Sauces, and Gravies","PREGO PASTA,ORGANIC MUSHROOM ITALIAN SAU,RTS","PREGO Pasta, Organic Mushroom Italian Sauce, ready-to-serve",,Campbell Soup Co.,,72,1.6,2.4,10.4,7.2,3.2,0.0,0.0,0.0,3.8,0.0,0,0.0,0.0,0.0,16,0.0,0.58,0,0.0,0,0.0,0.0,0.0,0.0,0.0,0.042222222,0.0,0.0,0.0,0.0,0.0,0.013333333,0.0,0.0,0.0,0.0,0.0
6233,"Soups, Sauces, and Gravies","PREGO PASTA,ORGNIC TOMATO & BASIL ITAL SAU,RTS","PREGO Pasta, Organic Tomato and Basil Italian Sauce, ready-to-serve",,Campbell Soup Co.,,72,1.6,2.4,10.4,7.2,3.2,0.0,0.0,0.0,4.8,0.0,0,0.0,0.0,0.0,32,0.0,0.58,0,0.0,0,0.0,0.0,0.0,0.0,0.0,0.053333333,0.0,0.0,0.0,0.0,0.0,0.026666667,0.0,0.0,0.0,0.0,0.0
6234,"Soups, Sauces, and Gravies","PREGO PASTA,HEART SMRT- RICOTTA PMESAN ITLN SAU,RTS","PREGO Pasta, Heart Smart- Ricotta Parmesan Italian Sauce, ready-to-serve",,Campbell Soup Co.,,72,2.4,2.0,10.4,8.0,2.4,0.0,0.0,0.0,1.9,0.0,0,0.0,0.0,0.0,48,0.0,0.58,0,0.0,0,0.0,0.0,0.0,0.0,0.0,0.021111111,0.0,0.0,0.0,0.0,0.0,0.04,0.0,0.0,0.0,0.0,0.0
6235,"Soups, Sauces, and Gravies","PREGO PASTA,RSTD GARLIC & HERB ITAL SAU,RTS","P REGO Pasta, Roasted Garlic and Herb Italian Sauce, ready-to-serve",,Campbell Soup Co.,,69,1.54,2.31,10.0,6.92,2.3,0.0,0.0,0.0,1.8,0.0,0,0.0,0.0,0.0,15,0.0,0.55,0,0.0,0,0.0,0.0,0.0,0.0,0.0,0.02,0.0,0.0,0.0,0.0,0.0,0.0125,0.0,0.0,0.0,0.0,0.0
6236,"Soups, Sauces, and Gravies","PREGO PASTA,RSTD GARLIC PARMESAN ITAL SAU,RTS","PREGO Pasta, Roasted Garlic Parmesan Italian Sauce, ready-to-serve",,Campbell Soup Co.,,77,2.31,0.77,10.0,7.69,2.3,0.0,0.0,0.0,0.9,0.0,0,0.0,0.0,0.0,31,0.0,0.55,0,0.0,0,0.0,0.0,0.0,0.0,0.0,0.01,0.0,0.0,0.0,0.0,0.0,0.025833333,0.0,0.0,0.0,0.0,0.0
6237,"Soups, Sauces, and Gravies","PREGO PASTA,H ST- RSTD RED PR GRLIC ITLIAN SAU,RTS","PREGO Pasta, Heart Smart- Roasted Red Pepper and Garlic Italian Sauce, ready-to-serve",,Campbell Soup Co.,,56,1.6,1.2,10.4,7.2,2.4,0.0,0.0,0.0,1.9,0.0,0,0.0,0.0,0.0,16,0.0,0.58,0,0.0,0,0.0,0.0,0.0,0.0,0.0,0.021111111,0.0,0.0,0.0,0.0,0.0,0.013333333,0.0,0.0,0.0,0.0,0.0
6239,"Soups, Sauces, and Gravies","PREGO PASTA,TOMATO,BASIL & GARLIC ITAL SAU,RTS","PREGO Pasta, Tomato, Basil and Garlic Italian Sauce, ready-to-serve",,Campbell Soup Co.,,64,1.6,2.0,9.6,7.2,2.4,0.0,0.0,0.0,1.0,0.0,0,0.0,0.0,0.0,16,0.0,0.58,0,0.0,0,0.0,0.0,0.0,0.0,0.0,0.011111111,0.0,0.0,0.0,0.0,0.0,0.013333333,0.0,0.0,0.0,0.0,0.0
6240,"Soups, Sauces, and Gravies","PREGO PASTA,ZESTY MUSHROOM ITALIAN SAU,RTS","PREGO Pasta, Zesty Mushroom Italian Sauce, ready-to-serve",,Campbell Soup Co.,,85,1.54,2.69,13.85,9.23,2.3,0.0,0.0,0.0,0.0,0.0,0,0.0,0.0,0.0,15,0.0,0.28,0,0.0,0,0.0,0.0,0.0,0.0,0.0,0.0,0.0,0.0,0.0,0.0,0.0,0.0125,0.0,0.0,0.0,0.0,0.0
6241,"Soups, Sauces, and Gravies","CAMPBELLS,CHNKY MICRO BOWLS,BF W/ CONTRY VEG,RTS","CAMPBELLS CHUNKY Microwavable Bowls, Beef with Country Vegetables Soup, ready-to-serve",,Campbell Soup Co.,,61,4.08,1.22,8.57,1.22,2.0,0.0,0.0,0.0,0.5,0.0,0,0.0,0.0,0.0,8,0.0,0.29,0,0.0,0,0.0,0.0,0.0,0.0,0.0,0.005555556,0.0,0.0,0.0,0.0,0.0,0.006666667,0.0,0.0,0.0,0.0,0.0
6242,"Soups, Sauces, and Gravies","CAMPBELLS CHUNKY MICROWAVABLE BWLS,CHCK DMPLINGS SOUP","CAMPBELLS CHUNKY Microwavable Bowls, Chicken and Dumplings Soup, ready-to-serve",,Campbell Soup Co.,,78,3.27,3.67,7.35,0.82,1.2,0.0,0.0,0.0,0.0,0.0,0,0.0,0.0,0.0,8,0.0,0.0,0,0.0,0,0.0,0.0,0.0,0.0,0.0,0.0,0.0,0.0,0.0,0.0,0.0,0.006666667,0.0,0.0,0.0,0.0,0.0
6243,"Soups, Sauces, and Gravies","SOUP,CRM OF MUSHROOM,CND,PREP W/ EQ VOLUME LOFAT (2%) MILK","Soup, cream of mushroom, canned, prepared with equal volume low fat (2%) milk",,,,64,2.36,3.58,5.76,2.82,0.3,30.0,0.027,0.28,0.1,0.26,3,0.214,0.104,0.026,68,0.013,0.1,7,0.025,59,2.7,0.31,0.033333333,0.015882353,0.116666667,0.001111111,0.017333333,0.0075,0.013375,0.08,0.021666667,0.056666667,1.44444e-05,0.016666667,0.084285714,0.049090909,0.028181818
6244,"Soups, Sauces, and Gravies","CAMPBELLS, CHNKY MICRO BOWLS,CLSSC CHIC NOODL,RTS","CAMPBELLS CHUNKY Microwavable Bowls, Classic Chicken Noodle, ready-to-serve",,Campbell Soup Co.,,45,2.45,1.22,5.71,1.22,0.8,0.0,0.0,0.0,0.0,0.0,0,0.0,0.0,0.0,8,0.0,0.0,0,0.0,0,0.0,0.0,0.0,0.0,0.0,0.0,0.0,0.0,0.0,0.0,0.0,0.006666667,0.0,0.0,0.0,0.0,0.0
6245,"Soups, Sauces, and Gravies","CAMPBELLS, CHNKY MICRO BOWL,GRLLD CHIC&SAUS GMBO,RTS","CAMPBELLS CHUNKY Microwavable Bowls, Grilled Chicken and Sausage Gumbo, ready-to-serve",,Campbell Soup Co.,,57,2.86,1.63,7.35,2.04,0.4,0.0,0.0,0.0,0.0,0.0,0,0.0,0.0,0.0,16,0.0,0.15,0,0.0,0,0.0,0.0,0.0,0.0,0.0,0.0,0.0,0.0,0.0,0.0,0.0,0.013333333,0.0,0.0,0.0,0.0,0.0
6246,"Soups, Sauces, and Gravies","SOUP,CRM OF ONION,CND,PREP W/ EQ VOLUME MILK","Soup, cream of onion, canned, prepared with equal volume milk",,,,75,2.74,3.78,7.4,0.0,0.3,21.0,0.03,0.2,1.0,0.0,9,0.244,0.11,0.039,72,0.06,0.28,9,0.1,62,0.0,0.25,0.023333333,0.017647059,0.083333333,0.011111111,0.0,0.0225,0.01525,0.084615385,0.0325,0.06,6.66667e-05,0.021428571,0.088571429,0.0,0.022727273
6248,"Soups, Sauces, and Gravies","SOUP,OYSTER STEW,CND,PREP W/ EQ VOLUME MILK","Soup, oyster stew, canned, prepared with equal volume milk",,,,55,2.51,3.24,3.99,0.0,0.0,23.0,0.026,1.07,1.8,0.0,4,0.137,0.095,0.027,68,0.655,0.43,8,0.151,66,0.0,4.22,0.025555556,0.015294118,0.445833333,0.02,0.0,0.01,0.0085625,0.073076923,0.0225,0.056666667,0.000727778,0.019047619,0.094285714,0.0,0.383636364
6249,"Soups, Sauces, and Gravies","SOUP,PEA,GRN,CND,PREP W/ EQ VOLUME MILK","Soup, pea, green, canned, prepared with equal volume milk",,,,94,4.97,2.77,12.69,0.0,1.1,0.0,0.041,0.17,1.1,0.0,3,0.528,0.105,0.061,68,0.154,0.79,22,0.26,94,0.0,0.69,0.0,0.024117647,0.070833333,0.012222222,0.0,0.0075,0.033,0.080769231,0.050833333,0.056666667,0.000171111,0.052380952,0.134285714,0.0,0.062727273
6250,"Soups, Sauces, and Gravies","CAMPBELLS, CHNKY MICRO BOWL,NEW ENGL CLM CHOW,RTS","CAMPBELLS CHUNKY Microwavable Bowls, New England Clam Chowder, ready-to-serve",,Campbell Soup Co.,,82,2.45,4.9,6.94,0.41,1.2,0.0,0.0,0.0,0.0,0.0,0,0.0,0.0,0.0,33,0.0,0.73,0,0.0,0,0.0,0.0,0.0,0.0,0.0,0.0,0.0,0.0,0.0,0.0,0.0,0.0275,0.0,0.0,0.0,0.0,0.0
6251,"Soups, Sauces, and Gravies","CAMPBELLS,CHUNKY MICRO BOWLS,OLD FASH VEG BF,RTS","CAMPBELLS CHUNKY Microwavable Bowls, Old Fashioned Vegetable Beef Soup, ready-to-serve",,Campbell Soup Co.,,41,2.86,0.61,5.71,1.63,1.2,0.0,0.0,0.0,0.0,0.0,0,0.0,0.0,0.0,16,0.0,0.44,0,0.0,0,0.0,0.0,0.0,0.0,0.0,0.0,0.0,0.0,0.0,0.0,0.0,0.013333333,0.0,0.0,0.0,0.0,0.0
6252,"Soups, Sauces, and Gravies","CAMPBELLS,CHUNKY MICRO BOWLS,SIRL BRGER W/CNTRY VEG,RTS","CAMPBELLS CHUNKY Microwavable Bowls, Sirloin Burger with Country Vegetables Soup, ready-to-serve",,Campbell Soup Co.,,57,3.27,1.43,7.35,1.63,1.2,0.0,0.0,0.0,0.0,0.0,0,0.0,0.0,0.0,8,0.0,0.44,0,0.0,0,0.0,0.0,0.0,0.0,0.0,0.0,0.0,0.0,0.0,0.0,0.0,0.006666667,0.0,0.0,0.0,0.0,0.0
6253,"Soups, Sauces, and Gravies","SOUP,CRM OF POTATO,CND,PREP W/ EQ VOLUME MILK","Soup, cream of potato, canned, prepared with equal volume milk",,,,60,2.33,2.6,6.92,0.0,0.2,0.0,0.036,0.2,0.5,0.0,4,0.259,0.095,0.033,67,0.106,0.22,7,0.153,65,0.0,0.27,0.0,0.021176471,0.083333333,0.005555556,0.0,0.01,0.0161875,0.073076923,0.0275,0.055833333,0.000117778,0.016666667,0.092857143,0.0,0.024545455
6256,"Soups, Sauces, and Gravies","SOUP,CRM OF SHRIMP,CND,PREP W/ EQ VOLUME LOFAT (2%) MILK","Soup, cream of shrimp, canned, prepared with equal volume low fat (2%) milk",,,,61,2.78,3.23,5.64,2.62,0.1,43.0,0.034,0.5,0.1,0.02,4,0.211,0.107,0.028,69,0.051,0.22,9,0.152,60,3.5,0.54,0.047777778,0.02,0.208333333,0.001111111,0.001333333,0.01,0.0131875,0.082307692,0.023333333,0.0575,5.66667e-05,0.021428571,0.085714286,0.063636364,0.049090909
6264,"Soups, Sauces, and Gravies","SAUCE,WHITE,THIN,PREPARED-FROM-RECIPE,W/ BUTTER","Sauce, white, thin, prepared-from-recipe, with butter",NFSMI Recipe No. G-08,,,72,3.95,2.56,8.29,5.29,0.1,84.0,0.037,0.55,0.0,0.08,13,0.319,0.208,0.068,131,0.019,0.22,12,0.031,110,4.7,0.47,0.093333333,0.021764706,0.229166667,0.0,0.005333333,0.0325,0.0199375,0.16,0.056666667,0.109166667,2.11111e-05,0.028571429,0.157142857,0.085454545,0.042727273
6285,"Soups, Sauces, and Gravies","SAUCE,SWT & SOUR,PREPARED-FROM-RECIPE","Sauce, sweet and sour, prepared-from-recipe",NFSMI Recipe No. G-05,,,79,1.84,0.58,16.72,10.81,0.4,6.0,0.087,0.0,5.0,0.32,10,1.178,0.063,0.042,16,0.1,0.67,13,0.247,30,1.6,0.18,0.006666667,0.051176471,0.0,0.055555556,0.021333333,0.025,0.073625,0.048461538,0.035,0.013333333,0.000111111,0.030952381,0.042857143,0.029090909,0.016363636
6307,"Soups, Sauces, and Gravies","SAUCE,BARBECUE,KRAFT,ORIGINAL","Sauce, barbecue, KRAFT, original",,"Kraft Foods, Inc.",,172,0.74,0.62,40.77,32.26,0.4,10.0,0.083,0.0,0.2,0.66,0,0.52,0.05,0.023,47,0.091,0.79,15,0.126,19,0.0,0.16,0.011111111,0.048823529,0.0,0.002222222,0.044,0.0,0.0325,0.038461538,0.019166667,0.039166667,0.000101111,0.035714286,0.027142857,0.0,0.014545455
6309,"Soups, Sauces, and Gravies","CAMPBELLS,CHICK W/ RICE SOUP,COND","CAMPBELLS, Chicken with Rice Soup, condensed",,Campbell Soup Co.,,68,1.84,1.64,11.28,0.23,0.9,0.0,0.0,0.0,0.0,0.0,0,0.0,0.0,0.0,41,0.0,0.25,10,0.0,42,0.0,0.18,0.0,0.0,0.0,0.0,0.0,0.0,0.0,0.0,0.0,0.034166667,0.0,0.023809524,0.06,0.0,0.016363636
6311,"Soups, Sauces, and Gravies","CAMPBELLS RED&WHITE,CHICK WON TON SOUP,COND","CAMPBELLS Red and White, Chicken Won Ton Soup, condensed",,Campbell Soup Co.,,40,2.38,0.79,6.35,0.79,0.0,0.0,0.0,0.0,0.0,0.0,0,0.0,0.0,0.0,0,0.0,0.29,0,0.0,0,0.0,0.0,0.0,0.0,0.0,0.0,0.0,0.0,0.0,0.0,0.0,0.0,0.0,0.0,0.0,0.0,0.0
6312,"Soups, Sauces, and Gravies","CAMPBELLS RED & WHITE,CRM OF ASPARAGUS SOUP,COND","CAMPBELLS Red and White, Cream of Asparagus Soup, condensed",,Campbell Soup Co.,,89,1.61,5.65,7.26,1.61,2.4,0.0,0.0,0.0,0.0,0.0,0,0.0,0.0,0.0,0,0.0,0.0,0,0.0,0,0.0,0.0,0.0,0.0,0.0,0.0,0.0,0.0,0.0,0.0,0.0,0.0,0.0,0.0,0.0,0.0,0.0
6314,"Soups, Sauces, and Gravies","SOUP,HEALTHY CHOIC CHICK NOODLE SOUP,CND","Soup, HEALTHY CHOICE Chicken Noodle Soup, canned",,"ConAgra, Inc.",,41,3.69,0.63,5.2,0.57,0.8,0.0,0.0,0.0,0.0,0.0,0,0.0,0.0,0.0,8,0.0,0.0,0,0.0,0,0.0,0.0,0.0,0.0,0.0,0.0,0.0,0.0,0.0,0.0,0.0,0.006666667,0.0,0.0,0.0,0.0,0.0
6315,"Soups, Sauces, and Gravies","SOUP,HEALTHY CHOIC CHICK & RICE SOUP,CND","Soup, HEALTHY CHOICE Chicken and Rice Soup, canned",,"ConAgra, Inc.",,37,2.53,0.55,5.71,0.37,0.8,0.0,0.0,0.0,1.0,0.0,0,0.0,0.0,0.0,15,0.0,0.09,0,0.0,0,0.0,0.0,0.0,0.0,0.0,0.011111111,0.0,0.0,0.0,0.0,0.0,0.0125,0.0,0.0,0.0,0.0,0.0
6316,"Soups, Sauces, and Gravies","SOUP,HEALTHY CHOIC GARDEN VEG SOUP,CND","Soup, HEALTHY CHOICE Garden Vegetable Soup, canned",,"ConAgra, Inc.",,51,2.13,0.21,10.04,2.13,1.9,0.0,0.0,0.0,1.0,0.0,0,0.0,0.0,0.0,16,0.0,0.0,0,0.0,0,0.0,0.0,0.0,0.0,0.0,0.011111111,0.0,0.0,0.0,0.0,0.0,0.013333333,0.0,0.0,0.0,0.0,0.0
6317,"Soups, Sauces, and Gravies",CAMPBELLS FAT FREE BF GRAVY,CAMPBELLS Fat Free Beef Gravy,,Campbell Soup Co.,,25,1.69,0.0,5.08,0.0,0.0,0.0,0.0,0.0,0.0,0.0,0,0.0,0.0,0.0,0,0.0,0.0,0,0.0,0,0.0,0.0,0.0,0.0,0.0,0.0,0.0,0.0,0.0,0.0,0.0,0.0,0.0,0.0,0.0,0.0,0.0
6318,"Soups, Sauces, and Gravies",CAMPBELLS COUNTRY STYLE CRM GRAVY,CAMPBELLS Country Style Cream Gravy,,Campbell Soup Co.,,76,1.69,5.08,5.08,1.69,0.0,0.0,0.0,0.0,0.0,0.0,0,0.0,0.0,0.0,0,0.0,0.0,0,0.0,0,0.0,0.0,0.0,0.0,0.0,0.0,0.0,0.0,0.0,0.0,0.0,0.0,0.0,0.0,0.0,0.0,0.0
6319,"Soups, Sauces, and Gravies",CAMPBELLS COUNTRY STYLE SAUSAGE GRAVY,CAMPBELLS Country Style Sausage Gravy,,Campbell Soup Co.,,119,3.39,10.17,5.08,1.69,0.0,0.0,0.0,0.0,0.0,0.0,0,0.0,0.0,0.0,0,0.0,0.0,0,0.0,0,0.0,0.0,0.0,0.0,0.0,0.0,0.0,0.0,0.0,0.0,0.0,0.0,0.0,0.0,0.0,0.0,0.0
6320,"Soups, Sauces, and Gravies",CAMPBELLS FAT FREE CHICK GRAVY,CAMPBELLS Fat Free Chicken Gravy,,Campbell Soup Co.,,25,1.69,0.0,5.08,0.0,0.0,0.0,0.0,0.0,0.0,0.0,0,0.0,0.0,0.0,0,0.0,0.0,0,0.0,0,0.0,0.0,0.0,0.0,0.0,0.0,0.0,0.0,0.0,0.0,0.0,0.0,0.0,0.0,0.0,0.0,0.0
6321,"Soups, Sauces, and Gravies",CAMPBELLS GOLDEN PORK GRAVY,CAMPBELLS Golden Pork Gravy,,Campbell Soup Co.,,76,1.69,5.08,5.08,1.69,0.0,0.0,0.0,0.0,0.0,0.0,0,0.0,0.0,0.0,0,0.0,0.0,0,0.0,0,0.0,0.0,0.0,0.0,0.0,0.0,0.0,0.0,0.0,0.0,0.0,0.0,0.0,0.0,0.0,0.0,0.0
6322,"Soups, Sauces, and Gravies",CAMPBELLS MUSHROOM GRAVY,CAMPBELLS Mushroom Gravy,,Campbell Soup Co.,,34,0.0,1.69,5.08,1.69,0.0,0.0,0.0,0.0,0.0,0.0,0,0.0,0.0,0.0,0,0.0,0.0,0,0.0,0,0.0,0.0,0.0,0.0,0.0,0.0,0.0,0.0,0.0,0.0,0.0,0.0,0.0,0.0,0.0,0.0,0.0
6323,"Soups, Sauces, and Gravies",CAMPBELLS FAT FREE TURKEY GRAVY,CAMPBELLS Fat Free Turkey Gravy,,Campbell Soup Co.,,33,1.67,0.0,6.67,0.0,0.0,0.0,0.0,0.0,0.0,0.0,0,0.0,0.0,0.0,0,0.0,0.0,0,0.0,0,0.0,0.0,0.0,0.0,0.0,0.0,0.0,0.0,0.0,0.0,0.0,0.0,0.0,0.0,0.0,0.0,0.0
6324,"Soups, Sauces, and Gravies",CAMPBELLS MICROWAVABLE BF GRAVY,CAMPBELLS Microwavable Beef Gravy,,Campbell Soup Co.,,42,1.69,1.69,5.08,1.69,0.0,0.0,0.0,0.0,0.0,0.0,0,0.0,0.0,0.0,0,0.0,0.0,0,0.0,0,0.0,0.0,0.0,0.0,0.0,0.0,0.0,0.0,0.0,0.0,0.0,0.0,0.0,0.0,0.0,0.0,0.0
6325,"Soups, Sauces, and Gravies",CAMPBELLS MICROWAVABLE CHICK GRAVY,CAMPBELLS Microwavable Chicken Gravy,,Campbell Soup Co.,,67,0.0,5.0,5.0,1.67,0.0,0.0,0.0,0.0,0.0,0.0,0,0.0,0.0,0.0,0,0.0,0.0,0,0.0,0,0.0,0.0,0.0,0.0,0.0,0.0,0.0,0.0,0.0,0.0,0.0,0.0,0.0,0.0,0.0,0.0,0.0
6326,"Soups, Sauces, and Gravies",CAMPBELLS TURKEY GRAVY,CAMPBELLS Turkey Gravy,,Campbell Soup Co.,,42,1.69,1.69,5.08,1.69,0.0,0.0,0.0,0.0,0.0,0.0,0,0.0,0.0,0.0,0,0.0,0.0,0,0.0,0,0.0,0.0,0.0,0.0,0.0,0.0,0.0,0.0,0.0,0.0,0.0,0.0,0.0,0.0,0.0,0.0,0.0
6327,"Soups, Sauces, and Gravies",FRANCO-AMERICN FAT FR SLW RST BF GRAVY,FRANCO-AMERICAN Fat Free Slow Roast Beef Gravy,,Campbell Soup Co.,,34,1.69,0.0,5.08,0.0,0.0,0.0,0.0,0.0,0.0,0.0,0,0.0,0.0,0.0,0,0.0,0.0,0,0.0,0,0.0,0.0,0.0,0.0,0.0,0.0,0.0,0.0,0.0,0.0,0.0,0.0,0.0,0.0,0.0,0.0,0.0
6328,"Soups, Sauces, and Gravies",FRANCO-AMERICAN FT FE SLW RST CHICK GRVY,FRANCO-AMERICAN Fat Free Slow Roast Chicken Gravy,,Campbell Soup Co.,,34,1.69,0.0,6.78,0.0,0.0,0.0,0.0,0.0,0.0,0.0,0,0.0,0.0,0.0,0,0.0,0.0,0,0.0,0,0.0,0.0,0.0,0.0,0.0,0.0,0.0,0.0,0.0,0.0,0.0,0.0,0.0,0.0,0.0,0.0,0.0
6329,"Soups, Sauces, and Gravies",FRANCO-AMERICAN SLOW RST BF GRAVY,FRANCO-AMERICAN Slow Roast Beef Gravy,,Campbell Soup Co.,,42,1.69,0.85,5.08,0.0,0.0,0.0,0.0,0.0,0.0,0.0,0,0.0,0.0,0.0,0,0.0,0.0,0,0.0,0,0.0,0.0,0.0,0.0,0.0,0.0,0.0,0.0,0.0,0.0,0.0,0.0,0.0,0.0,0.0,0.0,0.0
6330,"Soups, Sauces, and Gravies",FRANCO-AMERICAN SLOW RST CHICK GRAVY,FRANCO-AMERICAN Slow Roast Chicken Gravy,,Campbell Soup Co.,,34,1.69,0.85,5.08,0.0,0.0,0.0,0.0,0.0,0.0,0.0,0,0.0,0.0,0.0,0,0.0,0.0,0,0.0,0,0.0,0.0,0.0,0.0,0.0,0.0,0.0,0.0,0.0,0.0,0.0,0.0,0.0,0.0,0.0,0.0,0.0
6331,"Soups, Sauces, and Gravies",FRANCO-AMERICAN SLOW RST TURKEY GRAVY,FRANCO-AMERICAN Slow Roast Turkey Gravy,,Campbell Soup Co.,,42,1.69,0.85,6.78,0.0,0.0,0.0,0.0,0.0,0.0,0.0,0,0.0,0.0,0.0,0,0.0,0.0,0,0.0,0,0.0,0.0,0.0,0.0,0.0,0.0,0.0,0.0,0.0,0.0,0.0,0.0,0.0,0.0,0.0,0.0,0.0
6332,"Soups, Sauces, and Gravies",CAMPBELLS MICROWAVABLE TURKEY GRAVY,CAMPBELLS Microwavable Turkey Gravy,,Campbell Soup Co.,,42,1.67,1.67,5.0,1.67,0.0,0.0,0.0,0.0,0.0,0.0,0,0.0,0.0,0.0,0,0.0,0.0,0,0.0,0,0.0,0.0,0.0,0.0,0.0,0.0,0.0,0.0,0.0,0.0,0.0,0.0,0.0,0.0,0.0,0.0,0.0
6333,"Soups, Sauces, and Gravies","CAMPBELLS RED & WHITE,CRM OF BROCCOLI SOUP,COND","CAMPBELLS Red and White, Cream of Broccoli Soup, condensed",,Campbell Soup Co.,,73,1.61,4.03,9.68,2.42,0.8,0.0,0.0,0.0,1.0,0.0,0,0.0,0.0,0.0,16,0.0,0.29,0,0.0,0,0.0,0.0,0.0,0.0,0.0,0.011111111,0.0,0.0,0.0,0.0,0.0,0.013333333,0.0,0.0,0.0,0.0,0.0
6334,"Soups, Sauces, and Gravies","CAMPBELLS RED & WHITE,CRM OF CELERY SOUP,COND","CAMPBELLS Red and White, Cream of Celery Soup, condensed",,Campbell Soup Co.,,73,0.81,4.84,7.26,0.81,2.4,0.0,0.0,0.0,0.0,0.0,0,0.0,0.0,0.0,16,0.0,0.0,0,0.0,0,0.0,0.0,0.0,0.0,0.0,0.0,0.0,0.0,0.0,0.0,0.0,0.013333333,0.0,0.0,0.0,0.0,0.0
6336,"Soups, Sauces, and Gravies","CAMPBELLS,CRM OF CHICK SOUP,COND","CAMPBELLS, Cream of Chicken Soup, condensed",,Campbell Soup Co.,,103,1.76,7.98,6.03,0.33,4.1,0.0,0.0,0.0,0.0,0.0,0,0.0,0.0,0.0,13,0.0,0.27,4,0.0,28,0.0,0.14,0.0,0.0,0.0,0.0,0.0,0.0,0.0,0.0,0.0,0.010833333,0.0,0.00952381,0.04,0.0,0.012727273
6337,"Soups, Sauces, and Gravies","CAMPBELLS,CRM OF CHICK W/ HERBS SOUP,COND","CAMPBELLS, Cream of Chicken with Herbs Soup, condensed",,Campbell Soup Co.,,65,1.61,3.23,7.26,0.81,0.0,0.0,0.0,0.0,0.0,0.0,0,0.0,0.0,0.0,0,0.0,0.0,0,0.0,0,0.0,0.0,0.0,0.0,0.0,0.0,0.0,0.0,0.0,0.0,0.0,0.0,0.0,0.0,0.0,0.0,0.0
6338,"Soups, Sauces, and Gravies","CAMPBELLS,CRM OF MUSHROOM SOUP,COND","CAMPBELLS, Cream of Mushroom Soup, condensed",,Campbell Soup Co.,,81,1.29,5.5,6.59,0.4,0.6,0.0,0.018,0.0,0.5,0.58,0,0.363,0.017,0.01,8,0.024,0.16,3,0.036,19,2.9,0.11,0.0,0.010588235,0.0,0.005555556,0.038666667,0.0,0.0226875,0.013076923,0.008333333,0.006666667,2.66667e-05,0.007142857,0.027142857,0.052727273,0.01
6339,"Soups, Sauces, and Gravies","CAMPBELLS,CRM OF MUSHROOM W/ RSTD GARLIC SOUP,COND","CAMPBELLS, Cream of Mushroom with Roasted Garlic Soup, condensed",,Campbell Soup Co.,,56,1.61,2.02,8.06,0.81,1.6,0.0,0.0,0.0,0.0,0.0,0,0.0,0.0,0.0,16,0.0,0.0,0,0.0,0,0.0,0.0,0.0,0.0,0.0,0.0,0.0,0.0,0.0,0.0,0.0,0.013333333,0.0,0.0,0.0,0.0,0.0
6340,"Soups, Sauces, and Gravies","CAMPBELLS RED & WHITE,CRM OF ONION SOUP,COND","CAMPBELLS Red and White, Cream of Onion Soup, condensed",,Campbell Soup Co.,,81,0.81,4.84,8.06,3.23,2.4,0.0,0.0,0.0,0.0,0.0,0,0.0,0.0,0.0,0,0.0,0.0,0,0.0,0,0.0,0.0,0.0,0.0,0.0,0.0,0.0,0.0,0.0,0.0,0.0,0.0,0.0,0.0,0.0,0.0,0.0
6341,"Soups, Sauces, and Gravies","CAMPBELLS,CRM OF POTATO SOUP,COND","CAMPBELLS, Cream of Potato Soup, condensed",,Campbell Soup Co.,,71,1.51,1.35,13.25,1.44,1.3,0.0,0.0,0.0,0.2,0.0,0,0.0,0.0,0.0,17,0.0,0.34,13,0.0,41,0.0,0.15,0.0,0.0,0.0,0.002222222,0.0,0.0,0.0,0.0,0.0,0.014166667,0.0,0.030952381,0.058571429,0.0,0.013636364
6342,"Soups, Sauces, and Gravies","CAMPBELLS RED & WHITE,CRM OF SHRIMP SOUP,COND","CAMPBELLS Red and White, Cream of Shrimp Soup, condensed",,Campbell Soup Co.,,81,2.42,4.84,6.45,0.0,0.0,0.0,0.0,0.0,0.0,0.0,0,0.0,0.0,0.0,0,0.0,0.0,0,0.0,0,0.0,0.0,0.0,0.0,0.0,0.0,0.0,0.0,0.0,0.0,0.0,0.0,0.0,0.0,0.0,0.0,0.0
6343,"Soups, Sauces, and Gravies","CAMPBELLS RED&WHITE,CREAMY CHICK NOODLE SOUP,COND","CAMPBELLS Red and White, Creamy Chicken Noodle Soup, condensed",,Campbell Soup Co.,,97,3.23,5.65,8.87,0.81,3.2,0.0,0.0,0.0,0.0,0.0,0,0.0,0.0,0.0,16,0.0,0.29,0,0.0,0,0.0,0.0,0.0,0.0,0.0,0.0,0.0,0.0,0.0,0.0,0.0,0.013333333,0.0,0.0,0.0,0.0,0.0
6349,"Soups, Sauces, and Gravies","CAMPBELLS RED & WHITE,SCOOBY-DOO SOUP,COND","CAMPBELLS Red and White, SCOOBY-DOO Soup, condensed",,Campbell Soup Co.,,56,2.38,1.59,8.73,0.79,0.8,0.0,0.0,0.0,0.0,0.0,0,0.0,0.0,0.0,16,0.0,0.57,0,0.0,0,0.0,0.0,0.0,0.0,0.0,0.0,0.0,0.0,0.0,0.0,0.0,0.013333333,0.0,0.0,0.0,0.0,0.0
6350,"Soups, Sauces, and Gravies","CAMPBELLS RED & WHITE,DOUBLE NOODLE IN CHICK BROTH SOP,COND","CAMPBELLS Red and White, DOUBLE NOODLE in Chicken Broth Soup, condensed",,Campbell Soup Co.,,87,2.38,1.59,15.87,0.79,0.8,0.0,0.0,0.0,0.0,0.0,0,0.0,0.0,0.0,0,0.0,0.57,0,0.0,0,0.0,0.0,0.0,0.0,0.0,0.0,0.0,0.0,0.0,0.0,0.0,0.0,0.0,0.0,0.0,0.0,0.0
6351,"Soups, Sauces, and Gravies","CAMPBELLS RED & WHITE,OLD FASHIONED TOMATO RICE SOUP,COND","CAMPBELLS Red and White, Old Fashioned Tomato Rice Soup, condensed",,Campbell Soup Co.,,87,0.79,1.59,18.25,7.94,0.8,0.0,0.0,0.0,1.9,0.0,0,0.0,0.0,0.0,0,0.0,0.29,0,0.0,0,0.0,0.0,0.0,0.0,0.0,0.021111111,0.0,0.0,0.0,0.0,0.0,0.0,0.0,0.0,0.0,0.0,0.0
6353,"Soups, Sauces, and Gravies","CAMPBELLS RED & WHITE,FIESTA NACHO CHS SOUP,COND","CAMPBELLS Red and White, Fiesta Nacho Cheese Soup, condensed",,Campbell Soup Co.,,97,2.42,6.45,8.06,1.61,0.8,0.0,0.0,0.0,0.0,0.0,0,0.0,0.0,0.0,65,0.0,0.0,0,0.0,0,0.0,0.0,0.0,0.0,0.0,0.0,0.0,0.0,0.0,0.0,0.0,0.054166667,0.0,0.0,0.0,0.0,0.0
6354,"Soups, Sauces, and Gravies","CAMPBELLS RED & WHITE,FRENCH ONION SOUP,COND","CAMPBELLS Red and White, French Onion Soup, condensed",,Campbell Soup Co.,,36,1.59,1.19,4.76,3.17,0.8,0.0,0.0,0.0,0.0,0.0,0,0.0,0.0,0.0,16,0.0,0.0,0,0.0,0,0.0,0.0,0.0,0.0,0.0,0.0,0.0,0.0,0.0,0.0,0.0,0.013333333,0.0,0.0,0.0,0.0,0.0
6355,"Soups, Sauces, and Gravies","CAMPBELLS RED & WHITE,GOLDEN MUSHROOM SOUP,COND","CAMPBELLS Red and White, Golden Mushroom Soup, condensed",,Campbell Soup Co.,,65,1.61,2.82,8.06,0.81,0.8,0.0,0.0,0.0,0.0,0.0,0,0.0,0.0,0.0,0,0.0,0.0,0,0.0,0,0.0,0.0,0.0,0.0,0.0,0.0,0.0,0.0,0.0,0.0,0.0,0.0,0.0,0.0,0.0,0.0,0.0
6357,"Soups, Sauces, and Gravies","CAMPBELLS RED & WHITE,GOLDFISH PASTA W/ CHICK","CAMPBELLS Red and White, GOLDFISH Pasta with Chicken in Chicken Broth, condensed",,Campbell Soup Co.,,63,2.38,1.59,9.52,0.79,0.8,0.0,0.0,0.0,0.0,0.0,0,0.0,0.0,0.0,0,0.0,0.29,0,0.0,0,0.0,0.0,0.0,0.0,0.0,0.0,0.0,0.0,0.0,0.0,0.0,0.0,0.0,0.0,0.0,0.0,0.0
6358,"Soups, Sauces, and Gravies","SOUP,TOMATO BISQUE,CND,PREP W/ EQ VOLUME MILK","Soup, tomato bisque, canned, prepared with equal volume milk",,,,79,2.51,2.63,11.73,0.0,0.2,25.0,0.056,0.17,2.8,0.0,9,0.499,0.107,0.045,74,0.056,0.35,10,0.103,69,0.0,0.25,0.027777778,0.032941176,0.070833333,0.031111111,0.0,0.0225,0.0311875,0.082307692,0.0375,0.061666667,6.22222e-05,0.023809524,0.098571429,0.0,0.022727273
6359,"Soups, Sauces, and Gravies","SOUP,TOMATO,CND,PREP W/ EQ VOLUME LOFAT (2%) MILK","Soup, tomato, canned, prepared with equal volume low fat (2%) milk",,,,55,2.49,1.3,8.95,6.53,0.6,38.0,0.061,0.28,6.3,0.18,2,0.545,0.126,0.039,69,0.079,0.55,12,0.064,62,3.7,0.37,0.042222222,0.035882353,0.116666667,0.07,0.012,0.005,0.0340625,0.096923077,0.0325,0.0575,8.77778e-05,0.028571429,0.088571429,0.067272727,0.033636364
6361,"Soups, Sauces, and Gravies","CAMPBELLS RED & WHITE,GRN PEA SOUP,COND","CAMPBELLS Red and White, Green Pea Soup, condensed",,Campbell Soup Co.,,141,7.03,2.34,21.88,4.69,3.1,0.0,0.0,0.0,0.0,0.0,0,0.0,0.0,0.0,16,0.0,1.13,0,0.0,0,0.0,0.0,0.0,0.0,0.0,0.0,0.0,0.0,0.0,0.0,0.0,0.013333333,0.0,0.0,0.0,0.0,0.0
6363,"Soups, Sauces, and Gravies","CAMPBELLS,HOMESTYLE CHICK NOODLE SOUP,COND","CAMPBELLS, Homestyle Chicken Noodle Soup, condensed",,Campbell Soup Co.,,51,2.36,1.28,7.53,1.11,0.8,0.0,0.0,0.0,0.1,0.0,0,0.0,0.0,0.0,11,0.0,0.38,8,0.0,43,0.0,0.15,0.0,0.0,0.0,0.001111111,0.0,0.0,0.0,0.0,0.0,0.009166667,0.0,0.019047619,0.061428571,0.0,0.013636364
6364,"Soups, Sauces, and Gravies","CAMPBELLS RED & WHITE,MANHATTAN CLAM CHOWDER,COND","CAMPBELLS Red and White, Manhattan Clam Chowder, condensed",,Campbell Soup Co.,,48,1.59,0.4,9.52,1.59,1.6,0.0,0.0,0.0,1.0,0.0,0,0.0,0.0,0.0,16,0.0,0.57,0,0.0,0,0.0,0.0,0.0,0.0,0.0,0.011111111,0.0,0.0,0.0,0.0,0.0,0.013333333,0.0,0.0,0.0,0.0,0.0
6365,"Soups, Sauces, and Gravies","CAMPBELLS RED & WHITE,MEGA NOODLE IN CHICK BROTH,COND","CAMPBELLS Red and White, Mega Noodle in Chicken Broth, condensed",,Campbell Soup Co.,,71,2.38,1.59,11.9,0.79,0.8,0.0,0.0,0.0,0.0,0.0,0,0.0,0.0,0.0,0,0.0,0.57,0,0.0,0,0.0,0.0,0.0,0.0,0.0,0.0,0.0,0.0,0.0,0.0,0.0,0.0,0.0,0.0,0.0,0.0,0.0
6366,"Soups, Sauces, and Gravies","CAMPBELLS RED & WHITE,MINESTRONE SOUP,COND","CAMPBELLS Red and White, Minestrone Soup, condensed",,Campbell Soup Co.,,71,3.17,0.79,13.49,2.38,2.4,0.0,0.0,0.0,0.0,0.0,0,0.0,0.0,0.0,16,0.0,0.86,0,0.0,0,0.0,0.0,0.0,0.0,0.0,0.0,0.0,0.0,0.0,0.0,0.0,0.013333333,0.0,0.0,0.0,0.0,0.0
6367,"Soups, Sauces, and Gravies","CAMPBELLS RED & WHITE,NEW ENGLAND CLAM CHOWDER,COND","CAMPBELLS Red and White, New England Clam Chowder, condensed",,Campbell Soup Co.,,71,3.17,1.98,10.32,0.79,0.8,0.0,0.0,0.0,0.0,0.0,0,0.0,0.0,0.0,16,0.0,0.57,0,0.0,0,0.0,0.0,0.0,0.0,0.0,0.0,0.0,0.0,0.0,0.0,0.0,0.013333333,0.0,0.0,0.0,0.0,0.0
6373,"Soups, Sauces, and Gravies","CAMPBELLS RED & WHITE,VEGETARIAN VEG SOUP,COND","CAMPBELLS Red and White, Vegetarian Vegetable Soup, condensed",,Campbell Soup Co.,,71,2.38,0.4,14.29,4.76,1.6,0.0,0.0,0.0,0.0,0.0,0,0.0,0.0,0.0,16,0.0,0.57,0,0.0,0,0.0,0.0,0.0,0.0,0.0,0.0,0.0,0.0,0.0,0.0,0.0,0.013333333,0.0,0.0,0.0,0.0,0.0
6374,"Soups, Sauces, and Gravies","CAMPBELLS RED & WHITE,VEG SOUP,COND","CAMPBELLS Red and White, Vegetable Soup, condensed",,Campbell Soup Co.,,79,3.17,0.4,16.67,5.56,2.4,0.0,0.0,0.0,0.0,0.0,0,0.0,0.0,0.0,16,0.0,0.57,0,0.0,0,0.0,0.0,0.0,0.0,0.0,0.0,0.0,0.0,0.0,0.0,0.0,0.013333333,0.0,0.0,0.0,0.0,0.0
6375,"Soups, Sauces, and Gravies","CAMPBELLS,VEG BF SOUP,COND","CAMPBELLS, Vegetable Beef Soup, condensed",,Campbell Soup Co.,,65,3.79,0.26,11.8,1.7,2.1,0.0,0.0,0.0,1.2,0.0,0,0.0,0.0,0.0,13,0.0,0.6,5,0.0,20,0.0,0.64,0.0,0.0,0.0,0.013333333,0.0,0.0,0.0,0.0,0.0,0.010833333,0.0,0.011904762,0.028571429,0.0,0.058181818
6377,"Soups, Sauces, and Gravies","CAMPBELLS,TOMATO SOUP,COND","CAMPBELLS, Tomato Soup, condensed",,Campbell Soup Co.,,71,1.46,0.44,15.22,8.23,1.1,0.0,0.0,0.0,4.8,0.0,0,0.858,0.015,0.042,13,0.05,0.59,14,0.138,31,3.0,0.18,0.0,0.0,0.0,0.053333333,0.0,0.0,0.053625,0.011538462,0.035,0.010833333,5.55556e-05,0.033333333,0.044285714,0.054545455,0.016363636
6379,"Soups, Sauces, and Gravies","CAMPBELLS RED & WHITE,TOMATO BISQUE,COND","CAMPBELLS Red and White, Tomato Bisque, condensed",,Campbell Soup Co.,,103,1.59,2.78,18.25,11.9,0.8,0.0,0.0,0.0,4.8,0.0,0,0.0,0.0,0.0,32,0.0,0.29,0,0.0,0,0.0,0.0,0.0,0.0,0.0,0.053333333,0.0,0.0,0.0,0.0,0.0,0.026666667,0.0,0.0,0.0,0.0,0.0
6380,"Soups, Sauces, and Gravies","CAMPBELLS RED & WHITE,SPLIT PEA W/ HAM & BACON SOUP,COND","CAMPBELLS Red and White, Split Pea with Ham and Bacon Soup, condensed",,Campbell Soup Co.,,141,7.81,1.56,23.44,3.13,3.1,0.0,0.0,0.0,0.0,0.0,0,0.0,0.0,0.0,16,0.0,1.13,0,0.0,0,0.0,0.0,0.0,0.0,0.0,0.0,0.0,0.0,0.0,0.0,0.0,0.013333333,0.0,0.0,0.0,0.0,0.0
6383,"Soups, Sauces, and Gravies","CAMPBELLS CHUNKY SOUPS,BKD POTATO CHEDDAR BACON BITS SOUP","CAMPBELLS CHUNKY Soups, Baked Potato with Cheddar & Bacon Bits Soup",,Campbell Soup Co.,,78,2.04,3.67,9.39,1.25,0.8,0.0,0.0,0.0,0.0,0.0,0,0.0,0.0,0.0,16,0.0,0.29,0,0.0,0,0.0,0.0,0.0,0.0,0.0,0.0,0.0,0.0,0.0,0.0,0.0,0.013333333,0.0,0.0,0.0,0.0,0.0
6384,"Soups, Sauces, and Gravies","CAMPBELLS CHUNKY SOUPS,BKD POTATO W/ STEAK & CHS SOUP","CAMPBELLS CHUNKY Soups, Baked Potato with Steak & Cheese Soup",,Campbell Soup Co.,,82,3.27,4.08,8.57,1.22,1.2,0.0,0.0,0.0,0.0,0.0,0,0.0,0.0,0.0,8,0.0,0.59,0,0.0,0,0.0,0.0,0.0,0.0,0.0,0.0,0.0,0.0,0.0,0.0,0.0,0.006666667,0.0,0.0,0.0,0.0,0.0
6387,"Soups, Sauces, and Gravies","CAMPBELLS CHUNKY SOUPS,BF RIB RST POTATOES HERBS SOUP","CAMPBELLS CHUNKY Soups, Beef Rib Roast with Potatoes & Herbs Soup",,Campbell Soup Co.,,44,2.86,0.41,6.94,2.45,0.8,0.0,0.0,0.0,0.5,0.0,0,0.0,0.0,0.0,8,0.0,0.29,0,0.0,0,0.0,0.0,0.0,0.0,0.0,0.005555556,0.0,0.0,0.0,0.0,0.0,0.006666667,0.0,0.0,0.0,0.0,0.0
6388,"Soups, Sauces, and Gravies","CAMPBELLS CHUNKY SOUPS,BF W/ COUNTRY VEG SOUP","CAMPBELLS CHUNKY Soups, Beef with Country Vegetables Soup",,Campbell Soup Co.,,53,3.27,1.22,7.35,1.63,1.2,0.0,0.0,0.0,0.0,0.0,0,0.0,0.0,0.0,8,0.0,0.59,0,0.0,0,0.0,0.0,0.0,0.0,0.0,0.0,0.0,0.0,0.0,0.0,0.0,0.006666667,0.0,0.0,0.0,0.0,0.0
6389,"Soups, Sauces, and Gravies","CAMPBELLS CHUNKY SOUPS,BF W/ WHITE & WILD RICE SOUP","CAMPBELLS CHUNKY Soups, Beef with White and Wild Rice Soup",,Campbell Soup Co.,,57,3.27,0.61,9.8,2.04,0.8,0.0,0.0,0.0,0.0,0.0,0,0.0,0.0,0.0,8,0.0,0.44,0,0.0,0,0.0,0.0,0.0,0.0,0.0,0.0,0.0,0.0,0.0,0.0,0.0,0.006666667,0.0,0.0,0.0,0.0,0.0
6391,"Soups, Sauces, and Gravies","CAMPBELLS CHUNKY,CREAMY CHICK & DUMPLINGS SOUP","CAMPBELLS CHUNKY, Creamy Chicken and Dumplings Soup",,Campbell Soup Co.,,66,2.32,3.19,7.09,1.09,1.5,0.0,0.0,0.0,0.0,0.0,0,0.0,0.0,0.0,16,0.0,0.49,18,0.0,36,0.0,0.28,0.0,0.0,0.0,0.0,0.0,0.0,0.0,0.0,0.0,0.013333333,0.0,0.042857143,0.051428571,0.0,0.025454545
6392,"Soups, Sauces, and Gravies","CAMPBELLS CHUNKY SOUPS,CHICK BROCCOLI CHS & POTATO SOUP","CAMPBELLS CHUNKY Soups, Chicken Broccoli Cheese & Potato Soup",,Campbell Soup Co.,,86,2.86,4.49,8.16,2.45,1.2,0.0,0.0,0.0,0.0,0.0,0,0.0,0.0,0.0,8,0.0,0.0,0,0.0,0,0.0,0.0,0.0,0.0,0.0,0.0,0.0,0.0,0.0,0.0,0.0,0.006666667,0.0,0.0,0.0,0.0,0.0
6393,"Soups, Sauces, and Gravies","CAMPBELLS CHUNKY SOUPS,CHICK CORN CHOWDER","CAMPBELLS CHUNKY Soups, Chicken Corn Chowder",,Campbell Soup Co.,,82,2.86,4.08,8.16,1.22,0.8,0.0,0.0,0.0,0.0,0.0,0,0.0,0.0,0.0,8,0.0,0.29,0,0.0,0,0.0,0.0,0.0,0.0,0.0,0.0,0.0,0.0,0.0,0.0,0.0,0.006666667,0.0,0.0,0.0,0.0,0.0
6395,"Soups, Sauces, and Gravies","CAMPBELLS CHUNKY,CLASSIC CHICK NOODLE SOUP","CAMPBELLS CHUNKY, Classic Chicken Noodle Soup",,Campbell Soup Co.,,47,3.41,1.3,5.41,0.41,1.0,0.0,0.0,0.0,0.0,0.0,0,1.352,0.023,0.017,11,0.025,0.34,7,0.058,35,5.7,0.18,0.0,0.0,0.0,0.0,0.0,0.0,0.0845,0.017692308,0.014166667,0.009166667,2.77778e-05,0.016666667,0.05,0.103636364,0.016363636
6396,"Soups, Sauces, and Gravies","CAMPBELLS CHUNKY SOUPS,FAJITA CHICK W/ RICE & BNS SOUP","CAMPBELLS CHUNKY Soups, Fajita Chicken with Rice & Beans Soup",,Campbell Soup Co.,,53,2.86,0.61,9.39,2.86,0.8,0.0,0.0,0.0,0.0,0.0,0,0.0,0.0,0.0,8,0.0,0.44,0,0.0,0,0.0,0.0,0.0,0.0,0.0,0.0,0.0,0.0,0.0,0.0,0.0,0.006666667,0.0,0.0,0.0,0.0,0.0
6398,"Soups, Sauces, and Gravies","CAMPBELLS CHUNKY SOUPS,FIREHOUSE - HOT SPICY BF BEAN CHILI","CAMPBELLS CHUNKY Soups, Firehouse - Hot & Spicy Beef & Bean Chili",,Campbell Soup Co.,,95,6.12,3.27,10.2,2.86,2.4,0.0,0.0,0.0,0.5,0.0,0,0.0,0.0,0.0,16,0.0,0.73,0,0.0,0,0.0,0.0,0.0,0.0,0.0,0.005555556,0.0,0.0,0.0,0.0,0.0,0.013333333,0.0,0.0,0.0,0.0,0.0
6399,"Soups, Sauces, and Gravies","CAMPBELLS CHUNKY SOUPS,GRILLED CHICK SAUSAGE GUMBO SOUP","CAMPBELLS CHUNKY Soups, Grilled Chicken & Sausage Gumbo Soup",,Campbell Soup Co.,,57,2.86,1.22,8.57,1.63,0.8,0.0,0.0,0.0,0.0,0.0,0,0.0,0.0,0.0,8,0.0,0.15,0,0.0,0,0.0,0.0,0.0,0.0,0.0,0.0,0.0,0.0,0.0,0.0,0.0,0.006666667,0.0,0.0,0.0,0.0,0.0
6400,"Soups, Sauces, and Gravies","CAMPBELLS CHUNKY SOUPS,GRILLED CHICK VEG & PASTA SOUP","CAMPBELLS CHUNKY Soups, Grilled Chicken with Vegetables & Pasta Soup",,Campbell Soup Co.,,41,2.45,1.02,5.71,0.82,0.8,0.0,0.0,0.0,0.0,0.0,0,0.0,0.0,0.0,8,0.0,0.15,0,0.0,0,0.0,0.0,0.0,0.0,0.0,0.0,0.0,0.0,0.0,0.0,0.0,0.006666667,0.0,0.0,0.0,0.0,0.0
6401,"Soups, Sauces, and Gravies","SOUP,CRM OF ASPARAGUS,CND,PREP W/ EQ VOLUME H2O","Soup, cream of asparagus, canned, prepared with equal volume water",,,,35,0.94,1.68,4.38,0.0,0.2,15.0,0.005,0.02,1.1,0.0,9,0.319,0.032,0.022,12,0.051,0.33,2,0.154,16,0.0,0.36,0.016666667,0.002941176,0.008333333,0.012222222,0.0,0.0225,0.0199375,0.024615385,0.018333333,0.01,5.66667e-05,0.004761905,0.022857143,0.0,0.032727273
6402,"Soups, Sauces, and Gravies","SOUP,BLACK BEAN,CND,PREP W/ EQ VOLUME H2O","Soup, black bean, canned, prepared with equal volume water",,,,46,2.42,0.66,7.71,1.24,3.4,11.0,0.035,0.0,0.1,0.18,33,0.205,0.02,0.021,19,0.155,0.75,17,0.25,38,0.0,0.55,0.012222222,0.020588235,0.0,0.001111111,0.012,0.0825,0.0128125,0.015384615,0.0175,0.015833333,0.000172222,0.04047619,0.054285714,0.0,0.05
6403,"Soups, Sauces, and Gravies","CAMPBELLS CHUNKY SOUPS,GRILLED SIRLOIN STEAK HEARTY VEG SP","CAMPBELLS CHUNKY Soups, Grilled Sirloin Steak with Hearty Vegetables Soup",,Campbell Soup Co.,,51,3.27,0.82,7.76,1.63,1.6,0.0,0.0,0.0,0.5,0.0,0,0.0,0.0,0.0,8,0.0,0.44,0,0.0,0,0.0,0.0,0.0,0.0,0.0,0.005555556,0.0,0.0,0.0,0.0,0.0,0.006666667,0.0,0.0,0.0,0.0,0.0
6404,"Soups, Sauces, and Gravies","SOUP,BEAN W/ PORK,CND,PREP W/ EQ VOLUME H2O","Soup, bean with pork, canned, prepared with equal volume water",,,,63,2.88,2.16,8.31,1.47,2.9,17.0,0.015,0.01,0.6,0.43,12,0.206,0.012,0.032,31,0.152,0.75,17,0.245,48,3.1,0.38,0.018888889,0.008823529,0.004166667,0.006666667,0.028666667,0.03,0.012875,0.009230769,0.026666667,0.025833333,0.000168889,0.04047619,0.068571429,0.056363636,0.034545455
6405,"Soups, Sauces, and Gravies","CAMPBELLS CHUNKY,HEALTHY REQUEST CHICK NOODLE SOUP","CAMPBELLS CHUNKY, HEALTHY REQUEST Chicken Noodle Soup",,Campbell Soup Co.,,41,2.97,0.97,5.88,1.12,0.8,0.0,0.0,0.0,0.5,0.0,0,0.0,0.0,0.0,12,0.0,0.34,8,0.0,36,0.0,0.47,0.0,0.0,0.0,0.005555556,0.0,0.0,0.0,0.0,0.0,0.01,0.0,0.019047619,0.051428571,0.0,0.042727273
6406,"Soups, Sauces, and Gravies","SOUP,BEAN W/ FRANKFURTERS,CND,PREP W/ EQ VOLUME H2O","Soup, bean with frankfurters, canned, prepared with equal volume water",,,,75,3.99,2.79,8.8,0.0,0.0,17.0,0.053,0.03,0.4,0.0,12,0.41,0.026,0.044,35,0.158,0.94,19,0.315,66,3.4,0.47,0.018888889,0.031176471,0.0125,0.004444444,0.0,0.03,0.025625,0.02,0.036666667,0.029166667,0.000175556,0.045238095,0.094285714,0.061818182,0.042727273
6408,"Soups, Sauces, and Gravies","CAMPBELLS CHUNKY SOUPS,HEALTHY REQUEST VEG SOUP","CAMPBELLS CHUNKY Soups, HEALTHY REQUEST Vegetable Soup",,Campbell Soup Co.,,49,1.63,0.41,9.8,3.27,1.6,0.0,0.0,0.0,0.0,0.0,0,0.0,0.0,0.0,24,0.0,0.44,0,0.0,0,0.0,0.0,0.0,0.0,0.0,0.0,0.0,0.0,0.0,0.0,0.0,0.02,0.0,0.0,0.0,0.0,0.0
6409,"Soups, Sauces, and Gravies","SOUP,BF NOODLE,CND,PREP W/ EQ VOLUME H2O","Soup, beef noodle, canned, prepared with equal volume water",,,,34,1.93,1.23,3.58,1.03,0.3,5.0,0.015,0.08,0.2,0.5,12,0.425,0.024,0.028,8,0.06,0.44,3,0.109,19,3.0,0.62,0.005555556,0.008823529,0.033333333,0.002222222,0.033333333,0.03,0.0265625,0.018461538,0.023333333,0.006666667,6.66667e-05,0.007142857,0.027142857,0.054545455,0.056363636
6410,"Soups, Sauces, and Gravies","SOUP,CRM OF CELERY,CND,PREP W/ EQ VOLUME H2O","Soup, cream of celery, canned, prepared with equal volume water",,,,37,0.68,2.29,3.62,0.0,0.3,0.0,0.005,0.1,0.1,0.0,1,0.136,0.02,0.012,16,0.058,0.26,3,0.103,15,0.9,0.06,0.0,0.002941176,0.041666667,0.001111111,0.0,0.0025,0.0085,0.015384615,0.01,0.013333333,6.44444e-05,0.007142857,0.021428571,0.016363636,0.005454545
6411,"Soups, Sauces, and Gravies","SOUP,CHS,CND,PREP W/ EQ VOLUME H2O","Soup, cheese, canned, prepared with equal volume water",,,,63,2.19,4.24,4.26,0.0,0.4,120.0,0.01,0.0,0.0,0.0,2,0.161,0.055,0.007,57,0.052,0.3,2,0.104,55,1.8,0.26,0.133333333,0.005882353,0.0,0.0,0.0,0.005,0.0100625,0.042307692,0.005833333,0.0475,5.77778e-05,0.004761905,0.078571429,0.032727273,0.023636364
6412,"Soups, Sauces, and Gravies","SOUP,CHICK W/ DUMPLINGS,CND,PREP W/ EQ VOLUME H2O","Soup, chicken with dumplings, canned, prepared with equal volume water",,,,40,2.33,2.29,2.51,0.33,0.2,19.0,0.015,0.07,0.0,0.23,1,0.727,0.03,0.007,6,0.051,0.26,2,0.203,25,4.9,0.15,0.021111111,0.008823529,0.029166667,0.0,0.015333333,0.0025,0.0454375,0.023076923,0.005833333,0.005,5.66667e-05,0.004761905,0.035714286,0.089090909,0.013636364
6413,"Soups, Sauces, and Gravies","SOUP,CHICK BROTH,CND,PREP W/ EQ VOLUME H2O","Soup, chicken broth, canned, prepared with equal volume water",,,,16,2.02,0.57,0.38,0.29,0.0,0.0,0.01,0.1,0.0,0.02,2,1.372,0.029,0.004,4,0.051,0.21,1,0.102,30,0.0,0.1,0.0,0.005882353,0.041666667,0.0,0.001333333,0.005,0.08575,0.022307692,0.003333333,0.003333333,5.66667e-05,0.002380952,0.042857143,0.0,0.009090909
6414,"Soups, Sauces, and Gravies","CAMPBELLS CHUNKY SOUPS,HEARTY BEAN N HAM SOUP","CAMPBELLS CHUNKY Soups, Hearty Bean N Ham Soup",,Campbell Soup Co.,,74,4.49,0.82,12.24,2.04,3.3,0.0,0.0,0.0,0.0,0.0,0,0.0,0.0,0.0,24,0.0,0.73,0,0.0,0,0.0,0.0,0.0,0.0,0.0,0.0,0.0,0.0,0.0,0.0,0.0,0.02,0.0,0.0,0.0,0.0,0.0
6415,"Soups, Sauces, and Gravies","CAMPBELLS CHUNKY SOUPS,HEARTY BF BARLEY SOUP","CAMPBELLS CHUNKY Soups, Hearty Beef Barley Soup",,Campbell Soup Co.,,65,3.67,0.82,10.61,2.04,1.6,0.0,0.0,0.0,0.5,0.0,0,0.0,0.0,0.0,8,0.0,0.44,0,0.0,0,0.0,0.0,0.0,0.0,0.0,0.005555556,0.0,0.0,0.0,0.0,0.0,0.006666667,0.0,0.0,0.0,0.0,0.0
6416,"Soups, Sauces, and Gravies","SOUP,CRM OF CHICK,CND,PREP W/ EQ VOLUME H2O","Soup, cream of chicken, canned, prepared with equal volume water",,,,48,1.41,3.02,3.8,0.0,0.1,67.0,0.007,0.04,0.1,0.0,1,0.336,0.025,0.012,14,0.051,0.25,1,0.154,15,0.0,0.26,0.074444444,0.004117647,0.016666667,0.001111111,0.0,0.0025,0.021,0.019230769,0.01,0.011666667,5.66667e-05,0.002380952,0.021428571,0.0,0.023636364
6417,"Soups, Sauces, and Gravies","SOUP,CHICK GUMBO,CND,PREP W/ EQ VOLUME H2O","Soup, chicken gumbo, canned, prepared with equal volume water",,,,23,1.08,0.59,3.43,1.02,0.8,3.0,0.026,0.01,2.0,0.15,2,0.272,0.02,0.01,10,0.051,0.37,2,0.103,10,3.3,0.15,0.003333333,0.015294118,0.004166667,0.022222222,0.01,0.005,0.017,0.015384615,0.008333333,0.008333333,5.66667e-05,0.004761905,0.014285714,0.06,0.013636364
6418,"Soups, Sauces, and Gravies","CAMPBELLS CHUNKY SOUPS,HEARTY CHICK W/ VEG SOUP","CAMPBELLS CHUNKY Soups, Hearty Chicken with Vegetables Soup",,Campbell Soup Co.,,45,2.45,0.82,6.94,1.22,1.2,0.0,0.0,0.0,0.0,0.0,0,0.0,0.0,0.0,8,0.0,0.0,0,0.0,0,0.0,0.0,0.0,0.0,0.0,0.0,0.0,0.0,0.0,0.0,0.0,0.006666667,0.0,0.0,0.0,0.0,0.0
6419,"Soups, Sauces, and Gravies","SOUP,CHICK NOODLE,CND,PREP W/ EQ VOLUME H2O","Soup, chicken noodle, canned, prepared with equal volume water",,,,25,1.27,0.95,2.95,0.27,0.2,11.0,0.02,0.02,0.0,0.03,12,0.54,0.045,0.055,6,0.064,0.66,4,0.051,17,4.8,0.16,0.012222222,0.011764706,0.008333333,0.0,0.002,0.03,0.03375,0.034615385,0.045833333,0.005,7.11111e-05,0.00952381,0.024285714,0.087272727,0.014545455
6423,"Soups, Sauces, and Gravies","SOUP,CHICK W/ RICE,CND,PREP W/ EQ VOLUME H2O","Soup, chicken with rice, canned, prepared with equal volume water",,,,24,1.45,0.78,2.92,0.08,0.3,9.0,0.01,0.07,0.1,0.03,0,0.459,0.01,0.007,9,0.053,0.31,0,0.15,9,2.1,0.11,0.01,0.005882353,0.029166667,0.001111111,0.002,0.0,0.0286875,0.007692308,0.005833333,0.0075,5.88889e-05,0.0,0.012857143,0.038181818,0.01
6426,"Soups, Sauces, and Gravies","SOUP,CHILI BF,CND,PREP W/ EQ VOLUME H2O","Soup, chili beef, canned, prepared with equal volume water",,,,57,2.49,1.24,9.23,2.49,1.2,28.0,0.059,0.15,1.5,0.53,4,0.398,0.028,0.022,18,0.152,0.79,10,0.392,55,2.4,0.77,0.031111111,0.034705882,0.0625,0.016666667,0.035333333,0.01,0.024875,0.021538462,0.018333333,0.015,0.000168889,0.023809524,0.078571429,0.043636364,0.07
6428,"Soups, Sauces, and Gravies","SOUP,CLAM CHOWDER,MANHATTAN,CND,PREP W/EQ VOLUME H2O","Soup, clam chowder, manhattan, canned, prepared with equal volume water",,,,30,0.85,0.86,4.77,1.32,0.6,20.0,0.039,1.58,1.6,0.5,4,0.318,0.016,0.012,11,0.054,0.64,4,0.147,16,3.7,0.36,0.022222222,0.022941176,0.658333333,0.017777778,0.033333333,0.01,0.019875,0.012307692,0.01,0.009166667,6e-05,0.00952381,0.022857143,0.067272727,0.032727273
6429,"Soups, Sauces, and Gravies","CAMPBELLS CHUNKY SOUPS,MANHATTAN CLAM CHOWDER","CAMPBELLS CHUNKY Soups, Manhattan Clam Chowder",,Campbell Soup Co.,,52,2.04,1.43,7.76,1.63,1.2,0.0,0.0,0.0,0.0,0.0,0,0.0,0.0,0.0,16,0.0,0.44,0,0.0,0,0.0,0.0,0.0,0.0,0.0,0.0,0.0,0.0,0.0,0.0,0.0,0.013333333,0.0,0.0,0.0,0.0,0.0
6430,"Soups, Sauces, and Gravies","SOUP,CLAM CHOWDER,NEW ENGLAND,CND,PREP W/ EQ VOLUME H2O","Soup, clam chowder, new england, canned, prepared with equal volume water",,,,35,1.55,1.01,5.05,0.19,0.3,8.0,0.051,4.63,2.0,0.2,7,0.759,0.081,0.061,9,0.122,1.22,7,0.081,127,3.1,0.18,0.008888889,0.03,1.929166667,0.022222222,0.013333333,0.0175,0.0474375,0.062307692,0.050833333,0.0075,0.000135556,0.016666667,0.181428571,0.056363636,0.016363636
6431,"Soups, Sauces, and Gravies","CAMPBELLS CHUNKY,NEW ENGLAND CLAM CHOWDER","CAMPBELLS CHUNKY, New England Clam Chowder",,Campbell Soup Co.,,81,2.46,3.85,9.01,0.0,1.2,0.0,0.0,0.0,0.4,0.0,0,0.47,0.015,0.015,12,0.033,0.55,11,0.069,40,3.0,0.27,0.0,0.0,0.0,0.004444444,0.0,0.0,0.029375,0.011538462,0.0125,0.01,3.66667e-05,0.026190476,0.057142857,0.054545455,0.024545455
6432,"Soups, Sauces, and Gravies","SOUP,BF BROTH,BOUILLON,CONSOMME,PREP W/ EQ VOLUME H2O","Soup, beef broth, bouillon, consomme, prepared with equal volume water",,,,12,2.22,0.0,0.73,0.0,0.0,0.0,0.01,0.0,0.4,0.0,1,0.295,0.012,0.009,4,0.102,0.22,0,0.152,13,0.0,0.15,0.0,0.005882353,0.0,0.004444444,0.0,0.0025,0.0184375,0.009230769,0.0075,0.003333333,0.000113333,0.0,0.018571429,0.0,0.013636364
6433,"Soups, Sauces, and Gravies","CAMPBELLS CHUNKY SOUPS,OLD FASHIONED POTATO HAM CHOWDER","CAMPBELLS CHUNKY Soups, Old Fashioned Potato Ham Chowder",,Campbell Soup Co.,,78,2.45,4.49,6.94,0.41,1.2,0.0,0.0,0.0,1.0,0.0,0,0.0,0.0,0.0,8,0.0,0.15,0,0.0,0,0.0,0.0,0.0,0.0,0.0,0.011111111,0.0,0.0,0.0,0.0,0.0,0.006666667,0.0,0.0,0.0,0.0,0.0
6434,"Soups, Sauces, and Gravies","CAMPBELLS CHUNKY SOUPS,OLD FASHIONED VEG BF SOUP","CAMPBELLS CHUNKY Soups, Old Fashioned Vegetable Beef Soup",,Campbell Soup Co.,,49,3.16,1.23,6.24,1.15,1.3,0.0,0.0,0.0,0.0,0.0,0,1.002,0.016,0.015,17,0.027,0.54,10,0.07,48,3.0,0.59,0.0,0.0,0.0,0.0,0.0,0.0,0.062625,0.012307692,0.0125,0.014166667,3e-05,0.023809524,0.068571429,0.054545455,0.053636364
6437,"Soups, Sauces, and Gravies","CAMPBELLS CHUNKY SOUPS,ROADHOUSE - BF BEAN CHILI","CAMPBELLS CHUNKY Soups, Roadhouse - Beef & Bean Chili",,Campbell Soup Co.,,95,6.12,3.27,10.2,2.86,2.4,0.0,0.0,0.0,0.5,0.0,0,0.0,0.0,0.0,16,0.0,0.73,0,0.0,0,0.0,0.0,0.0,0.0,0.0,0.005555556,0.0,0.0,0.0,0.0,0.0,0.013333333,0.0,0.0,0.0,0.0,0.0
6438,"Soups, Sauces, and Gravies","CAMPBELLS CHUNKY SOUPS,SALISBURY STEAK MUSHRMS ONIONS SOUP","CAMPBELLS CHUNKY Soups, Salisbury Steak with Mushrooms & Onions Soup",,Campbell Soup Co.,,57,2.86,1.84,7.76,2.45,0.8,0.0,0.0,0.0,0.0,0.0,0,0.0,0.0,0.0,8,0.0,0.44,0,0.0,0,0.0,0.0,0.0,0.0,0.0,0.0,0.0,0.0,0.0,0.0,0.0,0.006666667,0.0,0.0,0.0,0.0,0.0
6439,"Soups, Sauces, and Gravies","CAMPBELLS CHUNKY SOUPS,SAVORY CHICK WHITE WILD RICE SOUP","CAMPBELLS CHUNKY Soups, Savory Chicken with White & Wild Rice Soup",,Campbell Soup Co.,,45,2.86,0.82,7.35,0.41,0.8,0.0,0.0,0.0,0.0,0.0,0,0.0,0.0,0.0,8,0.0,0.0,0,0.0,0,0.0,0.0,0.0,0.0,0.0,0.0,0.0,0.0,0.0,0.0,0.0,0.006666667,0.0,0.0,0.0,0.0,0.0
6440,"Soups, Sauces, and Gravies","SOUP,MINESTRONE,CND,PREP W/ EQ VOLUME H2O","Soup, minestrone, canned, prepared with equal volume water",,,,34,1.77,1.04,4.66,0.0,0.4,49.0,0.041,0.0,0.5,0.0,21,0.391,0.018,0.022,14,0.051,0.38,3,0.152,23,0.0,0.31,0.054444444,0.024117647,0.0,0.005555556,0.0,0.0525,0.0244375,0.013846154,0.018333333,0.011666667,5.66667e-05,0.007142857,0.032857143,0.0,0.028181818
6441,"Soups, Sauces, and Gravies","CAMPBELLS CHUNKY SOUPS,SAVORY POT RST SOUP","CAMPBELLS CHUNKY Soups, Savory Pot Roast Soup",,Campbell Soup Co.,,49,2.86,0.41,8.16,1.63,0.8,0.0,0.0,0.0,0.5,0.0,0,0.0,0.0,0.0,8,0.0,0.29,0,0.0,0,0.0,0.0,0.0,0.0,0.0,0.005555556,0.0,0.0,0.0,0.0,0.0,0.006666667,0.0,0.0,0.0,0.0,0.0
6442,"Soups, Sauces, and Gravies","SOUP,MUSHROOM BARLEY,CND,PREP W/ EQ VOLUME H2O","Soup, mushroom barley, canned, prepared with equal volume water",,,,30,0.77,0.93,4.8,0.0,0.3,4.0,0.07,0.0,0.0,0.0,2,0.36,0.036,0.01,5,0.1,0.21,4,0.05,25,0.0,0.2,0.004444444,0.041176471,0.0,0.0,0.0,0.005,0.0225,0.027692308,0.008333333,0.004166667,0.000111111,0.00952381,0.035714286,0.0,0.018181818
6443,"Soups, Sauces, and Gravies","SOUP,CRM OF MUSHROOM,CND,PREP W/ EQ VOLUME H2O","Soup, cream of mushroom, canned, prepared with equal volume water",,,,39,0.66,2.59,3.33,0.2,0.3,1.0,0.007,0.0,0.0,0.24,1,0.169,0.008,0.006,7,0.016,0.09,2,0.018,12,1.4,0.06,0.001111111,0.004117647,0.0,0.0,0.016,0.0025,0.0105625,0.006153846,0.005,0.005833333,1.77778e-05,0.004761905,0.017142857,0.025454545,0.005454545
6444,"Soups, Sauces, and Gravies","SOUP,MUSHROOM W/ BF STOCK,CND,PREP W/ EQ VOLUME H2O","Soup, mushroom with beef stock, canned, prepared with equal volume water",,,,35,1.29,1.65,3.81,0.0,0.3,26.0,0.015,0.0,0.4,0.0,4,0.494,0.039,0.014,4,0.103,0.34,4,0.154,15,0.0,0.57,0.028888889,0.008823529,0.0,0.004444444,0.0,0.01,0.030875,0.03,0.011666667,0.003333333,0.000114444,0.00952381,0.021428571,0.0,0.051818182
6446,"Soups, Sauces, and Gravies","SOUP,CRM OF ONION,CND,PREP W/ EQ VOLUME H2O","Soup, cream of onion, canned, prepared with equal volume water",,,,44,1.13,2.16,5.2,0.0,0.4,6.0,0.01,0.02,0.5,0.0,3,0.206,0.031,0.021,14,0.06,0.26,2,0.1,15,0.0,0.06,0.006666667,0.005882353,0.008333333,0.005555556,0.0,0.0075,0.012875,0.023846154,0.0175,0.011666667,6.66667e-05,0.004761905,0.021428571,0.0,0.005454545
6447,"Soups, Sauces, and Gravies","CAMPBELLS CHUNKY SOUPS,SAVORY VEG SOUP","CAMPBELLS CHUNKY Soups, Savory Vegetable Soup",,Campbell Soup Co.,,44,1.22,0.41,8.98,2.45,1.6,0.0,0.0,0.0,0.0,0.0,0,0.0,0.0,0.0,16,0.0,0.29,0,0.0,0,0.0,0.0,0.0,0.0,0.0,0.0,0.0,0.0,0.0,0.0,0.0,0.013333333,0.0,0.0,0.0,0.0,0.0
6448,"Soups, Sauces, and Gravies","SOUP,OYSTER STEW,CND,PREP W/ EQ VOLUME H2O","Soup, oyster stew, canned, prepared with equal volume water",,,,24,0.87,1.59,1.69,0.0,0.0,8.0,0.005,0.91,1.3,0.0,1,0.097,0.015,0.009,9,0.661,0.41,2,0.152,20,0.0,4.27,0.008888889,0.002941176,0.379166667,0.014444444,0.0,0.0025,0.0060625,0.011538462,0.0075,0.0075,0.000734444,0.004761905,0.028571429,0.0,0.388181818
6449,"Soups, Sauces, and Gravies","SOUP,PEA,GRN,CND,PREP W/ EQ VOLUME H2O","Soup, pea, green, canned, prepared with equal volume water",,,,61,3.2,1.09,9.88,3.19,1.9,3.0,0.02,0.0,0.6,0.09,1,0.462,0.025,0.04,12,0.146,0.73,15,0.245,47,3.6,0.64,0.003333333,0.011764706,0.0,0.006666667,0.006,0.0025,0.028875,0.019230769,0.033333333,0.01,0.000162222,0.035714286,0.067142857,0.065454545,0.058181818
6451,"Soups, Sauces, and Gravies","SOUP,PEA,SPLIT W/ HAM,CND,PREP W/ EQ VOLUME H2O","Soup, pea, split with ham, canned, prepared with equal volume water",,,,75,4.08,1.74,11.05,0.0,0.9,9.0,0.027,0.1,0.6,0.0,1,0.583,0.03,0.058,9,0.146,0.9,19,0.265,84,0.0,0.52,0.01,0.015882353,0.041666667,0.006666667,0.0,0.0025,0.0364375,0.023076923,0.048333333,0.0075,0.000162222,0.045238095,0.12,0.0,0.047272727
6453,"Soups, Sauces, and Gravies","SOUP,CRM OF POTATO,CND,PREP W/ EQ VOLUME H2O","Soup, cream of potato, canned, prepared with equal volume water",,,,30,0.72,0.97,4.7,0.0,0.2,29.0,0.015,0.02,0.0,0.0,1,0.221,0.015,0.014,8,0.103,0.2,1,0.154,19,0.0,0.26,0.032222222,0.008823529,0.008333333,0.0,0.0,0.0025,0.0138125,0.011538462,0.011666667,0.006666667,0.000114444,0.002380952,0.027142857,0.0,0.023636364
6454,"Soups, Sauces, and Gravies","CAMPBELLS CHUNKY SOUPS,GRILLED STEAK- STEAK CHILI W/ BNS","CAMPBELLS CHUNKY Soups, Grilled Steak- Steak Chili with Beans",,Campbell Soup Co.,,81,6.53,1.22,11.02,3.67,2.9,0.0,0.0,0.0,0.5,0.0,0,0.0,0.0,0.0,16,0.0,0.73,0,0.0,0,0.0,0.0,0.0,0.0,0.0,0.005555556,0.0,0.0,0.0,0.0,0.0,0.013333333,0.0,0.0,0.0,0.0,0.0
6456,"Soups, Sauces, and Gravies","SOUP,CRM OF SHRIMP,CND,PREP W/ EQ VOLUME H2O","Soup, cream of shrimp, canned, prepared with equal volume water",,,,36,1.11,2.07,3.27,0.24,0.1,16.0,0.015,0.24,0.0,0.0,2,0.17,0.011,0.008,9,0.055,0.21,4,0.15,13,2.3,0.3,0.017777778,0.008823529,0.1,0.0,0.0,0.005,0.010625,0.008461538,0.006666667,0.0075,6.11111e-05,0.00952381,0.018571429,0.041818182,0.027272727
6457,"Soups, Sauces, and Gravies","CAMPBELLS CHUNKY SOUPS,SLOW RSTD BF W/ MUSHROOMS SOUP","CAMPBELLS CHUNKY Soups, Slow Roasted Beef with Mushrooms Soup",,Campbell Soup Co.,,48,3.27,0.61,7.35,2.04,1.2,0.0,0.0,0.0,0.5,0.0,0,0.0,0.0,0.0,8,0.0,0.44,0,0.0,0,0.0,0.0,0.0,0.0,0.0,0.005555556,0.0,0.0,0.0,0.0,0.0,0.006666667,0.0,0.0,0.0,0.0,0.0
6459,"Soups, Sauces, and Gravies","CAMPBELLS CHUNKY SOUPS,SPLIT PEA N HAM SOUP","CAMPBELLS CHUNKY Soups, Split Pea N Ham Soup",,Campbell Soup Co.,,78,4.9,1.02,12.24,2.04,2.0,0.0,0.0,0.0,1.0,0.0,0,0.0,0.0,0.0,8,0.0,0.59,0,0.0,0,0.0,0.0,0.0,0.0,0.0,0.011111111,0.0,0.0,0.0,0.0,0.0,0.006666667,0.0,0.0,0.0,0.0,0.0
6461,"Soups, Sauces, and Gravies","SOUP,TOMATO BF W/ NOODLE,CND,PREP W/ EQ VOLUME H2O","Soup, tomato beef with noodle, canned, prepared with equal volume water",,,,56,1.78,1.71,8.44,0.73,0.6,12.0,0.035,0.08,0.0,0.31,11,0.745,0.036,0.034,9,0.055,0.45,3,0.1,23,2.0,0.3,0.013333333,0.020588235,0.033333333,0.0,0.020666667,0.0275,0.0465625,0.027692308,0.028333333,0.0075,6.11111e-05,0.007142857,0.032857143,0.036363636,0.027272727
6462,"Soups, Sauces, and Gravies","CAMPBELLS CHUNKY SOUPS,STEAK N POTATO SOUP","CAMPBELLS CHUNKY Soups, Steak N Potato Soup",,Campbell Soup Co.,,49,3.27,0.82,7.35,0.41,1.2,0.0,0.0,0.0,0.0,0.0,0,0.0,0.0,0.0,0,0.0,0.44,0,0.0,0,0.0,0.0,0.0,0.0,0.0,0.0,0.0,0.0,0.0,0.0,0.0,0.0,0.0,0.0,0.0,0.0,0.0
6463,"Soups, Sauces, and Gravies","SOUP,TOMATO RICE,CND,PREP W/ EQ VOLUME H2O","Soup, tomato rice, canned, prepared with equal volume water",,,,47,0.82,1.06,8.54,2.95,0.7,12.0,0.03,0.0,5.8,0.86,6,0.411,0.02,0.024,11,0.055,0.31,2,0.15,13,0.9,0.2,0.013333333,0.017647059,0.0,0.064444444,0.057333333,0.015,0.0256875,0.015384615,0.02,0.009166667,6.11111e-05,0.004761905,0.018571429,0.016363636,0.018181818
6465,"Soups, Sauces, and Gravies","SOUP,TURKEY NOODLE,CND,PREP W/ EQ VOLUME H2O","Soup, turkey noodle, canned, prepared with equal volume water",,,,28,1.6,0.82,3.54,0.0,0.3,6.0,0.015,0.06,0.1,0.0,13,0.572,0.026,0.03,5,0.051,0.39,2,0.103,20,4.4,0.24,0.006666667,0.008823529,0.025,0.001111111,0.0,0.0325,0.03575,0.02,0.025,0.004166667,5.66667e-05,0.004761905,0.028571429,0.08,0.021818182
6466,"Soups, Sauces, and Gravies","SOUP,TURKEY VEG,CND,PREP W/ EQ VOLUME H2O","Soup, turkey vegetable, canned, prepared with equal volume water",,,,30,1.28,1.26,3.58,0.0,0.2,51.0,0.02,0.07,0.0,0.0,2,0.417,0.016,0.012,7,0.051,0.32,2,0.102,17,0.0,0.25,0.056666667,0.011764706,0.029166667,0.0,0.0,0.005,0.0260625,0.012307692,0.01,0.005833333,5.66667e-05,0.004761905,0.024285714,0.0,0.022727273
6468,"Soups, Sauces, and Gravies","SOUP,VEGETARIAN VEG,CND,PREP W/ EQ VOLUME H2O","Soup, vegetarian vegetable, canned, prepared with equal volume water",,,,28,0.86,0.79,4.89,1.57,0.3,71.0,0.023,0.0,0.6,0.58,4,0.374,0.019,0.022,10,0.055,0.44,3,0.188,14,1.8,0.19,0.078888889,0.013529412,0.0,0.006666667,0.038666667,0.01,0.023375,0.014615385,0.018333333,0.008333333,6.11111e-05,0.007142857,0.02,0.032727273,0.017272727
6470,"Soups, Sauces, and Gravies","CAMPBELLS LO NA SOUPS,CHICK BROTH","CAMPBELLS Low Sodium Soups, Chicken Broth",,Campbell Soup Co.,,10,1.01,0.34,0.34,0.34,0.0,0.0,0.0,0.0,0.0,0.0,0,0.0,0.0,0.0,0,0.0,0.0,0,0.0,0,0.0,0.0,0.0,0.0,0.0,0.0,0.0,0.0,0.0,0.0,0.0,0.0,0.0,0.0,0.0,0.0,0.0
6471,"Soups, Sauces, and Gravies","SOUP,VEG BF,CND,PREP W/ EQ VOLUME H2O","Soup, vegetable beef, canned, prepared with equal volume water",,,,31,2.23,0.76,4.06,0.45,0.8,78.0,0.03,0.13,1.0,0.24,4,0.412,0.02,0.015,8,0.077,0.45,3,0.125,16,1.1,0.62,0.086666667,0.017647059,0.054166667,0.011111111,0.016,0.01,0.02575,0.015384615,0.0125,0.006666667,8.55556e-05,0.007142857,0.022857143,0.02,0.056363636
6472,"Soups, Sauces, and Gravies","SOUP,VEG W/ BF BROTH,CND,PREP W/ EQ VOLUME H2O","Soup, vegetable with beef broth, canned, prepared with equal volume water",,,,33,1.21,0.78,5.35,0.82,0.7,43.0,0.023,0.0,1.0,0.06,4,0.395,0.019,0.021,9,0.067,0.4,3,0.138,16,1.1,0.33,0.047777778,0.013529412,0.0,0.011111111,0.004,0.01,0.0246875,0.014615385,0.0175,0.0075,7.44444e-05,0.007142857,0.022857143,0.02,0.03
6475,"Soups, Sauces, and Gravies","SOUP,BF BROTH OR BOUILLON,PDR,PREP W/H2O","Soup, beef broth or bouillon, powder, prepared with water",,,,3,0.21,0.08,0.25,0.2,0.0,0.0,0.003,0.01,0.0,0.01,0,0.049,0.003,0.002,4,0.01,0.02,2,0.006,3,0.3,0.01,0.0,0.001764706,0.004166667,0.0,0.000666667,0.0,0.0030625,0.002307692,0.001666667,0.003333333,1.11111e-05,0.004761905,0.004285714,0.005454545,0.000909091
6476,"Soups, Sauces, and Gravies","SOUP,BF BROTH,CUBED,PREP W/H2O","Soup, beef broth, cubed, prepared with water",,,,3,0.21,0.08,0.25,0.2,0.0,0.0,0.003,0.01,0.0,0.01,0,0.049,0.003,0.002,4,0.01,0.02,2,0.006,3,0.3,0.01,0.0,0.001764706,0.004166667,0.0,0.000666667,0.0,0.0030625,0.002307692,0.001666667,0.003333333,1.11111e-05,0.004761905,0.004285714,0.005454545,0.000909091
6480,"Soups, Sauces, and Gravies","SOUP,CHICK BROTH OR BOUILLON,DRY,PREP W/ H2O","Soup, chicken broth or bouillon, dry, prepared with water",,,,4,0.28,0.23,0.3,0.29,0.0,0.0,0.002,0.0,0.0,0.01,1,0.041,0.007,0.002,6,0.01,0.02,2,0.003,3,0.5,0.01,0.0,0.001176471,0.0,0.0,0.000666667,0.0025,0.0025625,0.005384615,0.001666667,0.005,1.11111e-05,0.004761905,0.004285714,0.009090909,0.000909091
6481,"Soups, Sauces, and Gravies","SOUP,CHICK BROTH CUBES,DRY,PREP W/ H2O","Soup, chicken broth cubes, dry, prepared with water",,,,5,0.39,0.12,0.62,0.0,0.0,1.0,0.0,0.01,0.0,0.0,1,0.103,0.01,0.005,5,0.0,0.05,1,0.01,5,0.0,0.01,0.001111111,0.0,0.004166667,0.0,0.0,0.0025,0.0064375,0.007692308,0.004166667,0.004166667,0.0,0.002380952,0.007142857,0.0,0.000909091
6482,"Soups, Sauces, and Gravies","CAMPBELLS LO NA SOUPS,CHICK W/ NOODLES SOUP","CAMPBELLS Low Sodium Soups, Chicken with Noodles Soup",,Campbell Soup Co.,,52,3.93,1.48,5.57,1.31,0.7,0.0,0.0,0.0,0.0,0.0,0,0.0,0.0,0.0,7,0.0,0.35,0,0.0,0,0.0,0.0,0.0,0.0,0.0,0.0,0.0,0.0,0.0,0.0,0.0,0.005833333,0.0,0.0,0.0,0.0,0.0
6483,"Soups, Sauces, and Gravies","SOUP,CRM OF CHICK,DRY,MIX,PREP W/ H2O","Soup, cream of chicken, dry, mix, prepared with water",,,,41,0.68,2.04,5.11,1.59,0.1,8.0,0.02,0.1,0.2,0.23,2,1.0,0.078,0.04,29,0.1,0.1,2,0.3,37,3.1,0.6,0.008888889,0.011764706,0.041666667,0.002222222,0.015333333,0.005,0.0625,0.06,0.033333333,0.024166667,0.000111111,0.004761905,0.052857143,0.056363636,0.054545455
6487,"Soups, Sauces, and Gravies","CAMPBELLS LO NA SOUPS,CRM OF MUSHROOM SOUP","CAMPBELLS Low Sodium Soups, Cream of Mushroom Soup",,Campbell Soup Co.,,54,1.01,2.68,6.38,2.01,0.0,0.0,0.0,0.0,0.0,0.0,0,0.0,0.0,0.0,13,0.0,0.0,0,0.0,0,0.0,0.0,0.0,0.0,0.0,0.0,0.0,0.0,0.0,0.0,0.0,0.010833333,0.0,0.0,0.0,0.0,0.0
6489,"Soups, Sauces, and Gravies","SOUP,CONSOMME W/ GELATIN,DRY,MIX,PREP W/ H2O","Soup, consomme with gelatin, dry, mix, prepared with water",,,,7,0.87,0.08,0.78,0.45,0.0,0.0,0.011,0.02,0.1,0.01,5,0.506,0.07,0.047,5,0.022,0.09,3,0.012,6,0.8,0.02,0.0,0.006470588,0.008333333,0.001111111,0.000666667,0.0125,0.031625,0.053846154,0.039166667,0.004166667,2.44444e-05,0.007142857,0.008571429,0.014545455,0.001818182
6494,"Soups, Sauces, and Gravies","SOUP,ONION,DRY,MIX,PREP W/ H2O","Soup, onion, dry, mix, prepared with water",,,,12,0.32,0.01,2.77,0.2,0.3,0.0,0.025,0.0,0.1,0.01,0,0.063,0.012,0.012,9,0.025,0.05,4,0.029,9,0.2,0.05,0.0,0.014705882,0.0,0.001111111,0.000666667,0.0,0.0039375,0.009230769,0.01,0.0075,2.77778e-05,0.00952381,0.012857143,0.003636364,0.004545455
6497,"Soups, Sauces, and Gravies","CAMPBELLS RED & WHITE - MCRWVEABLE BOWLS,CHICK NOODLE SOUP","CAMPBELLS Red and White - Microwaveable Bowls, Chicken Noodle Soup",,Campbell Soup Co.,,30,1.63,0.82,4.08,0.0,0.4,0.0,0.0,0.0,0.0,0.0,0,0.0,0.0,0.0,0,0.0,0.29,0,0.0,0,0.0,0.0,0.0,0.0,0.0,0.0,0.0,0.0,0.0,0.0,0.0,0.0,0.0,0.0,0.0,0.0,0.0
6498,"Soups, Sauces, and Gravies","SOUP,TOMATO,DRY,MIX,PREP W/ H2O","Soup, tomato, dry, mix, prepared with water",,,,38,0.93,0.61,7.17,3.9,0.4,20.0,0.058,0.06,2.0,0.22,11,0.926,0.175,0.105,29,0.034,0.18,10,0.036,33,1.1,0.13,0.022222222,0.034117647,0.025,0.022222222,0.014666667,0.0275,0.057875,0.134615385,0.0875,0.024166667,3.77778e-05,0.023809524,0.047142857,0.02,0.011818182
6502,"Soups, Sauces, and Gravies","CAMPBELLS RED & WHITE - MICROWAVEABLE BOWLS,CHICK RICE SOUP","CAMPBELLS Red and White - Microwaveable Bowls, Chicken Rice Soup",,Campbell Soup Co.,,30,0.82,0.41,5.71,0.41,0.4,0.0,0.0,0.0,0.0,0.0,0,0.0,0.0,0.0,8,0.0,0.29,0,0.0,0,0.0,0.0,0.0,0.0,0.0,0.0,0.0,0.0,0.0,0.0,0.0,0.006666667,0.0,0.0,0.0,0.0,0.0
6503,"Soups, Sauces, and Gravies","CAMPBELLS RED & WHITE - MCRWVEABLE BOWLS,CREAMY TOMATO SOUP","CAMPBELLS Red and White - Microwaveable Bowls, Creamy Tomato Soup",,Campbell Soup Co.,,64,1.22,2.04,10.2,6.53,1.2,0.0,0.0,0.0,2.4,0.0,0,0.0,0.0,0.0,16,0.0,0.15,0,0.0,0,0.0,0.0,0.0,0.0,0.0,0.026666667,0.0,0.0,0.0,0.0,0.0,0.013333333,0.0,0.0,0.0,0.0,0.0
6504,"Soups, Sauces, and Gravies","CAMPBELLS RED & WHITE - MICROWAVEABLE BOWLS,TOMATO SOUP","CAMPBELLS Red and White - Microwaveable Bowls, Tomato Soup",,Campbell Soup Co.,,44,1.22,0.0,9.8,7.35,1.2,0.0,0.0,0.0,2.4,0.0,0,0.0,0.0,0.0,8,0.0,0.15,0,0.0,0,0.0,0.0,0.0,0.0,0.0,0.026666667,0.0,0.0,0.0,0.0,0.0,0.006666667,0.0,0.0,0.0,0.0,0.0
6505,"Soups, Sauces, and Gravies","CAMPBELLS RED & WHITE - MICROWAVEABLE BOWLS,VEG BF SOUP","CAMPBELLS Red and White - Microwaveable Bowls, Vegetable Beef Soup",,Campbell Soup Co.,,34,2.04,0.2,6.12,0.82,1.2,0.0,0.0,0.0,0.0,0.0,0,0.0,0.0,0.0,0,0.0,0.15,0,0.0,0,0.0,0.0,0.0,0.0,0.0,0.0,0.0,0.0,0.0,0.0,0.0,0.0,0.0,0.0,0.0,0.0,0.0
6509,"Soups, Sauces, and Gravies",CAMPBELLS HOMESTYLE BUTTERNUT SQUASH BISQUE,CAMPBELLS Homestyle Butternut Squash Bisque,,Campbell Soup Co.,,45,0.41,1.22,7.76,4.9,0.4,0.0,0.0,0.0,0.0,0.0,0,0.0,0.0,0.0,8,0.0,0.15,0,0.0,0,0.0,0.0,0.0,0.0,0.0,0.0,0.0,0.0,0.0,0.0,0.0,0.006666667,0.0,0.0,0.0,0.0,0.0
6528,"Soups, Sauces, and Gravies","SOUP,CHICK NOODLE,DRY,MIX,PREP W/ H2O","Soup, chicken noodle, dry, mix, prepared with water",,,,23,0.84,0.55,3.67,0.31,0.1,1.0,0.01,0.02,0.0,0.05,11,0.431,0.03,0.081,2,0.014,0.2,3,0.032,12,3.8,0.08,0.001111111,0.005882353,0.008333333,0.0,0.003333333,0.0275,0.0269375,0.023076923,0.0675,0.001666667,1.55556e-05,0.007142857,0.017142857,0.069090909,0.007272727
6529,"Soups, Sauces, and Gravies",CAMPBELLS HOMESTLYE LT NEW ENGLAND CLAM CHOWDER,CAMPBELLS Homestlye Light New England Clam Chowder,,Campbell Soup Co.,,49,2.45,1.63,6.12,0.41,0.8,0.0,0.0,0.0,0.0,0.0,0,0.0,0.0,0.0,8,0.0,0.59,0,0.0,0,0.0,0.0,0.0,0.0,0.0,0.0,0.0,0.0,0.0,0.0,0.0,0.006666667,0.0,0.0,0.0,0.0,0.0
6537,"Soups, Sauces, and Gravies",CAMPBELLS HOMESTYLE HR MEXICAN STYLE CHICK TORTILLA,CAMPBELLS Homestyle HEALTHY REQUEST Mexican Style Chicken Tortilla,,Campbell Soup Co.,,53,2.86,1.02,7.76,1.22,1.2,0.0,0.0,0.0,0.5,0.0,0,0.0,0.0,0.0,16,0.0,0.44,0,0.0,0,0.0,0.0,0.0,0.0,0.0,0.005555556,0.0,0.0,0.0,0.0,0.0,0.013333333,0.0,0.0,0.0,0.0,0.0
6541,"Soups, Sauces, and Gravies",CAMPBELLS HOMESTYLE ITALIAN-STYLE WEDDING SOUP,CAMPBELLS Homestyle Italian-Style Wedding Soup,,Campbell Soup Co.,,49,2.86,1.43,6.12,1.22,0.8,0.0,0.0,0.0,0.0,0.0,0,0.0,0.0,0.0,16,0.0,0.44,0,0.0,0,0.0,0.0,0.0,0.0,0.0,0.0,0.0,0.0,0.0,0.0,0.0,0.013333333,0.0,0.0,0.0,0.0,0.0
6543,"Soups, Sauces, and Gravies",CAMPBELLS HOMESTYLE MEXICAN STYLE CHICK TORTILLA SOUP,CAMPBELLS Homestyle Mexican Style Chicken Tortilla Soup,,Campbell Soup Co.,,53,2.86,0.82,8.16,1.63,1.2,0.0,0.0,0.0,0.0,0.0,0,0.0,0.0,0.0,8,0.0,0.15,0,0.0,0,0.0,0.0,0.0,0.0,0.0,0.0,0.0,0.0,0.0,0.0,0.0,0.006666667,0.0,0.0,0.0,0.0,0.0
6544,"Soups, Sauces, and Gravies",CAMPBELLS HOMESTYLE MINESTRONE SOUP,CAMPBELLS Homestyle Minestrone Soup,,Campbell Soup Co.,,41,1.63,0.41,7.35,2.45,1.6,0.0,0.0,0.0,0.0,0.0,0,0.0,0.0,0.0,16,0.0,0.44,0,0.0,0,0.0,0.0,0.0,0.0,0.0,0.0,0.0,0.0,0.0,0.0,0.0,0.013333333,0.0,0.0,0.0,0.0,0.0
6545,"Soups, Sauces, and Gravies",CAMPBELLS HOMESTYLE NEW ENGLAND CLAM CHOWDER,CAMPBELLS Homestyle New England Clam Chowder,,Campbell Soup Co.,,70,2.33,4.23,5.68,0.0,0.8,0.0,0.0,0.0,0.0,0.0,0,0.422,0.015,0.015,14,0.025,0.56,13,0.076,31,4.3,0.27,0.0,0.0,0.0,0.0,0.0,0.0,0.026375,0.011538462,0.0125,0.011666667,2.77778e-05,0.030952381,0.044285714,0.078181818,0.024545455
6546,"Soups, Sauces, and Gravies",CAMPBELLS HOMESTYLE POTATO BROCCOLI CHS SOUP,CAMPBELLS Homestyle Potato Broccoli Cheese Soup,,Campbell Soup Co.,,65,1.22,3.67,6.94,1.22,1.2,0.0,0.0,0.0,1.0,0.0,0,0.0,0.0,0.0,16,0.0,0.29,0,0.0,0,0.0,0.0,0.0,0.0,0.0,0.011111111,0.0,0.0,0.0,0.0,0.0,0.013333333,0.0,0.0,0.0,0.0,0.0
6547,"Soups, Sauces, and Gravies","SOUP,BF MUSHROOM,CND,PREP W/ EQ VOLUME H2O","Soup, beef mushroom, canned, prepared with equal volume water",,,,30,2.37,1.23,2.6,0.0,0.1,0.0,0.02,0.08,1.9,0.0,4,0.391,0.023,0.016,2,0.1,0.36,4,0.2,14,0.0,0.6,0.0,0.011764706,0.033333333,0.021111111,0.0,0.01,0.0244375,0.017692308,0.013333333,0.001666667,0.000111111,0.00952381,0.02,0.0,0.054545455
6548,"Soups, Sauces, and Gravies",CAMPBELLS HOMESTYLE CHICK W/ WHITE & WILD RICE SOUP,CAMPBELLS Homestyle Chicken with White & Wild Rice Soup,,Campbell Soup Co.,,41,2.45,0.41,6.94,1.22,0.4,0.0,0.0,0.0,0.0,0.0,0,0.0,0.0,0.0,8,0.0,0.15,0,0.0,0,0.0,0.0,0.0,0.0,0.0,0.0,0.0,0.0,0.0,0.0,0.0,0.006666667,0.0,0.0,0.0,0.0,0.0
6549,"Soups, Sauces, and Gravies","SOUP,CHICK MUSHROOM,CND,PREP W/ EQ VOLUME H2O","Soup, chicken mushroom, canned, prepared with equal volume water",,,,54,1.8,3.75,3.8,0.0,0.1,23.0,0.02,0.02,0.0,0.0,0,0.668,0.046,0.01,12,0.1,0.36,4,0.1,11,0.0,0.4,0.025555556,0.011764706,0.008333333,0.0,0.0,0.0,0.04175,0.035384615,0.008333333,0.01,0.000111111,0.00952381,0.015714286,0.0,0.036363636
6558,"Soups, Sauces, and Gravies","SOUP,TOMATO BISQUE,CND,PREP W/ EQ VOLUME H2O","Soup, tomato bisque, canned, prepared with equal volume water",,,,50,0.92,1.02,9.6,0.0,0.2,18.0,0.036,0.0,2.4,0.0,6,0.465,0.029,0.027,16,0.052,0.33,4,0.104,24,0.0,0.24,0.02,0.021176471,0.0,0.026666667,0.0,0.015,0.0290625,0.022307692,0.0225,0.013333333,5.77778e-05,0.00952381,0.034285714,0.0,0.021818182
6559,"Soups, Sauces, and Gravies","SOUP,TOMATO,CND,PREP W/EQ VOLUME H2O,COMM","Soup, tomato, canned, prepared with equal volume water, commercial",,,,30,0.79,0.28,6.57,3.97,0.6,10.0,0.042,0.0,6.3,0.17,0,0.505,0.031,0.019,8,0.083,0.54,7,0.058,14,2.5,0.12,0.011111111,0.024705882,0.0,0.07,0.011333333,0.0,0.0315625,0.023846154,0.015833333,0.006666667,9.22222e-05,0.016666667,0.02,0.045454545,0.010909091
6580,"Soups, Sauces, and Gravies",CAMPBELLS HOMESTYLE VEG MEDLEY SOUP,CAMPBELLS Homestyle Vegetable Medley Soup,,Campbell Soup Co.,,37,1.22,0.2,7.35,3.27,1.2,0.0,0.0,0.0,0.0,0.0,0,0.0,0.0,0.0,16,0.0,0.29,0,0.0,0,0.0,0.0,0.0,0.0,0.0,0.0,0.0,0.0,0.0,0.0,0.0,0.013333333,0.0,0.0,0.0,0.0,0.0
6583,"Soups, Sauces, and Gravies","SOUP,RAMEN NOODLE,ANY FLAVOR,DRY","Soup, ramen noodle, any flavor, dry",,,,440,10.17,17.59,60.26,1.98,2.9,1.0,0.038,0.25,0.3,2.44,165,5.401,0.255,0.448,21,0.126,4.11,25,0.63,115,23.1,0.6,0.001111111,0.022352941,0.104166667,0.003333333,0.162666667,0.4125,0.3375625,0.196153846,0.373333333,0.0175,0.00014,0.05952381,0.164285714,0.42,0.054545455
6584,"Soups, Sauces, and Gravies","SOUP,BROCCOLI CHS,CND,COND,COMM","Soup, broccoli cheese, canned, condensed, commercial",,,,87,2.1,5.3,7.7,2.12,1.8,66.0,0.064,0.02,2.0,0.72,40,0.248,0.04,0.02,41,0.03,0.3,13,0.0,42,1.5,0.26,0.073333333,0.037647059,0.008333333,0.022222222,0.048,0.1,0.0155,0.030769231,0.016666667,0.034166667,3.33333e-05,0.030952381,0.06,0.027272727,0.023636364
6585,"Soups, Sauces, and Gravies","CAMPBELLS SOUP ON THE GO,VEG W/ MINI RND NOODLES SOUP","CAMPBELLS Soup on the Go, Vegetable with Mini Round Noodles Soup",,Campbell Soup Co.,,33,0.66,0.16,6.89,4.59,0.3,0.0,0.0,0.0,0.4,0.0,0,0.0,0.0,0.0,7,0.0,0.24,0,0.0,0,0.0,0.0,0.0,0.0,0.0,0.004444444,0.0,0.0,0.0,0.0,0.0,0.005833333,0.0,0.0,0.0,0.0,0.0
6586,"Soups, Sauces, and Gravies","CAMPBELLS SOUP ON THE GO,CHICK & STARS SOUP","CAMPBELLS Soup on the Go, Chicken & Stars Soup",,Campbell Soup Co.,,23,0.98,0.49,3.28,0.33,0.3,0.0,0.0,0.0,1.2,0.0,0,0.0,0.0,0.0,7,0.0,0.12,0,0.0,0,0.0,0.0,0.0,0.0,0.0,0.013333333,0.0,0.0,0.0,0.0,0.0,0.005833333,0.0,0.0,0.0,0.0,0.0
6587,"Soups, Sauces, and Gravies","CAMPBELLS SOUP ON THE GO,CHICK W/ MINI NOODLES SOUP","CAMPBELLS Soup on the Go, Chicken with Mini Noodles Soup",,Campbell Soup Co.,,26,1.31,0.66,3.61,0.66,0.7,0.0,0.0,0.0,0.8,0.0,0,0.0,0.0,0.0,0,0.0,0.0,0,0.0,0,0.0,0.0,0.0,0.0,0.0,0.008888889,0.0,0.0,0.0,0.0,0.0,0.0,0.0,0.0,0.0,0.0,0.0
6588,"Soups, Sauces, and Gravies","CAMPBELLS SOUP ON THE GO,CLASSIC TOMATO SOUP","CAMPBELLS Soup on the Go, Classic Tomato Soup",,Campbell Soup Co.,,46,0.98,0.16,10.16,6.56,0.7,0.0,0.0,0.0,11.8,0.0,0,0.0,0.0,0.0,0,0.0,0.12,0,0.0,0,0.0,0.0,0.0,0.0,0.0,0.131111111,0.0,0.0,0.0,0.0,0.0,0.0,0.0,0.0,0.0,0.0,0.0
6589,"Soups, Sauces, and Gravies","CAMPBELLS SOUP ON THE GO,CREAMY BROCCOLI SOUP","CAMPBELLS Soup on the Go, Creamy Broccoli Soup",,Campbell Soup Co.,,52,0.66,3.61,4.26,1.31,1.0,0.0,0.0,0.0,0.0,0.0,0,0.0,0.0,0.0,13,0.0,0.12,0,0.0,0,0.0,0.0,0.0,0.0,0.0,0.0,0.0,0.0,0.0,0.0,0.0,0.010833333,0.0,0.0,0.0,0.0,0.0
6590,"Soups, Sauces, and Gravies","CAMPBELLS SOUP ON THE GO,CREAMY CHICK SOUP","CAMPBELLS Soup on the Go, Creamy Chicken Soup",,Campbell Soup Co.,,43,0.98,2.95,3.28,0.33,0.7,0.0,0.0,0.0,0.0,0.0,0,0.0,0.0,0.0,0,0.0,0.0,0,0.0,0,0.0,0.0,0.0,0.0,0.0,0.0,0.0,0.0,0.0,0.0,0.0,0.0,0.0,0.0,0.0,0.0,0.0
6592,"Soups, Sauces, and Gravies","CAMPBELLS SOUP ON THE GO,CREAMY TOMATO SOUP","CAMPBELLS Soup on the Go, Creamy Tomato Soup",,Campbell Soup Co.,,59,0.98,1.64,9.84,7.21,0.7,0.0,0.0,0.0,9.8,0.0,0,0.0,0.0,0.0,13,0.0,0.12,0,0.0,0,0.0,0.0,0.0,0.0,0.0,0.108888889,0.0,0.0,0.0,0.0,0.0,0.010833333,0.0,0.0,0.0,0.0,0.0
6594,"Soups, Sauces, and Gravies","CAMPBELLS SOUP ON THE GO,NEW ENGLAND CLAM CHOWDER","CAMPBELLS Soup on the Go, New England Clam Chowder",,Campbell Soup Co.,,52,0.66,3.61,4.26,0.66,1.0,0.0,0.0,0.0,0.0,0.0,0,0.0,0.0,0.0,7,0.0,0.24,0,0.0,0,0.0,0.0,0.0,0.0,0.0,0.0,0.0,0.0,0.0,0.0,0.0,0.005833333,0.0,0.0,0.0,0.0,0.0
6595,"Soups, Sauces, and Gravies","CAMPBELLS SOUP ON THE GO,VEG BF SOUP","CAMPBELLS Soup on the Go, Vegetable Beef Soup",,Campbell Soup Co.,,20,0.98,0.33,3.28,1.64,0.3,0.0,0.0,0.0,0.0,0.0,0,0.0,0.0,0.0,7,0.0,0.12,0,0.0,0,0.0,0.0,0.0,0.0,0.0,0.0,0.0,0.0,0.0,0.0,0.0,0.005833333,0.0,0.0,0.0,0.0,0.0
6596,"Soups, Sauces, and Gravies","CAMPBELLS SOUP ON THE GO,CHEESY POTATO W/ BACON FLAVOR SOUP","CAMPBELLS Soup on the Go, Cheesy Potato with Bacon Flavor Soup",,Campbell Soup Co.,,43,0.66,1.97,5.25,1.31,0.3,0.0,0.0,0.0,0.0,0.0,0,0.0,0.0,0.0,7,0.0,0.12,0,0.0,0,0.0,0.0,0.0,0.0,0.0,0.0,0.0,0.0,0.0,0.0,0.0,0.005833333,0.0,0.0,0.0,0.0,0.0
6597,"Soups, Sauces, and Gravies","PACE,CHIPOTLE CHUNKY SALSA","PACE, Chipotle Chunky Salsa",,Campbell Soup Co.,,25,0.0,0.0,6.25,6.25,3.1,0.0,0.0,0.0,0.0,0.0,0,0.0,0.0,0.0,0,0.0,0.0,0,0.0,0,0.0,0.0,0.0,0.0,0.0,0.0,0.0,0.0,0.0,0.0,0.0,0.0,0.0,0.0,0.0,0.0,0.0
6598,"Soups, Sauces, and Gravies","PACE,CILANTRO CHUNKY SALSA","PACE, Cilantro Chunky Salsa",,Campbell Soup Co.,,25,0.0,0.0,6.25,6.25,3.1,0.0,0.0,0.0,0.0,0.0,0,0.0,0.0,0.0,0,0.0,0.0,0,0.0,0,0.0,0.0,0.0,0.0,0.0,0.0,0.0,0.0,0.0,0.0,0.0,0.0,0.0,0.0,0.0,0.0,0.0
6599,"Soups, Sauces, and Gravies","PACE,ENCHILADA SAU","PACE, Enchilada Sauce",,Campbell Soup Co.,,40,1.67,0.0,8.33,6.67,1.7,0.0,0.0,0.0,2.0,0.0,0,0.0,0.0,0.0,0,0.0,0.6,0,0.0,0,0.0,0.0,0.0,0.0,0.0,0.022222222,0.0,0.0,0.0,0.0,0.0,0.0,0.0,0.0,0.0,0.0,0.0
6600,"Soups, Sauces, and Gravies","PACE,GRN TACO SAU","PACE, Green Taco Sauce",,Campbell Soup Co.,,25,0.0,0.0,6.25,6.25,0.0,0.0,0.0,0.0,0.0,0.0,0,0.0,0.0,0.0,0,0.0,0.0,0,0.0,0,0.0,0.0,0.0,0.0,0.0,0.0,0.0,0.0,0.0,0.0,0.0,0.0,0.0,0.0,0.0,0.0,0.0
6601,"Soups, Sauces, and Gravies","PACE,LIME & GARLIC CHUNKY SALSA","PACE, Lime & Garlic Chunky Salsa",,Campbell Soup Co.,,38,0.0,0.0,9.38,6.25,3.1,0.0,0.0,0.0,5.6,0.0,0,0.0,0.0,0.0,0,0.0,0.0,0,0.0,0,0.0,0.0,0.0,0.0,0.0,0.062222222,0.0,0.0,0.0,0.0,0.0,0.0,0.0,0.0,0.0,0.0,0.0
6602,"Soups, Sauces, and Gravies","PACE,ORGANIC PICANTE SAU","PACE, Organic Picante Sauce",,Campbell Soup Co.,,25,0.0,0.0,6.25,6.25,3.1,0.0,0.0,0.0,0.0,0.0,0,0.0,0.0,0.0,0,0.0,0.0,0,0.0,0,0.0,0.0,0.0,0.0,0.0,0.0,0.0,0.0,0.0,0.0,0.0,0.0,0.0,0.0,0.0,0.0,0.0
6603,"Soups, Sauces, and Gravies","PACE,PICANTE SAU","PACE, Picante Sauce",,Campbell Soup Co.,,25,0.0,0.0,6.25,6.25,3.1,0.0,0.0,0.0,0.0,0.0,0,0.0,0.0,0.0,0,0.0,0.0,0,0.0,0,0.0,0.0,0.0,0.0,0.0,0.0,0.0,0.0,0.0,0.0,0.0,0.0,0.0,0.0,0.0,0.0,0.0
6604,"Soups, Sauces, and Gravies","PACE,RED TACO SAU","PACE, Red Taco Sauce",,Campbell Soup Co.,,50,0.0,0.0,12.5,6.25,0.0,0.0,0.0,0.0,0.0,0.0,0,0.0,0.0,0.0,0,0.0,0.0,0,0.0,0,0.0,0.0,0.0,0.0,0.0,0.0,0.0,0.0,0.0,0.0,0.0,0.0,0.0,0.0,0.0,0.0,0.0
6605,"Soups, Sauces, and Gravies","PACE,THICK & CHUNKY SALSA","PACE, Thick & Chunky Salsa",,Campbell Soup Co.,,25,0.0,0.0,6.25,6.25,3.1,0.0,0.0,0.0,0.0,0.0,0,0.0,0.0,0.0,0,0.0,0.0,0,0.0,0,0.0,0.0,0.0,0.0,0.0,0.0,0.0,0.0,0.0,0.0,0.0,0.0,0.0,0.0,0.0,0.0,0.0
6609,"Soups, Sauces, and Gravies","SWANSON BROTH,CERT ORGANIC VEG BROTH","SWANSON BROTH, Certified Organic Vegetable Broth",,Campbell Soup Co.,,5,0.0,0.0,1.28,0.85,0.0,0.0,0.0,0.0,0.0,0.0,0,0.0,0.0,0.0,0,0.0,0.0,0,0.0,0,0.0,0.0,0.0,0.0,0.0,0.0,0.0,0.0,0.0,0.0,0.0,0.0,0.0,0.0,0.0,0.0,0.0
6615,"Soups, Sauces, and Gravies","SWANSON BROTH,VEG BROTH","SWANSON BROTH, Vegetable Broth",,Campbell Soup Co.,,5,0.0,0.0,1.28,0.85,0.0,0.0,0.0,0.0,0.0,0.0,0,0.0,0.0,0.0,0,0.0,0.0,0,0.0,0,0.0,0.0,0.0,0.0,0.0,0.0,0.0,0.0,0.0,0.0,0.0,0.0,0.0,0.0,0.0,0.0,0.0
6617,"Soups, Sauces, and Gravies",CAMPBELLS HOMESTYLE LT ITALIAN-STYLE WEDDING SOUP,CAMPBELLS Homestyle Light Italian-Style Wedding Soup,,Campbell Soup Co.,,33,2.45,0.61,4.49,0.82,0.4,0.0,0.0,0.0,0.0,0.0,0,0.0,0.0,0.0,16,0.0,0.44,0,0.0,0,0.0,0.0,0.0,0.0,0.0,0.0,0.0,0.0,0.0,0.0,0.0,0.013333333,0.0,0.0,0.0,0.0,0.0
6618,"Soups, Sauces, and Gravies","SAUCE,PNUT,MADE FROM COCNT,H2O,SUGAR,PNUTS","Sauce, peanut, made from coconut, water, sugar, peanuts",,,,179,2.02,6.34,28.46,18.8,1.1,0.0,0.085,0.0,0.0,0.94,4,1.355,0.04,0.07,9,0.063,0.38,19,0.5,35,2.7,0.3,0.0,0.05,0.0,0.0,0.062666667,0.01,0.0846875,0.030769231,0.058333333,0.0075,7e-05,0.045238095,0.05,0.049090909,0.027272727
6619,"Soups, Sauces, and Gravies","SMART SOUP,SANTA FE CORN CHOWDER","SMART SOUP, Santa Fe Corn Chowder",,Smart Soup,,55,2.0,0.71,11.2,3.6,2.0,0.0,0.0,0.0,0.0,0.0,0,0.0,0.0,0.0,23,0.0,1.0,0,0.0,0,0.0,0.0,0.0,0.0,0.0,0.0,0.0,0.0,0.0,0.0,0.0,0.019166667,0.0,0.0,0.0,0.0,0.0
6620,"Soups, Sauces, and Gravies","SMART SOUP,FRENCH LENTIL","SMART SOUP, French Lentil",,Smart Soup,,53,2.9,1.06,9.5,2.6,2.9,0.0,0.0,0.0,0.0,0.0,0,0.0,0.0,0.0,23,0.0,1.0,0,0.0,0,0.0,0.0,0.0,0.0,0.0,0.0,0.0,0.0,0.0,0.0,0.0,0.019166667,0.0,0.0,0.0,0.0,0.0
6621,"Soups, Sauces, and Gravies","SMART SOUP,GREEK MINESTRONE","SMART SOUP, Greek Minestrone",,Smart Soup,,40,1.7,0.53,8.4,2.7,2.7,0.0,0.0,0.0,0.0,0.0,0,0.0,0.0,0.0,21,0.0,1.0,0,0.0,0,0.0,0.0,0.0,0.0,0.0,0.0,0.0,0.0,0.0,0.0,0.0,0.0175,0.0,0.0,0.0,0.0,0.0
6622,"Soups, Sauces, and Gravies","SMART SOUP,INDIAN BEAN MASALA","SMART SOUP, Indian Bean Masala",,Smart Soup,,57,3.3,0.88,10.5,2.3,2.6,0.0,0.0,0.0,0.0,0.0,0,0.0,0.0,0.0,22,0.0,1.0,0,0.0,0,0.0,0.0,0.0,0.0,0.0,0.0,0.0,0.0,0.0,0.0,0.0,0.018333333,0.0,0.0,0.0,0.0,0.0
6623,"Soups, Sauces, and Gravies","SMART SOUP,MOROCCAN CHICK PEA","SMART SOUP, Moroccan Chick Pea",,Smart Soup,,51,2.0,1.06,9.7,4.2,3.1,0.0,0.0,0.0,0.0,0.0,0,0.0,0.0,0.0,23,0.0,1.0,0,0.0,0,0.0,0.0,0.0,0.0,0.0,0.0,0.0,0.0,0.0,0.0,0.0,0.019166667,0.0,0.0,0.0,0.0,0.0
6624,"Soups, Sauces, and Gravies","SMART SOUP,THAI COCNT CURRY","SMART SOUP, Thai Coconut Curry",,Smart Soup,,36,0.8,1.06,6.5,3.7,1.0,0.0,0.0,0.0,0.0,0.0,0,0.0,0.0,0.0,19,0.0,0.0,0,0.0,0,0.0,0.0,0.0,0.0,0.0,0.0,0.0,0.0,0.0,0.0,0.0,0.015833333,0.0,0.0,0.0,0.0,0.0
6625,"Soups, Sauces, and Gravies","SMART SOUP,VIETNAMESE CARROT LEMONGRASS","SMART SOUP, Vietnamese Carrot Lemongrass",,Smart Soup,,44,1.3,1.06,8.2,4.4,1.5,0.0,0.0,0.0,0.0,0.0,0,0.0,0.0,0.0,23,0.0,0.0,0,0.0,0,0.0,0.0,0.0,0.0,0.0,0.0,0.0,0.0,0.0,0.0,0.0,0.019166667,0.0,0.0,0.0,0.0,0.0
6720,"Soups, Sauces, and Gravies","SAUCE,CHS SAU MIX,DRY","Sauce, cheese sauce mix, dry",,,,438,7.68,18.33,60.52,10.26,1.0,56.0,0.182,0.46,0.9,0.0,134,2.399,0.678,0.211,204,0.085,0.5,36,0.052,283,0.0,1.11,0.062222222,0.107058824,0.191666667,0.01,0.0,0.335,0.1499375,0.521538462,0.175833333,0.17,9.44444e-05,0.085714286,0.404285714,0.0,0.100909091
6725,"Soups, Sauces, and Gravies","SOUP,CHICK CORN CHOWDER,CHUNKY,RTS,SINGLE BRAND","Soup, chicken corn chowder, chunky, ready-to-serve, single brand",,,,99,3.1,6.3,7.5,0.0,0.9,58.0,0.0,0.0,0.0,0.0,0,0.0,0.0,0.0,0,0.0,0.0,0,0.0,0,0.0,0.0,0.064444444,0.0,0.0,0.0,0.0,0.0,0.0,0.0,0.0,0.0,0.0,0.0,0.0,0.0,0.0
6726,"Soups, Sauces, and Gravies","SOUP,CHICK MUSHROOM CHOWDER,CHUNKY,RTS,SINGLE BRAND","Soup, chicken mushroom chowder, chunky, ready-to-serve, single brand",,,,80,3.0,4.4,7.1,0.0,1.4,0.0,0.0,0.0,2.0,0.0,0,0.0,0.0,0.0,0,0.0,0.48,0,0.0,0,0.0,0.0,0.0,0.0,0.0,0.022222222,0.0,0.0,0.0,0.0,0.0,0.0,0.0,0.0,0.0,0.0,0.0
6728,"Soups, Sauces, and Gravies","SOUP,POTATO HAM CHOWDER,CHUNKY,RTS,SINGLE BRAND","Soup, potato ham chowder, chunky, ready-to-serve, single brand",,,,80,2.7,5.2,5.6,0.0,0.6,0.0,0.0,0.0,0.0,0.0,0,0.0,0.0,0.0,0,0.0,0.7,0,0.0,0,0.0,0.0,0.0,0.0,0.0,0.0,0.0,0.0,0.0,0.0,0.0,0.0,0.0,0.0,0.0,0.0,0.0
6729,"Soups, Sauces, and Gravies","SOUP,SIRLOIN BURGER W/VEG,RTS,SINGLE BRAND","Soup, sirloin burger with vegetables, ready-to-serve, single brand",,,,77,4.2,3.7,6.8,0.0,2.3,0.0,0.0,0.0,0.0,0.0,0,0.0,0.0,0.0,0,0.0,0.87,0,0.0,0,0.0,0.0,0.0,0.0,0.0,0.0,0.0,0.0,0.0,0.0,0.0,0.0,0.0,0.0,0.0,0.0,0.0
6730,"Soups, Sauces, and Gravies","SOUP,SPLIT PEA W/ HAM,CHUNKY,RED FAT,RED NA,RTS,SINGLE BRAND","Soup, split pea with ham, chunky, reduced fat, reduced sodium, ready-to-serve, single brand",,,,76,5.2,1.1,11.3,0.0,0.0,131.0,0.0,0.0,4.2,0.0,0,0.0,0.0,0.0,0,0.0,0.92,0,0.0,0,0.0,0.0,0.145555556,0.0,0.0,0.046666667,0.0,0.0,0.0,0.0,0.0,0.0,0.0,0.0,0.0,0.0,0.0
6731,"Soups, Sauces, and Gravies","SOUP,BEAN W/BACON,COND,SINGLE BRAND","Soup, bean with bacon, condensed, single brand",,,,117,6.5,2.1,18.0,0.0,4.6,0.0,0.0,0.0,0.0,0.0,0,0.0,0.0,0.0,0,0.0,1.37,0,0.0,0,0.0,0.0,0.0,0.0,0.0,0.0,0.0,0.0,0.0,0.0,0.0,0.0,0.0,0.0,0.0,0.0,0.0
6733,"Soups, Sauces, and Gravies","SOUP,BF W/VEG&BARLEY,CND,COND,SINGLE BRAND","Soup, beef with vegetables and barley, canned, condensed, single brand",,,,61,3.9,1.4,8.2,0.0,0.0,0.0,0.0,0.0,0.0,0.0,0,0.0,0.0,0.0,0,0.0,0.0,0,0.0,0,0.0,0.0,0.0,0.0,0.0,0.0,0.0,0.0,0.0,0.0,0.0,0.0,0.0,0.0,0.0,0.0,0.0
6734,"Soups, Sauces, and Gravies","SOUP,CHICK W/STAR-SHAPED PASTA,CND,COND,SINGLE BRAND","Soup, chicken with star-shaped pasta, canned, condensed, single brand",,,,50,2.3,1.4,7.1,0.0,0.0,0.0,0.0,0.0,0.0,0.0,0,0.0,0.0,0.0,0,0.0,0.0,0,0.0,0,0.0,0.0,0.0,0.0,0.0,0.0,0.0,0.0,0.0,0.0,0.0,0.0,0.0,0.0,0.0,0.0,0.0
6736,"Soups, Sauces, and Gravies","SOUP,CRM OF CHICK,CND,COND,SINGLE BRAND","Soup, cream of chicken, canned, condensed, single brand",,,,99,2.4,6.5,7.7,0.0,0.0,0.0,0.0,0.0,0.0,0.0,0,0.0,0.0,0.0,0,0.0,0.0,0,0.0,0,0.0,0.0,0.0,0.0,0.0,0.0,0.0,0.0,0.0,0.0,0.0,0.0,0.0,0.0,0.0,0.0,0.0
6738,"Soups, Sauces, and Gravies","SOUP,SPLIT PEA W/HAM&BACON,CND,COND,SINGLE BRAND","Soup, split pea with ham and bacon, canned, condensed, single brand",,,,140,8.6,2.3,21.2,0.0,3.0,0.0,0.0,0.0,0.0,0.0,0,0.0,0.0,0.0,0,0.0,1.59,0,0.0,0,0.0,0.0,0.0,0.0,0.0,0.0,0.0,0.0,0.0,0.0,0.0,0.0,0.0,0.0,0.0,0.0,0.0
6739,"Soups, Sauces, and Gravies","SOUP,VEG BF,CND,COND,SINGLE BRAND","Soup, vegetable beef, canned, condensed, single brand",,,,53,3.8,0.8,7.7,0.0,0.0,0.0,0.0,0.0,0.0,0.0,0,0.0,0.0,0.0,0,0.0,0.0,0,0.0,0,0.0,0.0,0.0,0.0,0.0,0.0,0.0,0.0,0.0,0.0,0.0,0.0,0.0,0.0,0.0,0.0,0.0
6740,"Soups, Sauces, and Gravies","SOUP,CHICK VEG,CHUNKY,RED FAT,RED NA,RTS,SINGLE BRAND","Soup, chicken vegetable, chunky, reduced fat, reduced sodium, ready-to-serve, single brand",,,,40,2.7,0.5,6.3,0.0,0.0,0.0,0.0,0.0,0.0,0.0,0,0.0,0.0,0.0,0,0.0,0.0,0,0.0,0,0.0,0.0,0.0,0.0,0.0,0.0,0.0,0.0,0.0,0.0,0.0,0.0,0.0,0.0,0.0,0.0,0.0
6742,"Soups, Sauces, and Gravies","SOUP,VEG BF,MICROWAVABLE,RTS,SINGLE BRAND","Soup, vegetable beef, microwavable, ready-to-serve, single brand",,,,44,6.2,0.7,3.3,0.0,1.5,33.0,0.0,0.0,0.0,0.0,0,0.0,0.0,0.0,0,0.0,0.0,0,0.0,0,0.0,0.0,0.036666667,0.0,0.0,0.0,0.0,0.0,0.0,0.0,0.0,0.0,0.0,0.0,0.0,0.0,0.0
6749,"Soups, Sauces, and Gravies","SOUP,BF & VEG,CND,RTS","Soup, beef and vegetables, canned, ready-to-serve",,,,48,3.18,1.16,6.16,1.25,1.2,115.0,0.126,0.17,3.6,0.45,9,0.978,0.016,0.015,18,0.026,0.51,10,0.067,48,3.0,0.56,0.127777778,0.074117647,0.070833333,0.04,0.03,0.0225,0.061125,0.012307692,0.0125,0.015,2.88889e-05,0.023809524,0.068571429,0.054545455,0.050909091
6930,"Soups, Sauces, and Gravies","SAUCE,CHS,RTS","Sauce, cheese, ready-to-serve",,,,174,6.71,13.29,6.83,0.42,0.5,80.0,0.017,0.14,0.4,0.0,4,0.024,0.114,0.006,184,0.018,0.21,9,0.01,157,3.2,0.98,0.088888889,0.01,0.058333333,0.004444444,0.0,0.01,0.0015,0.087692308,0.005,0.153333333,2e-05,0.021428571,0.224285714,0.058181818,0.089090909
6931,"Soups, Sauces, and Gravies","SAUCE,PASTA,SPAGHETTI/MARINARA,RTS","Sauce, pasta, spaghetti/marinara, ready-to-serve",,,,49,1.41,1.48,7.53,5.5,1.8,33.0,0.173,0.0,2.0,2.4,13,3.917,0.061,0.024,27,0.081,0.78,18,0.137,34,1.4,0.2,0.036666667,0.101764706,0.0,0.022222222,0.16,0.0325,0.2448125,0.046923077,0.02,0.0225,9e-05,0.042857143,0.048571429,0.025454545,0.018181818
6932,"Soups, Sauces, and Gravies","PREGO PASTA,TRADITIONAL ITALIAN SAU,RTS","PREGO Pasta, Traditional Italian Sauce, ready-to-serve",,Campbell Soup Co.,,54,1.54,1.15,10.0,7.69,2.3,0.0,0.0,0.0,1.8,0.0,0,0.0,0.0,0.0,15,0.0,0.55,0,0.0,0,0.0,0.0,0.0,0.0,0.0,0.02,0.0,0.0,0.0,0.0,0.0,0.0125,0.0,0.0,0.0,0.0,0.0
6955,"Soups, Sauces, and Gravies","SOUP,CRM OF CHICK,CND,COND,RED NA","Soup, cream of chicken, canned, condensed, reduced sodium",,,,58,1.8,1.3,9.5,0.39,0.4,25.0,0.012,0.05,0.0,0.08,4,0.637,0.022,0.005,11,0.034,0.2,2,0.055,23,6.3,0.13,0.027777778,0.007058824,0.020833333,0.0,0.005333333,0.01,0.0398125,0.016923077,0.004166667,0.009166667,3.77778e-05,0.004761905,0.032857143,0.114545455,0.011818182
6956,"Soups, Sauces, and Gravies","SOUP,TOMATO,CND,COND,RED NA","Soup, tomato, canned, condensed, reduced sodium",,,,65,1.61,0.56,13.41,8.11,1.2,20.0,0.086,0.0,12.9,0.34,0,1.032,0.063,0.039,13,0.159,1.11,14,0.0,29,5.1,0.25,0.022222222,0.050588235,0.0,0.143333333,0.022666667,0.0,0.0645,0.048461538,0.0325,0.010833333,0.000176667,0.033333333,0.041428571,0.092727273,0.022727273
6957,"Soups, Sauces, and Gravies","GRAVY,BROWN INST,DRY","Gravy, brown instant, dry",,,,380,8.53,11.85,59.78,9.23,3.2,0.0,0.282,0.33,1.9,0.38,99,2.261,0.473,0.236,116,0.149,7.4,32,0.202,212,9.3,0.96,0.0,0.165882353,0.1375,0.021111111,0.025333333,0.2475,0.1413125,0.363846154,0.196666667,0.096666667,0.000165556,0.076190476,0.302857143,0.169090909,0.087272727
6958,"Soups, Sauces, and Gravies","GRAVY,INST BF,DRY","Gravy, instant beef, dry",,,,369,9.8,9.48,61.1,23.9,4.3,2.0,0.138,0.62,0.9,0.01,48,1.075,0.514,0.187,141,0.146,6.27,41,0.154,239,18.0,0.76,0.002222222,0.081176471,0.258333333,0.01,0.000666667,0.12,0.0671875,0.395384615,0.155833333,0.1175,0.000162222,0.097619048,0.341428571,0.327272727,0.069090909
6959,"Soups, Sauces, and Gravies","GRAVY,INST TURKEY,DRY","Gravy, instant turkey, dry",,,,409,11.72,14.66,57.56,7.6,3.8,18.0,0.205,0.37,0.9,0.74,56,1.181,0.264,0.13,115,0.169,9.57,30,0.186,203,19.4,1.13,0.02,0.120588235,0.154166667,0.01,0.049333333,0.14,0.0738125,0.203076923,0.108333333,0.095833333,0.000187778,0.071428571,0.29,0.352727273,0.102727273
6960,"Soups, Sauces, and Gravies","SAUCE,ALFREDO MIX,DRY","Sauce, alfredo mix, dry",,,,535,15.32,36.35,36.52,5.4,2.0,54.0,0.134,0.38,0.0,1.84,4,2.07,0.054,0.156,467,0.064,0.94,32,0.056,415,9.3,1.49,0.06,0.078823529,0.158333333,0.0,0.122666667,0.01,0.129375,0.041538462,0.13,0.389166667,7.11111e-05,0.076190476,0.592857143,0.169090909,0.135454545
6961,"Soups, Sauces, and Gravies","SAUCE,PEPPERS,HOT,CHILI,MATURE RED,CND","Sauce, peppers, hot, chili, mature red, canned",,,,21,0.9,0.6,3.9,2.55,0.7,23.0,0.14,0.0,30.0,0.36,11,0.6,0.09,0.01,9,0.087,0.5,12,0.0,16,0.2,0.15,0.025555556,0.082352941,0.0,0.333333333,0.024,0.0275,0.0375,0.069230769,0.008333333,0.0075,9.66667e-05,0.028571429,0.022857143,0.003636364,0.013636364
6962,"Soups, Sauces, and Gravies","SAUCE,CHILI,PEPPERS,HOT,IMMAT GRN,CND","Sauce, chili, peppers, hot, immature green, canned",,,,20,0.7,0.1,5.0,2.55,1.9,29.0,0.14,0.0,68.0,0.34,12,0.7,0.03,0.03,5,0.087,0.4,12,0.0,14,0.2,0.15,0.032222222,0.082352941,0.0,0.755555556,0.022666667,0.03,0.04375,0.023076923,0.025,0.004166667,9.66667e-05,0.028571429,0.02,0.003636364,0.013636364
6963,"Soups, Sauces, and Gravies",FISH BROTH,Fish broth,,,,16,2.0,0.6,0.4,0.09,0.0,1.0,0.01,0.1,0.0,0.15,4,1.37,0.03,0.0,30,0.051,0.21,1,0.0,30,0.7,0.1,0.001111111,0.005882353,0.041666667,0.0,0.01,0.01,0.085625,0.023076923,0.0,0.025,5.66667e-05,0.002380952,0.042857143,0.012727273,0.009090909
6964,"Soups, Sauces, and Gravies","SOUP,TOMATO,LO NA,W/H2O","Soup, tomato, low sodium, with water",,,,30,0.79,0.28,6.57,3.97,0.6,10.0,0.042,0.0,6.3,0.17,0,0.505,0.031,0.019,8,0.083,0.54,7,0.058,14,2.5,0.12,0.011111111,0.024705882,0.0,0.07,0.011333333,0.0,0.0315625,0.023846154,0.015833333,0.006666667,9.22222e-05,0.016666667,0.02,0.045454545,0.010909091
6965,"Soups, Sauces, and Gravies","SOUP,PEA,LO NA,PREP W/ EQ VOLUME H2O","Soup, pea, low sodium, prepared with equal volume water",,,,62,3.2,1.09,9.88,3.19,1.9,3.0,0.02,0.0,0.6,0.09,1,0.462,0.025,0.04,12,0.146,0.73,15,0.0,47,3.6,0.64,0.003333333,0.011764706,0.0,0.006666667,0.006,0.0025,0.028875,0.019230769,0.033333333,0.01,0.000162222,0.035714286,0.067142857,0.065454545,0.058181818
6966,"Soups, Sauces, and Gravies","SOUP,CHICK NOODLE,LO NA,CND,PREP W/ EQ VOLUME H2O","Soup, chicken noodle, low sodium, canned, prepared with equal volume water",,,,25,1.27,0.95,2.95,0.27,0.2,11.0,0.02,0.02,0.0,0.03,12,0.54,0.045,0.055,6,0.064,0.66,4,0.051,17,4.8,0.16,0.012222222,0.011764706,0.008333333,0.0,0.002,0.03,0.03375,0.034615385,0.045833333,0.005,7.11111e-05,0.00952381,0.024285714,0.087272727,0.014545455
6967,"Soups, Sauces, and Gravies","SOUP,VEG SOUP,COND,LO NA,PREP W/ EQ VOLUME H2O","Soup, vegetable soup, condensed, low sodium, prepared with equal volume water",,,,33,1.1,0.45,6.06,2.15,1.1,43.0,0.084,0.0,0.4,0.72,6,0.77,0.046,0.055,12,0.121,0.33,13,0.125,23,2.0,0.2,0.047777778,0.049411765,0.0,0.004444444,0.048,0.015,0.048125,0.035384615,0.045833333,0.01,0.000134444,0.030952381,0.032857143,0.036363636,0.018181818
6968,"Soups, Sauces, and Gravies","SOUP,CRM OF MUSHROOM,LO NA,RTS,CND","Soup, cream of mushroom, low sodium, ready-to-serve, canned",,,,53,1.0,3.7,4.53,1.72,0.2,7.0,0.01,0.02,0.4,0.37,9,0.3,0.04,0.02,19,0.051,0.21,2,0.0,20,0.6,0.24,0.007777778,0.005882353,0.008333333,0.004444444,0.024666667,0.0225,0.01875,0.030769231,0.016666667,0.015833333,5.66667e-05,0.004761905,0.028571429,0.010909091,0.021818182
6969,"Soups, Sauces, and Gravies","POTATO SOUP,INST,DRY MIX","Potato soup, instant, dry mix",,,,343,9.2,3.1,76.14,10.0,7.6,3.0,0.16,0.0,16.0,0.54,64,4.27,0.22,0.11,172,0.25,2.38,62,0.0,279,12.3,0.91,0.003333333,0.094117647,0.0,0.177777778,0.036,0.16,0.266875,0.169230769,0.091666667,0.143333333,0.000277778,0.147619048,0.398571429,0.223636364,0.082727273
6970,"Soups, Sauces, and Gravies","SOUP,CHICK BROTH,LO NA,CND","Soup, chicken broth, low sodium, canned",,,,16,2.0,0.6,1.2,0.13,0.0,0.0,0.01,0.1,0.0,0.0,0,1.37,0.03,0.0,4,0.051,0.21,1,0.0,30,0.0,0.1,0.0,0.005882353,0.041666667,0.0,0.0,0.0,0.085625,0.023076923,0.0,0.003333333,5.66667e-05,0.002380952,0.042857143,0.0,0.009090909
6971,"Soups, Sauces, and Gravies","SAUCE,WORCESTERSHIRE","Sauce, worcestershire",,,,78,0.0,0.0,19.46,10.03,0.0,5.0,0.0,0.0,13.0,0.08,8,0.7,0.13,0.07,107,0.2,5.3,13,0.0,60,0.5,0.19,0.005555556,0.0,0.0,0.144444444,0.005333333,0.02,0.04375,0.1,0.058333333,0.089166667,0.000222222,0.030952381,0.085714286,0.009090909,0.017272727
6972,"Soups, Sauces, and Gravies","SAUCE,TOMATO CHILI SAU,BTLD,W/SALT","Sauce, tomato chili sauce, bottled, with salt",,,,104,2.5,0.3,19.79,10.54,5.9,34.0,0.16,0.0,16.0,1.92,9,1.6,0.07,0.09,20,0.13,0.8,12,0.0,52,1.1,0.16,0.037777778,0.094117647,0.0,0.177777778,0.128,0.0225,0.1,0.053846154,0.075,0.016666667,0.000144444,0.028571429,0.074285714,0.02,0.014545455
6974,"Soups, Sauces, and Gravies","SOUP,VEG CHICK,CND,PREP W/ H2O,LO NA","Soup, vegetable chicken, canned, prepared with water, low sodium",,,,69,5.1,2.0,8.76,1.42,0.4,138.0,0.04,0.1,2.3,0.3,19,1.37,0.07,0.02,11,0.1,0.61,4,0.0,44,5.1,0.9,0.153333333,0.023529412,0.041666667,0.025555556,0.02,0.0475,0.085625,0.053846154,0.016666667,0.009166667,0.000111111,0.00952381,0.062857143,0.092727273,0.081818182
6976,"Soups, Sauces, and Gravies","SAUCE,PASTA,SPAGHETTI/MARINARA,RTS,LO NA","Sauce, pasta, spaghetti/marinara, ready-to-serve, low sodium",,,,51,1.41,1.48,8.06,5.5,1.8,33.0,0.173,0.0,2.0,2.4,13,3.917,0.061,0.024,27,0.081,0.78,18,0.137,34,1.1,0.2,0.036666667,0.101764706,0.0,0.022222222,0.16,0.0325,0.2448125,0.046923077,0.02,0.0225,9e-05,0.042857143,0.048571429,0.02,0.018181818
6977,"Soups, Sauces, and Gravies","GRAVY,MEAT OR POULTRY,LO NA,PREP","Gravy, meat or poultry, low sodium, prepared",,,,53,3.8,2.4,6.16,0.01,0.3,0.0,0.01,0.1,0.0,0.06,25,0.66,0.04,0.03,6,0.1,0.7,2,0.0,30,0.6,1.0,0.0,0.005882353,0.041666667,0.0,0.004,0.0625,0.04125,0.030769231,0.025,0.005,0.000111111,0.004761905,0.042857143,0.010909091,0.090909091
6978,"Soups, Sauces, and Gravies","SOUP,BF & MUSHROOM,LO NA,CHUNK STYLE","Soup, beef and mushroom, low sodium, chunk style",,,,69,4.3,2.3,9.58,0.84,0.2,98.0,0.06,0.26,3.0,0.22,5,1.13,0.11,0.04,13,0.1,0.97,2,0.0,50,2.2,1.1,0.108888889,0.035294118,0.108333333,0.033333333,0.014666667,0.0125,0.070625,0.084615385,0.033333333,0.010833333,0.000111111,0.004761905,0.071428571,0.04,0.1
6980,"Soups, Sauces, and Gravies","SOUP,BF STROGANOFF,CND,CHUNKY STYLE,RTS","Soup, beef stroganoff, canned, chunky style, ready-to-serve",,,,98,5.1,4.6,9.0,1.68,0.6,84.0,0.06,0.26,0.0,0.41,74,0.1,0.09,0.04,20,0.1,0.88,2,0.0,50,7.6,1.1,0.093333333,0.035294118,0.108333333,0.0,0.027333333,0.185,0.00625,0.069230769,0.033333333,0.016666667,0.000111111,0.004761905,0.071428571,0.138181818,0.1
6981,"Soups, Sauces, and Gravies","SOUP,BOUILLON CUBES&GRANULES,LO NA,DRY","Soup, bouillon cubes and granules, low sodium, dry",,,,438,16.7,13.89,64.88,14.47,0.2,25.0,0.1,0.3,1.1,0.72,21,2.46,0.43,0.1,187,0.0,1.03,56,0.0,166,27.6,0.09,0.027777778,0.058823529,0.125,0.012222222,0.048,0.0525,0.15375,0.330769231,0.083333333,0.155833333,0.0,0.133333333,0.237142857,0.501818182,0.008181818
6982,"Soups, Sauces, and Gravies","SOUP,RAMEN NOODLE,BF FLAVOR,DRY","Soup, ramen noodle, beef flavor, dry",,,,441,10.06,17.73,60.34,1.99,3.0,0.0,0.037,0.0,0.6,2.49,0,5.139,0.258,0.479,21,0.122,3.93,25,0.644,115,19.6,0.61,0.0,0.021764706,0.0,0.006666667,0.166,0.0,0.3211875,0.198461538,0.399166667,0.0175,0.000135556,0.05952381,0.164285714,0.356363636,0.055454545
6983,"Soups, Sauces, and Gravies","SOUP,RAMEN NOODLE,CHICK FLAVOR,DRY","Soup, ramen noodle, chicken flavor, dry",,,,439,10.22,17.52,60.23,1.96,2.9,0.0,0.039,0.0,0.0,2.41,0,5.536,0.254,0.433,22,0.128,4.21,25,0.625,115,24.7,0.59,0.0,0.022941176,0.0,0.0,0.160666667,0.0,0.346,0.195384615,0.360833333,0.018333333,0.000142222,0.05952381,0.164285714,0.449090909,0.053636364
6984,"Soups, Sauces, and Gravies","SOUP,SWANSON CHICK BROTH 99% FAT FREE","Soup, SWANSON Chicken Broth 99% Fat Free",,Campbell Soup Co.,,4,0.54,0.17,0.14,0.15,0.0,0.0,0.014,0.2,0.0,0.0,0,0.558,0.021,0.007,4,0.019,0.14,1,0.011,11,2.2,0.02,0.0,0.008235294,0.083333333,0.0,0.0,0.0,0.034875,0.016153846,0.005833333,0.003333333,2.11111e-05,0.002380952,0.015714286,0.04,0.001818182
6985,"Soups, Sauces, and Gravies","GRAVY,HEINZ HOME STYLE SAVORY BF GRAVY","Gravy, HEINZ Home Style Savory Beef Gravy",,"H.J. Heinz, Co.",,39,1.09,1.13,6.24,0.52,0.7,0.0,0.014,0.09,0.0,0.0,0,0.172,0.022,0.007,6,0.019,0.13,3,0.027,10,2.2,0.15,0.0,0.008235294,0.0375,0.0,0.0,0.0,0.01075,0.016923077,0.005833333,0.005,2.11111e-05,0.007142857,0.014285714,0.04,0.013636364
6986,"Soups, Sauces, and Gravies","CAMPBELLS HEALTHY REQUEST,CHICK NOODLE SOUP,COND","CAMPBELLS HEALTHY REQUEST, Chicken Noodle Soup, condensed",,Campbell Soup Co.,,47,2.4,1.3,6.51,0.89,1.0,0.0,0.0,0.0,0.3,0.0,0,0.0,0.0,0.0,12,0.0,0.69,5,0.0,25,0.0,0.2,0.0,0.0,0.0,0.003333333,0.0,0.0,0.0,0.0,0.0,0.01,0.0,0.011904762,0.035714286,0.0,0.018181818
6987,"Soups, Sauces, and Gravies","HEALTHY REQUEST,CRM OF CELERY,COND","HEALTHY REQUEST, Cream of Celery Soup, condensed",,Campbell Soup Co.,,56,0.81,1.61,9.68,1.61,0.8,0.0,0.0,0.0,0.0,0.0,0,0.0,0.0,0.0,81,0.0,0.0,0,0.0,0,0.0,0.0,0.0,0.0,0.0,0.0,0.0,0.0,0.0,0.0,0.0,0.0675,0.0,0.0,0.0,0.0,0.0
6988,"Soups, Sauces, and Gravies","CAMPBELLS HEALTHY REQUEST,CRM OF MUSHROOM SOUP,COND","CAMPBELLS HEALTHY REQUEST, Cream of Mushroom Soup, condensed",,Campbell Soup Co.,,55,1.29,1.7,8.6,1.79,1.0,0.0,0.0,0.0,0.1,0.0,0,0.0,0.0,0.0,71,0.0,0.3,13,0.0,56,0.0,0.07,0.0,0.0,0.0,0.001111111,0.0,0.0,0.0,0.0,0.0,0.059166667,0.0,0.030952381,0.08,0.0,0.006363636
6989,"Soups, Sauces, and Gravies","CAMPBELLS HEALTHY REQUEST,HOMESTYLE CHICK NOODLE SOUP,COND","CAMPBELLS HEALTHY REQUEST, Homestyle Chicken Noodle Soup, condensed",,Campbell Soup Co.,,51,2.7,1.0,7.8,0.6,0.6,0.0,0.0,0.0,0.6,0.0,0,0.0,0.0,0.0,13,0.0,0.4,6,0.0,69,0.0,0.2,0.0,0.0,0.0,0.006666667,0.0,0.0,0.0,0.0,0.0,0.010833333,0.0,0.014285714,0.098571429,0.0,0.018181818
6990,"Soups, Sauces, and Gravies","HEALTHY REQUEST,MINESTRONE SOUP,COND","HEALTHY REQUEST, Minestrone Soup, condensed",,Campbell Soup Co.,,63,2.38,0.4,11.9,3.17,2.4,0.0,0.0,0.0,0.0,0.0,0,0.0,0.0,0.0,32,0.0,0.86,0,0.0,0,0.0,0.0,0.0,0.0,0.0,0.0,0.0,0.0,0.0,0.0,0.0,0.026666667,0.0,0.0,0.0,0.0,0.0
6991,"Soups, Sauces, and Gravies","HEALTHY REQUEST,TOMATO SOUP,COND","HEALTHY REQUEST, Tomato Soup, condensed",,Campbell Soup Co.,,73,1.61,1.21,13.71,8.06,0.8,0.0,0.0,0.0,4.8,0.0,0,0.0,0.0,0.0,0,0.0,0.0,0,0.0,0,0.0,0.0,0.0,0.0,0.0,0.053333333,0.0,0.0,0.0,0.0,0.0,0.0,0.0,0.0,0.0,0.0,0.0
6992,"Soups, Sauces, and Gravies","HEALTHY REQUEST,VEG SOUP,COND","HEALTHY REQUEST, Vegetable Soup, condensed",,Campbell Soup Co.,,79,3.17,0.79,15.87,3.97,2.4,0.0,0.0,0.0,0.0,0.0,0,0.0,0.0,0.0,16,0.0,0.57,0,0.0,0,0.0,0.0,0.0,0.0,0.0,0.0,0.0,0.0,0.0,0.0,0.0,0.013333333,0.0,0.0,0.0,0.0,0.0
6994,"Soups, Sauces, and Gravies","PREGO PASTA,CHUNKY GARDEN COMB ITALIAN SAU,RTS","PREGO Pasta, Chunky Garden Combination Italian Sauce, ready-to-serve",,Campbell Soup Co.,,54,1.54,1.15,10.0,7.69,2.3,0.0,0.0,0.0,1.8,0.0,0,0.0,0.0,0.0,15,0.0,0.55,0,0.0,0,0.0,0.0,0.0,0.0,0.0,0.02,0.0,0.0,0.0,0.0,0.0,0.0125,0.0,0.0,0.0,0.0,0.0
6995,"Soups, Sauces, and Gravies","PREGO PASTA,CHNKY GRDN TMTO,ON & GRLIC ITAL SAU,RTS","PREGO Pasta, Chunky Garden Tomato, Onion and Garlic Italian Sauce, ready-to-serve",,Campbell Soup Co.,,72,1.6,2.4,10.4,8.0,2.4,0.0,0.0,0.0,2.9,0.0,0,0.0,0.0,0.0,16,0.0,0.58,0,0.0,0,0.0,0.0,0.0,0.0,0.0,0.032222222,0.0,0.0,0.0,0.0,0.0,0.013333333,0.0,0.0,0.0,0.0,0.0
6996,"Soups, Sauces, and Gravies",CAMPBELLS AU JUS GRAVY,CAMPBELLS Au Jus Gravy,,Campbell Soup Co.,,8,1.69,0.0,0.0,0.0,0.0,0.0,0.0,0.0,0.0,0.0,0,0.0,0.0,0.0,0,0.0,0.0,0,0.0,0,0.0,0.0,0.0,0.0,0.0,0.0,0.0,0.0,0.0,0.0,0.0,0.0,0.0,0.0,0.0,0.0,0.0
6997,"Soups, Sauces, and Gravies",CAMPBELLS BF GRAVY,CAMPBELLS Beef Gravy,,Campbell Soup Co.,,42,1.69,1.69,5.08,1.69,0.0,0.0,0.0,0.0,0.0,0.0,0,0.0,0.0,0.0,0,0.0,0.0,0,0.0,0,0.0,0.0,0.0,0.0,0.0,0.0,0.0,0.0,0.0,0.0,0.0,0.0,0.0,0.0,0.0,0.0,0.0
6998,"Soups, Sauces, and Gravies",CAMPBELLS BROWN GRAVY W/ ONIONS,CAMPBELLS Brown Gravy with Onions,,Campbell Soup Co.,,42,0.0,1.69,6.78,3.39,0.0,0.0,0.0,0.0,0.0,0.0,0,0.0,0.0,0.0,0,0.0,0.0,0,0.0,0,0.0,0.0,0.0,0.0,0.0,0.0,0.0,0.0,0.0,0.0,0.0,0.0,0.0,0.0,0.0,0.0,0.0
6999,"Soups, Sauces, and Gravies",CAMPBELLS CHICK GRAVY,CAMPBELLS Chicken Gravy,,Campbell Soup Co.,,68,0.0,5.08,5.08,1.69,0.0,0.0,0.0,0.0,0.0,0.0,0,0.0,0.0,0.0,0,0.0,0.0,0,0.0,0,0.0,0.0,0.0,0.0,0.0,0.0,0.0,0.0,0.0,0.0,0.0,0.0,0.0,0.0,0.0,0.0,0.0
7001,Sausages and Luncheon Meats,"BARBECUE LOAF,PORK,BEEF","Barbecue loaf, pork, beef",,,,173,15.84,8.9,6.4,0.0,0.0,3.0,0.26,1.68,0.0,0.0,9,2.266,0.248,0.36,55,0.07,1.16,17,0.04,132,21.3,2.46,0.003333333,0.152941176,0.7,0.0,0.0,0.0225,0.141625,0.190769231,0.3,0.045833333,7.77778e-05,0.04047619,0.188571429,0.387272727,0.223636364
7002,Sausages and Luncheon Meats,"BEERWURST,BEER SALAMI,PORK & BF","Beerwurst, beer salami, pork and beef",,,,277,14.0,22.53,3.76,0.0,0.9,3.0,0.23,1.16,0.6,0.19,5,2.975,0.173,0.246,27,0.103,1.73,19,0.155,135,17.4,2.21,0.003333333,0.135294118,0.483333333,0.006666667,0.012666667,0.0125,0.1859375,0.133076923,0.205,0.0225,0.000114444,0.045238095,0.192857143,0.316363636,0.200909091
7003,Sausages and Luncheon Meats,"BEERWURST,BEER SALAMI,PORK","Beerwurst, beer salami, pork",,,,238,14.24,18.8,2.06,0.0,0.0,0.0,0.35,0.87,0.0,0.0,3,3.254,0.192,0.554,8,0.05,0.76,13,0.032,103,20.9,1.72,0.0,0.205882353,0.3625,0.0,0.0,0.0075,0.203375,0.147692308,0.461666667,0.006666667,5.55556e-05,0.030952381,0.147142857,0.38,0.156363636
7004,Sausages and Luncheon Meats,SAUSAGE  BERLINER  PORK  BF,"Sausage, Berliner, pork, beef",,,,230,15.27,17.2,2.59,2.35,0.0,0.0,0.2,2.67,0.0,0.0,5,3.11,0.213,0.38,12,0.08,1.15,15,0.041,130,14.1,2.47,0.0,0.117647059,1.1125,0.0,0.0,0.0125,0.194375,0.163846154,0.316666667,0.01,8.88889e-05,0.035714286,0.185714286,0.256363636,0.224545455
7005,Sausages and Luncheon Meats,BLOOD SAUSAGE,Blood sausage,,,,379,14.6,34.5,1.29,1.29,0.0,0.0,0.04,1.0,0.0,0.13,5,1.2,0.13,0.07,6,0.04,6.4,8,0.01,22,15.5,1.3,0.0,0.023529412,0.416666667,0.0,0.008666667,0.0125,0.075,0.1,0.058333333,0.005,4.44444e-05,0.019047619,0.031428571,0.281818182,0.118181818
7006,Sausages and Luncheon Meats,BOCKWURST  PORK  VEAL  RAW,"Bockwurst, pork, veal, raw",,,,301,14.03,25.87,2.95,1.33,1.0,15.0,0.378,0.86,3.2,0.38,17,5.616,0.233,0.193,41,0.1,1.15,26,0.171,169,11.3,2.07,0.016666667,0.222352941,0.358333333,0.035555556,0.025333333,0.0425,0.351,0.179230769,0.160833333,0.034166667,0.000111111,0.061904762,0.241428571,0.205454545,0.188181818
7007,Sausages and Luncheon Meats,"BOLOGNA,BF","Bologna, beef",,,,299,10.91,26.13,4.29,2.05,0.0,19.0,0.157,1.19,15.2,0.56,3,2.321,0.065,0.03,21,0.053,1.29,13,0.04,154,11.6,1.93,0.021111111,0.092352941,0.495833333,0.168888889,0.037333333,0.0075,0.1450625,0.05,0.025,0.0175,5.88889e-05,0.030952381,0.22,0.210909091,0.175454545
7008,Sausages and Luncheon Meats,"BOLOGNA,BF & PORK","Bologna, beef and pork",,,,308,15.2,24.59,5.49,4.42,0.0,25.0,0.297,1.82,0.8,0.0,6,2.521,0.185,0.217,85,0.052,1.21,17,0.018,163,24.6,2.3,0.027777778,0.174705882,0.758333333,0.008888889,0.0,0.015,0.1575625,0.142307692,0.180833333,0.070833333,5.77778e-05,0.04047619,0.232857143,0.447272727,0.209090909
7010,Sausages and Luncheon Meats,"BOLOGNA,PORK","Bologna, pork",,,,247,15.3,19.87,0.73,0.0,0.0,0.0,0.27,0.93,0.0,0.26,5,3.9,0.157,0.523,11,0.08,0.77,14,0.036,139,12.7,2.03,0.0,0.158823529,0.3875,0.0,0.017333333,0.0125,0.24375,0.120769231,0.435833333,0.009166667,8.88889e-05,0.033333333,0.198571429,0.230909091,0.184545455
7011,Sausages and Luncheon Meats,BOLOGNA  TURKEY,"Bologna, turkey",,,,209,11.42,16.05,4.68,2.9,0.5,9.0,0.243,0.23,13.3,0.45,9,2.607,0.095,0.049,123,0.072,3.0,16,0.051,114,15.4,1.3,0.01,0.142941176,0.095833333,0.147777778,0.03,0.0225,0.1629375,0.073076923,0.040833333,0.1025,8e-05,0.038095238,0.162857143,0.28,0.118181818
7013,Sausages and Luncheon Meats,"BRATWURST,PORK,CKD","Bratwurst, pork, cooked",,,,333,13.72,29.18,2.85,0.0,0.0,2.0,0.327,0.73,0.0,0.26,3,4.795,0.307,0.459,28,0.104,0.53,21,0.014,208,39.7,3.25,0.002222222,0.192352941,0.304166667,0.0,0.017333333,0.0075,0.2996875,0.236153846,0.3825,0.023333333,0.000115556,0.05,0.297142857,0.721818182,0.295454545
7014,Sausages and Luncheon Meats,"BRAUNSCHWEIGER (A LIVER SAUSAGE),PORK","Braunschweiger (a liver sausage), pork",,,,327,14.5,28.5,3.1,0.0,0.0,4220.0,0.33,20.09,0.0,0.35,44,8.368,1.525,0.249,9,0.24,11.2,11,0.155,168,58.0,2.81,4.688888889,0.194117647,8.370833333,0.0,0.023333333,0.11,0.523,1.173076923,0.2075,0.0075,0.000266667,0.026190476,0.24,1.054545455,0.255454545
7015,Sausages and Luncheon Meats,"BROTWURST,PORK,BF,LINK","Brotwurst, pork, beef, link",,,,323,14.3,27.8,2.98,2.98,0.0,0.0,0.13,2.05,0.0,0.27,5,3.3,0.23,0.25,48,0.08,1.03,16,0.04,134,17.0,2.1,0.0,0.076470588,0.854166667,0.0,0.018,0.0125,0.20625,0.176923077,0.208333333,0.04,8.88889e-05,0.038095238,0.191428571,0.309090909,0.190909091
7016,Sausages and Luncheon Meats,"CHEESEFURTER,CHS SMOKIE,PORK,BF","Cheesefurter, cheese smokie, pork, beef",,,,328,14.1,29.0,1.51,1.51,0.0,6.0,0.13,1.73,0.0,0.24,3,2.9,0.16,0.25,58,0.07,1.08,13,0.03,178,15.7,2.25,0.006666667,0.076470588,0.720833333,0.0,0.016,0.0075,0.18125,0.123076923,0.208333333,0.048333333,7.77778e-05,0.030952381,0.254285714,0.285454545,0.204545455
7017,Sausages and Luncheon Meats,CHICKEN ROLL  LT MEAT,"Chicken roll, light meat",,,,110,16.64,2.73,4.66,0.57,0.0,0.0,0.37,0.36,0.0,0.27,6,8.09,0.164,0.042,16,0.087,0.41,24,0.017,297,14.5,0.6,0.0,0.217647059,0.15,0.0,0.018,0.015,0.505625,0.126153846,0.035,0.013333333,9.66667e-05,0.057142857,0.424285714,0.263636364,0.054545455
7018,Sausages and Luncheon Meats,CHICKEN SPRD,Chicken spread,,,,158,18.01,17.56,4.05,0.47,0.3,30.0,0.15,0.13,0.0,0.0,3,2.748,0.114,0.009,16,0.04,0.87,12,0.012,89,10.8,1.15,0.033333333,0.088235294,0.054166667,0.0,0.0,0.0075,0.17175,0.087692308,0.0075,0.013333333,4.44444e-05,0.028571429,0.127142857,0.196363636,0.104545455
7019,Sausages and Luncheon Meats,"CHORIZO,PORK AND BEEF","Chorizo, pork and beef",,,,455,24.1,38.27,1.86,0.0,0.0,0.0,0.53,2.0,0.0,0.22,2,5.131,0.3,0.63,8,0.08,1.59,18,0.04,150,21.1,3.41,0.0,0.311764706,0.833333333,0.0,0.014666667,0.005,0.3206875,0.230769231,0.525,0.006666667,8.88889e-05,0.042857143,0.214285714,0.383636364,0.31
7020,Sausages and Luncheon Meats,"CORNED BEEF LOAF,JELLIED","Corned beef loaf, jellied",,,,153,22.9,6.1,0.0,0.0,0.0,0.0,0.12,1.27,0.0,0.0,8,1.76,0.11,0.0,11,0.06,2.04,11,0.031,73,17.2,4.09,0.0,0.070588235,0.529166667,0.0,0.0,0.02,0.11,0.084615385,0.0,0.009166667,6.66667e-05,0.026190476,0.104285714,0.312727273,0.371818182
7021,Sausages and Luncheon Meats,"DUTCH BRAND LOAF,CHICK,PORK & BF","Dutch brand loaf, chicken, pork and beef",,,,273,12.0,22.91,3.93,0.9,0.3,33.0,0.236,0.9,1.4,0.26,11,3.384,0.134,0.134,7,0.069,0.16,15,0.039,119,18.4,2.53,0.036666667,0.138823529,0.375,0.015555556,0.017333333,0.0275,0.2115,0.103076923,0.111666667,0.005833333,7.66667e-05,0.035714286,0.17,0.334545455,0.23
7022,Sausages and Luncheon Meats,"FRANKFURTER,BF,UNHTD","Frankfurter, beef, unheated","hot dog, frank, wiener",,,316,11.16,28.3,3.36,1.31,0.0,0.0,0.185,1.38,0.0,0.2,10,2.028,0.043,0.018,12,0.055,1.2,9,0.021,152,10.3,2.03,0.0,0.108823529,0.575,0.0,0.013333333,0.025,0.12675,0.033076923,0.015,0.01,6.11111e-05,0.021428571,0.217142857,0.187272727,0.184545455
7023,Sausages and Luncheon Meats,FRANKFURTER  BF & PORK,"Frankfurter, beef and pork","hot dog, frank, wiener",,,305,11.53,27.64,1.72,0.0,0.0,18.0,0.13,1.3,0.0,0.25,4,2.634,0.12,0.199,11,0.08,1.15,10,0.032,86,13.8,1.84,0.02,0.076470588,0.541666667,0.0,0.016666667,0.01,0.164625,0.092307692,0.165833333,0.009166667,8.88889e-05,0.023809524,0.122857143,0.250909091,0.167272727
7024,Sausages and Luncheon Meats,"FRANKFURTER,CHICK","Frankfurter, chicken","hot dog, wiener, frank",,,223,15.51,16.19,2.74,0.53,0.4,0.0,0.323,0.54,0.0,0.22,9,4.687,0.257,0.057,74,0.078,1.17,20,0.059,162,23.0,1.11,0.0,0.19,0.225,0.0,0.014666667,0.0225,0.2929375,0.197692308,0.0475,0.061666667,8.66667e-05,0.047619048,0.231428571,0.418181818,0.100909091
7025,Sausages and Luncheon Meats,"FRANKFURTER,TURKEY","Frankfurter, turkey","hot dog, wiener, frank",,,223,12.23,17.29,3.81,1.21,0.0,0.0,0.143,0.82,0.0,0.62,10,3.68,0.181,0.036,148,0.071,1.47,14,0.033,172,15.1,1.84,0.0,0.084117647,0.341666667,0.0,0.041333333,0.025,0.23,0.139230769,0.03,0.123333333,7.88889e-05,0.033333333,0.245714286,0.274545455,0.167272727
7026,Sausages and Luncheon Meats,"HAM,CHOPPED,CANNED","Ham, chopped, canned",,,,239,16.06,18.83,0.26,0.0,0.0,0.0,0.32,0.7,2.0,0.25,1,3.2,0.165,0.535,7,0.05,0.95,13,0.025,139,18.6,1.83,0.0,0.188235294,0.291666667,0.022222222,0.016666667,0.0025,0.2,0.126923077,0.445833333,0.005833333,5.55556e-05,0.030952381,0.198571429,0.338181818,0.166363636
7027,Sausages and Luncheon Meats,"HAM,CHOPPED,NOT CANNED","Ham, chopped, not canned",,,,180,16.5,10.3,4.2,0.0,0.0,0.0,0.35,0.92,0.0,0.23,1,3.88,0.204,0.632,7,0.06,0.83,16,0.0,155,17.4,1.94,0.0,0.205882353,0.383333333,0.0,0.015333333,0.0025,0.2425,0.156923077,0.526666667,0.005833333,6.66667e-05,0.038095238,0.221428571,0.316363636,0.176363636
7028,Sausages and Luncheon Meats,"HAM,SLICED,PACKAGED (96% FAT FREE,H2O ADDED)","Ham, sliced, packaged (96% fat free, water added)",,,,102,16.9,3.4,0.97,0.0,0.0,0.0,0.394,0.36,0.0,0.29,0,5.697,0.266,0.336,5,0.197,0.58,18,0.011,261,31.6,1.58,0.0,0.231764706,0.15,0.0,0.019333333,0.0,0.3560625,0.204615385,0.28,0.004166667,0.000218889,0.042857143,0.372857143,0.574545455,0.143636364
7029,Sausages and Luncheon Meats,"HAM,SLICED,REG (APPROX 11% FAT)","Ham, sliced, regular (approximately 11% fat)",,,,163,16.6,8.6,3.83,0.0,1.3,0.0,0.329,0.42,4.0,0.08,7,2.904,0.178,0.626,24,0.089,1.02,22,0.557,153,20.7,1.35,0.0,0.193529412,0.175,0.044444444,0.005333333,0.0175,0.1815,0.136923077,0.521666667,0.02,9.88889e-05,0.052380952,0.218571429,0.376363636,0.122727273
7030,Sausages and Luncheon Meats,"HAM,MINCED","Ham, minced",,,,263,16.28,20.68,1.84,0.0,0.0,0.0,0.26,0.95,0.0,0.27,1,4.162,0.19,0.712,10,0.08,0.79,16,0.031,157,20.0,1.9,0.0,0.152941176,0.395833333,0.0,0.018,0.0025,0.260125,0.146153846,0.593333333,0.008333333,8.88889e-05,0.038095238,0.224285714,0.363636364,0.172727273
7031,Sausages and Luncheon Meats,HAM SALAD SPREAD,Ham salad spread,,,,216,8.68,15.53,10.64,0.0,0.0,0.0,0.15,0.76,0.0,1.74,1,2.095,0.12,0.435,8,0.07,0.59,10,0.013,120,17.8,1.1,0.0,0.088235294,0.316666667,0.0,0.116,0.0025,0.1309375,0.092307692,0.3625,0.006666667,7.77778e-05,0.023809524,0.171428571,0.323636364,0.1
7032,Sausages and Luncheon Meats,HAM&CHS LOAF OR ROLL,Ham and cheese loaf or roll,,,,241,13.6,18.7,4.0,0.0,0.0,0.0,0.26,0.81,0.0,0.27,3,3.452,0.187,0.601,58,0.08,0.91,16,0.0,253,34.6,2.0,0.0,0.152941176,0.3375,0.0,0.018,0.0075,0.21575,0.143846154,0.500833333,0.048333333,8.88889e-05,0.038095238,0.361428571,0.629090909,0.181818182
7033,Sausages and Luncheon Meats,HAM AND CHEESE SPREAD,Ham and cheese spread,,,,245,16.18,18.53,2.28,0.0,0.0,91.0,0.13,0.73,0.0,0.0,3,2.153,0.22,0.318,217,0.09,0.76,18,0.036,495,33.6,2.25,0.101111111,0.076470588,0.304166667,0.0,0.0,0.0075,0.1345625,0.169230769,0.265,0.180833333,0.0001,0.042857143,0.707142857,0.610909091,0.204545455
7034,Sausages and Luncheon Meats,"HEADCHEESE,PORK","Headcheese, pork",,,,157,13.83,10.9,0.0,0.0,0.0,0.0,0.19,1.05,0.0,0.25,2,0.44,0.115,0.023,16,0.122,1.5,9,0.0,56,0.1,0.97,0.0,0.111764706,0.4375,0.0,0.016666667,0.005,0.0275,0.088461538,0.019166667,0.013333333,0.000135556,0.021428571,0.08,0.001818182,0.088181818
7036,Sausages and Luncheon Meats,"SAUSAGE,ITALIAN,PORK,RAW","Sausage, Italian, pork, raw",,,,346,14.25,31.33,0.65,0.0,0.0,0.0,0.3,0.91,2.0,0.0,8,3.25,0.168,0.568,18,0.08,1.18,14,0.058,142,24.8,1.79,0.0,0.176470588,0.379166667,0.022222222,0.0,0.02,0.203125,0.129230769,0.473333333,0.015,8.88889e-05,0.033333333,0.202857143,0.450909091,0.162727273
7037,Sausages and Luncheon Meats,"KIELBASA,KOLBASSY,PORK,BF,NONFAT DRY MILK","Kielbasa, kolbassy, pork, beef, nonfat dry milk added",,,,309,12.23,27.29,2.81,1.6,0.0,0.0,0.184,0.73,0.0,0.22,1,3.273,0.207,0.205,17,0.368,0.82,13,0.046,171,19.4,1.56,0.0,0.108235294,0.304166667,0.0,0.014666667,0.0025,0.2045625,0.159230769,0.170833333,0.014166667,0.000408889,0.030952381,0.244285714,0.352727273,0.141818182
7038,Sausages and Luncheon Meats,KNACKWURST  KNOCKWURST  PORK  BF,"Knackwurst, knockwurst, pork, beef",,,,307,11.1,27.7,3.2,0.0,0.0,0.0,0.17,1.18,0.0,0.57,2,2.734,0.14,0.342,11,0.06,0.66,11,0.021,98,13.5,1.66,0.0,0.1,0.491666667,0.0,0.038,0.005,0.170875,0.107692308,0.285,0.009166667,6.66667e-05,0.026190476,0.14,0.245454545,0.150909091
7039,Sausages and Luncheon Meats,LEBANON BOLOGNA  BF,"Lebanon bologna, beef",,,,172,19.03,10.44,0.44,0.0,0.0,12.0,0.391,2.9,0.9,0.57,6,3.223,0.165,0.101,20,0.073,2.15,20,0.022,192,15.7,3.84,0.013333333,0.23,1.208333333,0.01,0.038,0.015,0.2014375,0.126923077,0.084166667,0.016666667,8.11111e-05,0.047619048,0.274285714,0.285454545,0.349090909
7040,Sausages and Luncheon Meats,"LIVER CHEESE,PORK","Liver cheese, pork",,,,304,15.2,25.6,2.1,0.0,0.0,5252.0,0.47,24.55,3.0,0.0,104,11.768,2.227,0.212,8,0.383,10.83,12,0.2,207,36.5,3.7,5.835555556,0.276470588,10.22916667,0.033333333,0.0,0.26,0.7355,1.713076923,0.176666667,0.006666667,0.000425556,0.028571429,0.295714286,0.663636364,0.336363636
7041,Sausages and Luncheon Meats,"LIVER SAUSAGE,LIVERWURST,PORK","Liver sausage, liverwurst, pork",,,,326,14.1,28.5,2.2,0.0,0.0,8308.0,0.19,13.46,0.0,0.0,30,4.3,1.03,0.272,26,0.24,6.4,12,0.155,230,58.0,2.3,9.231111111,0.111764706,5.608333333,0.0,0.0,0.075,0.26875,0.792307692,0.226666667,0.021666667,0.000266667,0.028571429,0.328571429,1.054545455,0.209090909
7042,Sausages and Luncheon Meats,"LUNCHEON MEAT,BEEF,LOAVED","Luncheon meat, beef, loaved",,,,308,14.4,26.2,2.9,0.0,0.0,0.0,0.19,3.89,0.0,0.22,5,3.66,0.22,0.11,11,0.12,2.32,14,0.045,119,22.3,2.53,0.0,0.111764706,1.620833333,0.0,0.014666667,0.0125,0.22875,0.169230769,0.091666667,0.009166667,0.000133333,0.033333333,0.17,0.405454545,0.23
7043,Sausages and Luncheon Meats,"ROAST BF,DELI STYLE,PREPACKAGED,SLICED","Roast beef, deli style, prepackaged, sliced",,,,115,18.62,3.69,0.64,0.29,0.0,3.0,0.46,2.04,0.0,0.49,5,5.581,0.213,0.043,5,0.086,2.05,20,0.015,242,14.7,3.2,0.003333333,0.270588235,0.85,0.0,0.032666667,0.0125,0.3488125,0.163846154,0.035833333,0.004166667,9.55556e-05,0.047619048,0.345714286,0.267272727,0.290909091
7044,Sausages and Luncheon Meats,"USDA CMDTY,LUNCHEON MEAT,CND","USDA Commodity, luncheon meat, canned",,,,189,17.5,12.77,1.04,0.0,0.0,0.0,0.272,0.92,0.0,0.16,0,5.225,0.213,0.128,5,0.03,0.97,18,0.037,170,38.3,2.15,0.0,0.16,0.383333333,0.0,0.010666667,0.0,0.3265625,0.163846154,0.106666667,0.004166667,3.33333e-05,0.042857143,0.242857143,0.696363636,0.195454545
7045,Sausages and Luncheon Meats,"LUNCHEON MEAT,PORK,CANNED","Luncheon meat, pork, canned",,,,334,12.5,30.3,2.1,0.0,0.0,0.0,0.21,0.9,1.0,0.26,6,3.126,0.194,0.367,6,0.037,0.72,10,0.024,82,28.0,1.48,0.0,0.123529412,0.375,0.011111111,0.017333333,0.015,0.195375,0.149230769,0.305833333,0.005,4.11111e-05,0.023809524,0.117142857,0.509090909,0.134545455
7046,Sausages and Luncheon Meats,"TURKEY BREAST,LO SALT,PREPACKAGED OR DELI,LUNCHEON MEAT","Turkey breast, low salt, prepackaged or deli, luncheon meat",,,,116,21.81,0.83,3.51,3.51,0.5,10.0,0.128,0.09,5.7,0.09,4,0.11,0.32,0.13,8,0.057,0.63,21,0.018,162,22.8,1.33,0.011111111,0.075294118,0.0375,0.063333333,0.006,0.01,0.006875,0.246153846,0.108333333,0.006666667,6.33333e-05,0.05,0.231428571,0.414545455,0.120909091
7050,Sausages and Luncheon Meats,"MORTADELLA,BEEF,PORK","Mortadella, beef, pork",,,,311,16.37,25.39,3.05,0.0,0.0,0.0,0.13,1.48,0.0,0.22,3,2.673,0.153,0.119,18,0.06,1.4,11,0.03,97,22.6,2.1,0.0,0.076470588,0.616666667,0.0,0.014666667,0.0075,0.1670625,0.117692308,0.099166667,0.015,6.66667e-05,0.026190476,0.138571429,0.410909091,0.190909091
7051,Sausages and Luncheon Meats,"OLIVE LOAF,PORK","Olive loaf, pork",,,,235,11.8,16.5,9.2,0.0,0.0,60.0,0.23,1.26,0.0,0.25,2,1.835,0.26,0.295,109,0.05,0.54,19,0.035,127,16.4,1.38,0.066666667,0.135294118,0.525,0.0,0.016666667,0.005,0.1146875,0.2,0.245833333,0.090833333,5.55556e-05,0.045238095,0.181428571,0.298181818,0.125454545
7052,Sausages and Luncheon Meats,"PASTRAMI,TURKEY","Pastrami, turkey",,,,139,16.3,6.21,3.34,3.34,0.1,4.0,0.27,0.24,8.1,0.22,5,3.527,0.25,0.055,11,0.05,4.2,14,0.013,200,16.1,2.16,0.004444444,0.158823529,0.1,0.09,0.014666667,0.0125,0.2204375,0.192307692,0.045833333,0.009166667,5.55556e-05,0.033333333,0.285714286,0.292727273,0.196363636
7053,Sausages and Luncheon Meats,"PATE,CHICKEN LIVER,CANNED","Pate, chicken liver, canned",,,,201,13.45,13.1,6.55,0.0,0.0,217.0,0.26,8.07,10.0,0.98,321,7.517,1.401,0.052,10,0.18,9.19,13,0.162,175,46.1,2.14,0.241111111,0.152941176,3.3625,0.111111111,0.065333333,0.8025,0.4698125,1.077692308,0.043333333,0.008333333,0.0002,0.030952381,0.25,0.838181818,0.194545455
7054,Sausages and Luncheon Meats,"PATE,GOOSE LIVER,SMOKED,CND","Pate, goose liver, smoked, canned",,,,462,11.4,43.84,4.67,0.0,0.0,1001.0,0.06,9.4,0.0,0.0,60,2.51,0.299,0.088,70,0.4,5.5,13,0.12,200,44.0,0.92,1.112222222,0.035294118,3.916666667,0.0,0.0,0.15,0.156875,0.23,0.073333333,0.058333333,0.000444444,0.030952381,0.285714286,0.8,0.083636364
7055,Sausages and Luncheon Meats,"PATE,LIVER,NOT SPECIFIED,CND","Pate, liver, not specified, canned",,,,319,14.2,28.0,1.5,0.0,0.0,991.0,0.06,3.2,2.0,0.0,60,3.3,0.6,0.03,70,0.4,5.5,13,0.12,200,41.6,2.85,1.101111111,0.035294118,1.333333333,0.022222222,0.0,0.15,0.20625,0.461538462,0.025,0.058333333,0.000444444,0.030952381,0.285714286,0.756363636,0.259090909
7056,Sausages and Luncheon Meats,PEPPERED LOAF  PORK  BF,"Peppered loaf, pork, beef",,,,149,17.3,6.37,4.53,4.61,0.0,0.0,0.27,1.96,0.0,0.22,2,3.08,0.3,0.38,54,0.12,1.07,20,0.06,170,11.3,3.23,0.0,0.158823529,0.816666667,0.0,0.014666667,0.005,0.1925,0.230769231,0.316666667,0.045,0.000133333,0.047619048,0.242857143,0.205454545,0.293636364
7057,Sausages and Luncheon Meats,"PEPPERONI,PORK,BEEF","Pepperoni, pork, beef",,,,494,22.9,43.5,0.0,0.0,0.0,0.0,0.353,1.73,0.7,0.0,5,4.64,0.316,0.355,22,0.112,1.62,21,0.595,177,35.0,2.5,0.0,0.207647059,0.720833333,0.007777778,0.0,0.0125,0.29,0.243076923,0.295833333,0.018333333,0.000124444,0.05,0.252857143,0.636363636,0.227272727
7058,Sausages and Luncheon Meats,"PICKLE&PIMIENTO LOAF,PORK","Pickle and pimiento loaf, pork",,,,225,11.23,15.95,8.46,8.46,1.5,78.0,0.418,0.54,7.8,0.4,37,2.486,0.115,0.392,109,0.105,1.33,34,0.111,153,7.9,1.68,0.086666667,0.245882353,0.225,0.086666667,0.026666667,0.0925,0.155375,0.088461538,0.326666667,0.090833333,0.000116667,0.080952381,0.218571429,0.143636364,0.152727273
7059,Sausages and Luncheon Meats,"POLISH SAUSAGE,PORK","Polish sausage, pork",,,,326,14.1,28.72,1.63,0.0,0.0,0.0,0.19,0.98,1.0,0.0,2,3.443,0.148,0.502,12,0.09,1.44,14,0.049,136,17.7,1.93,0.0,0.111764706,0.408333333,0.011111111,0.0,0.005,0.2151875,0.113846154,0.418333333,0.01,0.0001,0.033333333,0.194285714,0.321818182,0.175454545
7060,Sausages and Luncheon Meats,"LUXURY LOAF,PORK","Luxury loaf, pork",,,,141,18.4,4.8,4.9,0.0,0.0,0.0,0.31,1.37,0.0,0.0,2,3.482,0.297,0.707,36,0.1,1.05,20,0.041,185,21.5,3.05,0.0,0.182352941,0.570833333,0.0,0.0,0.005,0.217625,0.228461538,0.589166667,0.03,0.000111111,0.047619048,0.264285714,0.390909091,0.277272727
7061,Sausages and Luncheon Meats,"MOTHERS LOAF,PORK","Mothers loaf, pork",,,,282,12.07,22.3,7.53,0.0,0.0,0.0,0.18,1.05,1.0,0.0,8,3.123,0.17,0.55,43,0.09,1.32,16,0.066,129,35.1,1.43,0.0,0.105882353,0.4375,0.011111111,0.0,0.02,0.1951875,0.130769231,0.458333333,0.035833333,0.0001,0.038095238,0.184285714,0.638181818,0.13
7062,Sausages and Luncheon Meats,"PICNIC LOAF,PORK,BEEF","Picnic loaf, pork, beef",,,,232,14.92,16.64,4.76,0.0,0.0,0.0,0.3,1.5,0.0,0.0,2,2.306,0.242,0.374,47,0.07,1.02,15,0.028,125,35.7,2.18,0.0,0.176470588,0.625,0.0,0.0,0.005,0.144125,0.186153846,0.311666667,0.039166667,7.77778e-05,0.035714286,0.178571429,0.649090909,0.198181818
7063,Sausages and Luncheon Meats,"PORK SAUSAGE,LINK/PATTY,UNPREP","Pork sausage, link/patty, unprepared",,,,287,15.37,24.78,0.93,0.93,0.0,27.0,0.173,0.92,0.0,0.96,2,5.383,0.147,0.221,8,0.058,1.02,14,0.019,133,17.8,2.0,0.03,0.101764706,0.383333333,0.0,0.064,0.005,0.3364375,0.113076923,0.184166667,0.006666667,6.44444e-05,0.033333333,0.19,0.323636364,0.181818182
7064,Sausages and Luncheon Meats,"PORK SAUSAGE,LINK/PATTY,CKD,PAN-FRIED","Pork sausage, link/patty, cooked, pan-fried",,,,325,18.53,27.25,1.42,1.09,0.0,28.0,0.195,0.98,0.0,0.9,1,6.119,0.176,0.256,9,0.071,1.2,16,0.022,149,20.7,2.45,0.031111111,0.114705882,0.408333333,0.0,0.06,0.0025,0.3824375,0.135384615,0.213333333,0.0075,7.88889e-05,0.038095238,0.212857143,0.376363636,0.222727273
7065,Sausages and Luncheon Meats,"PORK&BF SAUSAGE,FRSH,CKD","Pork and beef sausage, fresh, cooked",,,,396,13.8,36.25,2.7,0.0,0.0,0.0,0.05,0.43,0.0,0.22,2,3.367,0.147,0.357,10,0.04,1.13,12,0.037,107,14.4,1.87,0.0,0.029411765,0.179166667,0.0,0.014666667,0.005,0.2104375,0.113076923,0.2975,0.008333333,4.44444e-05,0.028571429,0.152857143,0.261818182,0.17
7066,Sausages and Luncheon Meats,"TURKEY SAUSAGE,RED FAT,BROWN&SERVE,CKD","Turkey sausage, reduced fat, brown and serve, cooked (include BUTTERBALL breakfast links turkey sausage)",,,,204,17.0,10.3,10.92,0.0,0.3,2.0,0.234,0.28,0.0,0.0,23,2.137,0.151,0.066,31,0.149,1.8,21,0.221,164,20.8,2.31,0.002222222,0.137647059,0.116666667,0.0,0.0,0.0575,0.1335625,0.116153846,0.055,0.025833333,0.000165556,0.05,0.234285714,0.378181818,0.21
7067,Sausages and Luncheon Meats,POULTRY SALAD SNDWCH SPRD,Poultry salad sandwich spread,,,,200,11.64,13.52,7.41,0.0,0.0,42.0,0.11,0.38,1.0,2.2,5,1.669,0.071,0.024,10,0.03,0.61,10,0.009,33,10.9,1.04,0.046666667,0.064705882,0.158333333,0.011111111,0.146666667,0.0125,0.1043125,0.054615385,0.02,0.008333333,3.33333e-05,0.023809524,0.047142857,0.198181818,0.094545455
7068,Sausages and Luncheon Meats,SALAMI  CKD  BF,"Salami, cooked, beef",,,,261,12.6,22.2,1.9,1.5,0.0,0.0,0.18,3.06,0.0,0.19,2,3.238,0.189,0.103,6,0.19,2.2,13,0.046,205,14.6,1.77,0.0,0.105882353,1.275,0.0,0.012666667,0.005,0.202375,0.145384615,0.085833333,0.005,0.000211111,0.030952381,0.292857143,0.265454545,0.160909091
7069,Sausages and Luncheon Meats,"SALAMI,CKD,BF&PORK","Salami, cooked, beef and pork",,,,336,21.85,25.9,2.4,0.96,0.0,0.0,0.459,1.52,0.0,0.22,3,6.053,0.357,0.367,15,0.357,1.56,19,0.978,191,31.3,2.93,0.0,0.27,0.633333333,0.0,0.014666667,0.0075,0.3783125,0.274615385,0.305833333,0.0125,0.000396667,0.045238095,0.272857143,0.569090909,0.266363636
7070,Sausages and Luncheon Meats,"SALAMI,COOKED,TURKEY","Salami, cooked, turkey",,,,172,19.2,9.21,1.55,1.12,0.1,2.0,0.427,0.99,0.0,0.24,10,3.979,0.303,0.426,40,0.19,1.25,22,0.02,266,26.4,2.32,0.002222222,0.251176471,0.4125,0.0,0.016,0.025,0.2486875,0.233076923,0.355,0.033333333,0.000211111,0.052380952,0.38,0.48,0.210909091
7071,Sausages and Luncheon Meats,"SALAMI,DRY OR HARD,PORK","Salami, dry or hard, pork",,,,407,22.58,33.72,1.6,0.0,0.0,0.0,0.55,2.8,0.0,0.0,2,5.6,0.33,0.93,13,0.16,1.3,22,0.07,229,25.4,4.2,0.0,0.323529412,1.166666667,0.0,0.0,0.005,0.35,0.253846154,0.775,0.010833333,0.000177778,0.052380952,0.327142857,0.461818182,0.381818182
7072,Sausages and Luncheon Meats,"SALAMI,DRY OR HARD,PORK,BF","Salami, dry or hard, pork, beef",,,,378,21.07,31.65,0.72,0.26,0.0,11.0,0.441,1.15,0.0,0.64,0,6.105,0.196,0.386,24,0.096,1.36,20,0.948,192,33.6,2.67,0.012222222,0.259411765,0.479166667,0.0,0.042666667,0.0,0.3815625,0.150769231,0.321666667,0.02,0.000106667,0.047619048,0.274285714,0.610909091,0.242727273
7073,Sausages and Luncheon Meats,"SANDWICH SPREAD,PORK,BEEF","Sandwich spread, pork, beef",,,,235,7.66,17.34,11.94,0.0,0.2,26.0,0.12,1.12,0.0,1.74,2,1.73,0.134,0.172,12,0.13,0.79,8,0.026,59,9.7,1.02,0.028888889,0.070588235,0.466666667,0.0,0.116,0.005,0.108125,0.103076923,0.143333333,0.01,0.000144444,0.019047619,0.084285714,0.176363636,0.092727273
7074,Sausages and Luncheon Meats,"SMOKED LINK SAUSAGE,PORK","Smoked link sausage, pork",,,,309,11.98,28.23,0.94,0.94,0.0,0.0,0.179,0.66,0.0,0.25,1,2.807,0.18,0.212,11,0.176,0.59,11,0.011,157,18.3,1.31,0.0,0.105294118,0.275,0.0,0.016666667,0.0025,0.1754375,0.138461538,0.176666667,0.009166667,0.000195556,0.026190476,0.224285714,0.332727273,0.119090909
7075,Sausages and Luncheon Meats,"SAUSAGE,SMOKED LINK SAUSAGE,PORK & BF","Sausage, smoked link sausage, pork and beef",,,,320,12.0,28.73,2.42,0.0,0.0,13.0,0.163,0.58,0.0,0.13,2,2.94,0.106,0.192,12,0.077,0.75,13,0.048,121,0.0,1.26,0.014444444,0.095882353,0.241666667,0.0,0.008666667,0.005,0.18375,0.081538462,0.16,0.01,8.55556e-05,0.030952381,0.172857143,0.0,0.114545455
7076,Sausages and Luncheon Meats,"SMOKED LINK SAUSAGE,PORK&BF,FLR&NONFAT DRY MILK","Smoked link sausage, pork and beef, flour and nonfat dry milk added",,,,268,13.97,21.43,3.96,3.0,0.0,0.0,0.13,1.32,3.2,0.22,2,2.701,0.176,0.235,66,0.09,1.44,13,0.052,110,15.9,2.0,0.0,0.076470588,0.55,0.035555556,0.014666667,0.005,0.1688125,0.135384615,0.195833333,0.055,0.0001,0.030952381,0.157142857,0.289090909,0.181818182
7077,Sausages and Luncheon Meats,"SMOKED LINK SAUSAGE,PORK&BF,NONFAT DRY MILK","Smoked link sausage, pork and beef, nonfat dry milk added",,,,313,13.28,27.61,1.92,0.0,0.0,0.0,0.18,1.57,0.0,0.0,2,2.845,0.214,0.193,41,0.09,1.47,16,0.038,137,13.9,1.96,0.0,0.105882353,0.654166667,0.0,0.0,0.005,0.1778125,0.164615385,0.160833333,0.034166667,0.0001,0.038095238,0.195714286,0.252727273,0.178181818
7078,Sausages and Luncheon Meats,"THURINGER,CERVELAT,SMMR SAUSAGE,BF,PORK","Thuringer, cervelat, summer sausage, beef, pork",,,,362,17.45,30.43,3.33,0.85,0.0,0.0,0.26,5.5,16.6,0.22,2,4.31,0.33,0.15,9,0.15,2.04,14,0.0,111,20.3,2.56,0.0,0.152941176,2.291666667,0.184444444,0.014666667,0.005,0.269375,0.253846154,0.125,0.0075,0.000166667,0.033333333,0.158571429,0.369090909,0.232727273
7079,Sausages and Luncheon Meats,"TURKEY BREAST,SLICED,OVEN RSTD,LUNCHEON MEAT","Turkey breast, sliced, oven roasted, luncheon meat",,,,104,17.07,1.66,4.21,3.51,0.5,10.0,0.128,0.09,5.7,0.09,4,0.11,0.32,0.13,8,0.057,1.44,21,0.018,162,22.8,1.33,0.011111111,0.075294118,0.0375,0.063333333,0.006,0.01,0.006875,0.246153846,0.108333333,0.006666667,6.33333e-05,0.05,0.231428571,0.414545455,0.120909091
7080,Sausages and Luncheon Meats,"TURKEY HAM,CURED TURKEY THIGH MEAT","Turkey ham, cured turkey thigh meat",,,,126,17.5,4.84,2.04,1.43,0.2,7.0,0.209,0.23,8.9,0.64,7,2.118,0.149,0.03,8,0.25,2.34,22,0.02,294,32.2,2.59,0.007777778,0.122941176,0.095833333,0.098888889,0.042666667,0.0175,0.132375,0.114615385,0.025,0.006666667,0.000277778,0.052380952,0.42,0.585454545,0.235454545
7081,Sausages and Luncheon Meats,"TURKEY BREAST,SLICED,PREPACKAGED","Turkey breast, sliced, prepackaged",,,,100,16.33,2.37,2.34,3.28,0.0,0.0,0.41,0.37,0.0,0.13,4,7.15,0.145,0.038,7,0.024,0.34,20,0.012,234,13.0,0.8,0.0,0.241176471,0.154166667,0.0,0.008666667,0.01,0.446875,0.111538462,0.031666667,0.005833333,2.66667e-05,0.047619048,0.334285714,0.236363636,0.072727273
7082,Sausages and Luncheon Meats,"TURKEY ROLL,LT&DK MEAT","Turkey roll, light and dark meat",,,,149,18.14,6.99,2.12,0.0,0.0,0.0,0.27,0.23,0.0,0.34,5,4.8,0.284,0.091,32,0.07,1.35,18,0.013,168,29.2,2.0,0.0,0.158823529,0.095833333,0.0,0.022666667,0.0125,0.3,0.218461538,0.075833333,0.026666667,7.77778e-05,0.042857143,0.24,0.530909091,0.181818182
7083,Sausages and Luncheon Meats,"SAUSAGE,VIENNA,CND,CHICK,BF,PORK","Sausage, Vienna, canned, chicken, beef, pork",,,,230,10.5,19.4,2.6,0.0,0.0,0.0,0.12,1.02,0.0,0.22,4,1.613,0.107,0.087,10,0.03,0.88,7,0.0,49,16.9,1.6,0.0,0.070588235,0.425,0.0,0.014666667,0.01,0.1008125,0.082307692,0.0725,0.008333333,3.33333e-05,0.016666667,0.07,0.307272727,0.145454545
7088,Sausages and Luncheon Meats,"HONEY ROLL SAUSAGE,BEEF","Honey roll sausage, beef",,,,182,18.58,10.5,2.18,0.0,0.0,0.0,0.27,2.35,0.0,0.0,4,4.165,0.182,0.08,9,0.1,2.2,16,0.037,137,15.6,3.25,0.0,0.158823529,0.979166667,0.0,0.0,0.01,0.2603125,0.14,0.066666667,0.0075,0.000111111,0.038095238,0.195714286,0.283636364,0.295454545
7089,Sausages and Luncheon Meats,"SAUSAGE,ITALIAN,PORK,CKD","Sausage, Italian, pork, cooked",,,,344,19.12,27.31,4.27,0.86,0.1,10.0,0.33,1.3,0.1,0.25,5,4.165,0.233,0.623,21,0.08,1.43,18,0.0,170,22.0,2.39,0.011111111,0.194117647,0.541666667,0.001111111,0.016666667,0.0125,0.2603125,0.179230769,0.519166667,0.0175,8.88889e-05,0.042857143,0.242857143,0.4,0.217272727
7090,Sausages and Luncheon Meats,"LUNCHEON SAUSAGE,PORK&BF","Luncheon sausage, pork and beef",,,,260,15.38,20.9,1.58,0.0,0.0,0.0,0.2,1.96,0.0,0.0,3,3.527,0.195,0.217,13,0.08,1.43,14,0.042,122,15.4,2.45,0.0,0.117647059,0.816666667,0.0,0.0,0.0075,0.2204375,0.15,0.180833333,0.010833333,8.88889e-05,0.033333333,0.174285714,0.28,0.222727273
7091,Sausages and Luncheon Meats,"NEW ENGLAND BRAND SAUSAGE,PORK,BF","New england brand sausage, pork, beef",,,,161,17.27,7.58,4.83,0.0,0.0,0.0,0.36,1.34,0.0,0.0,7,3.478,0.248,0.64,7,0.1,0.94,16,0.036,136,19.2,2.7,0.0,0.211764706,0.558333333,0.0,0.0,0.0175,0.217375,0.190769231,0.533333333,0.005833333,0.000111111,0.038095238,0.194285714,0.349090909,0.245454545
7200,Sausages and Luncheon Meats,"OSCAR MAYER,BOLOGNA (CHICK,PORK,BF)","OSCAR MAYER, Bologna (chicken, pork, beef)",,,,318,10.9,29.4,2.4,1.4,0.0,0.0,0.0,0.0,0.0,0.0,0,0.0,0.0,0.0,69,0.2,1.78,21,0.0,199,0.0,1.42,0.0,0.0,0.0,0.0,0.0,0.0,0.0,0.0,0.0,0.0575,0.000222222,0.05,0.284285714,0.0,0.129090909
7201,Sausages and Luncheon Meats,"OSCAR MAYER,BOLOGNA (BEEF)","OSCAR MAYER, Bologna (beef)",,"Kraft Foods, Inc.",,316,11.05,29.1,2.45,1.4,0.0,0.0,0.17,1.43,0.0,0.0,13,2.42,0.11,0.05,12,0.11,1.36,14,0.0,109,0.0,2.03,0.0,0.1,0.595833333,0.0,0.0,0.0325,0.15125,0.084615385,0.041666667,0.01,0.000122222,0.033333333,0.155714286,0.0,0.184545455
7202,Sausages and Luncheon Meats,"OSCAR MAYER,BOLOGNA (BEEF LIGHT)","OSCAR MAYER, Bologna (beef light)",,,,200,11.75,14.5,5.6,2.3,0.0,0.0,0.0,0.0,0.0,0.0,13,0.0,0.0,0.0,13,0.21,1.22,14,0.0,178,0.0,1.91,0.0,0.0,0.0,0.0,0.0,0.0325,0.0,0.0,0.0,0.010833333,0.000233333,0.033333333,0.254285714,0.0,0.173636364
7203,Sausages and Luncheon Meats,"OSCAR MAYER,BOLOGNA (FAT FREE)","OSCAR MAYER, Bologna (fat free)",,,,79,12.6,0.6,6.0,2.2,0.0,0.0,0.0,0.0,0.0,0.0,0,0.0,0.0,0.0,15,0.2,0.92,22,0.0,154,0.0,1.14,0.0,0.0,0.0,0.0,0.0,0.0,0.0,0.0,0.0,0.0125,0.000222222,0.052380952,0.22,0.0,0.103636364
7205,Sausages and Luncheon Meats,OSCAR MAYER  BOLOGNA LIGHT (PORK  CHICK  BEEF),"OSCAR MAYER, Bologna Light (pork, chicken, beef)",,,,202,11.5,14.75,5.7,2.6,0.0,0.0,0.163,0.29,0.0,0.0,18,3.072,0.097,0.159,50,0.2,1.39,20,0.155,185,5.6,1.61,0.0,0.095882353,0.120833333,0.0,0.0,0.045,0.192,0.074615385,0.1325,0.041666667,0.000222222,0.047619048,0.264285714,0.101818182,0.146363636
7206,Sausages and Luncheon Meats,OSCAR MAYER. BOLOGNA (WISCONSIN MADE RING),OSCAR MAYER. Bologna (Wisconsin made ring),,,,313,11.8,28.4,2.6,2.2,0.0,0.0,0.14,1.26,0.0,0.0,0,2.65,0.14,0.29,15,0.13,1.16,15,0.049,106,0.0,1.85,0.0,0.082352941,0.525,0.0,0.0,0.0,0.165625,0.107692308,0.241666667,0.0125,0.000144444,0.035714286,0.151428571,0.0,0.168181818
7207,Sausages and Luncheon Meats,"OSCAR MAYER,BRAUNSCHWEIGER LIVER SAUSAGE (SLICED)","OSCAR MAYER, Braunschweiger Liver Sausage (sliced)",,"Kraft Foods, Inc.",,332,14.25,29.35,2.6,1.2,0.2,4723.0,0.33,18.78,9.0,0.0,47,9.19,1.6,0.23,9,0.5,10.51,14,0.148,199,0.0,3.4,5.247777778,0.194117647,7.825,0.1,0.0,0.1175,0.574375,1.230769231,0.191666667,0.0075,0.000555556,0.033333333,0.284285714,0.0,0.309090909
7208,Sausages and Luncheon Meats,"OSCAR MAYER,BRAUNSCHWEIGER LIVER SAUSAGE (SAREN TUBE)","OSCAR MAYER, Braunschweiger Liver Sausage (saren tube)",,,,341,14.2,30.6,2.3,0.7,0.1,0.0,0.34,18.52,9.0,0.0,61,8.28,1.55,0.23,9,0.4,9.74,12,0.09,194,0.0,3.16,0.0,0.2,7.716666667,0.1,0.0,0.1525,0.5175,1.192307692,0.191666667,0.0075,0.000444444,0.028571429,0.277142857,0.0,0.287272727
7209,Sausages and Luncheon Meats,OSCAR MAYER  CHICKEN BREAST (HONEY GLAZED),"OSCAR MAYER, Chicken Breast (honey glazed)",,"Kraft Foods, Inc.",,109,19.85,1.5,4.3,4.3,0.0,0.0,0.0,0.0,0.0,0.0,4,0.0,0.0,0.0,10,0.17,1.13,36,0.0,289,0.0,0.7,0.0,0.0,0.0,0.0,0.0,0.01,0.0,0.0,0.0,0.008333333,0.000188889,0.085714286,0.412857143,0.0,0.063636364
7210,Sausages and Luncheon Meats,"OSCAR MAYER,CHICK BREAST (OVEN RSTD,FAT FREE)","OSCAR MAYER, Chicken Breast (oven roasted, fat free)",,,,85,18.3,0.6,1.7,0.9,0.0,0.0,0.0,0.0,0.0,0.0,0,0.0,0.0,0.0,12,0.23,1.33,36,0.0,256,0.0,0.6,0.0,0.0,0.0,0.0,0.0,0.0,0.0,0.0,0.0,0.01,0.000255556,0.085714286,0.365714286,0.0,0.054545455
7211,Sausages and Luncheon Meats,OSCAR MAYER  HAM & CHEESE LOAF,"OSCAR MAYER, Ham and Cheese Loaf",,,,234,13.85,18.2,3.75,3.3,0.0,0.0,0.25,0.76,0.0,0.0,3,3.48,0.19,0.58,67,0.12,0.86,19,0.018,270,0.0,1.81,0.0,0.147058824,0.316666667,0.0,0.0,0.0075,0.2175,0.146153846,0.483333333,0.055833333,0.000133333,0.045238095,0.385714286,0.0,0.164545455
7212,Sausages and Luncheon Meats,"OSCAR MAYER,HAM (CHOPPED W/ NAT JUICE)","OSCAR MAYER, Ham (chopped with natural juice)",,"Kraft Foods, Inc.",,180,16.3,11.15,3.65,2.2,0.0,0.0,0.0,0.0,0.0,0.0,3,0.0,0.0,0.0,9,0.24,1.3,23,0.0,219,0.0,2.25,0.0,0.0,0.0,0.0,0.0,0.0075,0.0,0.0,0.0,0.0075,0.000266667,0.054761905,0.312857143,0.0,0.204545455
7213,Sausages and Luncheon Meats,OSCAR MAYER  HAM (WATER ADDED  BKD CKD 96% FAT FREE),"OSCAR MAYER, Ham (water added, baked cooked 96% fat free)",,,,104,16.3,3.52,1.83,1.0,0.0,0.0,0.0,0.0,0.0,0.0,4,0.0,0.0,0.0,10,0.24,1.3,31,0.0,233,0.0,1.81,0.0,0.0,0.0,0.0,0.0,0.01,0.0,0.0,0.0,0.008333333,0.000266667,0.073809524,0.332857143,0.0,0.164545455
7214,Sausages and Luncheon Meats,"OSCAR MAYER,HAM (H2O ,BLD)","OSCAR MAYER, Ham (water added, boiled)",,,,104,16.6,3.7,1.2,0.3,0.0,0.0,0.0,0.0,0.0,0.0,0,0.0,0.0,0.0,10,0.24,1.48,31,0.0,239,0.0,1.85,0.0,0.0,0.0,0.0,0.0,0.0,0.0,0.0,0.0,0.008333333,0.000266667,0.073809524,0.341428571,0.0,0.168181818
7215,Sausages and Luncheon Meats,"OSCAR MAYER,HAM (H2O ,HONEY)","OSCAR MAYER, Ham (water added, honey)",,,,111,16.7,3.5,3.1,3.1,0.0,0.0,0.0,0.0,0.0,0.0,0,0.0,0.0,0.0,10,0.23,1.35,31,0.0,259,0.0,2.08,0.0,0.0,0.0,0.0,0.0,0.0,0.0,0.0,0.0,0.008333333,0.000255556,0.073809524,0.37,0.0,0.189090909
7216,Sausages and Luncheon Meats,"OSCAR MAYER,HAM (H2O ,SMOKED,CKD)","OSCAR MAYER, Ham (water added, smoked, cooked)",,,,99,16.6,3.6,0.1,0.1,0.0,0.0,0.0,0.0,0.0,0.0,0,0.0,0.0,0.0,10,0.24,1.3,31,0.0,233,0.0,1.81,0.0,0.0,0.0,0.0,0.0,0.0,0.0,0.0,0.0,0.008333333,0.000266667,0.073809524,0.332857143,0.0,0.164545455
7217,Sausages and Luncheon Meats,"OSCAR MAYER,HAM (40%HAM/WATER PRODUCT,SMOKED,FAT FREE)","OSCAR MAYER, Ham (40% ham/water product, smoked, fat free)",,,,72,14.6,0.7,1.9,1.1,0.0,0.0,0.0,0.0,0.0,0.0,0,0.0,0.0,0.0,11,0.2,0.91,27,0.0,197,0.0,1.57,0.0,0.0,0.0,0.0,0.0,0.0,0.0,0.0,0.0,0.009166667,0.000222222,0.064285714,0.281428571,0.0,0.142727273
7218,Sausages and Luncheon Meats,"OSCAR MAYER,HEAD CHEESE","OSCAR MAYER, Head Cheese",,,,185,15.7,13.5,0.0,0.0,0.0,0.0,0.13,0.95,0.0,0.0,1,0.97,0.17,0.04,21,0.2,1.63,11,0.0,63,0.0,1.19,0.0,0.076470588,0.395833333,0.0,0.0,0.0025,0.060625,0.130769231,0.033333333,0.0175,0.000222222,0.026190476,0.09,0.0,0.108181818
7221,Sausages and Luncheon Meats,"OSCAR MAYER,LUNCHEON LOAF (SPICED)","OSCAR MAYER, Luncheon Loaf (spiced)",,,,234,13.5,16.9,7.0,4.6,0.0,0.0,0.0,0.0,0.0,0.0,0,0.0,0.0,0.0,109,2.31,1.35,24,0.0,195,0.0,1.95,0.0,0.0,0.0,0.0,0.0,0.0,0.0,0.0,0.0,0.090833333,0.002566667,0.057142857,0.278571429,0.0,0.177272727
7222,Sausages and Luncheon Meats,"OSCAR MAYER,OLD FASHIONED LOAF","OSCAR MAYER, Old Fashioned Loaf",,,,231,13.1,16.3,8.0,4.6,0.0,0.0,0.0,0.0,0.0,0.0,0,0.0,0.0,0.0,113,0.14,1.32,23,0.0,208,0.0,1.87,0.0,0.0,0.0,0.0,0.0,0.0,0.0,0.0,0.0,0.094166667,0.000155556,0.054761905,0.297142857,0.0,0.17
7223,Sausages and Luncheon Meats,"OSCAR MAYER,OLIVE LOAF (CHICK,PORK,TURKEY)","OSCAR MAYER, Olive Loaf (chicken, pork, turkey)",,,,263,9.9,21.8,6.9,3.2,0.0,0.0,0.0,0.0,0.0,0.0,0,0.0,0.0,0.0,111,0.22,1.74,27,0.0,132,0.0,1.05,0.0,0.0,0.0,0.0,0.0,0.0,0.0,0.0,0.0,0.0925,0.000244444,0.064285714,0.188571429,0.0,0.095454545
7224,Sausages and Luncheon Meats,"OSCAR MAYER,PICKLE PIMIENTO LOAF (W/CHICK)","OSCAR MAYER, Pickle Pimiento Loaf (with chicken)",,,,269,9.6,21.6,9.1,6.9,0.0,0.0,0.0,0.0,0.0,0.0,0,0.0,0.0,0.0,110,0.28,2.17,29,0.0,150,0.0,1.18,0.0,0.0,0.0,0.0,0.0,0.0,0.0,0.0,0.0,0.091666667,0.000311111,0.069047619,0.214285714,0.0,0.107272727
7225,Sausages and Luncheon Meats,"OSCAR MAYER,PORK SAUSAGE LINKS (CKD)","OSCAR MAYER, Pork Sausage Links (cooked)",,,,343,16.3,30.5,1.0,0.9,0.0,0.0,0.0,0.0,0.0,0.0,0,0.0,0.0,0.0,16,0.32,1.72,18,0.0,158,0.0,2.6,0.0,0.0,0.0,0.0,0.0,0.0,0.0,0.0,0.0,0.013333333,0.000355556,0.042857143,0.225714286,0.0,0.236363636
7226,Sausages and Luncheon Meats,"OSCAR MAYER,SALAMI BF COTTO","OSCAR MAYER, Salami Beef Cotto",,,,206,14.2,15.7,1.9,1.1,0.0,0.0,0.0,0.0,0.0,0.0,0,0.0,0.0,0.0,7,0.23,2.71,17,0.0,224,0.0,2.09,0.0,0.0,0.0,0.0,0.0,0.0,0.0,0.0,0.0,0.005833333,0.000255556,0.04047619,0.32,0.0,0.19
7227,Sausages and Luncheon Meats,"OSCAR MAYER,SALAMI COTTO (BF,PORK,CHICK)","OSCAR MAYER, Salami Cotto (beef, pork, chicken)",,,,245,13.4,20.3,2.2,1.5,0.0,0.0,0.0,0.0,0.0,0.0,0,0.0,0.0,0.0,75,0.42,2.89,29,0.0,247,0.0,1.97,0.0,0.0,0.0,0.0,0.0,0.0,0.0,0.0,0.0,0.0625,0.000466667,0.069047619,0.352857143,0.0,0.179090909
7228,Sausages and Luncheon Meats,"OSCAR MAYER,SALAMI (FOR BEER)","OSCAR MAYER, Salami (for beer)",,,,225,13.5,18.2,1.9,1.1,0.0,0.0,0.0,0.0,0.0,0.0,0,0.0,0.0,0.0,9,0.24,1.18,18,0.0,231,0.0,2.04,0.0,0.0,0.0,0.0,0.0,0.0,0.0,0.0,0.0,0.0075,0.000266667,0.042857143,0.33,0.0,0.185454545
7229,Sausages and Luncheon Meats,"OSCAR MAYER,SALAMI (GENOA)","OSCAR MAYER, Salami (Genoa)",,,,388,20.7,33.3,1.2,0.2,0.0,0.0,0.34,1.32,0.0,0.0,0,4.27,0.3,0.62,20,0.25,1.86,23,0.043,202,0.0,3.36,0.0,0.2,0.55,0.0,0.0,0.0,0.266875,0.230769231,0.516666667,0.016666667,0.000277778,0.054761905,0.288571429,0.0,0.305454545
7230,Sausages and Luncheon Meats,"OSCAR MAYER,SALAMI (HARD)","OSCAR MAYER, Salami (hard)",,"Kraft Foods, Inc.",,368,25.9,28.7,1.6,0.2,0.0,5.0,0.44,1.88,0.0,0.0,3,5.05,0.26,0.57,12,0.19,1.83,21,0.039,180,0.0,3.16,0.005555556,0.258823529,0.783333333,0.0,0.0,0.0075,0.315625,0.2,0.475,0.01,0.000211111,0.05,0.257142857,0.0,0.287272727
7231,Sausages and Luncheon Meats,"OSCAR MAYER,SNDWCH SPRD (PORK,CHICK,BF)","OSCAR MAYER, Sandwich Spread (pork, chicken, beef)",,,,237,6.5,16.6,15.4,7.9,0.3,0.0,0.0,0.0,0.0,0.0,0,0.0,0.0,0.0,27,0.18,0.8,12,0.0,69,0.0,0.88,0.0,0.0,0.0,0.0,0.0,0.0,0.0,0.0,0.0,0.0225,0.0002,0.028571429,0.098571429,0.0,0.08
7232,Sausages and Luncheon Meats,"OSCAR MAYER,SMOKIE LINKS SAUSAGE","OSCAR MAYER, Smokie Links Sausage",,,,302,12.4,27.3,1.7,1.6,0.0,0.0,0.0,0.0,0.0,0.0,0,0.0,0.0,0.0,10,0.25,1.17,17,0.0,240,0.0,2.09,0.0,0.0,0.0,0.0,0.0,0.0,0.0,0.0,0.0,0.008333333,0.000277778,0.04047619,0.342857143,0.0,0.19
7233,Sausages and Luncheon Meats,OSCAR MAYER  SMOKIES (BEEF),"OSCAR MAYER, Smokies (beef)",,,,296,12.25,26.65,1.95,1.4,0.0,0.0,0.0,0.0,0.0,0.0,11,0.0,0.0,0.0,11,0.2,1.75,15,0.0,230,0.0,2.96,0.0,0.0,0.0,0.0,0.0,0.0275,0.0,0.0,0.0,0.009166667,0.000222222,0.035714286,0.328571429,0.0,0.269090909
7234,Sausages and Luncheon Meats,"OSCAR MAYER,SMOKIES (CHS)","OSCAR MAYER, Smokies (cheese)",,,,303,12.9,27.1,1.8,1.5,0.0,0.0,0.0,0.0,0.0,0.0,0,0.0,0.0,0.0,45,0.2,1.07,16,0.0,288,0.0,1.96,0.0,0.0,0.0,0.0,0.0,0.0,0.0,0.0,0.0,0.0375,0.000222222,0.038095238,0.411428571,0.0,0.178181818
7235,Sausages and Luncheon Meats,"OSCAR MAYER,SMOKIES SAUSAGE LITTLE (PORK,TURKEY)","OSCAR MAYER, Smokies Sausage Little (pork, turkey)",,,,301,12.4,27.1,1.8,1.4,0.0,0.0,0.0,0.0,0.0,0.0,0,0.0,0.0,0.0,11,0.2,1.18,17,0.0,212,0.0,1.97,0.0,0.0,0.0,0.0,0.0,0.0,0.0,0.0,0.0,0.009166667,0.000222222,0.04047619,0.302857143,0.0,0.179090909
7236,Sausages and Luncheon Meats,"OSCAR MAYER,SMOKIES SAUSAGE LITTLE CHS (PORK,TURKEY)","OSCAR MAYER, Smokies Sausage Little Cheese (pork, turkey)",,"Kraft Foods, Inc.",,315,13.5,28.2,1.7,0.3,0.0,0.0,0.0,0.0,0.0,0.0,0,0.0,0.0,0.0,67,0.3,1.24,21,0.0,248,0.0,2.04,0.0,0.0,0.0,0.0,0.0,0.0,0.0,0.0,0.0,0.055833333,0.000333333,0.05,0.354285714,0.0,0.185454545
7237,Sausages and Luncheon Meats,"OSCAR MAYER,SMMR SAUSAGE BF THURINGER CERVELAT","OSCAR MAYER, Summer Sausage Beef Thuringer Cervelat",,,,309,14.6,27.0,1.9,1.1,0.0,0.0,0.26,5.5,0.0,0.0,5,4.31,0.33,0.15,8,0.19,2.49,15,0.032,121,0.0,2.34,0.0,0.152941176,2.291666667,0.0,0.0,0.0125,0.269375,0.253846154,0.125,0.006666667,0.000211111,0.035714286,0.172857143,0.0,0.212727273
7238,Sausages and Luncheon Meats,"OSCAR MAYER,SMMR SAUSAGE THURINGER CERVALAT","OSCAR MAYER, Summer Sausage Thuringer Cervalat",,,,304,14.9,26.7,0.9,0.5,0.0,0.0,0.3,3.76,0.0,0.0,5,4.39,0.29,0.23,9,0.17,2.24,15,0.031,130,0.0,2.13,0.0,0.176470588,1.566666667,0.0,0.0,0.0125,0.274375,0.223076923,0.191666667,0.0075,0.000188889,0.035714286,0.185714286,0.0,0.193636364
7239,Sausages and Luncheon Meats,"OSCAR MAYER,TURKEY BREAST (SMOKED,FAT FREE)","OSCAR MAYER, Turkey Breast (smoked, fat free)",,,,80,14.9,0.6,3.6,1.1,0.0,0.0,0.0,0.0,0.0,0.0,0,0.0,0.0,0.0,10,0.26,0.77,30,0.0,243,0.0,0.85,0.0,0.0,0.0,0.0,0.0,0.0,0.0,0.0,0.0,0.008333333,0.000288889,0.071428571,0.347142857,0.0,0.077272727
7240,Sausages and Luncheon Meats,"OSCAR MAYER,WIENERS (PORK,TURKEY)","OSCAR MAYER, Wieners (pork, turkey)","hot dog, frank, frankfurter, hotdog",,,327,10.95,29.9,2.7,1.8,0.0,0.0,0.0,0.0,0.0,0.0,0,0.0,0.0,0.0,60,0.26,1.16,17,0.0,137,0.0,1.72,0.0,0.0,0.0,0.0,0.0,0.0,0.0,0.0,0.0,0.05,0.000288889,0.04047619,0.195714286,0.0,0.156363636
7241,Sausages and Luncheon Meats,"OSCAR MAYER,WIENERS (BEEF FRANKS)","OSCAR MAYER, Wieners (beef franks)","hot dog, frankfurter, hotdog, wiener","Kraft Foods, Inc.",,329,11.35,30.26,2.78,1.6,0.0,0.0,0.072,1.63,0.0,0.0,6,2.292,0.1,0.034,10,0.14,1.34,13,0.02,140,11.5,2.19,0.0,0.042352941,0.679166667,0.0,0.0,0.015,0.14325,0.076923077,0.028333333,0.008333333,0.000155556,0.030952381,0.2,0.209090909,0.199090909
7242,Sausages and Luncheon Meats,OSCAR MAYER  WIENERS (BEEF FRANKS  BUN LENGTH),"OSCAR MAYER, Wieners (beef franks, bun length)","hot dog, frankfurter, frank",,,324,11.1,30.1,2.65,1.8,0.0,0.0,0.0,0.0,0.0,0.0,11,0.0,0.0,0.0,13,0.15,1.56,15,0.0,105,0.0,2.25,0.0,0.0,0.0,0.0,0.0,0.0275,0.0,0.0,0.0,0.010833333,0.000166667,0.035714286,0.15,0.0,0.204545455
7243,Sausages and Luncheon Meats,"OSCAR MAYER,WIENERS (BEEF FRANKS,FAT FREE)","OSCAR MAYER, Wieners (beef franks, fat free)","hot dog, frankfurter, frank",,,78,13.2,0.5,5.1,3.8,0.0,0.0,0.0,0.0,0.0,0.0,0,0.0,0.0,0.0,20,0.16,1.95,19,0.0,129,0.0,2.41,0.0,0.0,0.0,0.0,0.0,0.0,0.0,0.0,0.0,0.016666667,0.000177778,0.045238095,0.184285714,0.0,0.219090909
7244,Sausages and Luncheon Meats,"OSCAR MAYER,WIENERS (BEEF FRANKS,LIGHT)","OSCAR MAYER, Wieners (beef franks, light)","hot dog, frankfurter, frank",,,193,10.7,14.9,4.1,2.1,0.0,0.0,0.0,0.0,0.0,0.0,0,0.0,0.0,0.0,21,0.21,1.56,18,0.0,164,0.0,2.1,0.0,0.0,0.0,0.0,0.0,0.0,0.0,0.0,0.0,0.0175,0.000233333,0.042857143,0.234285714,0.0,0.190909091
7245,Sausages and Luncheon Meats,"OSCAR MAYER,WIENERS (CHEESE HOT DOGS W/ TURKEY)","OSCAR MAYER, Wieners (cheese hot dogs with turkey)","hot dog, frankfurter, frank",,,318,12.0,28.7,2.8,1.8,0.0,0.0,0.0,0.0,0.0,0.0,0,0.0,0.0,0.0,164,0.18,1.48,25,0.0,215,0.0,1.84,0.0,0.0,0.0,0.0,0.0,0.0,0.0,0.0,0.0,0.136666667,0.0002,0.05952381,0.307142857,0.0,0.167272727
7246,Sausages and Luncheon Meats,"OSCAR MAYER,WIENERS (FAT FREE HOT DOGS)","OSCAR MAYER, Wieners (fat free hot dogs)","hot dog, frankfurter, frank",,,73,12.6,0.6,4.3,2.1,0.0,0.0,0.0,0.0,0.0,0.0,0,0.0,0.0,0.0,15,0.22,0.92,21,0.0,162,0.0,1.19,0.0,0.0,0.0,0.0,0.0,0.0,0.0,0.0,0.0,0.0125,0.000244444,0.05,0.231428571,0.0,0.108181818
7247,Sausages and Luncheon Meats,"OSCAR MAYER,WIENERS (LIGHT PORK,TURKEY,BEEF)","OSCAR MAYER, Wieners (light pork, turkey, beef)","hot dog, frankfurter, frank",,,194,12.1,14.9,2.8,1.5,0.0,0.0,0.0,0.0,0.0,0.0,0,0.0,0.0,0.0,38,0.2,1.28,17,0.0,169,0.0,1.77,0.0,0.0,0.0,0.0,0.0,0.0,0.0,0.0,0.0,0.031666667,0.000222222,0.04047619,0.241428571,0.0,0.160909091
7248,Sausages and Luncheon Meats,"OSCAR MAYER,WIENERS LITTLE (PORK,TURKEY)","OSCAR MAYER, Wieners Little (pork, turkey)","hot dog, frankfurter, frank",,,311,10.9,28.7,2.3,1.6,0.0,0.0,0.0,0.0,0.0,0.0,0,0.0,0.0,0.0,13,0.11,1.02,13,0.0,97,0.0,1.84,0.0,0.0,0.0,0.0,0.0,0.0,0.0,0.0,0.0,0.010833333,0.000122222,0.030952381,0.138571429,0.0,0.167272727
7249,Sausages and Luncheon Meats,"LOUIS RICH,CHICK BREAST CLASSIC BKD /GRILL (CARVING BOARD)","LOUIS RICH, Chicken Breast Classic Baked /Grill (carving board)",,,,98,19.7,0.5,3.7,0.7,0.0,0.0,0.0,0.0,0.0,0.0,0,0.0,0.0,0.0,8,0.24,1.28,32,0.0,282,0.0,0.88,0.0,0.0,0.0,0.0,0.0,0.0,0.0,0.0,0.0,0.006666667,0.000266667,0.076190476,0.402857143,0.0,0.08
7250,Sausages and Luncheon Meats,"LOUIS RICH,CHICK BREAST (OVEN RSTD DELUXE)","LOUIS RICH, Chicken Breast (oven roasted deluxe)",,,,101,18.3,2.0,2.5,1.5,0.0,0.0,0.0,0.0,0.0,0.0,0,0.0,0.0,0.0,7,0.23,1.15,24,0.0,266,0.0,0.73,0.0,0.0,0.0,0.0,0.0,0.0,0.0,0.0,0.0,0.005833333,0.000255556,0.057142857,0.38,0.0,0.066363636
7251,Sausages and Luncheon Meats,"LOUIS RICH,CHICK (WHITE,OVEN RSTD)","LOUIS RICH, Chicken (white, oven roasted)",,,,128,17.0,5.6,2.3,1.0,0.0,0.0,0.0,0.0,0.0,0.0,0,0.0,0.0,0.0,17,0.23,1.58,24,0.0,248,0.0,1.13,0.0,0.0,0.0,0.0,0.0,0.0,0.0,0.0,0.0,0.014166667,0.000255556,0.057142857,0.354285714,0.0,0.102727273
7252,Sausages and Luncheon Meats,"LOUIS RICH,FRANKS (TURKEY & CHICK CHEESE)","LOUIS RICH, Franks (turkey and chicken cheese)","hot dog, wiener, frankfurter",,,201,12.7,14.5,5.1,1.7,0.0,0.0,0.0,0.0,0.0,0.0,0,0.0,0.0,0.0,243,0.2,2.11,22,0.0,204,0.0,1.8,0.0,0.0,0.0,0.0,0.0,0.0,0.0,0.0,0.0,0.2025,0.000222222,0.052380952,0.291428571,0.0,0.163636364
7253,Sausages and Luncheon Meats,"LOUIS RICH,FRANKS (TURKEY & CHICKEN)","LOUIS RICH, Franks (turkey and chicken)","hot dog, wiener, frankfurter",,,188,11.2,13.5,5.3,1.5,0.0,0.0,0.0,0.0,0.0,0.0,0,0.0,0.0,0.0,131,0.22,2.18,23,0.0,147,0.0,1.86,0.0,0.0,0.0,0.0,0.0,0.0,0.0,0.0,0.0,0.109166667,0.000244444,0.054761905,0.21,0.0,0.169090909
7254,Sausages and Luncheon Meats,"TURKEY BACON,UNPREP","Turkey bacon, unprepared",,,,224,15.94,16.93,2.35,0.0,0.0,10.0,0.244,1.19,0.0,0.11,0,4.032,0.237,0.03,80,0.068,1.4,16,0.019,222,15.8,2.54,0.011111111,0.143529412,0.495833333,0.0,0.007333333,0.0,0.252,0.182307692,0.025,0.066666667,7.55556e-05,0.038095238,0.317142857,0.287272727,0.230909091
7255,Sausages and Luncheon Meats,"LOUIS RICH,TURKEY BOLOGNA","LOUIS RICH, Turkey Bologna",,,,184,11.3,13.2,4.85,1.2,0.0,0.0,0.0,0.0,0.0,0.0,6,0.0,0.0,0.0,124,0.18,1.64,22,0.0,196,0.0,1.85,0.0,0.0,0.0,0.0,0.0,0.015,0.0,0.0,0.0,0.103333333,0.0002,0.052380952,0.28,0.0,0.168181818
7256,Sausages and Luncheon Meats,"LOUIS RICH,TURKEY BREAST & WHITE TURKEY (OVEN ROASTED)","LOUIS RICH, Turkey Breast and White Turkey (oven roasted)",,,,99,17.1,2.0,3.25,0.8,0.0,0.0,0.0,0.0,0.0,0.0,6,0.0,0.0,0.0,6,0.17,0.99,22,0.0,251,0.0,0.95,0.0,0.0,0.0,0.0,0.0,0.015,0.0,0.0,0.0,0.005,0.000188889,0.052380952,0.358571429,0.0,0.086363636
7257,Sausages and Luncheon Meats,"LOUIS RICH,TURKEY BREAST&WHITE TURKEY (SMOKED SLICED)","LOUIS RICH, Turkey Breast and White Turkey (smoked sliced)",,,,100,17.6,2.3,2.4,1.1,0.0,0.0,0.0,0.0,0.0,0.0,0,0.0,0.0,0.0,9,0.23,0.75,35,0.0,261,0.0,0.96,0.0,0.0,0.0,0.0,0.0,0.0,0.0,0.0,0.0,0.0075,0.000255556,0.083333333,0.372857143,0.0,0.087272727
7258,Sausages and Luncheon Meats,"LOUIS RICH,TURKEY (HONEY RSTD,FAT FREE)","LOUIS RICH, Turkey (honey roasted, fat free)",,,,102,19.3,0.8,4.5,3.9,0.0,0.0,0.0,0.0,0.0,0.0,0,0.0,0.0,0.0,15,0.22,1.11,28,0.0,276,0.0,1.0,0.0,0.0,0.0,0.0,0.0,0.0,0.0,0.0,0.0,0.0125,0.000244444,0.066666667,0.394285714,0.0,0.090909091
7259,Sausages and Luncheon Meats,"LOUIS RICH,TURKEY BREAST (OVEN RSTD,FAT FREE)","LOUIS RICH, Turkey Breast (oven roasted, fat free)",,,,84,15.0,0.7,4.5,1.7,0.0,0.0,0.0,0.0,0.0,0.0,0,0.0,0.0,0.0,11,0.25,1.11,27,0.0,232,0.0,0.86,0.0,0.0,0.0,0.0,0.0,0.0,0.0,0.0,0.0,0.009166667,0.000277778,0.064285714,0.331428571,0.0,0.078181818
7260,Sausages and Luncheon Meats,"LOUIS RICH,TURKEY BREAST (OVEN RSTD,PORTION FAT FREE)","LOUIS RICH, Turkey Breast (oven roasted, portion fat free)",,,,90,19.1,0.7,1.9,0.4,0.0,0.0,0.0,0.0,0.0,0.0,0,0.0,0.0,0.0,17,0.2,1.11,29,0.0,285,0.0,0.96,0.0,0.0,0.0,0.0,0.0,0.0,0.0,0.0,0.0,0.014166667,0.000222222,0.069047619,0.407142857,0.0,0.087272727
7261,Sausages and Luncheon Meats,"LOUIS RICH,TURKEY BREAST (SMOKED,CARVING BOARD)","LOUIS RICH, Turkey Breast (Smoked, Carving Board)",,,,94,19.7,1.0,1.6,0.3,0.0,0.0,0.0,0.0,0.0,0.0,0,0.0,0.0,0.0,15,0.17,1.47,31,0.0,318,0.0,0.95,0.0,0.0,0.0,0.0,0.0,0.0,0.0,0.0,0.0,0.0125,0.000188889,0.073809524,0.454285714,0.0,0.086363636
7262,Sausages and Luncheon Meats,"LOUIS RICH,TURKEY BREAST (SMOKED,PORTION FAT FREE)","LOUIS RICH, Turkey Breast (smoked, portion fat free)",,,,93,19.3,0.8,2.2,0.6,0.0,0.0,0.0,0.0,0.0,0.0,0,0.0,0.0,0.0,16,0.2,1.12,27,0.0,302,0.0,0.88,0.0,0.0,0.0,0.0,0.0,0.0,0.0,0.0,0.0,0.013333333,0.000222222,0.064285714,0.431428571,0.0,0.08
7264,Sausages and Luncheon Meats,"LOUIS RICH,TURKEY HAM (10% H2O)","LOUIS RICH, Turkey Ham (10% water added)",,,,113,18.2,4.1,0.9,0.9,0.0,0.0,0.0,0.0,0.0,0.0,0,0.0,0.0,0.0,5,0.25,1.27,22,0.0,294,0.0,2.59,0.0,0.0,0.0,0.0,0.0,0.0,0.0,0.0,0.0,0.004166667,0.000277778,0.052380952,0.42,0.0,0.235454545
7265,Sausages and Luncheon Meats,"LOUIS RICH,TURKEY NUGGETS/STICKS (BREADED)","LOUIS RICH, Turkey Nuggets/Sticks (breaded)",,,,276,14.3,17.5,15.4,0.0,0.5,0.0,0.0,0.0,0.0,0.0,0,0.0,0.0,0.0,9,0.29,0.87,21,0.0,197,0.0,1.84,0.0,0.0,0.0,0.0,0.0,0.0,0.0,0.0,0.0,0.0075,0.000322222,0.05,0.281428571,0.0,0.167272727
7266,Sausages and Luncheon Meats,"LOUIS RICH,TURKEY SALAMI","LOUIS RICH, Turkey Salami",,,,147,15.3,9.4,0.4,0.4,0.0,0.0,0.0,0.0,0.0,0.0,0,0.0,0.0,0.0,40,0.19,1.25,22,0.0,266,0.0,2.32,0.0,0.0,0.0,0.0,0.0,0.0,0.0,0.0,0.0,0.033333333,0.000211111,0.052380952,0.38,0.0,0.210909091
7267,Sausages and Luncheon Meats,"LOUIS RICH,TURKEY SALAMI COTTO","LOUIS RICH, Turkey Salami Cotto",,,,149,15.0,9.5,0.9,0.4,0.0,0.0,0.0,0.0,0.0,0.0,0,0.0,0.0,0.0,31,0.36,1.64,21,0.0,272,0.0,2.35,0.0,0.0,0.0,0.0,0.0,0.0,0.0,0.0,0.0,0.025833333,0.0004,0.05,0.388571429,0.0,0.213636364
7268,Sausages and Luncheon Meats,"LOUIS RICH,TURKEY SMOKED SAUSAGE","LOUIS RICH, Turkey Smoked Sausage",,,,161,14.8,9.9,3.15,2.8,0.0,0.0,0.0,0.0,0.0,0.0,6,0.0,0.0,0.0,26,0.17,1.38,21,0.0,204,0.0,2.15,0.0,0.0,0.0,0.0,0.0,0.015,0.0,0.0,0.0,0.021666667,0.000188889,0.05,0.291428571,0.0,0.195454545
7269,Sausages and Luncheon Meats,"BUTCHER BOY MEATS,INC.,TURKEY FRANKS","BUTCHER BOY MEATS, INC., Turkey Franks","hot dog, wiener, frankfurter",,,239,13.45,18.17,4.66,2.49,0.2,15.0,0.208,0.25,0.8,0.0,7,2.089,0.145,0.057,148,0.098,1.83,14,0.0,246,0.0,2.88,0.016666667,0.122352941,0.104166667,0.008888889,0.0,0.0175,0.1305625,0.111538462,0.0475,0.123333333,0.000108889,0.033333333,0.351428571,0.0,0.261818182
7270,Sausages and Luncheon Meats,"CARL BUDDIG,CKD CORNED BF,CHOPD,PRESSED","CARL BUDDIG, Cooked Corned Beef, Chopped, Pressed",,,,142,19.3,6.8,1.0,0.0,0.0,0.0,0.0,0.0,0.0,0.0,0,4.2,0.24,0.09,17,0.0,2.4,0,0.0,0,0.0,0.0,0.0,0.0,0.0,0.0,0.0,0.0,0.2625,0.184615385,0.075,0.014166667,0.0,0.0,0.0,0.0,0.0
7271,Sausages and Luncheon Meats,"CARL BUDDIG,SMOKED SLICED CHICK,LT&DK MEAT","CARL BUDDIG, Smoked Sliced Chicken, light and dark meat",,,,165,17.9,10.1,0.7,0.0,0.0,0.0,0.0,0.0,0.0,0.0,0,6.74,0.25,0.07,124,0.0,1.56,0,0.0,0,0.0,0.0,0.0,0.0,0.0,0.0,0.0,0.0,0.42125,0.192307692,0.058333333,0.103333333,0.0,0.0,0.0,0.0,0.0
7272,Sausages and Luncheon Meats,"CARL BUDDIG,SMOKED SLICED BF","CARL BUDDIG, Smoked Sliced Beef",,,,139,19.3,6.5,0.6,0.0,0.0,0.0,0.0,0.0,0.0,0.0,0,3.86,0.24,0.09,14,0.0,2.26,0,0.0,0,0.0,0.0,0.0,0.0,0.0,0.0,0.0,0.0,0.24125,0.184615385,0.075,0.011666667,0.0,0.0,0.0,0.0,0.0
7273,Sausages and Luncheon Meats,"CARL BUDDIG,SMOKED SLICED TURKEY,LT&DK MEAT","CARL BUDDIG, Smoked Sliced Turkey, light and dark meat",,,,160,17.5,9.1,1.8,0.0,0.0,0.0,0.0,0.0,0.0,0.0,0,5.86,0.31,0.18,60,0.0,1.84,0,0.0,0,0.0,0.0,0.0,0.0,0.0,0.0,0.0,0.0,0.36625,0.238461538,0.15,0.05,0.0,0.0,0.0,0.0,0.0
7274,Sausages and Luncheon Meats,"CARL BUDDIG. CKD SMOKED BF PASTRAMI,CHOPD,PRESSED","CARL BUDDIG. Cooked Smoked Beef Pastrami, Chopped, Pressed",,,,141,19.6,6.5,1.0,0.0,0.0,0.0,0.0,0.0,0.0,0.0,0,4.1,0.23,0.09,17,0.0,2.45,0,0.0,0,0.0,0.0,0.0,0.0,0.0,0.0,0.0,0.0,0.25625,0.176923077,0.075,0.014166667,0.0,0.0,0.0,0.0,0.0
7275,Sausages and Luncheon Meats,"CARL BUDDIG,SMOKED SLICED HAM","CARL BUDDIG, Smoked Sliced Ham",,,,163,18.5,9.3,1.1,0.0,0.0,0.0,0.0,0.0,0.0,0.0,0,5.17,0.35,0.75,16,0.0,2.03,0,0.0,0,0.0,0.0,0.0,0.0,0.0,0.0,0.0,0.0,0.323125,0.269230769,0.625,0.013333333,0.0,0.0,0.0,0.0,0.0
7276,Sausages and Luncheon Meats,HORMEL SPAM  LUNCHEON MEAT  PORK W/ HAM  MINCED  CND,"HORMEL SPAM, Luncheon Meat, pork with ham, minced, canned",,,,310,13.24,27.24,3.03,0.0,0.0,0.0,0.0,0.0,0.9,0.0,3,0.0,0.0,0.0,14,0.1,0.9,14,0.0,0,0.0,1.8,0.0,0.0,0.0,0.01,0.0,0.0075,0.0,0.0,0.0,0.011666667,0.000111111,0.033333333,0.0,0.0,0.163636364
7277,Sausages and Luncheon Meats,"HORMEL SPAM,LT LUNCH MT,PORK & CHICK,MINCED,CND,VIT C ADDED","HORMEL SPAM, Lite Luncheon Meat, Pork and chicken, minced, canned, ascorbic acid added",,,,191,15.23,13.9,1.35,1.26,0.0,0.0,0.0,0.0,38.5,0.0,3,0.0,0.0,0.0,39,0.1,1.4,18,0.0,0,0.0,2.2,0.0,0.0,0.0,0.427777778,0.0,0.0075,0.0,0.0,0.0,0.0325,0.000111111,0.042857143,0.0,0.0,0.2
7278,Sausages and Luncheon Meats,HORMEL PILLOW PAK SLICED TURKEY PEPPERONI,HORMEL Pillow Pak Sliced Turkey Pepperoni,,Hormel Foods Corp.,,243,30.99,11.52,3.78,0.0,0.0,15.0,0.0,0.0,0.0,0.0,4,0.0,0.0,0.0,26,0.2,2.7,41,0.0,0,0.0,4.3,0.016666667,0.0,0.0,0.0,0.0,0.01,0.0,0.0,0.0,0.021666667,0.000222222,0.097619048,0.0,0.0,0.390909091
7279,Sausages and Luncheon Meats,HORMEL WRANGLER BEEF FRANKS,HORMEL WRANGLER Beef Franks,"hot dog, wiener, frankfurter",,,290,12.58,25.69,2.11,1.67,0.0,4.0,0.0,0.0,19.9,0.0,11,0.0,0.0,0.0,14,0.1,1.8,14,0.0,0,0.0,2.3,0.004444444,0.0,0.0,0.221111111,0.0,0.0275,0.0,0.0,0.0,0.011666667,0.000111111,0.033333333,0.0,0.0,0.209090909
7900,Sausages and Luncheon Meats,"TURKEY,PORK,&BF SAUSAGE,LOFAT,SMOKED","Turkey, pork, and beef sausage, low fat, smoked",,,,101,8.0,2.5,11.54,0.0,0.6,0.0,0.1,0.28,1.9,0.09,6,1.55,0.08,0.13,10,0.134,2.2,16,0.0,74,24.6,1.2,0.0,0.058823529,0.116666667,0.021111111,0.006,0.015,0.096875,0.061538462,0.108333333,0.008333333,0.000148889,0.038095238,0.105714286,0.447272727,0.109090909
7901,Sausages and Luncheon Meats,"USDA COMMODITY,PORK,SAUSAGE,BULK/LINKS/PATTIES,FRZ,CKD","USDA Commodity, pork, sausage, bulk/links/patties, frozen, cooked",,,,267,19.76,20.26,0.0,0.0,0.0,15.0,0.28,0.89,0.0,0.0,1,2.796,0.241,0.732,9,0.104,1.15,19,0.053,190,21.7,2.84,0.016666667,0.164705882,0.370833333,0.0,0.0,0.0025,0.17475,0.185384615,0.61,0.0075,0.000115556,0.045238095,0.271428571,0.394545455,0.258181818
7905,Sausages and Luncheon Meats,"FRANKFURTER,BF,PORK,& TURKEY,FAT FREE","Frankfurter, beef, pork, and turkey, fat free","hot dog, wiener, frank",,,109,12.5,1.59,11.21,0.0,0.0,0.0,0.181,1.06,24.0,0.0,6,3.466,0.154,0.162,54,0.117,1.78,14,0.0,132,18.7,2.92,0.0,0.106470588,0.441666667,0.266666667,0.0,0.015,0.216625,0.118461538,0.135,0.045,0.00013,0.033333333,0.188571429,0.34,0.265454545
7906,Sausages and Luncheon Meats,"LUNCHEON MEAT,PORK,HAM,&CHICK,MINCD,CND,RED NA,VIT C, (SPAM)","Luncheon meat, pork, ham, and chicken, minced, canned, reduced sodium, added ascorbic acid, includes SPAM, 25% less sodium",,,,293,12.5,25.1,3.4,0.0,0.0,0.0,0.283,0.61,43.0,0.24,4,3.175,0.179,0.264,0,0.046,0.64,14,0.0,109,25.0,2.12,0.0,0.166470588,0.254166667,0.477777778,0.016,0.01,0.1984375,0.137692308,0.22,0.0,5.11111e-05,0.033333333,0.155714286,0.454545455,0.192727273
7907,Sausages and Luncheon Meats,"USDA COMMODITY,PORK SAUSAGE,BULK/LINKS/PATTIES,FRZ,RAW","USDA Commodity, pork sausage, bulk/links/patties, frozen, raw",,,,231,14.95,18.56,0.0,0.0,0.0,12.0,0.234,0.84,0.0,0.0,3,2.619,0.223,0.688,9,0.047,0.99,17,0.018,162,21.7,2.39,0.013333333,0.137647059,0.35,0.0,0.0,0.0075,0.1636875,0.171538462,0.573333333,0.0075,5.22222e-05,0.04047619,0.231428571,0.394545455,0.217272727
7908,Sausages and Luncheon Meats,"LUNCHEON MEAT,PORK W/HAM,MINCED,CND,INCL SPAM (HORMEL)","Luncheon meat, pork with ham, minced, canned, includes SPAM (Hormel)",,,,315,13.4,26.6,4.6,0.0,0.0,0.0,0.218,0.45,0.0,0.42,3,3.53,0.176,0.317,0,0.051,0.64,14,0.0,151,22.9,1.59,0.0,0.128235294,0.1875,0.0,0.028,0.0075,0.220625,0.135384615,0.264166667,0.0,5.66667e-05,0.033333333,0.215714286,0.416363636,0.144545455
7909,Sausages and Luncheon Meats,"LUNCHEON MEAT,PORK&CHICK,MINCED,CND,INCL SPAM LITE","Luncheon meat, pork and chicken, minced, canned, includes SPAM Lite",,,,196,15.23,13.9,1.35,1.26,0.0,0.0,0.283,0.61,38.5,0.24,4,3.45,0.21,0.18,39,0.1,1.4,18,0.0,109,27.0,2.2,0.0,0.166470588,0.254166667,0.427777778,0.016,0.01,0.215625,0.161538462,0.15,0.0325,0.000111111,0.042857143,0.155714286,0.490909091,0.2
7910,Sausages and Luncheon Meats,BRATWURST  VEAL  CKD,"Bratwurst, veal, cooked",,,,341,13.99,31.7,0.0,0.0,0.0,0.0,0.307,0.98,0.0,0.0,9,5.43,0.192,0.054,11,0.081,0.74,16,0.049,150,19.2,2.05,0.0,0.180588235,0.408333333,0.0,0.0,0.0225,0.339375,0.147692308,0.045,0.009166667,9e-05,0.038095238,0.214285714,0.349090909,0.186363636
7911,Sausages and Luncheon Meats,LIVERWURST SPRD,Liverwurst spread,,,,305,12.38,25.45,5.89,1.65,2.5,4091.0,0.19,13.46,3.5,0.0,30,4.3,1.03,0.272,22,0.24,8.85,12,0.155,230,58.0,2.3,4.545555556,0.111764706,5.608333333,0.038888889,0.0,0.075,0.26875,0.792307692,0.226666667,0.018333333,0.000266667,0.028571429,0.328571429,1.054545455,0.209090909
7912,Sausages and Luncheon Meats,ROAST BF SPRD,Roast beef spread,,,,223,15.27,16.28,3.73,0.71,0.2,0.0,0.15,2.38,0.2,0.0,8,4.2,0.23,0.02,23,0.101,2.06,24,0.0,116,22.6,6.08,0.0,0.088235294,0.991666667,0.002222222,0.0,0.02,0.2625,0.176923077,0.016666667,0.019166667,0.000112222,0.057142857,0.165714286,0.410909091,0.552727273
7913,Sausages and Luncheon Meats,SALAMI  PORK  BF  LESS NA,"Salami, pork, beef, less sodium",,,,396,15.01,30.5,15.38,6.21,0.2,4.0,0.489,1.76,0.7,0.0,8,4.803,0.336,0.738,94,0.088,1.55,31,0.057,272,14.6,3.08,0.004444444,0.287647059,0.733333333,0.007777778,0.0,0.02,0.3001875,0.258461538,0.615,0.078333333,9.77778e-05,0.073809524,0.388571429,0.265454545,0.28
7914,Sausages and Luncheon Meats,SAUSAGE  ITALIAN  SWT  LINKS,"Sausage, Italian, sweet, links",,,,149,16.13,8.42,2.1,0.0,0.0,0.0,0.187,1.04,0.2,0.0,4,1.736,0.125,0.172,25,0.04,1.19,12,0.007,103,10.8,1.52,0.0,0.11,0.433333333,0.002222222,0.0,0.01,0.1085,0.096153846,0.143333333,0.020833333,4.44444e-05,0.028571429,0.147142857,0.196363636,0.138181818
7915,Sausages and Luncheon Meats,SAUSAGE  POLISH  BF W/ CHICK  HOT,"Sausage, Polish, beef with chicken, hot",,,,259,17.6,19.4,3.6,0.0,0.0,0.0,0.19,0.98,0.0,0.0,2,3.443,0.148,0.502,12,0.09,0.88,14,0.049,136,17.7,1.93,0.0,0.111764706,0.408333333,0.0,0.0,0.005,0.2151875,0.113846154,0.418333333,0.01,0.0001,0.033333333,0.194285714,0.321818182,0.175454545
7916,Sausages and Luncheon Meats,SAUSAGE  POLISH  PORK & BF  SMOKED,"Sausage, Polish, pork and beef, smoked",,,,301,12.07,26.56,1.98,0.0,0.0,0.0,0.17,1.51,0.0,0.0,4,3.227,0.17,0.26,7,0.06,1.0,12,0.037,107,13.1,2.11,0.0,0.1,0.629166667,0.0,0.0,0.01,0.2016875,0.130769231,0.216666667,0.005833333,6.66667e-05,0.028571429,0.152857143,0.238181818,0.191818182
7917,Sausages and Luncheon Meats,SAUSAGE  PORK & BF  W/ CHEDDAR CHS  SMOKED,"Sausage, pork and beef, with cheddar cheese, smoked",,,,296,12.89,25.84,2.13,0.11,0.0,0.0,0.13,1.73,0.0,0.0,3,2.9,0.16,0.249,57,0.07,0.73,13,0.032,178,7.5,2.25,0.0,0.076470588,0.720833333,0.0,0.0,0.0075,0.18125,0.123076923,0.2075,0.0475,7.77778e-05,0.030952381,0.254285714,0.136363636,0.204545455
7918,Sausages and Luncheon Meats,SAUSAGE  SMMR  PORK & BF  STKS  W/ CHEDDAR CHS,"Sausage, summer, pork and beef, sticks, with cheddar cheese",,,,426,19.43,37.91,1.82,0.12,0.2,225.0,0.13,1.73,0.0,0.0,7,2.9,0.16,0.249,81,0.07,2.26,13,0.032,178,7.5,2.25,0.25,0.076470588,0.720833333,0.0,0.0,0.0175,0.18125,0.123076923,0.2075,0.0675,7.77778e-05,0.030952381,0.254285714,0.136363636,0.204545455
7919,Sausages and Luncheon Meats,SAUSAGE  TURKEY  BRKFST LINKS  MILD,"Sausage, turkey, breakfast links, mild",,,,235,15.42,18.09,1.56,0.0,0.0,0.0,0.208,0.79,0.5,0.19,4,3.692,0.165,0.054,32,0.111,1.07,16,0.0,155,0.0,2.98,0.0,0.122352941,0.329166667,0.005555556,0.012666667,0.01,0.23075,0.126923077,0.045,0.026666667,0.000123333,0.038095238,0.221428571,0.0,0.270909091
7920,Sausages and Luncheon Meats,SWISSWURST  PORK & BF  W/ SWISS CHS  SMOKED,"Swisswurst, pork and beef, with swiss cheese, smoked",,,,307,12.69,27.37,1.6,0.0,0.0,100.0,0.13,1.73,0.0,0.0,3,2.9,0.16,0.249,74,0.07,0.72,13,0.032,178,7.5,2.25,0.111111111,0.076470588,0.720833333,0.0,0.0,0.0075,0.18125,0.123076923,0.2075,0.061666667,7.77778e-05,0.030952381,0.254285714,0.136363636,0.204545455
7921,Sausages and Luncheon Meats,BACON & BF STKS,Bacon and beef sticks,,,,517,29.1,44.2,0.8,0.8,0.0,0.0,0.5,1.9,0.0,0.0,2,4.867,0.285,0.6,14,0.08,1.86,17,0.038,142,26.1,3.23,0.0,0.294117647,0.791666667,0.0,0.0,0.005,0.3041875,0.219230769,0.5,0.011666667,8.88889e-05,0.04047619,0.202857143,0.474545455,0.293636364
7922,Sausages and Luncheon Meats,BRATWURST  BF & PORK  SMOKED,"Bratwurst, beef and pork, smoked",,,,297,12.2,26.34,2.0,0.0,0.0,0.0,0.2,2.67,0.0,0.0,4,3.11,0.213,0.38,7,0.08,1.0,15,0.041,130,14.1,2.47,0.0,0.117647059,1.1125,0.0,0.0,0.01,0.194375,0.163846154,0.316666667,0.005833333,8.88889e-05,0.035714286,0.185714286,0.256363636,0.224545455
7923,Sausages and Luncheon Meats,"BRATWURST,CHICK,CKD","Bratwurst, chicken, cooked",,,,176,19.44,10.35,0.0,0.0,0.0,30.0,0.385,0.34,2.0,0.0,6,7.551,0.133,0.067,11,0.05,0.87,23,0.0,160,0.0,1.43,0.033333333,0.226470588,0.141666667,0.022222222,0.0,0.015,0.4719375,0.102307692,0.055833333,0.009166667,5.55556e-05,0.054761905,0.228571429,0.0,0.13
7924,Sausages and Luncheon Meats,BRATWURST  PORK  BF & TURKEY  LITE  SMOKED,"Bratwurst, pork, beef and turkey, lite, smoked",,,,186,14.45,13.53,1.62,1.57,0.0,0.0,0.213,1.6,0.0,0.0,5,1.847,0.166,0.09,14,0.063,0.94,14,0.015,132,20.2,2.68,0.0,0.125294118,0.666666667,0.0,0.0,0.0125,0.1154375,0.127692308,0.075,0.011666667,7e-05,0.033333333,0.188571429,0.367272727,0.243636364
7925,Sausages and Luncheon Meats,PASTRAMI  BF  98% FAT-FREE,"Pastrami, beef, 98% fat-free",,,,95,19.6,1.16,1.54,0.0,0.0,0.0,0.18,1.76,34.6,0.0,7,5.065,0.17,0.095,9,0.079,2.78,18,0.013,150,10.4,4.26,0.0,0.105882353,0.733333333,0.384444444,0.0,0.0175,0.3165625,0.130769231,0.079166667,0.0075,8.77778e-05,0.042857143,0.214285714,0.189090909,0.387272727
7926,Sausages and Luncheon Meats,SALAMI  ITALIAN  PORK,"Salami, Italian, pork",,,,425,21.7,37.0,1.2,1.2,0.0,0.0,0.55,2.8,0.0,0.0,2,5.6,0.33,0.93,10,0.16,1.52,22,0.07,229,25.4,4.2,0.0,0.323529412,1.166666667,0.0,0.0,0.005,0.35,0.253846154,0.775,0.008333333,0.000177778,0.052380952,0.327142857,0.461818182,0.381818182
7927,Sausages and Luncheon Meats,SAUSAGE  ITALIAN  TURKEY  SMOKED,"Sausage, Italian, turkey, smoked",,,,158,15.05,8.75,4.65,3.2,0.9,43.0,0.381,0.43,30.4,0.0,8,3.675,0.173,0.071,21,0.111,9.6,25,0.066,185,22.2,2.13,0.047777778,0.224117647,0.179166667,0.337777778,0.0,0.02,0.2296875,0.133076923,0.059166667,0.0175,0.000123333,0.05952381,0.264285714,0.403636364,0.193636364
7928,Sausages and Luncheon Meats,SAUSAGE  CHICK  BF  PORK  SKINLESS  SMOKED,"Sausage, chicken, beef, pork, skinless, smoked",,,,216,13.6,14.3,8.1,1.9,0.0,0.0,0.213,1.6,0.0,0.0,6,1.847,0.166,0.09,100,0.063,4.8,14,0.015,132,20.2,2.68,0.0,0.125294118,0.666666667,0.0,0.0,0.015,0.1154375,0.127692308,0.075,0.083333333,7e-05,0.033333333,0.188571429,0.367272727,0.243636364
7929,Sausages and Luncheon Meats,SAUSAGE  TURKEY  HOT  SMOKED,"Sausage, turkey, hot, smoked",,,,158,15.05,8.75,4.65,3.2,0.9,43.0,0.381,0.43,30.4,0.09,8,3.675,0.173,0.071,21,0.111,9.6,25,0.0,185,22.2,2.13,0.047777778,0.224117647,0.179166667,0.337777778,0.006,0.02,0.2296875,0.133076923,0.059166667,0.0175,0.000123333,0.05952381,0.264285714,0.403636364,0.193636364
7930,Sausages and Luncheon Meats,"YACHTWURST,W/ PISTACHIO NUTS,CKD","Yachtwurst, with pistachio nuts, cooked",,,,268,14.8,22.6,1.4,0.0,0.0,0.0,0.0,0.0,0.0,0.0,0,0.0,0.0,0.0,19,0.0,1.0,0,0.0,0,0.0,0.0,0.0,0.0,0.0,0.0,0.0,0.0,0.0,0.0,0.0,0.015833333,0.0,0.0,0.0,0.0,0.0
7931,Sausages and Luncheon Meats,BEERWURST  PORK & BF,"Beerwurst, pork and beef",,,,276,14.0,22.53,4.27,0.0,0.9,3.0,0.23,1.16,0.6,0.0,5,2.975,0.173,0.246,27,0.103,1.73,19,0.155,135,17.4,2.21,0.003333333,0.135294118,0.483333333,0.006666667,0.0,0.0125,0.1859375,0.133076923,0.205,0.0225,0.000114444,0.045238095,0.192857143,0.316363636,0.200909091
7932,Sausages and Luncheon Meats,CHICKEN BREAST  FAT-FREE  MESQ FLAVOR  SLICED,"Chicken breast, fat-free, mesquite flavor, sliced",,,,80,16.8,0.39,2.25,0.2,0.0,0.0,0.12,0.07,0.0,0.0,1,2.742,0.023,0.014,4,0.23,0.3,36,0.034,256,6.1,0.6,0.0,0.070588235,0.029166667,0.0,0.0,0.0025,0.171375,0.017692308,0.011666667,0.003333333,0.000255556,0.085714286,0.365714286,0.110909091,0.054545455
7933,Sausages and Luncheon Meats,CHICKEN BREAST  OVEN-ROASTED  FAT-FREE  SLICED,"Chicken breast, oven-roasted, fat-free, sliced",,,,79,16.79,0.39,2.17,0.1,0.0,0.0,0.15,0.09,0.0,0.0,1,3.428,0.029,0.018,6,0.034,0.32,9,0.043,60,7.6,0.3,0.0,0.088235294,0.0375,0.0,0.0,0.0025,0.21425,0.022307692,0.015,0.005,3.77778e-05,0.021428571,0.085714286,0.138181818,0.027272727
7934,Sausages and Luncheon Meats,"KIELBASA,POLISH,TURKEY & BF,SMOKED","Kielbasa, Polish, turkey and beef, smoked",,,,226,13.1,17.6,3.9,0.0,0.0,0.0,0.0,0.0,14.8,0.0,0,0.0,0.0,0.0,0,0.0,1.24,0,0.0,0,0.0,0.0,0.0,0.0,0.0,0.164444444,0.0,0.0,0.0,0.0,0.0,0.0,0.0,0.0,0.0,0.0,0.0
7935,Sausages and Luncheon Meats,OVEN-ROASTED CHICK BREAST ROLL,Oven-roasted chicken breast roll,,,,134,14.59,7.65,1.79,0.43,0.0,0.0,0.298,0.24,0.0,0.07,3,6.536,0.062,0.043,6,0.069,0.32,17,0.017,121,11.7,0.65,0.0,0.175294118,0.1,0.0,0.004666667,0.0075,0.4085,0.047692308,0.035833333,0.005,7.66667e-05,0.04047619,0.172857143,0.212727273,0.059090909
7936,Sausages and Luncheon Meats,BOLOGNA  PORK & TURKEY  LITE,"Bologna, pork and turkey, lite",,,,211,13.06,16.06,3.45,0.0,0.0,1.0,0.163,0.29,0.0,0.0,18,3.072,0.097,0.159,48,0.082,1.15,17,0.155,94,5.6,0.73,0.001111111,0.095882353,0.120833333,0.0,0.0,0.045,0.192,0.074615385,0.1325,0.04,9.11111e-05,0.04047619,0.134285714,0.101818182,0.066363636
7937,Sausages and Luncheon Meats,BOLOGNA  PORK  TURKEY & BF,"Bologna, pork, turkey and beef",,,,336,11.56,29.25,6.66,1.35,0.0,0.0,0.388,1.08,11.0,0.0,4,3.31,0.15,0.152,31,0.093,1.2,14,0.265,128,12.4,2.22,0.0,0.228235294,0.45,0.122222222,0.0,0.01,0.206875,0.115384615,0.126666667,0.025833333,0.000103333,0.033333333,0.182857143,0.225454545,0.201818182
7938,Sausages and Luncheon Meats,HAM  HONEY  SMOKED  CKD,"Ham, honey, smoked, cooked",,,,122,17.93,2.37,7.27,0.0,0.0,0.0,0.231,0.38,0.6,0.0,2,2.276,0.101,0.402,6,0.041,0.39,8,0.028,384,10.4,0.91,0.0,0.135882353,0.158333333,0.006666667,0.0,0.005,0.14225,0.077692308,0.335,0.005,4.55556e-05,0.019047619,0.548571429,0.189090909,0.082727273
7939,Sausages and Luncheon Meats,"FRANKFURTER,PORK","Frankfurter, pork","hot dog, wiener, frank",,,269,12.81,23.68,0.28,0.0,0.1,79.0,0.322,0.49,2.0,0.0,3,2.773,0.179,0.593,267,0.074,3.7,15,0.016,171,27.8,2.09,0.087777778,0.189411765,0.204166667,0.022222222,0.0,0.0075,0.1733125,0.137692308,0.494166667,0.2225,8.22222e-05,0.035714286,0.244285714,0.505454545,0.19
7940,Sausages and Luncheon Meats,MACARONI & CHS LOAF  CHICK  PORK & BF,"Macaroni and cheese loaf, chicken, pork and beef",,,,228,11.76,14.96,11.63,0.0,0.0,0.0,0.329,0.68,16.7,0.0,33,2.84,0.249,0.237,122,0.11,1.2,27,0.277,173,23.0,1.51,0.0,0.193529412,0.283333333,0.185555556,0.0,0.0825,0.1775,0.191538462,0.1975,0.101666667,0.000122222,0.064285714,0.247142857,0.418181818,0.137272727
7941,Sausages and Luncheon Meats,SALAMI  ITALIAN  PORK & BF  DRY  SLICED  50% LESS NA,"Salami, Italian, pork and beef, dry, sliced, 50% less sodium",,,,350,21.8,26.4,6.4,0.0,0.0,0.0,0.5,1.9,0.0,0.0,2,4.867,0.285,0.6,8,0.08,1.51,17,0.038,142,26.1,3.23,0.0,0.294117647,0.791666667,0.0,0.0,0.005,0.3041875,0.219230769,0.5,0.006666667,8.88889e-05,0.04047619,0.202857143,0.474545455,0.293636364
7942,Sausages and Luncheon Meats,PATE  TRUFFLE FLAVOR,"Pate, truffle flavor",,,,327,11.2,28.5,6.3,0.0,0.0,4505.0,0.06,3.2,2.0,0.0,60,3.3,0.6,0.03,70,0.4,3.94,13,0.12,200,41.6,2.85,5.005555556,0.035294118,1.333333333,0.022222222,0.0,0.15,0.20625,0.461538462,0.025,0.058333333,0.000444444,0.030952381,0.285714286,0.756363636,0.259090909
7943,Sausages and Luncheon Meats,"TURKEY,BREAST,SMOKED,LEMON PEPPER FLAVOR,97% FAT-FREE","Turkey, breast, smoked, lemon pepper flavor, 97% fat-free",,,,95,20.9,0.69,1.31,0.0,0.0,0.0,0.0,0.0,0.0,0.0,0,0.0,0.0,0.0,0,0.0,0.0,0,0.0,0,0.0,0.0,0.0,0.0,0.0,0.0,0.0,0.0,0.0,0.0,0.0,0.0,0.0,0.0,0.0,0.0,0.0
7944,Sausages and Luncheon Meats,TURKEY  WHITE  ROTISSERIE  DELI CUT,"Turkey, white, rotisserie, deli cut",,,,112,13.5,3.0,7.7,4.0,0.4,2.0,0.294,0.22,10.0,0.0,4,5.159,0.114,0.033,16,0.039,2.2,20,0.02,158,29.9,2.1,0.002222222,0.172941176,0.091666667,0.111111111,0.0,0.01,0.3224375,0.087692308,0.0275,0.013333333,4.33333e-05,0.047619048,0.225714286,0.543636364,0.190909091
7945,Sausages and Luncheon Meats,FRANKFURTER  BF  HTD,"Frankfurter, beef, heated","hot dog, frank, wiener",,,322,11.69,29.36,2.66,1.27,0.0,0.0,0.193,1.44,0.0,0.2,10,1.827,0.05,0.017,11,0.047,1.22,9,0.017,139,10.8,2.17,0.0,0.113529412,0.6,0.0,0.013333333,0.025,0.1141875,0.038461538,0.014166667,0.009166667,5.22222e-05,0.021428571,0.198571429,0.196363636,0.197272727
7949,Sausages and Luncheon Meats,FRANKFURTER  MEAT  HTD,"Frankfurter, meat, heated",,,,278,9.77,24.31,4.9,0.0,0.0,0.0,0.165,1.57,0.0,0.18,6,2.654,0.12,0.055,99,0.151,1.22,15,0.051,211,12.5,1.08,0.0,0.097058824,0.654166667,0.0,0.012,0.015,0.165875,0.092307692,0.045833333,0.0825,0.000167778,0.035714286,0.301428571,0.227272727,0.098181818
7950,Sausages and Luncheon Meats,FRANKFURTER  MEAT,"Frankfurter, meat",,,,290,10.26,25.76,4.17,0.0,0.0,0.0,0.166,1.57,0.0,0.19,6,2.665,0.121,0.055,99,0.097,1.09,15,0.045,206,12.5,1.2,0.0,0.097647059,0.654166667,0.0,0.012666667,0.015,0.1665625,0.093076923,0.045833333,0.0825,0.000107778,0.035714286,0.294285714,0.227272727,0.109090909
7951,Sausages and Luncheon Meats,"SCRAPPLE,PORK","Scrapple, pork",,,,213,8.06,13.87,14.06,0.2,0.3,626.0,0.12,0.31,2.5,0.15,5,2.273,0.287,0.116,7,0.212,1.89,13,0.0,76,17.4,1.06,0.695555556,0.070588235,0.129166667,0.027777778,0.01,0.0125,0.1420625,0.220769231,0.096666667,0.005833333,0.000235556,0.030952381,0.108571429,0.316363636,0.096363636
7952,Sausages and Luncheon Meats,"BOLOGNA,CHICK,TURKEY,PORK","Bologna, chicken, turkey, pork",,,,298,9.88,26.18,5.65,0.0,0.0,13.0,0.18,0.79,19.7,0.41,9,3.32,0.132,0.042,82,0.06,1.16,15,0.044,185,0.0,1.28,0.014444444,0.105882353,0.329166667,0.218888889,0.027333333,0.0225,0.2075,0.101538462,0.035,0.068333333,6.66667e-05,0.035714286,0.264285714,0.0,0.116363636
7953,Sausages and Luncheon Meats,"PORK SAUSAGE,LINK/PATTY,FULLY CKD,MICROWAVED","Pork sausage, link/patty, fully cooked, microwaved",,,,437,15.12,41.66,0.62,0.62,0.0,22.0,0.137,0.76,0.0,0.88,1,4.328,0.18,0.243,17,0.085,0.95,15,0.065,193,22.5,1.59,0.024444444,0.080588235,0.316666667,0.0,0.058666667,0.0025,0.2705,0.138461538,0.2025,0.014166667,9.44444e-05,0.035714286,0.275714286,0.409090909,0.144545455
7954,Sausages and Luncheon Meats,"BEEF SAUSAGE,PRE-COOKED","Beef sausage, pre-cooked",,,,405,15.5,37.57,0.03,0.0,0.0,25.0,0.192,2.03,0.7,0.49,5,3.21,0.117,0.028,15,0.066,1.53,13,0.042,185,0.0,2.92,0.027777778,0.112941176,0.845833333,0.007777778,0.032666667,0.0125,0.200625,0.09,0.023333333,0.0125,7.33333e-05,0.030952381,0.264285714,0.0,0.265454545
7955,Sausages and Luncheon Meats,"TURKEY SAUSAGE,FRSH,RAW","Turkey sausage, fresh, raw",,,,155,18.79,8.08,0.47,0.0,0.0,13.0,0.431,1.3,2.3,0.13,5,4.6,0.234,0.077,19,0.086,1.17,19,0.021,177,0.0,3.06,0.014444444,0.253529412,0.541666667,0.025555556,0.008666667,0.0125,0.2875,0.18,0.064166667,0.015833333,9.55556e-05,0.045238095,0.252857143,0.0,0.278181818
7956,Sausages and Luncheon Meats,"BEEF SAUSAGE,FRSH,CKD","Beef sausage, fresh, cooked",,,,332,18.21,27.98,0.35,0.0,0.0,13.0,0.313,2.01,0.0,0.24,3,3.6,0.15,0.048,11,0.069,1.57,14,0.0,141,0.0,4.38,0.014444444,0.184117647,0.8375,0.0,0.016,0.0075,0.225,0.115384615,0.04,0.009166667,7.66667e-05,0.033333333,0.201428571,0.0,0.398181818
7957,Sausages and Luncheon Meats,"PORK & TURKEY SAUSAGE,PRE-COOKED","Pork and turkey sausage, pre-cooked",,,,342,12.05,30.64,3.63,0.0,0.0,21.0,0.124,0.58,0.7,0.52,10,2.73,0.099,0.089,74,0.113,1.3,25,0.239,136,0.0,1.34,0.023333333,0.072941176,0.241666667,0.007777778,0.034666667,0.025,0.170625,0.076153846,0.074166667,0.061666667,0.000125556,0.05952381,0.194285714,0.0,0.121818182
7958,Sausages and Luncheon Meats,"TURKEY SAUSAGE,FRSH,CKD","Turkey sausage, fresh, cooked",,,,196,23.89,10.44,0.0,0.0,0.0,13.0,0.322,1.23,0.7,0.18,6,5.72,0.255,0.084,22,0.145,1.49,21,0.024,202,0.0,3.88,0.014444444,0.189411765,0.5125,0.007777778,0.012,0.015,0.3575,0.196153846,0.07,0.018333333,0.000161111,0.05,0.288571429,0.0,0.352727273
7959,Sausages and Luncheon Meats,"BOLOGNA,CHICK,PORK,BF","Bologna, chicken, pork, beef",,,,272,11.33,22.73,5.61,0.0,0.0,13.0,0.227,0.59,15.8,0.25,7,3.463,0.135,0.074,92,0.064,1.25,15,0.043,227,0.0,1.22,0.014444444,0.133529412,0.245833333,0.175555556,0.016666667,0.0175,0.2164375,0.103846154,0.061666667,0.076666667,7.11111e-05,0.035714286,0.324285714,0.0,0.110909091
7960,Sausages and Luncheon Meats,"BOLOGNA,CHICK,PORK","Bologna, chicken, pork",,,,336,10.31,30.61,4.19,0.0,0.0,13.0,0.19,0.5,13.2,0.64,13,3.68,0.129,0.063,196,0.039,1.12,16,0.042,223,0.0,1.04,0.014444444,0.111764706,0.208333333,0.146666667,0.042666667,0.0325,0.23,0.099230769,0.0525,0.163333333,4.33333e-05,0.038095238,0.318571429,0.0,0.094545455
7961,Sausages and Luncheon Meats,"CHICKEN BREAST,DELI,ROTISSERIE SEASONED,SLICED,PREPACKAGED","Chicken breast, deli, rotisserie seasoned, sliced, prepackaged",,,,98,17.4,1.86,2.92,0.75,0.0,2.0,0.445,0.14,0.0,0.32,7,9.055,0.071,0.048,11,0.02,0.39,26,0.018,257,13.2,0.51,0.002222222,0.261764706,0.058333333,0.0,0.021333333,0.0175,0.5659375,0.054615385,0.04,0.009166667,2.22222e-05,0.061904762,0.367142857,0.24,0.046363636
7962,Sausages and Luncheon Meats,"Frankfurter, meat and poultry, unheated","Frankfurter, meat and poultry, unheated",,,,277,9.72,24.18,5.02,2.75,0.0,31.0,0.063,0.71,22.5,0.44,6,2.813,0.145,0.047,106,0.042,1.04,11,0.017,175,12.4,1.14,0.034444444,0.037058824,0.295833333,0.25,0.029333333,0.015,0.1758125,0.111538462,0.039166667,0.088333333,4.66667e-05,0.026190476,0.25,0.225454545,0.103636364
7963,Sausages and Luncheon Meats,"Frankfurter, meat and poultry, cooked, boiled","Frankfurter, meat and poultry, cooked, boiled",,,,298,10.31,26.28,4.96,2.7,0.0,31.0,0.067,0.69,19.4,0.45,9,2.672,0.145,0.044,107,0.04,1.12,11,0.02,180,13.3,1.25,0.034444444,0.039411765,0.2875,0.215555556,0.03,0.0225,0.167,0.111538462,0.036666667,0.089166667,4.44444e-05,0.026190476,0.257142857,0.241818182,0.113636364
7964,Sausages and Luncheon Meats,"Frankfurter, meat and poultry, cooked, grilled","Frankfurter, meat and poultry, cooked, grilled",,,,302,10.67,26.43,5.24,2.85,0.0,32.0,0.057,0.67,19.2,0.45,9,3.058,0.154,0.049,118,0.043,1.15,12,0.02,192,13.1,1.27,0.035555556,0.033529412,0.279166667,0.213333333,0.03,0.0225,0.191125,0.118461538,0.040833333,0.098333333,4.77778e-05,0.028571429,0.274285714,0.238181818,0.115454545
7965,Sausages and Luncheon Meats,"PORK SAUSAGE,LINK/PATTY,RED FAT,UNPREP","Pork sausage, link/patty, reduced fat, unprepared",,,,217,16.75,16.55,0.2,0.0,0.0,27.0,0.27,1.05,0.0,0.99,2,6.187,0.17,0.31,15,0.088,1.46,18,0.042,153,22.7,2.42,0.03,0.158823529,0.4375,0.0,0.066,0.005,0.3866875,0.130769231,0.258333333,0.0125,9.77778e-05,0.042857143,0.218571429,0.412727273,0.22
7966,Sausages and Luncheon Meats,"PORK SAUSAGE,LINK/PATTY,RED FAT,CKD,PAN-FRIED","Pork sausage, link/patty, reduced fat, cooked, pan-fried",,,,267,20.94,20.32,0.15,0.0,0.0,28.0,0.282,1.16,0.0,1.22,1,7.737,0.21,0.377,19,0.088,1.91,22,0.052,185,30.0,3.14,0.031111111,0.165882353,0.483333333,0.0,0.081333333,0.0025,0.4835625,0.161538462,0.314166667,0.015833333,9.77778e-05,0.052380952,0.264285714,0.545454545,0.285454545
7967,Sausages and Luncheon Meats,"PORK SAUSAGE,LINK/PATTY,FULLY CKD,UNHTD","Pork sausage, link/patty, fully cooked, unheated",,,,392,13.46,37.25,0.69,0.53,0.0,21.0,0.143,0.76,0.0,0.68,0,3.984,0.178,0.241,16,0.069,0.92,13,0.053,164,20.3,1.45,0.023333333,0.084117647,0.316666667,0.0,0.045333333,0.0,0.249,0.136923077,0.200833333,0.013333333,7.66667e-05,0.030952381,0.234285714,0.369090909,0.131818182
7968,Sausages and Luncheon Meats,"KIELBASA,FULLY CKD,GRILLED","Kielbasa, fully cooked, grilled",,,,337,12.45,29.68,5.03,2.39,0.0,9.0,0.097,0.72,14.7,0.38,0,3.727,0.212,0.15,42,0.056,0.99,16,0.057,204,19.8,1.53,0.01,0.057058824,0.3,0.163333333,0.025333333,0.0,0.2329375,0.163076923,0.125,0.035,6.22222e-05,0.038095238,0.291428571,0.36,0.139090909
7969,Sausages and Luncheon Meats,"KIELBASA,FULLY CKD,PAN-FRIED","Kielbasa, fully cooked, pan-fried",,,,333,12.36,29.43,4.78,2.38,0.0,10.0,0.095,0.72,16.2,0.39,0,3.694,0.209,0.146,40,0.059,0.93,15,0.054,199,18.7,1.55,0.011111111,0.055882353,0.3,0.18,0.026,0.0,0.230875,0.160769231,0.121666667,0.033333333,6.55556e-05,0.035714286,0.284285714,0.34,0.140909091
7970,Sausages and Luncheon Meats,"KIELBASA,FULLY CKD,UNHTD","Kielbasa, fully cooked, unheated",,,,325,10.84,29.63,3.72,2.05,0.0,8.0,0.1,0.68,19.1,0.42,1,3.148,0.156,0.15,24,0.066,0.75,14,0.054,168,17.6,1.29,0.008888889,0.058823529,0.283333333,0.212222222,0.028,0.0025,0.19675,0.12,0.125,0.02,7.33333e-05,0.033333333,0.24,0.32,0.117272727
7971,Sausages and Luncheon Meats,"BOLOGNA,MEAT & POULTRY","Bologna, meat and poultry",,,,281,10.34,23.77,6.31,1.97,0.0,0.0,0.193,0.47,0.0,0.59,7,3.187,0.158,0.047,125,0.035,1.24,15,0.038,212,14.4,1.06,0.0,0.113529412,0.195833333,0.0,0.039333333,0.0175,0.1991875,0.121538462,0.039166667,0.104166667,3.88889e-05,0.035714286,0.302857143,0.261818182,0.096363636
7972,Sausages and Luncheon Meats,"MEATBALLS,FRZ,ITALIAN STYLE","Meatballs, frozen, Italian style",,,,286,14.4,22.21,8.06,3.47,2.3,22.0,0.202,1.0,0.0,0.42,0,3.108,0.23,0.136,80,0.123,1.77,31,0.282,239,15.3,1.66,0.024444444,0.118823529,0.416666667,0.0,0.028,0.0,0.19425,0.176923077,0.113333333,0.066666667,0.000136667,0.073809524,0.341428571,0.278181818,0.150909091
7973,Sausages and Luncheon Meats,"TURKEY BACON,MICROWAVED","Turkey bacon, microwaved",,,,368,29.5,25.87,4.24,4.24,0.0,19.0,0.374,1.88,0.0,0.14,15,8.102,0.398,0.049,163,0.118,2.63,30,0.034,416,28.5,4.71,0.021111111,0.22,0.783333333,0.0,0.009333333,0.0375,0.506375,0.306153846,0.040833333,0.135833333,0.000131111,0.071428571,0.594285714,0.518181818,0.428181818
8001,Breakfast Cereals,"CEREALS RTE,KELLOGG,KELLOGGS ALL-BRAN ORIGINAL","Cereals ready-to-eat, KELLOGG, KELLOGGS ALL-BRAN Original",,"Kellogg, Co.",,260,13.14,4.9,74.24,15.69,29.3,522.0,12.0,18.8,20.0,1.24,2198,14.8,2.71,2.27,389,1.04,17.6,362,7.41,1150,9.4,12.4,0.58,7.058823529,7.833333333,0.222222222,0.082666667,5.495,0.925,2.084615385,1.891666667,0.324166667,0.001155556,0.861904762,1.642857143,0.170909091,1.127272727
8002,Breakfast Cereals,"CEREALS RTE,POST,ALPHA-BITS","Cereals ready-to-eat, POST, ALPHA-BITS",,"Post Foods, LLC",,389,10.0,4.6,80.3,21.0,7.1,741.0,1.7,5.0,20.0,0.31,1120,16.7,1.4,1.3,35,0.3,30.0,99,0.0,309,20.9,5.0,0.823333333,1.0,2.083333333,0.222222222,0.020666667,2.8,1.04375,1.076923077,1.083333333,0.029166667,0.000333333,0.235714286,0.441428571,0.38,0.454545455
8003,Breakfast Cereals,"CEREALS RTE,KELLOGG,KELLOGGS APPL JACKS","Cereals ready-to-eat, KELLOGG, KELLOGGS APPLE JACKS",,"Kellogg, Co.",,375,5.1,3.4,88.2,43.7,9.3,527.0,1.79,5.4,54.0,0.12,594,17.9,1.52,1.34,12,0.098,16.1,29,0.499,70,5.6,5.4,0.585555556,1.052941176,2.25,0.6,0.008,1.485,1.11875,1.169230769,1.116666667,0.01,0.000108889,0.069047619,0.1,0.101818182,0.490909091
8005,Breakfast Cereals,"CEREALS RTE,KELLOGG,KELLOGGS ALL-BRAN BRAN BUDS","Cereals ready-to-eat, KELLOGG, KELLOGGS ALL-BRAN BRAN BUDS",,"Kellogg, Co.",,257,8.9,2.5,81.0,26.7,42.5,500.0,6.67,20.0,20.0,0.0,2237,16.7,1.42,1.25,63,0.5,15.0,200,5.789,500,28.9,5.0,0.555555556,3.923529412,8.333333333,0.222222222,0.0,5.5925,1.04375,1.092307692,1.041666667,0.0525,0.000555556,0.476190476,0.714285714,0.525454545,0.454545455
8010,Breakfast Cereals,"CEREALS RTE,QUAKER,CAPN CRUNCH","Cereals ready-to-eat, QUAKER, CAPN CRUNCH",,"The Quaker Oats, Co.",,398,4.39,5.12,85.51,44.32,2.5,7.0,2.138,0.0,0.0,0.62,2630,21.465,1.822,1.614,11,0.111,19.42,55,0.747,167,6.5,16.16,0.007777778,1.257647059,0.0,0.0,0.041333333,6.575,1.3415625,1.401538462,1.345,0.009166667,0.000123333,0.130952381,0.238571429,0.118181818,1.469090909
8011,Breakfast Cereals,"CEREALS RTE,QUAKER,CAPN CRUNCH W/ CRUNCHBERRIES","Cereals ready-to-eat, QUAKER, CAPN CRUNCH with CRUNCHBERRIES",,"The Quaker Oats, Co.",,397,4.45,4.83,85.93,44.2,2.6,7.0,2.14,0.0,0.1,0.63,2757,20.75,1.8,1.6,11,0.119,19.8,55,0.0,168,10.4,15.56,0.007777778,1.258823529,0.0,0.001111111,0.042,6.8925,1.296875,1.384615385,1.333333333,0.009166667,0.000132222,0.130952381,0.24,0.189090909,1.414545455
8012,Breakfast Cereals,"CEREALS RTE,QUAKER,CAPN CRUNCHS PNUT BUTTER CRUNCH","Cereals ready-to-eat, QUAKER, CAPN CRUNCHS PEANUT BUTTER CRUNCH",,"The Quaker Oats, Co.",,417,7.1,9.23,78.65,33.36,2.7,8.0,2.038,0.0,0.0,0.61,2629,20.36,1.732,1.53,9,0.111,18.36,69,0.0,194,7.5,15.29,0.008888889,1.198823529,0.0,0.0,0.040666667,6.5725,1.2725,1.332307692,1.275,0.0075,0.000123333,0.164285714,0.277142857,0.136363636,1.39
8013,Breakfast Cereals,"CEREALS RTE,GENERAL MILLS,CHEERIOS","Cereals ready-to-eat, GENERAL MILLS, CHEERIOS",,General Mills Inc.,,376,12.09,6.73,73.23,4.36,9.4,990.0,2.39,6.77,21.6,0.65,1201,20.967,0.1,1.327,401,0.385,33.17,114,3.547,481,24.9,16.73,1.1,1.405882353,2.820833333,0.24,0.043333333,3.0025,1.3104375,0.076923077,1.105833333,0.334166667,0.000427778,0.271428571,0.687142857,0.452727273,1.520909091
8014,Breakfast Cereals,"CEREALS RTE,KELLOGG,KELLOGGS COCOA KRISPIES","Cereals ready-to-eat, KELLOGG, KELLOGGS COCOA KRISPIES",,"Kellogg, Co.",,389,4.6,2.7,87.9,38.6,1.4,1210.0,1.61,4.8,48.0,10.8,546,16.1,1.37,1.21,127,0.332,14.5,38,1.1,102,16.1,5.0,1.344444444,0.947058824,2.0,0.533333333,0.72,1.365,1.00625,1.053846154,1.008333333,0.105833333,0.000368889,0.09047619,0.145714286,0.292727273,0.454545455
8015,Breakfast Cereals,"CEREALS RTE,POST,COCOA PEBBLES","Cereals ready-to-eat, POST, COCOA PEBBLES",,"Post Foods, LLC",,397,4.8,4.1,85.7,35.8,1.6,776.0,1.7,5.2,0.0,0.13,583,17.2,1.5,1.3,22,0.3,6.2,31,0.0,95,14.0,5.2,0.862222222,1.0,2.166666667,0.0,0.008666667,1.4575,1.075,1.153846154,1.083333333,0.018333333,0.000333333,0.073809524,0.135714286,0.254545455,0.472727273
8017,Breakfast Cereals,"CEREALS RTE,GENERAL MILLS,COOKIE CRISP","Cereals ready-to-eat, GENERAL MILLS, COOKIE CRISP",,General Mills Inc.,,380,5.2,4.4,84.5,34.8,5.1,546.0,1.923,5.8,23.1,0.57,641,19.2,1.6,1.4,385,0.213,17.3,31,0.353,154,7.3,14.4,0.606666667,1.131176471,2.416666667,0.256666667,0.038,1.6025,1.2,1.230769231,1.166666667,0.320833333,0.000236667,0.073809524,0.22,0.132727273,1.309090909
8018,Breakfast Cereals,"CEREALS RTE,QUAKER,QUAKER CRUNCHY BRAN","Cereals ready-to-eat, QUAKER, QUAKER CRUNCHY BRAN",,"The Quaker Oats, Co.",,331,6.37,4.06,83.68,20.66,15.3,8.0,2.038,0.0,0.0,0.67,2629,20.389,1.73,0.506,71,0.117,30.98,61,0.359,186,11.1,15.3,0.008888889,1.198823529,0.0,0.0,0.044666667,6.5725,1.2743125,1.330769231,0.421666667,0.059166667,0.00013,0.145238095,0.265714286,0.201818182,1.390909091
8019,Breakfast Cereals,"CEREALS RTE,GENERAL MILLS CORN CHEX","Cereals ready-to-eat, GENERAL MILLS Corn CHEX",,General Mills Inc.,,370,6.4,2.4,84.9,11.1,5.6,924.0,1.936,7.7,29.0,0.29,1083,16.1,1.6,2.4,323,0.165,29.0,26,0.333,129,9.7,12.1,1.026666667,1.138823529,3.208333333,0.322222222,0.019333333,2.7075,1.00625,1.230769231,2.0,0.269166667,0.000183333,0.061904762,0.184285714,0.176363636,1.1
8020,Breakfast Cereals,"CEREALS RTE,KELLOGG,KELLOGGS CORN FLAKES","Cereals ready-to-eat, KELLOGG, KELLOGGS Corn Flakes",Includes USDA Commodity B879,"Kellogg, Co.",,357,7.5,0.4,84.1,9.5,3.3,490.0,1.79,5.0,21.0,0.12,583,17.9,1.52,1.34,5,0.198,28.9,39,0.168,102,8.3,1.0,0.544444444,1.052941176,2.083333333,0.233333333,0.008,1.4575,1.11875,1.169230769,1.116666667,0.004166667,0.00022,0.092857143,0.145714286,0.150909091,0.090909091
8023,Breakfast Cereals,"CEREALS RTE,KELLOGG,KELLOGGS CRACKLIN OAT BRAN","Cereals ready-to-eat, KELLOGG, KELLOGGS CRACKLIN OAT BRAN",,"Kellogg, Co.",,395,9.2,14.1,70.3,28.0,12.7,244.0,1.02,3.1,31.0,0.0,334,10.2,0.87,0.77,59,0.4,3.7,153,0.0,278,27.3,3.1,0.271111111,0.6,1.291666667,0.344444444,0.0,0.835,0.6375,0.669230769,0.641666667,0.049166667,0.000444444,0.364285714,0.397142857,0.496363636,0.281818182
8025,Breakfast Cereals,"CEREALS RTE,RALSTON CRISP RICE","Cereals ready-to-eat, RALSTON CRISP RICE",includes USDA Commodity B856,Ralston Foods,,394,6.69,1.26,86.22,12.12,0.7,1136.0,1.937,5.45,64.5,0.06,1027,28.967,1.288,2.05,5,0.149,32.73,23,1.1,98,18.0,1.3,1.262222222,1.139411765,2.270833333,0.716666667,0.004,2.5675,1.8104375,0.990769231,1.708333333,0.004166667,0.000165556,0.054761905,0.14,0.327272727,0.118181818
8028,Breakfast Cereals,"CEREALS RTE,KELLOGG,KELLOGGS ALL-BRAN COMPLETE WHEAT FLAKES","Cereals ready-to-eat, KELLOGG, KELLOGGS ALL-BRAN COMPLETE Wheat Flakes",Includes USDA Commodity B876,"Kellogg, Co.",,327,10.2,2.5,81.6,18.8,17.3,776.0,6.9,21.0,207.0,46.35,2331,69.0,5.86,5.17,39,0.5,62.1,138,5.297,517,10.5,51.7,0.862222222,4.058823529,8.75,2.3,3.09,5.8275,4.3125,4.507692308,4.308333333,0.0325,0.000555556,0.328571429,0.738571429,0.190909091,4.7
8029,Breakfast Cereals,"CEREALS RTE,POST BRAN FLAKES","Cereals ready-to-eat, POST Bran Flakes",,"Post Foods, LLC",,328,9.9,2.1,80.5,18.6,18.3,749.0,1.7,5.0,0.0,0.77,1120,16.7,1.4,1.3,44,0.5,28.0,229,0.0,449,52.5,5.0,0.832222222,1.0,2.083333333,0.0,0.051333333,2.8,1.04375,1.076923077,1.083333333,0.036666667,0.000555556,0.545238095,0.641428571,0.954545455,0.454545455
8030,Breakfast Cereals,"CEREALS RTE,KELLOGG,KELLOGGS FROOT LOOPS","Cereals ready-to-eat, KELLOGG, KELLOGGS FROOT LOOPS",,"Kellogg, Co.",,375,5.3,3.4,88.0,41.7,9.3,501.0,1.72,5.2,52.0,0.15,573,17.2,1.47,1.29,10,0.089,15.5,31,0.56,74,5.9,5.2,0.556666667,1.011764706,2.166666667,0.577777778,0.01,1.4325,1.075,1.130769231,1.075,0.008333333,9.88889e-05,0.073809524,0.105714286,0.107272727,0.472727273
8031,Breakfast Cereals,"CEREALS RTE,KELLOGGS FRSTD MINI-WHEATS,BIG BITE","Cereals ready-to-eat, KELLOGGS FROSTED MINI-WHEATS, Big Bite",,"Kellogg, Co.",,350,9.2,1.6,83.4,20.3,10.8,0.0,0.86,2.6,0.0,0.67,573,8.6,0.73,0.65,28,0.35,28.0,86,3.466,368,4.1,2.7,0.0,0.505882353,1.083333333,0.0,0.044666667,1.4325,0.5375,0.561538462,0.541666667,0.023333333,0.000388889,0.204761905,0.525714286,0.074545455,0.245454545
8032,Breakfast Cereals,"CEREALS RTE,KELLOGG,KELLOGGS FRSTD RICE KRISPIES","Cereals ready-to-eat, KELLOGG, KELLOGGS FROSTED RICE KRISPIES",,"Kellogg, Co.",,384,4.3,0.4,91.3,40.2,0.5,1250.0,1.67,5.0,50.0,11.25,677,16.7,1.42,1.25,6,0.164,18.0,23,0.687,81,15.4,0.8,1.388888889,0.982352941,2.083333333,0.555555556,0.75,1.6925,1.04375,1.092307692,1.041666667,0.005,0.000182222,0.054761905,0.115714286,0.28,0.072727273
8034,Breakfast Cereals,"CEREALS RTE,POST,FRUITY PEBBLES","Cereals ready-to-eat, POST, FRUITY PEBBLES",,"Post Foods, LLC",,402,4.6,4.0,86.1,34.4,0.8,833.0,1.9,5.6,22.2,0.13,627,18.5,1.6,1.4,19,0.1,6.7,16,0.0,71,10.2,5.6,0.925555556,1.117647059,2.333333333,0.246666667,0.008666667,1.5675,1.15625,1.230769231,1.166666667,0.015833333,0.000111111,0.038095238,0.101428571,0.185454545,0.509090909
8035,Breakfast Cereals,"CEREALS RTE,GENERAL MILLS,GOLDEN GRAHAMS","Cereals ready-to-eat, GENERAL MILLS, GOLDEN GRAHAMS",,General Mills Inc.,,374,5.3,3.2,85.1,35.0,5.6,472.0,1.613,4.8,19.4,0.64,535,16.1,1.4,1.2,323,0.206,14.5,26,1.848,129,5.6,12.1,0.524444444,0.948823529,2.0,0.215555556,0.042666667,1.3375,1.00625,1.076923077,1.0,0.269166667,0.000228889,0.061904762,0.184285714,0.101818182,1.1
8037,Breakfast Cereals,"CEREALS RTE,GRANOLA,HOMEMADE","Cereals ready-to-eat, granola, homemade",,,,489,14.85,24.06,53.25,20.0,9.0,1.0,0.294,0.0,1.2,11.11,82,2.143,0.292,0.735,78,0.635,4.23,175,4.053,456,27.8,4.03,0.001111111,0.172941176,0.0,0.013333333,0.740666667,0.205,0.1339375,0.224615385,0.6125,0.065,0.000705556,0.416666667,0.651428571,0.505454545,0.366363636
8038,Breakfast Cereals,"CEREALS RTE,POST,GRAPE-NUTS CRL","Cereals ready-to-eat, POST, GRAPE-NUTS Cereal",,"Post Foods, LLC",,365,10.9,2.1,80.49,8.9,12.1,0.0,0.86,0.0,0.0,0.62,573,8.6,0.12,0.65,39,0.405,28.0,137,3.236,342,9.1,2.07,0.0,0.505882353,0.0,0.0,0.041333333,1.4325,0.5375,0.092307692,0.541666667,0.0325,0.00045,0.326190476,0.488571429,0.165454545,0.188181818
8039,Breakfast Cereals,"CEREALS RTE,POST,GRAPE-NUTS FLAKES","Cereals ready-to-eat, POST, GRAPE-NUTS Flakes",,"Post Foods, LLC",,376,9.4,3.7,82.0,15.2,10.2,775.0,1.7,5.2,0.0,0.81,1159,17.2,1.5,1.3,36,0.3,27.9,101,0.0,280,47.8,7.8,0.861111111,1.0,2.166666667,0.0,0.054,2.8975,1.075,1.153846154,1.083333333,0.03,0.000333333,0.24047619,0.4,0.869090909,0.709090909
8045,Breakfast Cereals,"CEREALS RTE,GENERAL MILLS,HONEY NUT CHEERIOS","Cereals ready-to-eat, GENERAL MILLS, HONEY NUT CHEERIOS",,General Mills Inc.,,376,8.85,5.0,79.69,32.89,7.1,834.0,2.267,7.5,21.4,0.48,1106,21.4,1.867,1.917,425,0.234,20.58,90,2.19,328,16.0,17.17,0.926666667,1.333529412,3.125,0.237777778,0.032,2.765,1.3375,1.436153846,1.5975,0.354166667,0.00026,0.214285714,0.468571429,0.290909091,1.560909091
8046,Breakfast Cereals,"CEREALS RTE,POST,HONEYCOMB CRL","Cereals ready-to-eat, POST, Honeycomb Cereal",,"Post Foods, LLC",,396,6.0,2.9,87.1,32.3,3.1,678.0,1.6,4.7,0.0,0.17,518,15.6,1.3,1.2,11,0.1,8.4,45,0.0,131,10.3,4.7,0.753333333,0.941176471,1.958333333,0.0,0.011333333,1.295,0.975,1.0,1.0,0.009166667,0.000111111,0.107142857,0.187142857,0.187272727,0.427272727
8047,Breakfast Cereals,"CEREALS RTE,QUAKER,KING VITAMAN","Cereals ready-to-eat, QUAKER, KING VITAMAN",,"The Quaker Oats, Co.",,381,6.41,3.44,83.85,20.27,3.4,968.0,1.672,5.0,40.0,4.55,2255,16.842,1.425,1.268,10,0.091,29.0,82,0.412,250,6.5,12.71,1.075555556,0.983529412,2.083333333,0.444444444,0.303333333,5.6375,1.052625,1.096153846,1.056666667,0.008333333,0.000101111,0.195238095,0.357142857,0.118181818,1.155454545
8048,Breakfast Cereals,"CEREALS RTE,GENERAL MILLS,KIX","Cereals ready-to-eat, GENERAL MILLS, KIX",,General Mills Inc.,,357,7.69,3.46,82.82,9.76,8.8,879.0,2.3,5.7,25.4,0.3,1324,24.25,2.0,1.955,570,0.142,32.0,51,1.13,189,8.5,17.42,0.976666667,1.352941176,2.375,0.282222222,0.02,3.31,1.515625,1.538461538,1.629166667,0.475,0.000157778,0.121428571,0.27,0.154545455,1.583636364
8049,Breakfast Cereals,"CEREALS RTE,QUAKER,QUAKER OAT LIFE,PLN","Cereals ready-to-eat, QUAKER, QUAKER OAT LIFE, plain",,"The Quaker Oats, Co.",,374,9.98,4.43,77.74,19.43,6.6,2.0,1.8,0.0,0.0,0.61,2205,17.18,1.49,1.28,351,0.277,29.33,98,2.333,423,23.0,13.78,0.002222222,1.058823529,0.0,0.0,0.040666667,5.5125,1.07375,1.146153846,1.066666667,0.2925,0.000307778,0.233333333,0.604285714,0.418181818,1.252727273
8050,Breakfast Cereals,"CEREALS RTE,GENERAL MILLS,LUCKY CHARMS","Cereals ready-to-eat, GENERAL MILLS, LUCKY CHARMS",,General Mills Inc.,,380,7.67,5.02,80.89,36.13,5.0,847.0,3.01,6.8,26.6,0.45,1246,25.3,1.723,1.737,434,0.213,22.27,74,2.173,289,14.6,18.62,0.941111111,1.770588235,2.833333333,0.295555556,0.03,3.115,1.58125,1.325384615,1.4475,0.361666667,0.000236667,0.176190476,0.412857143,0.265454545,1.692727273
8054,Breakfast Cereals,"CEREALS RTE,QUAKER,100% NAT GRANOLA,OATS,WHEAT & HONEY","Cereals ready-to-eat, QUAKER, 100% Natural Granola, Oats, Wheat and Honey",,"The Quaker Oats, Co.",,421,10.55,11.62,73.65,20.34,10.2,2.0,0.231,0.17,0.2,1.3,37,2.308,0.289,0.411,109,0.312,2.81,121,0.0,392,17.3,2.95,0.002222222,0.135882353,0.070833333,0.002222222,0.086666667,0.0925,0.14425,0.222307692,0.3425,0.090833333,0.000346667,0.288095238,0.56,0.314545455,0.268181818
8057,Breakfast Cereals,"CEREALS RTE,GENERAL MILLS,HONEY NUT CHEX","Cereals ready-to-eat, GENERAL MILLS, Honey Nut CHEX",,General Mills Inc.,,375,6.3,2.0,86.67,28.1,3.9,432.0,1.56,4.69,18.8,0.21,518,15.6,1.29,1.2,313,0.13,14.1,25,0.278,63,10.5,11.69,0.48,0.917647059,1.954166667,0.208888889,0.014,1.295,0.975,0.992307692,1.0,0.260833333,0.000144444,0.05952381,0.09,0.190909091,1.062727273
8058,Breakfast Cereals,"CEREALS RTE,KELLOGG,KELLOGGS PRODUCT 19","Cereals ready-to-eat, KELLOGG, KELLOGGS PRODUCT 19",,"Kellogg, Co.",,374,8.5,1.3,84.3,12.5,2.8,748.0,6.67,20.0,200.0,45.0,2253,66.7,5.67,5.0,16,0.1,60.0,38,1.506,87,12.0,50.0,0.831111111,3.923529412,8.333333333,2.222222222,3.0,5.6325,4.16875,4.361538462,4.166666667,0.013333333,0.000111111,0.09047619,0.124285714,0.218181818,4.545454545
8059,Breakfast Cereals,"CEREALS RTE,QUAKER,SWT CRUNCH/QUISP","Cereals ready-to-eat, QUAKER, SWEET CRUNCH/QUISP",,"The Quaker Oats, Co.",,406,4.51,6.08,85.03,43.36,2.3,21.0,2.037,0.0,0.0,0.73,2630,20.382,1.732,1.529,9,0.069,18.35,55,0.326,168,6.5,15.29,0.023333333,1.198235294,0.0,0.0,0.048666667,6.575,1.273875,1.332307692,1.274166667,0.0075,7.66667e-05,0.130952381,0.24,0.118181818,1.39
8060,Breakfast Cereals,"CEREALS RTE,KELLOGG,KELLOGGS RAISIN BRAN","Cereals ready-to-eat, KELLOGG, KELLOGGS RAISIN BRAN",,"Kellogg, Co.",,318,7.72,2.72,77.29,31.3,11.4,386.0,1.843,2.0,0.0,0.66,328,13.8,1.08,0.753,43,0.456,12.33,122,2.678,347,4.6,3.39,0.428888889,1.084117647,0.833333333,0.0,0.044,0.82,0.8625,0.830769231,0.6275,0.035833333,0.000506667,0.29047619,0.495714286,0.083636364,0.308181818
8061,Breakfast Cereals,"CEREALS RTE,POST RAISIN BRAN CRL","Cereals ready-to-eat, POST Raisin Bran Cereal",,"Post Foods, LLC",,324,7.6,1.6,78.9,32.9,13.7,380.0,0.8,2.5,0.9,0.54,563,8.5,0.7,0.6,44,0.4,18.3,168,3.21,339,5.9,3.8,0.422222222,0.470588235,1.041666667,0.01,0.036,1.4075,0.53125,0.538461538,0.5,0.036666667,0.000444444,0.4,0.484285714,0.107272727,0.345454545
8064,Breakfast Cereals,"CEREALS RTE,GENERAL MILLS,RICE CHEX","Cereals ready-to-eat, GENERAL MILLS, Rice CHEX",,General Mills Inc.,,375,6.9,1.4,84.5,8.1,4.4,556.0,1.852,5.6,22.2,1.12,1256,18.5,1.6,1.4,370,0.286,33.3,30,3.58,148,23.2,13.9,0.617777778,1.089411765,2.333333333,0.246666667,0.074666667,3.14,1.15625,1.230769231,1.166666667,0.308333333,0.000317778,0.071428571,0.211428571,0.421818182,1.263636364
8065,Breakfast Cereals,"CEREALS RTE,KELLOGG,KELLOGGS RICE KRISPIES","Cereals ready-to-eat, KELLOGG, KELLOGGS RICE KRISPIES",includes USDA Commodity B857,"Kellogg, Co.",,381,6.75,2.05,85.05,9.87,0.4,1136.0,2.35,7.23,63.3,26.64,1034,17.967,1.29,1.77,5,0.186,30.42,27,1.3,125,19.6,1.39,1.262222222,1.382352941,3.0125,0.703333333,1.776,2.585,1.1229375,0.992307692,1.475,0.004166667,0.000206667,0.064285714,0.178571429,0.356363636,0.126363636
8066,Breakfast Cereals,"CEREALS RTE,QUAKER,QUAKER PUFFED RICE","Cereals ready-to-eat, QUAKER, QUAKER Puffed Rice",,"The Quaker Oats, Co.",,383,7.01,0.9,87.78,0.0,1.4,0.0,0.0,0.0,0.0,0.1,259,3.525,0.265,0.441,9,0.239,2.86,30,0.0,118,10.5,1.1,0.0,0.0,0.0,0.0,0.006666667,0.6475,0.2203125,0.203846154,0.3675,0.0075,0.000265556,0.071428571,0.168571429,0.190909091,0.1
8067,Breakfast Cereals,"CEREALS RTE,KELLOGG,KELLOGGS SPL K","Cereals ready-to-eat, KELLOGG, KELLOGGS SPECIAL K",,"Kellogg, Co.",,378,18.7,1.7,73.0,12.2,1.1,726.0,6.45,19.4,68.0,15.3,2180,22.6,1.92,1.69,35,0.149,28.0,13,1.506,74,54.9,1.3,0.806666667,3.794117647,8.083333333,0.755555556,1.02,5.45,1.4125,1.476923077,1.408333333,0.029166667,0.000165556,0.030952381,0.105714286,0.998181818,0.118181818
8068,Breakfast Cereals,"CEREALS RTE,KELLOGG,KELLOGGS CORN POPS","Cereals ready-to-eat, KELLOGG, KELLOGGS CORN POPS",,"Kellogg, Co.",,387,4.8,1.3,89.7,31.3,8.4,467.0,1.67,5.0,20.0,0.12,553,16.7,1.42,1.25,7,0.083,6.0,28,0.166,52,6.5,5.0,0.518888889,0.982352941,2.083333333,0.222222222,0.008,1.3825,1.04375,1.092307692,1.041666667,0.005833333,9.22222e-05,0.066666667,0.074285714,0.118181818,0.454545455
8069,Breakfast Cereals,"CEREALS RTE,KELLOGG,KELLOGGS FRSTD FLAKES","Cereals ready-to-eat, KELLOGG, KELLOGGS FROSTED FLAKES",,"Kellogg, Co.",,369,3.96,1.68,89.2,35.43,2.2,450.0,3.573,8.1,24.2,0.07,635,27.667,1.73,1.903,3,0.039,26.7,8,0.055,47,3.3,0.15,0.5,2.101764706,3.375,0.268888889,0.004666667,1.5875,1.7291875,1.330769231,1.585833333,0.0025,4.33333e-05,0.019047619,0.067142857,0.06,0.013636364
8071,Breakfast Cereals,"CEREALS RTE,KELLOGG,KELLOGGS HONEY SMACKS","Cereals ready-to-eat, KELLOGG, KELLOGGS HONEY SMACKS",,"Kellogg, Co.",,380,5.7,2.2,88.5,56.2,5.0,556.0,1.85,5.6,22.0,0.41,616,18.5,1.57,1.39,14,0.195,1.5,59,1.895,213,29.1,1.7,0.617777778,1.088235294,2.333333333,0.244444444,0.027333333,1.54,1.15625,1.207692308,1.158333333,0.011666667,0.000216667,0.14047619,0.304285714,0.529090909,0.154545455
8073,Breakfast Cereals,"CEREALS RTE,POST,GOLDEN CRISP","Cereals ready-to-eat, POST, GOLDEN CRISP",,"Post Foods, LLC",,380,5.5,1.7,90.1,53.6,5.0,832.0,1.9,5.6,0.0,0.33,616,18.5,1.6,1.4,15,0.2,6.7,59,0.0,227,48.6,5.6,0.924444444,1.117647059,2.333333333,0.0,0.022,1.54,1.15625,1.230769231,1.166666667,0.0125,0.000222222,0.14047619,0.324285714,0.883636364,0.509090909
8074,Breakfast Cereals,"CEREALS RTE,RALSTON TASTEEOS","Cereals ready-to-eat, RALSTON TASTEEOS",Includes USDA Commodity B853,Ralston Foods,,357,10.71,5.36,75.5,3.57,10.7,1071.0,1.786,5.36,21.4,0.43,1201,17.857,1.518,1.339,357,0.429,32.14,143,2.7,536,47.0,13.39,1.19,1.050588235,2.233333333,0.237777778,0.028666667,3.0025,1.1160625,1.167692308,1.115833333,0.2975,0.000476667,0.34047619,0.765714286,0.854545455,1.217272727
8077,Breakfast Cereals,"CEREALS RTE,GENERAL MILLS,WHL GRAIN TOTAL","Cereals ready-to-eat, GENERAL MILLS, Whole Grain TOTAL",,General Mills Inc.,,320,8.4,2.1,74.7,16.4,9.1,498.0,6.667,20.0,200.0,45.0,2253,66.7,5.7,5.0,3333,0.349,60.0,80,3.446,267,3.9,50.0,0.553333333,3.921764706,8.333333333,2.222222222,3.0,5.6325,4.16875,4.384615385,4.166666667,2.7775,0.000387778,0.19047619,0.381428571,0.070909091,4.545454545
8078,Breakfast Cereals,"CEREALS RTE,GENERAL MILLS,TRIX","Cereals ready-to-eat, GENERAL MILLS, TRIX",,General Mills Inc.,,383,5.0,4.1,85.6,32.0,4.5,437.0,1.563,4.7,18.8,0.55,518,15.6,1.3,1.2,313,0.141,14.1,25,0.281,188,6.5,11.7,0.485555556,0.919411765,1.958333333,0.208888889,0.036666667,1.295,0.975,1.0,1.0,0.260833333,0.000156667,0.05952381,0.268571429,0.118181818,1.063636364
8081,Breakfast Cereals,"CEREALS RTE,POST,HONEY NUT SHREDDED WHEAT","Cereals ready-to-eat, POST, Honey Nut Shredded Wheat",,"Post Foods, LLC",,373,8.5,2.9,83.6,20.7,10.7,0.0,0.8,2.5,0.0,1.2,259,8.5,0.7,0.6,38,0.3,28.0,93,0.0,274,40.9,2.5,0.0,0.470588235,1.041666667,0.0,0.08,0.6475,0.53125,0.538461538,0.5,0.031666667,0.000333333,0.221428571,0.391428571,0.743636364,0.227272727
8082,Breakfast Cereals,"CEREALS RTE,GENERAL MILLS,WHEAT CHEX","Cereals ready-to-eat, GENERAL MILLS, Wheat CHEX",,General Mills Inc.,,345,9.8,1.8,82.2,10.3,12.2,317.0,1.064,3.2,12.8,0.68,1433,10.6,0.9,0.8,213,0.397,30.6,85,3.922,319,5.0,11.2,0.352222222,0.625882353,1.333333333,0.142222222,0.045333333,3.5825,0.6625,0.692307692,0.666666667,0.1775,0.000441111,0.202380952,0.455714286,0.090909091,1.018181818
8083,Breakfast Cereals,"CEREALS RTE,MALT-O-MEAL,CORN BURSTS","Cereals ready-to-eat, MALT-O-MEAL, CORN BURSTS",,MOM Brands,,384,3.41,0.35,88.65,42.47,1.9,1400.0,5.71,7.36,81.4,0.08,525,46.09,4.19,3.35,5,0.081,18.22,19,0.0,49,6.3,7.57,1.555555556,3.358823529,3.066666667,0.904444444,0.005333333,1.3125,2.880625,3.223076923,2.791666667,0.004166667,9e-05,0.045238095,0.07,0.114545455,0.688181818
8084,Breakfast Cereals,"CEREALS RTE,WHEAT GERM,TSTD,PLN","Cereals ready-to-eat, wheat germ, toasted, plain",,,,382,29.1,10.7,49.6,7.8,15.1,5.0,0.978,0.0,6.0,15.99,352,5.59,0.82,1.67,45,0.62,9.09,320,19.956,1146,65.0,16.67,0.005555556,0.575294118,0.0,0.066666667,1.066,0.88,0.349375,0.630769231,1.391666667,0.0375,0.000688889,0.761904762,1.637142857,1.181818182,1.515454545
8085,Breakfast Cereals,"CEREALS RTE,SUN COUNTRY,KRETSCHMER HONEY CRUNCH WHEAT GERM","Cereals ready-to-eat, SUN COUNTRY, KRETSCHMER Honey Crunch Wheat Germ",,Sun Country Foods Inc.,,372,26.55,7.78,58.11,21.43,10.2,5.0,0.5,0.0,5.5,19.29,805,4.73,0.69,1.34,50,0.72,8.05,272,15.88,1011,59.3,13.88,0.005555556,0.294117647,0.0,0.061111111,1.286,2.0125,0.295625,0.530769231,1.116666667,0.041666667,0.0008,0.647619048,1.444285714,1.078181818,1.261818182
8087,Breakfast Cereals,"CEREALS RTE,GENERAL MILLS,MULTI-GRAIN CHEERIOS","Cereals ready-to-eat, GENERAL MILLS, Multi-Grain Cheerios",,General Mills Inc.,,370,8.3,4.09,81.4,21.2,8.7,502.0,1.72,5.19,20.7,0.62,1159,17.2,1.5,1.29,345,0.265,27.89,55,2.04,276,27.7,12.89,0.557777778,1.011764706,2.1625,0.23,0.041333333,2.8975,1.075,1.153846154,1.075,0.2875,0.000294444,0.130952381,0.394285714,0.503636364,1.171818182
8089,Breakfast Cereals,"CEREALS RTE,GENERAL MILLS,WHEATIES","Cereals ready-to-eat, GENERAL MILLS, WHEATIES",,General Mills Inc.,,353,8.3,2.3,83.3,15.2,10.1,554.0,3.704,11.1,22.2,0.64,1246,37.0,3.1,2.8,74,0.267,33.3,89,3.657,296,4.7,27.8,0.615555556,2.178823529,4.625,0.246666667,0.042666667,3.115,2.3125,2.384615385,2.333333333,0.061666667,0.000296667,0.211904762,0.422857143,0.085454545,2.527272727
8090,Breakfast Cereals,"CEREALS,CORN GRITS,WHITE,REG & QUICK,ENR,DRY","Cereals, corn grits, white, regular and quick, enriched, dry",,,,370,7.65,1.75,79.09,0.57,4.6,0.0,0.233,0.0,0.0,0.21,263,4.465,0.339,1.271,4,0.03,3.05,36,0.145,111,17.0,0.72,0.0,0.137058824,0.0,0.0,0.014,0.6575,0.2790625,0.260769231,1.059166667,0.003333333,3.33333e-05,0.085714286,0.158571429,0.309090909,0.065454545
8091,Breakfast Cereals,"CEREALS,CORN GRITS,WHITE,REG & QUICK,ENR,CKD W/ H2O,WO/ SALT","Cereals, corn grits, white, regular and quick, enriched, cooked with water, without salt",,,,71,1.71,0.46,14.76,0.12,0.8,0.0,0.046,0.0,0.0,0.03,38,0.799,0.058,0.086,1,0.0,0.57,7,0.037,20,3.1,0.18,0.0,0.027058824,0.0,0.0,0.002,0.095,0.0499375,0.044615385,0.071666667,0.000833333,0.0,0.016666667,0.028571429,0.056363636,0.016363636
8092,Breakfast Cereals,"CEREALS,QUAKER,CORN GRITS,INST,PLN,DRY","Cereals, QUAKER, corn grits, instant, plain, dry",original,"The Quaker Oats, Co.",,343,7.31,2.14,78.42,1.51,4.2,0.0,0.14,0.0,0.0,0.05,270,9.002,0.697,1.946,378,0.03,38.75,28,0.205,72,17.1,0.41,0.0,0.082352941,0.0,0.0,0.003333333,0.675,0.562625,0.536153846,1.621666667,0.315,3.33333e-05,0.066666667,0.102857143,0.310909091,0.037272727
8093,Breakfast Cereals,"CEREALS,QUAKER,CORN GRITS,INST,PLN,PREP,WO/ SALT","Cereals, QUAKER, corn grits, instant, plain, prepared (microwaved or boiling water added), without salt",,"The Quaker Oats, Co.",,74,1.58,0.49,15.95,0.1,1.1,0.0,0.028,0.0,0.0,0.01,37,1.672,0.135,0.143,64,0.0,6.71,6,0.049,14,0.0,0.09,0.0,0.016470588,0.0,0.0,0.000666667,0.0925,0.1045,0.103846154,0.119166667,0.053333333,0.0,0.014285714,0.02,0.0,0.008181818
8094,Breakfast Cereals,"CEREALS,QUAKER,CORN GRITS,INST,CHEDDAR CHS FLAVOR,DRY","Cereals, QUAKER, corn grits, instant, cheddar cheese flavor, dry",,"The Quaker Oats, Co.",,363,8.98,5.46,72.96,2.76,4.2,4.0,0.17,0.5,0.0,0.11,276,7.9,0.67,0.74,418,0.031,30.38,26,0.136,80,16.6,0.42,0.004444444,0.1,0.208333333,0.0,0.007333333,0.69,0.49375,0.515384615,0.616666667,0.348333333,3.44444e-05,0.061904762,0.114285714,0.301818182,0.038181818
8096,Breakfast Cereals,"CEREALS,QUAKER,INST GRITS,COUNTRY BACON FLAVOR,DRY","Cereals, QUAKER, Instant Grits, Country Bacon flavor, dry",,"The Quaker Oats, Co.",,340,9.93,1.73,75.39,0.38,5.1,0.0,0.14,0.0,0.0,0.11,0,8.37,0.71,0.78,418,0.0,30.38,27,0.0,93,0.0,0.55,0.0,0.082352941,0.0,0.0,0.007333333,0.0,0.523125,0.546153846,0.65,0.348333333,0.0,0.064285714,0.132857143,0.0,0.05
8100,Breakfast Cereals,"CEREALS,CRM OF RICE,DRY","Cereals, CREAM OF RICE, dry",,"B&G Foods, Inc",,370,6.3,0.5,82.4,0.3,0.7,0.0,0.195,0.0,0.0,0.11,29,7.46,0.13,0.51,5,0.244,28.44,23,1.033,124,19.0,1.12,0.0,0.114705882,0.0,0.0,0.007333333,0.0725,0.46625,0.1,0.425,0.004166667,0.000271111,0.054761905,0.177142857,0.345454545,0.101818182
8101,Breakfast Cereals,"CEREALS,CRM OF RICE,CKD W/H2O,WO/SALT","Cereals, CREAM OF RICE, cooked with water, without salt",,"B&G Foods, Inc",,52,0.9,0.1,11.4,0.04,0.1,0.0,0.027,0.0,0.0,0.02,3,1.039,0.018,0.071,1,0.034,3.96,3,0.144,17,3.0,0.16,0.0,0.015882353,0.0,0.0,0.001333333,0.0075,0.0649375,0.013846154,0.059166667,0.000833333,3.77778e-05,0.007142857,0.024285714,0.054545455,0.014545455
8102,Breakfast Cereals,"CEREALS,CRM OF WHEAT,REG,10 MINUTE COOKING,DRY","Cereals, CREAM OF WHEAT, regular, 10 minute cooking, dry",,"B&G Foods, Inc",,370,10.5,1.5,76.5,0.2,3.8,0.0,0.108,0.0,0.0,0.11,182,4.2,0.2,0.5,606,0.206,28.6,27,0.0,115,20.0,0.88,0.0,0.063529412,0.0,0.0,0.007333333,0.455,0.2625,0.153846154,0.416666667,0.505,0.000228889,0.064285714,0.164285714,0.363636364,0.08
8103,Breakfast Cereals,"CEREALS,CRM OF WHEAT,REG (10 MINUTE),CKD W/ H2O,WO/ SALT","Cereals, CREAM OF WHEAT, regular (10 minute), cooked with water, without salt",,"B&G Foods, Inc",,50,1.44,0.21,10.52,0.03,0.5,0.0,0.013,0.0,0.0,0.02,18,0.52,0.025,0.055,87,0.04,3.74,5,0.0,15,2.8,0.13,0.0,0.007647059,0.0,0.0,0.001333333,0.045,0.0325,0.019230769,0.045833333,0.0725,4.44444e-05,0.011904762,0.021428571,0.050909091,0.011818182
8104,Breakfast Cereals,"CEREALS,FARINA,ENR,ASSORTED BRANDS,DRY","Cereals, farina, enriched, assorted brands including CREAM OF WHEAT, quick (1-3 minutes), dry",,,,360,11.6,1.41,73.19,0.56,4.2,0.0,0.463,0.0,0.0,0.33,182,13.7,0.563,1.009,711,0.203,33.39,45,1.298,252,20.0,1.32,0.0,0.272352941,0.0,0.0,0.022,0.455,0.85625,0.433076923,0.840833333,0.5925,0.000225556,0.107142857,0.36,0.363636364,0.12
8105,Breakfast Cereals,"CEREALS,FARINA,ENR,ASSORTED BRANDS,QUICK,CKD W/ H2O,WO/ SALT","Cereals, farina, enriched, assorted brands including CREAM OF WHEAT, quick (1-3 minutes), cooked with water, without salt",,,,55,1.82,0.34,10.92,0.76,0.8,0.0,0.096,0.0,0.0,0.04,119,1.493,0.065,0.126,97,0.041,5.33,7,0.196,37,12.8,0.23,0.0,0.056470588,0.0,0.0,0.002666667,0.2975,0.0933125,0.05,0.105,0.080833333,4.55556e-05,0.016666667,0.052857143,0.232727273,0.020909091
8106,Breakfast Cereals,"CEREALS,CREAM OF WHEAT,INST,DRY","Cereals, CREAM OF WHEAT, instant, dry",,"B&G Foods, Inc",,366,10.6,1.4,75.5,0.4,3.3,1341.0,1.786,0.0,0.0,0.11,583,17.857,1.214,1.339,357,0.216,28.6,34,0.0,103,20.0,0.98,1.49,1.050588235,0.0,0.0,0.007333333,1.4575,1.1160625,0.933846154,1.115833333,0.2975,0.00024,0.080952381,0.147142857,0.363636364,0.089090909
8107,Breakfast Cereals,"CEREALS,CREAM OF WHEAT,INST,PREP W/ H2O,WO/ SALT","Cereals, CREAM OF WHEAT, instant, prepared with water, without salt",,"B&G Foods, Inc",,62,1.84,0.24,13.08,0.07,0.6,232.0,0.309,0.0,0.0,0.02,101,3.093,0.21,0.232,64,0.043,4.96,6,0.0,18,3.5,0.17,0.257777778,0.181764706,0.0,0.0,0.001333333,0.2525,0.1933125,0.161538462,0.193333333,0.053333333,4.77778e-05,0.014285714,0.025714286,0.063636364,0.015454545
8113,Breakfast Cereals,"CEREALS,FARINA,ENR,CKD W/ H2O,WO/ SALT","Cereals, farina, enriched, cooked with water, without salt",,,,53,1.82,0.34,10.92,0.76,0.8,0.0,0.096,0.0,0.0,0.04,119,1.493,0.065,0.126,97,0.041,5.33,7,0.196,37,3.0,0.23,0.0,0.056470588,0.0,0.0,0.002666667,0.2975,0.0933125,0.05,0.105,0.080833333,4.55556e-05,0.016666667,0.052857143,0.054545455,0.020909091
8116,Breakfast Cereals,"CEREALS,MALT-O-MEAL,ORIGINAL,PLN,DRY","Cereals, MALT-O-MEAL, original, plain, dry",,MOM Brands,,365,11.8,0.54,77.26,0.0,2.9,0.0,1.94,0.0,0.0,0.0,1930,19.34,1.05,1.2,354,0.079,38.82,16,0.0,213,23.5,0.57,0.0,1.141176471,0.0,0.0,0.0,4.825,1.20875,0.807692308,1.0,0.295,8.77778e-05,0.038095238,0.304285714,0.427272727,0.051818182
8120,Breakfast Cereals,"CEREALS,OATS,REG & QUICK,NOT FORT,DRY","Cereals, oats, regular and quick, not fortified, dry","oatmeal, old-fashioned oats, rolled oats",,,379,13.15,6.52,67.7,0.99,10.1,0.0,0.1,0.0,0.0,0.42,32,1.125,0.155,0.46,52,0.391,4.25,138,3.63,410,28.9,3.64,0.0,0.058823529,0.0,0.0,0.028,0.08,0.0703125,0.119230769,0.383333333,0.043333333,0.000434444,0.328571429,0.585714286,0.525454545,0.330909091
8121,Breakfast Cereals,"CEREALS,OATS,REG & QUICK,UNENR,CKD W/ H2O,WO/ SALT","Cereals, oats, regular and quick, unenriched, cooked with water (includes boiling and microwaving), without salt","oatmeal, cooked",,,71,2.54,1.52,12.0,0.27,1.7,0.0,0.005,0.0,0.0,0.08,6,0.225,0.016,0.076,9,0.074,0.9,27,0.58,77,5.4,1.0,0.0,0.002941176,0.0,0.0,0.005333333,0.015,0.0140625,0.012307692,0.063333333,0.0075,8.22222e-05,0.064285714,0.11,0.098181818,0.090909091
8122,Breakfast Cereals,"CEREALS,OATS,INST,FORT,PLN,DRY","Cereals, oats, instant, fortified, plain, dry","instant oatmeal, Quaker original flavor",,,362,11.92,6.9,69.52,1.5,10.0,772.0,0.08,0.0,0.0,0.51,32,1.035,0.05,0.445,351,0.36,24.72,128,3.385,423,23.2,2.51,0.857777778,0.047058824,0.0,0.0,0.034,0.08,0.0646875,0.038461538,0.370833333,0.2925,0.0004,0.304761905,0.604285714,0.421818182,0.228181818
8123,Breakfast Cereals,"CEREALS,OATS,INST,FORT,PLN,PREP W/ H2O","Cereals, oats, instant, fortified, plain, prepared with water (boiling water added or microwaved)",instant oatmeal,,,68,2.37,1.36,11.67,0.46,1.7,130.0,0.29,0.0,0.0,0.07,71,3.025,0.215,0.26,80,0.066,5.96,26,0.558,77,5.0,0.62,0.144444444,0.170588235,0.0,0.0,0.004666667,0.1775,0.1890625,0.165384615,0.216666667,0.066666667,7.33333e-05,0.061904762,0.11,0.090909091,0.056363636
8124,Breakfast Cereals,"CEREALS,QUAKER,INST OATMEAL,APPLS & CINN,DRY","Cereals, QUAKER, Instant Oatmeal, apples and cinnamon, dry",,"The Quaker Oats, Co.",,366,8.62,4.61,76.74,28.87,8.3,0.0,0.98,0.0,1.2,0.42,0,12.21,1.04,0.73,243,0.0,8.78,87,0.0,294,0.0,1.97,0.0,0.576470588,0.0,0.013333333,0.028,0.0,0.763125,0.8,0.608333333,0.2025,0.0,0.207142857,0.42,0.0,0.179090909
8128,Breakfast Cereals,"CEREALS,OATS,INST,FORT,W/ CINN & SPICE,DRY","Cereals, oats, instant, fortified, with cinnamon and spice, dry",oatmeal,,,369,9.53,4.84,76.08,25.33,8.0,440.0,0.882,0.0,0.0,0.5,314,9.107,0.749,0.748,234,0.302,8.46,92,2.58,322,6.4,2.29,0.488888889,0.518823529,0.0,0.0,0.033333333,0.785,0.5691875,0.576153846,0.623333333,0.195,0.000335556,0.219047619,0.46,0.116363636,0.208181818
8129,Breakfast Cereals,"CEREALS,OATS,INST,FORT,W/ CINN & SPICE,PREP W/ H2O","Cereals, oats, instant, fortified, with cinnamon and spice, prepared with water",,,,96,2.37,1.21,18.95,6.31,2.0,110.0,0.22,0.0,0.0,0.12,78,2.155,0.177,0.168,61,0.082,2.11,24,0.643,80,1.6,0.57,0.122222222,0.129411765,0.0,0.0,0.008,0.195,0.1346875,0.136153846,0.14,0.050833333,9.11111e-05,0.057142857,0.114285714,0.029090909,0.051818182
8130,Breakfast Cereals,"CEREALS,QUAKER,INST OATMEAL,MAPLE & BROWN SUGAR,DRY","Cereals, QUAKER, Instant Oatmeal, maple and brown sugar, dry",,"The Quaker Oats, Co.",,368,9.2,4.63,76.91,30.02,7.2,520.0,1.2,0.0,0.0,0.44,208,10.667,0.907,0.917,226,0.235,8.22,88,2.247,297,15.8,1.7,0.577777778,0.705882353,0.0,0.0,0.029333333,0.52,0.6666875,0.697692308,0.764166667,0.188333333,0.000261111,0.20952381,0.424285714,0.287272727,0.154545455
8132,Breakfast Cereals,"CEREALS,OATS,INST,FORT,W/ RAISINS & SPICE,DRY","Cereals, oats, instant, fortified, with raisins and spice, dry",instant oatmeal,,,360,8.45,4.03,76.33,37.14,5.7,589.0,1.079,0.0,0.7,0.4,348,10.513,0.684,0.846,228,0.285,9.43,79,1.985,273,6.9,1.76,0.654444444,0.634705882,0.0,0.007777778,0.026666667,0.87,0.6570625,0.526153846,0.705,0.19,0.000316667,0.188095238,0.39,0.125454545,0.16
8133,Breakfast Cereals,"CEREALS,OATS,INST,FORT,W/ RAISINS & SPICE,PREP W/ H2O","Cereals, oats, instant, fortified, with raisins and spice, prepared with water",,,,88,1.98,0.95,17.91,8.71,1.3,138.0,0.253,0.0,0.1,0.09,82,2.343,0.152,0.179,56,0.074,2.21,19,0.466,64,1.6,0.42,0.153333333,0.148823529,0.0,0.001111111,0.006,0.205,0.1464375,0.116923077,0.149166667,0.046666667,8.22222e-05,0.045238095,0.091428571,0.029090909,0.038181818
8138,Breakfast Cereals,"CEREALS RTE,MALT-O-MEAL,MARSHMLLW MATEYS","Cereals ready-to-eat, MALT-O-MEAL, MARSHMALLOW MATEYS",,MOM Brands,,394,7.2,3.6,83.3,42.8,4.6,892.0,2.64,7.29,29.7,0.29,1253,20.1,1.87,1.66,457,0.25,19.3,60,1.693,251,15.1,14.5,0.991111111,1.552941176,3.0375,0.33,0.019333333,3.1325,1.25625,1.438461538,1.383333333,0.380833333,0.000277778,0.142857143,0.358571429,0.274545455,1.318181818
8142,Breakfast Cereals,"CEREALS,WHEATENA,DRY","Cereals, WHEATENA, dry",,Homestat Farm Ltd.,,357,13.1,2.9,75.6,1.6,12.8,1.0,0.12,0.0,0.0,3.44,59,3.52,0.14,0.07,500,0.33,3.57,130,5.262,384,70.7,4.41,0.001111111,0.070588235,0.0,0.0,0.229333333,0.1475,0.22,0.107692308,0.058333333,0.416666667,0.000366667,0.30952381,0.548571429,1.285454545,0.400909091
8143,Breakfast Cereals,"CEREALS,WHEATENA,CKD W/ H2O","Cereals, WHEATENA, cooked with water",,Homestat Farm Ltd.,,56,2.0,0.5,11.8,0.0,2.7,0.0,0.019,0.0,0.0,0.0,7,0.55,0.02,0.01,80,0.052,0.56,20,0.822,60,0.0,0.69,0.0,0.011176471,0.0,0.0,0.0,0.0175,0.034375,0.015384615,0.008333333,0.066666667,5.77778e-05,0.047619048,0.085714286,0.0,0.062727273
8144,Breakfast Cereals,"CEREALS,WHL WHEAT HOT NAT CRL,DRY","Cereals, whole wheat hot natural cereal, dry",,,,342,11.2,2.0,75.2,0.42,9.5,0.0,0.391,0.0,0.0,1.31,78,4.9,0.3,0.4,40,0.458,3.39,122,3.2,379,70.7,2.66,0.0,0.23,0.0,0.0,0.087333333,0.195,0.30625,0.230769231,0.333333333,0.033333333,0.000508889,0.29047619,0.541428571,1.285454545,0.241818182
8145,Breakfast Cereals,"CEREALS,WHL WHEAT HOT NAT CRL,CKD W/ H2O,WO/ SALT","Cereals, whole wheat hot natural cereal, cooked with water, without salt",,,,62,2.0,0.4,13.7,0.08,1.6,0.0,0.073,0.0,0.0,0.24,14,0.89,0.05,0.07,7,0.083,0.62,22,0.0,69,12.8,0.48,0.0,0.042941176,0.0,0.0,0.016,0.035,0.055625,0.038461538,0.058333333,0.005833333,9.22222e-05,0.052380952,0.098571429,0.232727273,0.043636364
8146,Breakfast Cereals,"CEREALS RTE,QUAKER,QUAKER PUFFED WHEAT","Cereals ready-to-eat, QUAKER, QUAKER Puffed Wheat",,"The Quaker Oats, Co.",,366,16.26,2.15,76.39,1.37,9.4,0.0,0.13,0.42,0.0,0.0,240,5.286,0.397,0.639,24,0.453,4.41,133,0.0,331,123.1,3.07,0.0,0.076470588,0.175,0.0,0.0,0.6,0.330375,0.305384615,0.5325,0.02,0.000503333,0.316666667,0.472857143,2.238181818,0.279090909
8147,Breakfast Cereals,"CEREALS RTE,POST,SHREDDED WHEAT,ORIGINAL BIG BISCUIT","Cereals ready-to-eat, POST, Shredded Wheat, original big biscuit",,"Post Foods, LLC",,337,11.37,2.21,78.76,0.94,12.0,0.0,1.155,0.0,10.1,0.0,43,5.246,0.128,0.255,50,0.362,2.95,133,2.52,370,2.8,3.0,0.0,0.679411765,0.0,0.112222222,0.0,0.1075,0.327875,0.098461538,0.2125,0.041666667,0.000402222,0.316666667,0.528571429,0.050909091,0.272727273
8148,Breakfast Cereals,"CEREALS RTE,POST,SHREDDED WHEAT,ORIGINAL SPOON-SIZE","Cereals ready-to-eat, POST, Shredded Wheat, original spoon-size",,"Post Foods, LLC",,351,11.8,2.1,81.4,0.9,12.4,0.0,0.14,0.0,0.0,0.65,40,5.64,0.09,0.29,58,0.334,2.5,133,0.0,384,5.9,3.05,0.0,0.082352941,0.0,0.0,0.043333333,0.1,0.3525,0.069230769,0.241666667,0.048333333,0.000371111,0.316666667,0.548571429,0.107272727,0.277272727
8156,Breakfast Cereals,"CEREALS RTE,RICE,PUFFED,FORT","Cereals ready-to-eat, rice, puffed, fortified",,,,402,6.3,0.5,89.8,0.0,1.7,0.0,0.075,0.0,0.0,0.0,19,35.3,1.8,2.6,6,0.169,31.7,25,1.5,98,10.5,1.03,0.0,0.044117647,0.0,0.0,0.0,0.0475,2.20625,1.384615385,2.166666667,0.005,0.000187778,0.05952381,0.14,0.190909091,0.093636364
8157,Breakfast Cereals,"CEREALS RTE,WHEAT,PUFFED,FORT","Cereals ready-to-eat, wheat, puffed, fortified",,,,364,14.7,1.2,79.6,0.0,4.4,0.0,0.17,0.0,0.0,0.0,32,35.3,1.8,2.6,28,0.409,31.7,145,1.755,355,123.1,2.36,0.0,0.1,0.0,0.0,0.0,0.08,2.20625,1.384615385,2.166666667,0.023333333,0.000454444,0.345238095,0.507142857,2.238181818,0.214545455
8159,Breakfast Cereals,"CEREALS,CORN GRITS,YEL,REG & QUICK,ENR,DRY","Cereals, corn grits, yellow, regular and quick, enriched, dry",,,,368,6.72,1.49,79.91,0.55,3.9,6.0,0.131,0.0,0.0,0.16,219,4.255,0.324,0.675,4,0.03,2.9,28,0.132,76,17.0,0.6,0.006666667,0.077058824,0.0,0.0,0.010666667,0.5475,0.2659375,0.249230769,0.5625,0.003333333,3.33333e-05,0.066666667,0.108571429,0.309090909,0.054545455
8160,Breakfast Cereals,"CEREALS,CORN GRITS,YEL,REG & QUICK,UNENR,DRY","Cereals, corn grits, yellow, regular and quick, unenriched, dry",,,,371,8.8,1.2,79.6,0.64,1.6,11.0,0.147,0.0,0.0,0.0,5,1.2,0.04,0.13,2,0.075,1.0,27,0.106,73,17.0,0.41,0.012222222,0.086470588,0.0,0.0,0.0,0.0125,0.075,0.030769231,0.108333333,0.001666667,8.33333e-05,0.064285714,0.104285714,0.309090909,0.037272727
8161,Breakfast Cereals,"CEREALS,CORN GRITS,WHITE,REG & QUICK,ENR,CKD W/ H2O,W/ SALT","Cereals, corn grits, white, regular and quick, enriched, cooked with water, with salt",,,,71,1.71,0.46,14.76,0.12,0.8,0.0,0.046,0.0,0.0,0.03,38,0.799,0.058,0.086,1,0.0,0.57,7,0.037,20,3.1,0.18,0.0,0.027058824,0.0,0.0,0.002,0.095,0.0499375,0.044615385,0.071666667,0.000833333,0.0,0.016666667,0.028571429,0.056363636,0.016363636
8164,Breakfast Cereals,"CEREALS,CORN GRITS,YEL,REG & QUICK,ENR,CKD W/ H2O,WO/ SALT","Cereals, corn grits, yellow, regular and quick, enriched, cooked with water, without salt",,,,65,1.23,0.39,13.86,0.09,0.7,0.0,0.035,0.0,0.0,0.02,37,0.762,0.058,0.103,1,0.0,0.57,5,0.037,14,2.7,0.14,0.0,0.020588235,0.0,0.0,0.001333333,0.0925,0.047625,0.044615385,0.085833333,0.000833333,0.0,0.011904762,0.02,0.049090909,0.012727273
8165,Breakfast Cereals,"CEREALS,CORN GRITS,YEL,REG,QUICK,ENR,CKD W/ H2O,W/ SALT","Cereals, corn grits, yellow, regular, quick, enriched, cooked with water, with salt",,,,65,1.23,0.39,13.86,0.09,0.7,0.0,0.035,0.0,0.0,0.02,37,0.762,0.058,0.103,1,0.0,0.57,5,0.037,14,2.7,0.14,0.0,0.020588235,0.0,0.0,0.001333333,0.0925,0.047625,0.044615385,0.085833333,0.000833333,0.0,0.011904762,0.02,0.049090909,0.012727273
8168,Breakfast Cereals,"CEREALS,CREAM OF RICE,CKD W/ H2O,W/ SALT","Cereals, CREAM OF RICE, cooked with water, with salt",,"B&G Foods, Inc",,52,0.9,0.1,11.5,0.04,0.1,0.0,0.027,0.0,0.0,0.02,3,1.039,0.018,0.071,1,0.034,3.96,3,0.144,17,3.0,0.16,0.0,0.015882353,0.0,0.0,0.001333333,0.0075,0.0649375,0.013846154,0.059166667,0.000833333,3.77778e-05,0.007142857,0.024285714,0.054545455,0.014545455
8169,Breakfast Cereals,"CEREALS,CRM OF WHEAT,REG (10 MINUTE),CKD W/ H2O,W/ SALT","Cereals, CREAM OF WHEAT, regular (10 minute), cooked with water, with salt",,"B&G Foods, Inc",,50,1.46,0.21,10.66,0.03,0.5,0.0,0.015,0.0,0.0,0.02,25,0.585,0.028,0.07,89,0.041,3.99,5,0.001,16,2.8,0.13,0.0,0.008823529,0.0,0.0,0.001333333,0.0625,0.0365625,0.021538462,0.058333333,0.074166667,4.55556e-05,0.011904762,0.022857143,0.050909091,0.011818182
8172,Breakfast Cereals,"CEREALS,FARINA,UNENR,DRY","Cereals, farina, unenriched, dry",,,,369,10.6,0.5,78.0,0.0,1.9,0.0,0.058,0.0,0.0,0.11,24,0.7,0.1,0.06,14,0.079,1.5,13,0.693,88,23.5,0.53,0.0,0.034117647,0.0,0.0,0.007333333,0.06,0.04375,0.076923077,0.05,0.011666667,8.77778e-05,0.030952381,0.125714286,0.427272727,0.048181818
8173,Breakfast Cereals,"CEREALS,FARINA,ENR,CKD W/ H2O,W/ SALT","Cereals, farina, enriched, cooked with water, with salt",,,,53,1.82,0.34,10.92,0.76,0.8,0.0,0.096,0.0,0.0,0.04,119,1.493,0.065,0.126,97,0.041,5.33,7,0.196,37,3.0,0.23,0.0,0.056470588,0.0,0.0,0.002666667,0.2975,0.0933125,0.05,0.105,0.080833333,4.55556e-05,0.016666667,0.052857143,0.054545455,0.020909091
8177,Breakfast Cereals,"CEREALS,MALT-O-MEAL,CHOC,DRY","Cereals, MALT-O-MEAL, chocolate, dry",,MOM Brands,,363,10.6,0.82,79.55,16.63,2.8,0.0,2.05,0.0,0.0,2.07,1924,20.31,1.12,1.25,375,0.079,42.88,33,0.0,124,0.0,0.87,0.0,1.205882353,0.0,0.0,0.138,4.81,1.269375,0.861538462,1.041666667,0.3125,8.77778e-05,0.078571429,0.177142857,0.0,0.079090909
8180,Breakfast Cereals,"CEREALS,OATS,REG & QUICK & INST,UNENR,CKD W/ H2O,W/ SALT","Cereals, oats, regular and quick and instant, unenriched, cooked with water (includes boiling and microwaving), with salt",,,,71,2.54,1.52,12.0,0.27,1.7,0.0,0.005,0.0,0.0,0.08,6,0.225,0.016,0.076,9,0.074,0.9,27,0.58,77,5.4,1.0,0.0,0.002941176,0.0,0.0,0.005333333,0.015,0.0140625,0.012307692,0.063333333,0.0075,8.22222e-05,0.064285714,0.11,0.098181818,0.090909091
8182,Breakfast Cereals,"CEREALS,WHEATENA,CKD W/ H2O,W/ SALT","Cereals, WHEATENA, cooked with water, with salt",,Homestat Farm Ltd.,,59,2.03,0.45,11.74,0.25,2.0,0.0,0.019,0.0,0.0,0.53,9,0.546,0.022,0.011,80,0.057,0.56,21,0.817,60,11.0,0.69,0.0,0.011176471,0.0,0.0,0.035333333,0.0225,0.034125,0.016923077,0.009166667,0.066666667,6.33333e-05,0.05,0.085714286,0.2,0.062727273
8183,Breakfast Cereals,"CEREALS,WHL WHEAT HOT NAT CRL,CKD W/ H2O,W/ SALT","Cereals, whole wheat hot natural cereal, cooked with water, with salt",,,,62,2.0,0.4,13.7,0.08,1.6,0.0,0.073,0.0,0.0,0.24,14,0.89,0.05,0.07,7,0.083,0.62,22,0.583,69,12.8,0.48,0.0,0.042941176,0.0,0.0,0.016,0.035,0.055625,0.038461538,0.058333333,0.005833333,9.22222e-05,0.052380952,0.098571429,0.232727273,0.043636364
8189,Breakfast Cereals,"CEREALS RTE,KELLOGG,KELLOGGS LOFAT GRANOLA WO/ RAISINS","Cereals ready-to-eat, KELLOGG, KELLOGGS Low Fat Granola without Raisins",,"Kellogg, Co.",,389,8.7,5.7,80.9,28.3,7.0,459.0,4.08,12.0,6.0,2.43,1374,10.2,0.87,0.76,33,0.6,3.7,68,0.0,228,17.3,7.7,0.51,2.4,5.0,0.066666667,0.162,3.435,0.6375,0.669230769,0.633333333,0.0275,0.000666667,0.161904762,0.325714286,0.314545455,0.7
8191,Breakfast Cereals,"CEREALS RTE,POST,SHREDDED WHEAT,LIGHTLY FRSTD,SPOON-SIZE","Cereals ready-to-eat, POST, Shredded Wheat, lightly frosted, spoon-size",,"Post Foods, LLC",,352,7.8,1.9,83.8,22.3,9.6,0.0,0.96,2.88,0.0,0.32,313,9.62,0.82,0.72,13,0.173,3.46,93,4.198,276,4.1,2.88,0.0,0.564705882,1.2,0.0,0.021333333,0.7825,0.60125,0.630769231,0.6,0.010833333,0.000192222,0.221428571,0.394285714,0.074545455,0.261818182
8192,Breakfast Cereals,"CEREALS RTE,POST SELECTS BLUEBERRY MORNING","Cereals ready-to-eat, POST SELECTS Blueberry Morning",,"Post Foods, LLC",,395,6.5,5.3,81.6,29.2,4.7,400.0,0.9,2.7,0.9,1.56,296,9.1,0.8,0.7,41,0.2,3.3,57,0.0,162,16.7,1.6,0.444444444,0.529411765,1.125,0.01,0.104,0.74,0.56875,0.615384615,0.583333333,0.034166667,0.000222222,0.135714286,0.231428571,0.303636364,0.145454545
8194,Breakfast Cereals,"CEREALS RTE,GENERAL MILLS,REESES PUFFS","Cereals ready-to-eat, GENERAL MILLS, REESES PUFFS",,General Mills Inc.,,413,6.8,11.1,75.6,35.3,4.7,495.0,1.724,5.2,20.7,23.64,573,17.2,1.5,1.3,345,0.229,15.5,55,0.473,207,6.5,12.9,0.55,1.014117647,2.166666667,0.23,1.576,1.4325,1.075,1.153846154,1.083333333,0.2875,0.000254444,0.130952381,0.295714286,0.118181818,1.172727273
8200,Breakfast Cereals,"CEREALS,QUAKER,QUAKER MULTIGRAIN OATMEAL,DRY","Cereals, QUAKER, QUAKER MultiGrain Oatmeal, dry",,"The Quaker Oats, Co.",,334,12.64,2.73,72.62,2.46,11.9,0.0,0.28,0.0,0.0,0.66,29,3.98,0.18,0.34,36,0.361,2.88,115,0.0,346,31.3,3.21,0.0,0.164705882,0.0,0.0,0.044,0.0725,0.24875,0.138461538,0.283333333,0.03,0.000401111,0.273809524,0.494285714,0.569090909,0.291818182
8202,Breakfast Cereals,"CEREALS RTE,GENERAL MILLS,OATMEAL CRISP,CRUNCHY ALMOND","Cereals ready-to-eat, GENERAL MILLS, OATMEAL CRISP, Crunchy Almond",,General Mills Inc.,,390,9.89,6.69,78.09,22.89,8.2,0.0,0.66,0.0,0.0,1.46,100,6.69,0.1,0.2,33,0.345,15.0,67,0.0,167,17.3,1.5,0.0,0.388235294,0.0,0.0,0.097333333,0.25,0.418125,0.076923077,0.166666667,0.0275,0.000383333,0.15952381,0.238571429,0.314545455,0.136363636
8204,Breakfast Cereals,"CEREALS RTE,CHOCOLATE-FLAVORED FRSTD PUFFED CORN","Cereals ready-to-eat, chocolate-flavored frosted puffed corn",,,,405,3.34,3.5,87.2,43.7,3.8,1324.0,1.764,5.29,52.9,0.11,587,17.637,1.499,1.323,70,0.24,15.87,36,0.246,141,6.5,0.56,1.471111111,1.037647059,2.204166667,0.587777778,0.007333333,1.4675,1.1023125,1.153076923,1.1025,0.058333333,0.000266667,0.085714286,0.201428571,0.118181818,0.050909091
8206,Breakfast Cereals,"CEREALS RTE,MALT-O-MEAL,COCO-ROOS","Cereals ready-to-eat, MALT-O-MEAL, COCO-ROOS",,MOM Brands,,397,4.17,4.67,85.93,48.97,3.1,478.0,1.79,5.0,23.4,0.08,1121,18.17,1.39,1.33,366,0.09,30.0,50,0.0,83,5.0,13.32,0.531111111,1.052941176,2.083333333,0.26,0.005333333,2.8025,1.135625,1.069230769,1.108333333,0.305,0.0001,0.119047619,0.118571429,0.090909091,1.210909091
8210,Breakfast Cereals,"CEREALS RTE,QUAKER,QUAKER OAT CINN LIFE","Cereals ready-to-eat, QUAKER, QUAKER OAT CINNAMON LIFE",,"The Quaker Oats, Co.",,374,9.14,4.1,79.02,25.18,6.3,2.0,1.83,0.0,0.1,0.55,2227,18.22,1.55,1.37,387,0.0,23.22,90,0.0,390,0.0,13.78,0.002222222,1.076470588,0.0,0.001111111,0.036666667,5.5675,1.13875,1.192307692,1.141666667,0.3225,0.0,0.214285714,0.557142857,0.0,1.252727273
8211,Breakfast Cereals,"CEREALS RTE,QUAKER,HONEY GRAHAM OH!S","Cereals ready-to-eat, QUAKER, HONEY GRAHAM OH!S",,"The Quaker Oats, Co.",,412,3.92,7.63,83.65,43.23,2.1,436.0,0.321,0.0,36.4,5.39,945,4.334,0.572,1.049,11,0.09,19.52,43,0.0,133,7.8,5.99,0.484444444,0.188823529,0.0,0.404444444,0.359333333,2.3625,0.270875,0.44,0.874166667,0.009166667,0.0001,0.102380952,0.19,0.141818182,0.544545455
8214,Breakfast Cereals,"CEREALS RTE,QUAKER,OATMEAL SQUARES","Cereals ready-to-eat, QUAKER, Oatmeal Squares",,"The Quaker Oats, Co.",,379,11.38,4.83,77.77,16.69,8.3,356.0,0.88,0.0,11.5,4.86,1214,9.57,0.85,0.683,201,0.474,29.3,115,3.041,371,6.9,7.18,0.395555556,0.517647059,0.0,0.127777778,0.324,3.035,0.598125,0.653846154,0.569166667,0.1675,0.000526667,0.273809524,0.53,0.125454545,0.652727273
8215,Breakfast Cereals,"CEREALS RTE,QUAKER,OATMEAL SQUARES,CINN","Cereals ready-to-eat, QUAKER, Oatmeal Squares, cinnamon",,"The Quaker Oats, Co.",,379,11.23,4.88,78.09,16.67,8.7,354.0,0.88,0.0,12.0,3.24,1221,9.51,0.84,0.75,210,0.459,29.5,114,0.0,369,6.3,7.14,0.393333333,0.517647059,0.0,0.133333333,0.216,3.0525,0.594375,0.646153846,0.625,0.175,0.00051,0.271428571,0.527142857,0.114545455,0.649090909
8216,Breakfast Cereals,"CEREALS RTE,QUAKER,TSTD MULTIGRAIN CRISPS","Cereals ready-to-eat, QUAKER, Toasted Multigrain Crisps",QUAKER Oat Bran Cereal,"The Quaker Oats, Co.",,372,12.38,5.11,74.9,16.34,10.2,359.0,0.89,0.0,11.5,3.11,1240,9.78,0.82,0.72,242,0.317,29.9,168,3.85,518,7.0,7.72,0.398888889,0.523529412,0.0,0.127777778,0.207333333,3.1,0.61125,0.630769231,0.6,0.201666667,0.000352222,0.4,0.74,0.127272727,0.701818182
8218,Breakfast Cereals,"CEREALS RTE,QUAKER,QUAKER GRANOLA W/ OATS,WHEAT& RAISINS","Cereals ready-to-eat, QUAKER, QUAKER 100% Natural Granola with Oats, Wheat, Honey, and Raisins",,"The Quaker Oats, Co.",,412,9.66,10.38,74.67,24.63,9.4,0.0,0.229,0.15,0.5,1.15,33,2.12,0.26,0.379,101,0.318,2.69,110,2.521,357,13.8,2.64,0.0,0.134705882,0.0625,0.005555556,0.076666667,0.0825,0.1325,0.2,0.315833333,0.084166667,0.000353333,0.261904762,0.51,0.250909091,0.24
8220,Breakfast Cereals,"CEREALS RTE,QUAKER,LOFAT 100% NAT GRANOLA W/ RAISINS","Cereals ready-to-eat, QUAKER, Low Fat 100% Natural Granola with Raisins",,"The Quaker Oats, Co.",,388,8.42,5.52,80.57,25.65,9.6,1.0,0.248,0.06,0.4,1.07,29,2.371,0.201,0.368,65,0.265,2.58,100,1.554,316,17.3,1.59,0.001111111,0.145882353,0.025,0.004444444,0.071333333,0.0725,0.1481875,0.154615385,0.306666667,0.054166667,0.000294444,0.238095238,0.451428571,0.314545455,0.144545455
8221,Breakfast Cereals,"CEREALS,QUAKER,INST GRITS,BUTTER FLAVOR,DRY","Cereals, QUAKER, Instant Grits, Butter flavor, dry",,"The Quaker Oats, Co.",,369,8.12,5.64,74.83,0.88,4.7,0.0,0.13,0.0,0.0,0.19,0,8.45,0.69,0.8,413,0.0,30.0,23,0.0,115,0.0,0.66,0.0,0.076470588,0.0,0.0,0.012666667,0.0,0.528125,0.530769231,0.666666667,0.344166667,0.0,0.054761905,0.164285714,0.0,0.06
8225,Breakfast Cereals,"CEREALS,QUAKER,INST OATMEAL,FRUIT & CRM VAR,DRY","Cereals, QUAKER, Instant Oatmeal, fruit and cream variety, dry",,"The Quaker Oats, Co.",,379,8.3,6.37,75.42,31.27,6.0,943.0,1.257,0.03,0.3,0.46,411,12.568,1.068,0.943,307,0.279,11.3,84,2.38,300,16.0,1.85,1.047777778,0.739411765,0.0125,0.003333333,0.030666667,1.0275,0.7855,0.821538462,0.785833333,0.255833333,0.00031,0.2,0.428571429,0.290909091,0.168181818
8228,Breakfast Cereals,"CEREALS,QUAKER,INST OATMEAL,RAISINS,DATES & WALNUTS,DRY","Cereals, QUAKER, Instant Oatmeal, raisins, dates and walnuts, dry",,"The Quaker Oats, Co.",,371,8.82,6.98,72.41,30.85,6.9,0.0,1.197,0.0,0.8,0.55,381,11.968,1.017,0.892,297,0.364,10.7,92,2.224,296,16.4,1.94,0.0,0.704117647,0.0,0.008888889,0.036666667,0.9525,0.748,0.782307692,0.743333333,0.2475,0.000404444,0.219047619,0.422857143,0.298181818,0.176363636
8231,Breakfast Cereals,"CEREALS,QUAKER,OAT BRAN,QUAKER/MOTHERS OAT BRAN,DRY","Cereals, QUAKER, Oat Bran, QUAKER/MOTHERS Oat Bran, dry",,"The Quaker Oats, Co.",,364,17.03,7.97,62.94,1.43,14.3,0.0,0.11,0.0,0.0,0.0,38,0.8,0.3,0.97,79,0.3,8.07,241,5.7,694,0.0,4.2,0.0,0.064705882,0.0,0.0,0.0,0.095,0.05,0.230769231,0.808333333,0.065833333,0.000333333,0.573809524,0.991428571,0.0,0.381818182
8236,Breakfast Cereals,"CEREALS,QKR,OAT BRAN,PREP W/H2O,NO SALT","Cereals, QUAKER, Oat Bran, QUAKER/MOTHERS Oat Bran, prepared with water, no salt",,"The Quaker Oats, Co.",,43,2.03,0.95,7.49,0.0,1.7,1.0,0.013,0.0,0.0,0.0,5,0.096,0.036,0.115,11,0.041,0.97,30,0.679,83,0.0,0.53,0.001111111,0.007647059,0.0,0.0,0.0,0.0125,0.006,0.027692308,0.095833333,0.009166667,4.55556e-05,0.071428571,0.118571429,0.0,0.048181818
8239,Breakfast Cereals,"CEREALS RTE,GENERAL MILLS,BERRY BURST CHEERIOS,TRIPLE BERRY","Cereals ready-to-eat, GENERAL MILLS, Berry Burst CHEERIOS, Triple Berry",,General Mills Inc.,,378,8.8,4.5,80.5,27.0,7.6,549.0,1.852,5.6,22.2,0.44,1246,18.5,1.6,1.4,370,0.253,16.7,89,2.32,222,18.5,13.9,0.61,1.089411765,2.333333333,0.246666667,0.029333333,3.115,1.15625,1.230769231,1.166666667,0.308333333,0.000281111,0.211904762,0.317142857,0.336363636,1.263636364
8240,Breakfast Cereals,"CEREALS,OAT BRAN,QKR,QKR/MOTHERS OAT BRAN,PREP W/H2O,SALT","Cereals, Oat Bran, QUAKER, QUAKER/MOTHERS Oat Bran, prepared with water, salt",,"The Quaker Oats, Co.",,43,2.03,0.95,7.49,0.0,1.7,1.0,0.013,0.0,0.0,0.0,5,0.095,0.036,0.115,11,0.041,0.97,30,0.678,82,0.0,0.53,0.001111111,0.007647059,0.0,0.0,0.0,0.0125,0.0059375,0.027692308,0.095833333,0.009166667,4.55556e-05,0.071428571,0.117142857,0.0,0.048181818
8243,Breakfast Cereals,"CEREALS RTE,GENERAL MILLS,HONEY NUT CLUSTERS","Cereals ready-to-eat, GENERAL MILLS, HONEY NUT CLUSTERS",,General Mills Inc.,,374,7.7,2.0,85.2,24.8,6.3,0.0,0.877,2.6,10.5,0.39,285,8.8,0.7,0.7,34,0.263,7.9,42,2.447,140,33.7,6.6,0.0,0.515882353,1.083333333,0.116666667,0.026,0.7125,0.55,0.538461538,0.583333333,0.028333333,0.000292222,0.1,0.2,0.612727273,0.6
8244,Breakfast Cereals,"CEREALS RTE,GENERAL MILLS,FIBER ONE BRAN CRL","Cereals ready-to-eat, GENERAL MILLS, FIBER ONE Bran Cereal",,General Mills Inc.,,200,6.69,2.2,84.59,0.19,47.5,2.0,1.66,5.0,20.0,0.6,553,16.7,1.39,1.29,333,0.31,15.0,53,0.0,200,9.0,12.5,0.002222222,0.976470588,2.083333333,0.222222222,0.04,1.3825,1.04375,1.069230769,1.075,0.2775,0.000344444,0.126190476,0.285714286,0.163636364,1.136363636
8245,Breakfast Cereals,"CEREALS RTE,GENERAL MILLS,OATMEAL CRISP,HEARTY RAISIN","Cereals ready-to-eat, GENERAL MILLS, OATMEAL CRISP, Hearty Raisin",,General Mills Inc.,,372,8.5,3.79,80.8,27.29,7.5,0.0,0.64,0.0,0.4,0.39,96,6.5,0.1,0.1,32,0.328,14.5,65,0.0,161,17.3,1.5,0.0,0.376470588,0.0,0.004444444,0.026,0.24,0.40625,0.076923077,0.083333333,0.026666667,0.000364444,0.154761905,0.23,0.314545455,0.136363636
8247,Breakfast Cereals,"CEREALS RTE,GENERAL MILLS,TOTAL RAISIN BRAN","Cereals ready-to-eat, GENERAL MILLS, TOTAL Raisin Bran",,General Mills Inc.,,312,5.6,1.6,76.8,32.3,9.1,281.0,3.774,11.3,0.0,25.47,1270,37.7,3.2,2.8,1887,0.218,34.0,60,1.483,189,7.0,28.3,0.312222222,2.22,4.708333333,0.0,1.698,3.175,2.35625,2.461538462,2.333333333,1.5725,0.000242222,0.142857143,0.27,0.127272727,2.572727273
8249,Breakfast Cereals,"CEREALS,QUAKER,QUAKER MULTIGRAIN OATMEAL,PREP W/H2O,NO SALT","Cereals, QUAKER, QUAKER MultiGrain Oatmeal, prepared with water, no salt",,"The Quaker Oats, Co.",,61,2.08,0.47,13.49,0.0,2.2,0.0,0.044,0.0,0.0,0.0,8,0.656,0.024,0.053,8,0.086,0.56,22,0.482,64,0.0,0.61,0.0,0.025882353,0.0,0.0,0.0,0.02,0.041,0.018461538,0.044166667,0.006666667,9.55556e-05,0.052380952,0.091428571,0.0,0.055454545
8252,Breakfast Cereals,"CEREALS,QUAKER,QUAKER MULTIGRAIN OATMEAL,PREP W/H2O,SALT","Cereals, QUAKER, QUAKER MultiGrain Oatmeal, prepared with water, salt",,"The Quaker Oats, Co.",,61,2.07,0.47,13.47,0.0,2.2,0.0,0.044,0.0,0.0,0.0,8,0.655,0.024,0.053,8,0.086,0.56,22,0.481,63,0.0,0.61,0.0,0.025882353,0.0,0.0,0.0,0.02,0.0409375,0.018461538,0.044166667,0.006666667,9.55556e-05,0.052380952,0.09,0.0,0.055454545
8259,Breakfast Cereals,"CEREALS RTE,KELLOGG,KELLOGGS CRISPIX","Cereals ready-to-eat, KELLOGG, KELLOGGS CRISPIX",Includes USDA Commodity B855,"Kellogg, Co.",,369,5.7,1.1,86.9,11.6,2.8,494.0,2.41,6.2,21.0,0.14,1629,24.1,2.05,1.81,12,0.145,29.2,24,0.996,87,12.4,5.2,0.548888889,1.417647059,2.583333333,0.233333333,0.009333333,4.0725,1.50625,1.576923077,1.508333333,0.01,0.000161111,0.057142857,0.124285714,0.225454545,0.472727273
8261,Breakfast Cereals,"CEREALS RTE,GENERAL MILLS,RAISIN NUT BRAN","Cereals ready-to-eat, GENERAL MILLS, RAISIN NUT BRAN",,General Mills Inc.,,368,7.0,5.3,81.09,28.6,9.9,0.0,1.02,3.09,0.3,1.44,334,10.19,0.89,0.8,41,0.34,9.19,65,2.564,204,7.0,7.69,0.0,0.6,1.2875,0.003333333,0.096,0.835,0.636875,0.684615385,0.666666667,0.034166667,0.000377778,0.154761905,0.291428571,0.127272727,0.699090909
8262,Breakfast Cereals,"CEREALS RTE,GENERAL MILLS,BASIC 4","Cereals ready-to-eat, GENERAL MILLS, BASIC 4",,General Mills Inc.,,358,6.7,3.9,79.2,22.6,6.8,257.0,0.909,2.7,0.0,1.04,296,9.1,0.8,0.7,455,0.145,8.2,58,2.031,182,17.0,6.8,0.285555556,0.534705882,1.125,0.0,0.069333333,0.74,0.56875,0.615384615,0.583333333,0.379166667,0.000161111,0.138095238,0.26,0.309090909,0.618181818
8263,Breakfast Cereals,"CEREALS RTE,GENERAL MILLS,APPL CINN CHEERIOS","Cereals ready-to-eat, GENERAL MILLS, APPLE CINNAMON CHEERIOS",,General Mills Inc.,,387,7.6,5.7,81.3,34.2,6.5,497.0,1.667,5.0,20.0,0.62,1120,16.7,1.4,1.3,333,0.241,15.0,80,2.25,200,37.5,12.5,0.552222222,0.980588235,2.083333333,0.222222222,0.041333333,2.8,1.04375,1.076923077,1.083333333,0.2775,0.000267778,0.19047619,0.285714286,0.681818182,1.136363636
8267,Breakfast Cereals,"CEREALS RTE,GENERAL MILLS,FRSTD CHEERIOS","Cereals ready-to-eat, GENERAL MILLS, FROSTED CHEERIOS",,General Mills Inc.,,378,8.1,4.2,81.7,32.1,6.4,554.0,1.852,5.6,22.2,0.27,1246,18.5,1.6,1.4,370,0.255,16.7,90,2.311,222,18.9,13.9,0.615555556,1.089411765,2.333333333,0.246666667,0.018,3.115,1.15625,1.230769231,1.166666667,0.308333333,0.000283333,0.214285714,0.317142857,0.343636364,1.263636364
8268,Breakfast Cereals,"CEREALS RTE,GENERAL MILLS,FRANKENBERRY","Cereals ready-to-eat, GENERAL MILLS, FRANKENBERRY",,General Mills Inc.,,386,5.5,4.3,85.4,27.29,4.2,420.0,1.51,4.5,18.2,0.77,502,15.19,1.29,1.1,303,0.129,13.6,24,0.0,182,19.8,11.39,0.466666667,0.888235294,1.875,0.202222222,0.051333333,1.255,0.949375,0.992307692,0.916666667,0.2525,0.000143333,0.057142857,0.26,0.36,1.035454545
8270,Breakfast Cereals,"CEREALS RTE,GENERAL MILLS,COUNT CHOCULA","Cereals ready-to-eat, GENERAL MILLS, COUNT CHOCULA",,General Mills Inc.,,383,5.4,4.69,84.5,33.09,5.0,526.0,1.85,5.59,22.2,0.62,616,18.5,1.6,1.39,370,0.148,16.7,30,0.0,222,6.5,13.89,0.584444444,1.088235294,2.329166667,0.246666667,0.041333333,1.54,1.15625,1.230769231,1.158333333,0.308333333,0.000164444,0.071428571,0.317142857,0.118181818,1.262727273
8271,Breakfast Cereals,"CEREALS RTE,GENERAL MILLS,COCOA PUFFS","Cereals ready-to-eat, GENERAL MILLS, COCOA PUFFS",,General Mills Inc.,,383,5.6,5.2,83.7,37.2,5.7,527.0,1.852,5.6,22.2,0.7,616,18.5,1.6,1.4,370,0.148,16.7,59,0.369,222,6.5,13.9,0.585555556,1.089411765,2.333333333,0.246666667,0.046666667,1.54,1.15625,1.230769231,1.166666667,0.308333333,0.000164444,0.14047619,0.317142857,0.118181818,1.263636364
8272,Breakfast Cereals,"CEREALS RTE,GENERAL MILLS,CINN TOAST CRUNCH","Cereals ready-to-eat, GENERAL MILLS, CINNAMON TOAST CRUNCH",,General Mills Inc.,,411,5.45,10.25,77.99,30.3,6.8,918.0,2.7,6.65,19.4,2.14,613,24.533,2.067,2.467,444,0.192,20.48,54,1.545,199,4.7,18.12,1.02,1.588235294,2.770833333,0.215555556,0.142666667,1.5325,1.5333125,1.59,2.055833333,0.37,0.000213333,0.128571429,0.284285714,0.085454545,1.647272727
8273,Breakfast Cereals,"CEREALS RTE,GENERAL MILLS,BOO BERRY","Cereals ready-to-eat, GENERAL MILLS, BOO BERRY",,General Mills Inc.,,386,5.5,4.3,85.4,27.29,4.2,421.0,1.51,4.5,18.2,0.58,502,15.19,1.29,1.1,303,0.129,13.6,48,0.0,182,6.5,11.39,0.467777778,0.888235294,1.875,0.202222222,0.038666667,1.255,0.949375,0.992307692,0.916666667,0.2525,0.000143333,0.114285714,0.26,0.118181818,1.035454545
8274,Breakfast Cereals,"CEREALS RTE,GENERAL MILLS,BERRY BERRY KIX","Cereals ready-to-eat, GENERAL MILLS, BERRY BERRY KIX",,General Mills Inc.,,376,6.19,4.19,83.9,21.0,5.8,433.0,1.05,3.2,18.9,0.4,881,10.5,0.89,0.8,421,0.165,23.7,42,0.332,211,12.2,7.9,0.481111111,0.617647059,1.333333333,0.21,0.026666667,2.2025,0.65625,0.684615385,0.666666667,0.350833333,0.000183333,0.1,0.301428571,0.221818182,0.718181818
8277,Breakfast Cereals,"CEREALS RTE,GENERAL MILLS,NATURE VALLEY LOFAT FRUIT GRANOLA","Cereals ready-to-eat, GENERAL MILLS, NATURE VALLEY LOW FAT FRUIT GRANOLA",,General Mills Inc.,,381,7.9,4.69,79.4,31.89,5.0,0.0,0.111,0.0,0.8,1.02,10,0.69,0.1,0.1,36,0.199,2.0,44,0.0,146,13.0,1.1,0.0,0.065294118,0.0,0.008888889,0.068,0.025,0.043125,0.076923077,0.083333333,0.03,0.000221111,0.104761905,0.208571429,0.236363636,0.1
8284,Breakfast Cereals,"CEREALS RTE,KELLOGG,KELLOGGS LOFAT GRANOLA W/ RAISINS","Cereals ready-to-eat, KELLOGG, KELLOGGS Low Fat Granola with Raisins",,"Kellogg, Co.",,381,9.0,5.2,80.1,27.9,7.4,375.0,3.33,10.0,4.0,5.85,1121,8.3,0.71,0.63,36,0.32,3.3,68,0.0,226,17.3,6.3,0.416666667,1.958823529,4.166666667,0.044444444,0.39,2.8025,0.51875,0.546153846,0.525,0.03,0.000355556,0.161904762,0.322857143,0.314545455,0.572727273
8286,Breakfast Cereals,"CEREALS RTE,KELLOGG,KELLOGGS MUESLIX","Cereals ready-to-eat, KELLOGG, KELLOGGS MUESLIX",,"Kellogg, Co.",,355,9.0,5.4,75.19,25.5,8.3,167.0,3.56,11.0,0.4,7.2,1226,8.69,0.79,0.68,51,0.2,7.69,60,0.0,173,17.3,2.4,0.185555556,2.094117647,4.583333333,0.004444444,0.48,3.065,0.543125,0.607692308,0.566666667,0.0425,0.000222222,0.142857143,0.247142857,0.314545455,0.218181818
8288,Breakfast Cereals,"CEREALS RTE,KELLOGG,KELLOGGS RICE KRISPIES TREATS CRL","Cereals ready-to-eat, KELLOGG, KELLOGGS RICE KRISPIES TREATS Cereal",,"Kellogg, Co.",,395,4.3,4.19,85.59,29.6,0.4,500.0,1.66,5.0,20.0,0.36,563,16.7,1.41,1.25,10,0.107,6.0,21,0.0,62,5.7,0.69,0.555555556,0.976470588,2.083333333,0.222222222,0.024,1.4075,1.04375,1.084615385,1.041666667,0.008333333,0.000118889,0.05,0.088571429,0.103636364,0.062727273
8290,Breakfast Cereals,"CEREALS RTE,HEALTH VALLEY,FIBER 7 FLAKES","Cereals ready-to-eat, HEALTH VALLEY, FIBER 7 Flakes",,"Hain Celestial Group, Inc.",,353,14.44,1.41,78.15,20.0,14.1,106.0,0.705,2.12,4.2,0.99,226,7.055,0.6,0.529,71,0.478,2.54,144,3.229,327,19.0,2.89,0.117777778,0.414705882,0.883333333,0.046666667,0.066,0.565,0.4409375,0.461538462,0.440833333,0.059166667,0.000531111,0.342857143,0.467142857,0.345454545,0.262727273
8305,Breakfast Cereals,"CEREALS RTE,POST,WAFFLE CRISP","Cereals ready-to-eat, Post, Waffle Crisp",,"Post Foods, LLC",,390,6.6,5.0,83.0,34.7,4.4,740.0,1.7,5.0,0.0,0.4,553,16.7,1.4,1.25,24,0.2,9.0,72,0.0,237,19.9,7.5,0.822222222,1.0,2.083333333,0.0,0.026666667,1.3825,1.04375,1.076923077,1.041666667,0.02,0.000222222,0.171428571,0.338571429,0.361818182,0.681818182
8309,Breakfast Cereals,"CEREALS RTE,KELLOGG,KELLOGGS HONEY CRUNCH CORN FLAKES","Cereals ready-to-eat, KELLOGG, KELLOGGS HONEY CRUNCH CORN FLAKES",,"Kellogg, Co.",,385,6.8,1.9,87.0,33.0,3.4,502.0,1.7,5.0,20.0,0.57,553,16.6,1.5,1.25,22,0.1,6.2,22,0.15,60,5.1,0.3,0.557777778,1.0,2.083333333,0.222222222,0.038,1.3825,1.0375,1.153846154,1.041666667,0.018333333,0.000111111,0.052380952,0.085714286,0.092727273,0.027272727
8314,Breakfast Cereals,"CEREALS,QUAKER,HOMINY GRITS,WHITE,QUICK,DRY","Cereals, QUAKER, hominy grits, white, quick, dry",,"The Quaker Oats, Co.",,348,8.8,1.2,79.6,0.3,4.8,0.0,0.15,0.0,0.0,0.12,0,5.32,0.36,0.61,2,0.0,4.42,27,0.0,73,0.0,0.41,0.0,0.088235294,0.0,0.0,0.008,0.0,0.3325,0.276923077,0.508333333,0.001666667,0.0,0.064285714,0.104285714,0.0,0.037272727
8316,Breakfast Cereals,"CEREALS,QUAKER,HOMINY GRITS,WHITE,REG,DRY","Cereals, QUAKER, hominy grits, white, regular, dry",old fashioned,"The Quaker Oats, Co.",,361,8.8,1.6,79.2,0.64,1.6,0.0,0.15,0.0,0.0,0.12,0,5.32,0.36,0.61,2,0.0,4.42,27,0.0,73,0.0,0.41,0.0,0.088235294,0.0,0.0,0.008,0.0,0.3325,0.276923077,0.508333333,0.001666667,0.0,0.064285714,0.104285714,0.0,0.037272727
8318,Breakfast Cereals,"CEREALS RTE,KELLOGG,KELLOGGS SMART START ANTIOXIDANTS CRL","Cereals ready-to-eat, KELLOGG, KELLOGGS SMART START Strong Heart Antioxidants Cereal",,"Kellogg, Co.",,371,7.1,1.6,87.3,28.7,5.8,750.0,4.0,12.0,30.0,27.0,1347,40.0,3.4,3.0,25,0.257,36.0,29,2.282,131,33.7,30.0,0.833333333,2.352941176,5.0,0.333333333,1.8,3.3675,2.5,2.615384615,2.5,0.020833333,0.000285556,0.069047619,0.187142857,0.612727273,2.727272727
8319,Breakfast Cereals,"CEREALS RTE,KELLOGG,KELLOGGS FRSTD MINI-WHEATS,BITE SIZE","Cereals ready-to-eat, KELLOGG, KELLOGGS FROSTED MINI-WHEATS, bite size",,"Kellogg, Co.",,350,9.19,1.6,83.4,20.29,10.8,0.0,0.93,3.0,0.0,0.0,616,9.3,0.79,0.68,28,0.0,30.0,86,0.0,368,0.0,2.79,0.0,0.547058824,1.25,0.0,0.0,1.54,0.58125,0.607692308,0.566666667,0.023333333,0.0,0.204761905,0.525714286,0.0,0.253636364
8346,Breakfast Cereals,"CEREALS RTE,MALT-O-MEAL,COLOSSAL CRUNCH","Cereals ready-to-eat, MALT-O-MEAL, COLOSSAL CRUNCH",,MOM Brands,,376,3.95,4.07,81.59,42.09,2.3,0.0,1.66,5.0,20.0,0.0,1121,16.67,1.42,1.26,0,0.0,30.0,16,0.0,82,0.0,12.5,0.0,0.976470588,2.083333333,0.222222222,0.0,2.8025,1.041875,1.092307692,1.05,0.0,0.0,0.038095238,0.117142857,0.0,1.136363636
8347,Breakfast Cereals,"CEREALS RTE,MALT-O-MEAL,BERRY COLOSSAL CRUNCH","Cereals ready-to-eat, MALT-O-MEAL, BERRY COLOSSAL CRUNCH",,MOM Brands,,406,4.57,4.67,87.09,43.86,1.6,481.0,1.66,5.0,20.0,0.5,1121,16.67,1.42,1.26,33,0.12,30.0,16,0.0,50,8.0,12.5,0.534444444,0.976470588,2.083333333,0.222222222,0.033333333,2.8025,1.041875,1.092307692,1.05,0.0275,0.000133333,0.038095238,0.071428571,0.145454545,1.136363636
8348,Breakfast Cereals,"CEREALS RTE,MALT-O-MEAL,CRISPY RICE","Cereals ready-to-eat, MALT-O-MEAL, Crispy Rice",,MOM Brands,,381,6.3,1.12,86.4,9.0,1.0,637.0,2.89,6.13,62.1,0.0,2058,19.79,1.29,1.71,7,0.203,35.09,24,0.0,121,0.0,1.08,0.707777778,1.7,2.554166667,0.69,0.0,5.145,1.236875,0.992307692,1.425,0.005833333,0.000225556,0.057142857,0.172857143,0.0,0.098181818
8349,Breakfast Cereals,"CEREALS RTE,MALT-O-MEAL,TOOTIE FRUITIES","Cereals ready-to-eat, MALT-O-MEAL, TOOTIE FRUITIES",,MOM Brands,,401,5.0,3.29,87.9,45.7,2.5,1245.0,2.57,5.78,70.3,0.26,1049,17.8,2.26,1.58,407,0.1,15.5,35,0.839,113,12.6,12.5,1.383333333,1.511764706,2.408333333,0.781111111,0.017333333,2.6225,1.1125,1.738461538,1.316666667,0.339166667,0.000111111,0.083333333,0.161428571,0.229090909,1.136363636
8351,Breakfast Cereals,"CEREALS RTE,QUAKER,MOTHERS PNUT BUTTER BUMPERS CRL","Cereals ready-to-eat, QUAKER, MOTHERS PEANUT BUTTER BUMPERS Cereal",,"The Quaker Oats, Co.",,407,7.62,7.33,79.68,29.29,2.5,8.0,0.12,0.0,0.0,3.71,24,2.7,0.07,0.18,23,0.0,1.97,74,0.0,213,0.0,1.42,0.008888889,0.070588235,0.0,0.0,0.247333333,0.06,0.16875,0.053846154,0.15,0.019166667,0.0,0.176190476,0.304285714,0.0,0.129090909
8352,Breakfast Cereals,"CEREALS RTE,QUAKER,MOTHERS TSTD OAT BRAN CRL","Cereals ready-to-eat, QUAKER, MOTHERS Toasted Oat Bran cereal",,"The Quaker Oats, Co.",,372,11.45,5.04,75.41,15.57,8.6,3.0,0.13,0.0,0.0,4.49,36,1.8,0.32,0.55,58,0.0,4.07,136,0.0,429,0.0,2.89,0.003333333,0.076470588,0.0,0.0,0.299333333,0.09,0.1125,0.246153846,0.458333333,0.048333333,0.0,0.323809524,0.612857143,0.0,0.262727273
8353,Breakfast Cereals,"CEREALS RTE,QUAKER,MOTHERS CINN OAT CRUNCH","Cereals ready-to-eat, QUAKER, MOTHERS Cinnamon Oat Crunch",,"The Quaker Oats, Co.",,382,10.6,4.56,79.79,25.37,8.1,1.0,0.13,0.0,0.8,4.53,37,1.89,0.11,0.42,50,0.0,3.24,106,0.0,347,0.0,2.63,0.001111111,0.076470588,0.0,0.008888889,0.302,0.0925,0.118125,0.084615385,0.35,0.041666667,0.0,0.252380952,0.495714286,0.0,0.239090909
8354,Breakfast Cereals,"CEREALS RTE,QUAKER,MOTHERS GRAHAM BUMPERS","Cereals ready-to-eat, QUAKER, MOTHERS GRAHAM BUMPERS",,"The Quaker Oats, Co.",,379,4.55,1.45,88.89,44.33,2.6,8.0,0.06,0.0,0.3,2.51,15,1.12,0.05,0.16,18,0.0,1.87,57,0.0,156,0.0,1.04,0.008888889,0.035294118,0.0,0.003333333,0.167333333,0.0375,0.07,0.038461538,0.133333333,0.015,0.0,0.135714286,0.222857143,0.0,0.094545455
8355,Breakfast Cereals,"CEREALS RTE,QUAKER,MOTHERS COCOA BUMPERS","Cereals ready-to-eat, QUAKER, MOTHERS COCOA BUMPERS",,"The Quaker Oats, Co.",,382,4.21,1.61,89.91,43.12,2.7,9.0,0.04,0.0,0.2,2.6,15,1.06,0.05,0.15,16,0.0,2.06,61,0.0,166,0.0,1.11,0.01,0.023529412,0.0,0.002222222,0.173333333,0.0375,0.06625,0.038461538,0.125,0.013333333,0.0,0.145238095,0.237142857,0.0,0.100909091
8363,Breakfast Cereals,"CEREALS RTE,SUN COUNTRY,KRETSCHMER TSTD WHEAT BRAN","Cereals ready-to-eat, SUN COUNTRY, KRETSCHMER Toasted Wheat Bran",,Sun Country Foods Inc.,,200,17.56,5.16,59.51,0.0,41.3,0.0,0.68,0.23,0.0,0.0,299,20.62,0.45,1.1,66,1.09,13.88,606,17.38,1314,0.0,11.23,0.0,0.4,0.095833333,0.0,0.0,0.7475,1.28875,0.346153846,0.916666667,0.055,0.001211111,1.442857143,1.877142857,0.0,1.020909091
8365,Breakfast Cereals,"CEREALS RTE,QUAKER,SHREDDED WHEAT,BAGGED CRL","Cereals ready-to-eat, QUAKER, Shredded Wheat, bagged cereal",,"The Quaker Oats, Co.",,348,11.24,2.01,81.01,0.81,11.8,0.0,0.256,0.0,0.0,0.0,51,5.24,0.105,0.226,45,0.0,3.33,172,0.0,362,0.0,2.54,0.0,0.150588235,0.0,0.0,0.0,0.1275,0.3275,0.080769231,0.188333333,0.0375,0.0,0.40952381,0.517142857,0.0,0.230909091
8366,Breakfast Cereals,"CEREALS RTE,SUN COUNTRY,KRETSCHMER WHEAT GERM,REG","Cereals ready-to-eat, SUN COUNTRY, KRETSCHMER Wheat Germ, Regular",,Sun Country Foods Inc.,,366,31.43,9.56,49.38,7.14,11.9,6.0,0.6,0.21,6.0,19.29,892,5.58,0.78,1.97,50,0.62,8.34,313,19.08,1130,0.0,16.01,0.006666667,0.352941176,0.0875,0.066666667,1.286,2.23,0.34875,0.6,1.641666667,0.041666667,0.000688889,0.745238095,1.614285714,0.0,1.455454545
8370,Breakfast Cereals,"CEREALS RTE,GENERAL MILLS,RICE CRUNCHINS","Cereals ready-to-eat, GENERAL MILLS, RICE CRUNCHINS",,General Mills Inc.,,381,4.76,2.38,80.95,9.52,4.8,0.0,1.429,4.29,42.9,0.0,0,14.286,1.214,1.071,0,0.0,5.14,0,0.0,0,0.0,0.0,0.0,0.840588235,1.7875,0.476666667,0.0,0.0,0.892875,0.933846154,0.8925,0.0,0.0,0.0,0.0,0.0,0.0
8376,Breakfast Cereals,"CEREALS RTE,KELLOGG,KELLOGGS MARSHMLLW FROOT LOOPS","Cereals ready-to-eat, KELLOGG, KELLOGGS MARSHMALLOW FROOT LOOPS",,"Kellogg, Co.",,376,4.6,2.8,89.3,49.9,7.4,511.0,1.72,5.0,52.0,0.31,573,17.2,1.47,1.29,9,0.092,15.5,25,0.376,65,9.0,5.2,0.567777778,1.011764706,2.083333333,0.577777778,0.020666667,1.4325,1.075,1.130769231,1.075,0.0075,0.000102222,0.05952381,0.092857143,0.163636364,0.472727273
8380,Breakfast Cereals,"CEREALS RTE,KELLOGG,KELLOGGS,RAISIN BRAN CRUNCH","Cereals ready-to-eat, KELLOGG, KELLOGGS, RAISIN BRAN CRUNCH",,"Kellogg, Co.",,355,6.6,1.7,85.3,35.9,8.0,283.0,0.94,2.8,3.0,0.36,308,9.4,0.8,0.71,33,0.3,8.5,88,2.497,224,4.6,2.8,0.314444444,0.552941176,1.166666667,0.033333333,0.024,0.77,0.5875,0.615384615,0.591666667,0.0275,0.000333333,0.20952381,0.32,0.083636364,0.254545455
8383,Breakfast Cereals,"CEREALS RTE,KELLOGG,KELLOGGS SPL K RED BERRIES","Cereals ready-to-eat, KELLOGG, KELLOGGS SPECIAL K Red Berries",,"Kellogg, Co.",,357,6.2,1.2,86.2,30.2,8.5,726.0,2.26,6.8,68.0,15.3,755,22.6,1.92,1.69,18,0.17,26.1,54,1.921,164,13.0,1.2,0.806666667,1.329411765,2.833333333,0.755555556,1.02,1.8875,1.4125,1.476923077,1.408333333,0.015,0.000188889,0.128571429,0.234285714,0.236363636,0.109090909
8384,Breakfast Cereals,"CEREALS RTE,KELLOGG,KELLOGGS MINI-WHEATS,UNFROSTED BITE SZE","Cereals ready-to-eat, KELLOGG, KELLOGGS MINI-WHEATS, unfrosted bite size",,"Kellogg, Co.",,342,11.6,2.0,81.0,0.4,13.8,0.0,0.91,2.7,0.0,0.67,599,9.1,0.77,0.68,35,0.0,29.5,110,0.0,469,0.0,2.7,0.0,0.535294118,1.125,0.0,0.044666667,1.4975,0.56875,0.592307692,0.566666667,0.029166667,0.0,0.261904762,0.67,0.0,0.245454545
8386,Breakfast Cereals,"CEREALS RTE,KASHI GOLEAN CRUNCH!","Cereals ready-to-eat, KASHI GOLEAN CRUNCH!",,"Kellogg, Co.",,367,16.7,5.9,71.4,24.0,14.5,1.0,0.02,0.0,1.0,1.33,57,0.5,0.02,0.07,59,1.111,2.79,82,0.0,251,17.1,0.4,0.001111111,0.011764706,0.0,0.011111111,0.088666667,0.1425,0.03125,0.015384615,0.058333333,0.049166667,0.001234444,0.195238095,0.358571429,0.310909091,0.036363636
8387,Breakfast Cereals,"CEREALS RTE,KASHI HEART TO HEART,HONEY TSTD OAT","Cereals ready-to-eat, KASHI HEART TO HEART, Honey Toasted Oat",,"Kellogg, Co.",,364,11.39,5.0,78.69,15.5,13.7,189.0,6.05,18.0,91.0,60.97,2030,1.0,0.07,0.31,41,0.251,2.4,7,0.0,38,21.4,0.1,0.21,3.558823529,7.5,1.011111111,4.064666667,5.075,0.0625,0.053846154,0.258333333,0.034166667,0.000278889,0.016666667,0.054285714,0.389090909,0.009090909
8388,Breakfast Cereals,"CEREALS RTE,KASHI 7 WHL GRAIN PUFFS","Cereals ready-to-eat, KASHI 7 Whole Grain Puffs",,"Kellogg, Co.",,336,13.0,2.3,78.6,0.93,8.0,0.0,0.373,0.0,0.0,1.06,27,3.2,0.14,0.12,38,0.428,3.0,153,3.962,240,37.2,3.11,0.0,0.219411765,0.0,0.0,0.070666667,0.0675,0.2,0.107692308,0.1,0.031666667,0.000475556,0.364285714,0.342857143,0.676363636,0.282727273
8389,Breakfast Cereals,"CEREALS RTE,KASHI 7 WHL GRAIN HONEY PUFFS","Cereals ready-to-eat, KASHI 7 Whole Grain Honey Puffs",,"Kellogg, Co.",,349,10.0,1.8,79.0,21.8,6.0,0.0,0.236,0.0,0.0,0.84,26,2.6,0.121,0.1,43,0.374,2.5,114,3.151,264,31.6,2.51,0.0,0.138823529,0.0,0.0,0.056,0.065,0.1625,0.093076923,0.083333333,0.035833333,0.000415556,0.271428571,0.377142857,0.574545455,0.228181818
8390,Breakfast Cereals,"CEREALS RTE,KASHI GOOD FRIENDS","Cereals ready-to-eat, KASHI GOOD FRIENDS",,"Kellogg, Co.",,299,9.4,3.2,79.3,18.8,21.7,6.0,0.317,0.0,0.0,2.39,47,3.257,0.181,0.264,26,0.398,4.1,18,0.0,236,24.5,2.59,0.006666667,0.186470588,0.0,0.0,0.159333333,0.1175,0.2035625,0.139230769,0.22,0.021666667,0.000442222,0.042857143,0.337142857,0.445454545,0.235454545
8393,Breakfast Cereals,"CEREALS RTE,KASHI GOLEAN","Cereals ready-to-eat, KASHI GOLEAN",,"Kellogg, Co.",,311,24.89,2.2,67.19,16.5,20.1,5.0,0.14,0.0,0.0,0.38,107,1.7,0.1,0.23,119,1.449,6.09,101,2.788,301,17.1,1.7,0.005555556,0.082352941,0.0,0.0,0.025333333,0.2675,0.10625,0.076923077,0.191666667,0.099166667,0.00161,0.24047619,0.43,0.310909091,0.154545455
8402,Breakfast Cereals,"CEREALS,QUAKER,QUICK OATS,DRY","Cereals, QUAKER, Quick Oats, Dry",,"The Quaker Oats, Co.",,371,13.7,6.87,68.18,1.42,9.4,0.0,0.1,0.0,0.0,0.42,32,0.82,0.12,0.54,47,0.37,4.64,270,4.3,458,28.9,3.2,0.0,0.058823529,0.0,0.0,0.028,0.08,0.05125,0.092307692,0.45,0.039166667,0.000411111,0.642857143,0.654285714,0.525454545,0.290909091
8409,Breakfast Cereals,"CEREALS RTE,MALT-O-MEAL,FRSTD FLAKES","Cereals ready-to-eat, MALT-O-MEAL, Frosted Flakes",,MOM Brands,,387,3.23,1.1,90.32,38.04,2.3,454.0,1.613,4.84,19.4,0.08,536,16.129,1.371,1.21,3,0.087,11.61,19,0.0,61,7.2,0.38,0.504444444,0.948823529,2.016666667,0.215555556,0.005333333,1.34,1.0080625,1.054615385,1.008333333,0.0025,9.66667e-05,0.045238095,0.087142857,0.130909091,0.034545455
8410,Breakfast Cereals,"CEREALS,QUAKER,INST OATMEAL,CINNAMON-SPICE,DRY","Cereals, QUAKER, Instant Oatmeal, Cinnamon-Spice, dry",,"The Quaker Oats, Co.",,369,10.39,5.1,74.52,21.14,8.2,440.0,0.862,0.0,0.1,0.5,314,9.2,0.813,0.717,229,0.345,8.31,99,2.79,353,2.9,2.6,0.488888889,0.507058824,0.0,0.001111111,0.033333333,0.785,0.575,0.625384615,0.5975,0.190833333,0.000383333,0.235714286,0.504285714,0.052727273,0.236363636
8411,Breakfast Cereals,"CEREALS,QUAKER,INST OATMEAL,DINOSAUR EGGS,BROWN SUGAR,DRY","Cereals, QUAKER, Instant Oatmeal, DINOSAUR EGGS, Brown Sugar, dry",,"The Quaker Oats, Co.",,384,8.69,7.59,73.68,28.91,6.4,0.0,0.88,0.0,0.0,0.43,0,8.79,0.75,0.66,220,0.0,7.91,89,0.0,302,0.0,2.01,0.0,0.517647059,0.0,0.0,0.028666667,0.0,0.549375,0.576923077,0.55,0.183333333,0.0,0.211904762,0.431428571,0.0,0.182727273
8417,Breakfast Cereals,"CEREALS,QUAKER,INST OATMEAL,BANANA BREAD,DRY","Cereals, QUAKER, Instant Oatmeal, Banana Bread, dry",,"The Quaker Oats, Co.",,368,8.97,4.85,75.7,29.45,6.7,0.0,1.14,0.0,0.9,0.44,0,11.31,1.0,0.98,277,0.0,10.07,92,0.0,315,0.0,2.07,0.0,0.670588235,0.0,0.01,0.029333333,0.0,0.706875,0.769230769,0.816666667,0.230833333,0.0,0.219047619,0.45,0.0,0.188181818
8435,Breakfast Cereals,"CEREALS RTE,UNCLE SAM CRL","Cereals ready-to-eat, UNCLE SAM CEREAL",,"Attune Foods, Inc.",,346,15.98,11.6,65.78,1.56,20.3,0.0,0.956,0.0,2.4,0.9,53,4.803,0.127,0.679,95,0.752,4.03,206,3.61,374,88.3,3.87,0.0,0.562352941,0.0,0.026666667,0.06,0.1325,0.3001875,0.097692308,0.565833333,0.079166667,0.000835556,0.49047619,0.534285714,1.605454545,0.351818182
8436,Breakfast Cereals,"CEREALS,QUAKER,INST OATMEAL,RAISIN & SPICE,DRY","Cereals, QUAKER, Instant Oatmeal, Raisin and Spice, dry",,"The Quaker Oats, Co.",,360,9.11,4.0,75.68,35.65,5.8,494.0,1.11,0.0,0.7,0.4,348,10.47,0.67,0.79,235,0.318,9.1,82,2.043,292,2.9,1.98,0.548888889,0.652941176,0.0,0.007777778,0.026666667,0.87,0.654375,0.515384615,0.658333333,0.195833333,0.000353333,0.195238095,0.417142857,0.052727273,0.18
8444,Breakfast Cereals,"CEREALS,QUAKER,INST GRITS,REDEYE GRVY COUNTRY HAM FLAVOR,DRY","Cereals, QUAKER, Instant Grits, Redeye Gravy & Country Ham flavor, dry",,"The Quaker Oats, Co.",,342,9.83,1.58,75.86,0.71,4.6,0.0,0.15,0.0,0.0,0.11,0,8.97,0.74,0.85,441,0.0,42.03,32,0.0,79,0.0,0.48,0.0,0.088235294,0.0,0.0,0.007333333,0.0,0.560625,0.569230769,0.708333333,0.3675,0.0,0.076190476,0.112857143,0.0,0.043636364
8449,Breakfast Cereals,"CEREALS,QUAKER,INST GRITS PRODUCT W/ AMERICAN CHS FLAVOR,DRY","Cereals, QUAKER, Instant Grits Product with American Cheese Flavor, dry",,"The Quaker Oats, Co.",,360,8.8,4.67,74.18,2.02,4.3,1.0,0.16,0.33,0.0,0.11,0,8.14,0.69,0.76,418,0.0,30.38,27,0.0,76,0.0,0.42,0.001111111,0.094117647,0.1375,0.0,0.007333333,0.0,0.50875,0.530769231,0.633333333,0.348333333,0.0,0.064285714,0.108571429,0.0,0.038181818
8450,Breakfast Cereals,"CEREALS,QUAKER,INST GRITS,HAM N CHS FLAVOR,DRY","Cereals, QUAKER, Instant Grits, Ham n Cheese flavor, dry",,"The Quaker Oats, Co.",,355,10.73,4.68,71.08,2.69,4.2,1.0,0.18,0.42,0.0,0.1,0,8.27,0.68,0.8,409,0.0,38.2,35,0.0,95,0.0,0.58,0.001111111,0.105882353,0.175,0.0,0.006666667,0.0,0.516875,0.523076923,0.666666667,0.340833333,0.0,0.083333333,0.135714286,0.0,0.052727273
8451,Breakfast Cereals,"CEREALS,QUAKER,QUICK OATS W/ IRON,DRY","Cereals, QUAKER, Quick Oats with Iron, Dry",quick oats with iron for WIC program,"The Quaker Oats, Co.",,371,13.7,6.87,68.18,1.42,9.4,0.0,0.1,0.0,0.0,0.66,0,0.823,0.123,0.54,47,0.0,49.45,270,0.0,458,0.0,3.2,0.0,0.058823529,0.0,0.0,0.044,0.0,0.0514375,0.094615385,0.45,0.039166667,0.0,0.642857143,0.654285714,0.0,0.290909091
8452,Breakfast Cereals,"CEREALS,QUAKER,WHL WHEAT NAT CRL,DRY","Cereals, QUAKER, Whole Wheat Natural Cereal, dry",,"The Quaker Oats, Co.",,333,11.8,2.0,74.8,2.0,9.9,0.0,0.44,0.0,0.0,0.94,49,5.1,0.14,0.48,44,0.0,3.3,147,0.0,406,0.0,4.1,0.0,0.258823529,0.0,0.0,0.062666667,0.1225,0.31875,0.107692308,0.4,0.036666667,0.0,0.35,0.58,0.0,0.372727273
8453,Breakfast Cereals,"CEREALS RTE,KELLOGG,KELLOGGS SPL K CHOCOLATEY STRAWBERRY","Cereals ready-to-eat, KELLOGG, KELLOGGS SPECIAL K Chocolatey Strawberry",,"Kellogg, Co.",,368,6.9,3.9,83.3,28.6,9.5,0.0,2.41,7.0,72.0,0.0,0,24.1,2.04,1.8,25,0.0,27.89,59,0.0,180,0.0,1.5,0.0,1.417647059,2.916666667,0.8,0.0,0.0,1.50625,1.569230769,1.5,0.020833333,0.0,0.14047619,0.257142857,0.0,0.136363636
8459,Breakfast Cereals,"CEREALS RTE,KELLGS,FRSTD MINI-WHTS,MPLE & BRWN SGR,BTE SZE","Cereals ready-to-eat, KELLOGGS, FROSTED MINI-WHEATS, Maple & Brown Sugar, Bite Size",,"Kellogg, Co.",,351,8.7,1.5,84.7,22.7,10.3,2.0,0.91,2.7,0.0,0.67,599,9.1,0.77,0.68,30,0.0,29.5,82,0.0,349,0.0,2.7,0.002222222,0.535294118,1.125,0.0,0.044666667,1.4975,0.56875,0.592307692,0.566666667,0.025,0.0,0.195238095,0.498571429,0.0,0.245454545
8462,Breakfast Cereals,"CEREALS RTE,KASHI,ORGANIC PROMISE AUTUMN WHEAT","Cereals ready-to-eat, KASHI, ORGANIC PROMISE Autumn Wheat",,"Kellogg, Co.",,338,12.0,1.4,79.0,12.4,11.2,0.0,0.285,0.0,0.0,0.96,36,5.2,0.109,0.364,29,0.413,3.1,81,0.0,225,67.3,1.5,0.0,0.167647059,0.0,0.0,0.064,0.09,0.325,0.083846154,0.303333333,0.024166667,0.000458889,0.192857143,0.321428571,1.223636364,0.136363636
8463,Breakfast Cereals,"CEREALS RTE,KASHI ORGANIC PROMISE,STRAWBERRY FIELDS","Cereals ready-to-eat, KASHI ORGANIC PROMISE, STRAWBERRY FIELDS",,"Kellogg, Co.",,358,9.4,0.7,83.5,20.5,5.0,0.0,0.1,0.0,19.0,0.0,0,3.4,0.04,0.23,14,0.0,1.8,43,0.0,98,0.0,0.9,0.0,0.058823529,0.0,0.211111111,0.0,0.0,0.2125,0.030769231,0.191666667,0.011666667,0.0,0.102380952,0.14,0.0,0.081818182
8469,Breakfast Cereals,"CEREALS RTE,KELLOGGS,RED SUGAR FRSTD FLAKES CRL","Cereals ready-to-eat, KELLOGGS, Reduced Sugar Frosted Flakes Cereal",,"Kellogg, Co.",,357,5.59,0.4,87.3,23.89,10.1,481.0,1.66,5.0,20.0,0.08,553,16.7,1.41,1.25,5,0.244,15.0,29,0.116,72,8.9,0.69,0.534444444,0.976470588,2.083333333,0.222222222,0.005333333,1.3825,1.04375,1.084615385,1.041666667,0.004166667,0.000271111,0.069047619,0.102857143,0.161818182,0.062727273
8471,Breakfast Cereals,"CEREALS RTE,KELLOGGS,SPL K PROT PLUS","Cereals ready-to-eat, KELLOGGS, SPECIAL K Protein Plus",,"Kellogg, Co.",,359,31.2,2.6,60.6,20.3,8.3,0.0,2.19,6.6,66.0,22.11,731,21.9,1.86,1.64,79,0.0,25.3,95,0.0,359,0.0,3.3,0.0,1.288235294,2.75,0.733333333,1.474,1.8275,1.36875,1.430769231,1.366666667,0.065833333,0.0,0.226190476,0.512857143,0.0,0.3
8476,Breakfast Cereals,"CEREALS RTE,MALT-O-MEAL,HONEY BUZZERS","Cereals ready-to-eat, MALT-O-MEAL, Honey BUZZERS",,,,395,6.3,2.14,87.6,37.4,2.9,1081.0,2.15,7.3,1.9,0.21,1787,21.7,2.04,1.87,14,0.167,7.86,31,0.603,101,10.8,7.43,1.201111111,1.264705882,3.041666667,0.021111111,0.014,4.4675,1.35625,1.569230769,1.558333333,0.011666667,0.000185556,0.073809524,0.144285714,0.196363636,0.675454545
8478,Breakfast Cereals,"CEREALS RTE,MALT-O-MEAL,GOLDEN PUFFS","Cereals ready-to-eat, MALT-O-MEAL, GOLDEN PUFFS",golden puffs,,,397,5.77,0.89,89.72,51.34,2.6,1206.0,2.067,6.67,27.6,0.43,1250,25.167,2.167,1.74,11,0.168,7.92,46,0.852,140,27.2,7.3,1.34,1.215882353,2.779166667,0.306666667,0.028666667,3.125,1.5729375,1.666923077,1.45,0.009166667,0.000186667,0.10952381,0.2,0.494545455,0.663636364
8481,Breakfast Cereals,"CEREALS RTE,MALT-O-MEAL,HONEY GRAHAM SQUARES","Cereals ready-to-eat, MALT-O-MEAL, HONEY GRAHAM SQUARES",,MOM Brands,,398,4.46,9.97,74.68,32.7,4.4,0.0,2.05,5.76,29.9,0.31,1121,18.97,1.65,1.58,367,0.0,33.81,31,0.0,137,0.0,13.94,0.0,1.205882353,2.4,0.332222222,0.020666667,2.8025,1.185625,1.269230769,1.316666667,0.305833333,0.0,0.073809524,0.195714286,0.0,1.267272727
8484,Breakfast Cereals,"CEREALS RTE,MALT-O-MEAL,RAISIN BRAN CRL","Cereals ready-to-eat, MALT-O-MEAL, Raisin Bran Cereal",,MOM Brands,,320,8.0,2.53,78.09,32.09,13.7,377.0,0.85,2.54,0.7,0.58,563,8.475,0.72,0.636,34,0.489,9.81,165,0.0,396,37.6,3.8,0.418888889,0.5,1.058333333,0.007777778,0.038666667,1.4075,0.5296875,0.553846154,0.53,0.028333333,0.000543333,0.392857143,0.565714286,0.683636364,0.345454545
8487,Breakfast Cereals,"CEREALS RTE,MALT-O-MEAL,BLUEBERRY MUFFIN TOPS CRL","Cereals ready-to-eat, MALT-O-MEAL, Blueberry MUFFIN TOPS Cereal",,MOM Brands,,443,4.9,11.48,79.91,35.36,4.7,500.0,1.96,5.0,25.0,0.97,1121,19.64,1.6,1.5,338,0.0,34.29,38,0.0,176,0.0,14.68,0.555555556,1.152941176,2.083333333,0.277777778,0.064666667,2.8025,1.2275,1.230769231,1.25,0.281666667,0.0,0.09047619,0.251428571,0.0,1.334545455
8488,Breakfast Cereals,"CEREALS,MALT-O-MEAL,FARINA HOT WHEAT CRL,DRY","Cereals, MALT-O-MEAL, Farina Hot Wheat Cereal, dry",,MOM Brands,,365,10.48,0.49,77.2,0.7,2.9,0.0,2.0,0.0,0.0,0.0,0,19.77,1.07,1.22,377,0.0,40.93,13,0.0,109,0.0,0.51,0.0,1.176470588,0.0,0.0,0.0,0.0,1.235625,0.823076923,1.016666667,0.314166667,0.0,0.030952381,0.155714286,0.0,0.046363636
8489,Breakfast Cereals,"CEREALS,MALT-O-MEAL,MAPLE & BROWN SUGAR HOT WHEAT CRL,DRY","Cereals, MALT-O-MEAL, Maple & Brown Sugar Hot Wheat Cereal, dry",,MOM Brands,,368,8.82,0.47,80.52,28.0,1.8,0.0,1.74,0.0,1.0,0.03,1498,17.12,0.93,1.05,318,0.0,31.29,15,0.0,125,0.0,0.5,0.0,1.023529412,0.0,0.011111111,0.002,3.745,1.07,0.715384615,0.875,0.265,0.0,0.035714286,0.178571429,0.0,0.045454545
8491,Breakfast Cereals,"CEREALS RTE,MALT-O-MEAL,HONEY NUT TOASTY OS CRL","Cereals ready-to-eat, MALT-O-MEAL, Honey Nut TOASTY OS Cereal",,MOM Brands,,390,9.63,2.16,82.21,38.73,5.6,0.0,2.67,2.32,30.6,1.83,0,23.37,2.36,1.49,397,0.27,17.07,102,4.106,358,25.4,16.25,0.0,1.570588235,0.966666667,0.34,0.122,0.0,1.460625,1.815384615,1.241666667,0.330833333,0.0003,0.242857143,0.511428571,0.461818182,1.477272727
8493,Breakfast Cereals,"CEREALS RTE,MALT-O-MEAL,APPL ZINGS","Cereals ready-to-eat, MALT-O-MEAL, Apple ZINGS",,MOM Brands,,393,4.63,2.57,83.51,47.18,2.2,0.0,1.75,5.23,28.8,0.0,1014,16.87,1.51,1.41,367,0.0,30.42,23,0.0,90,0.0,12.3,0.0,1.029411765,2.179166667,0.32,0.0,2.535,1.054375,1.161538462,1.175,0.305833333,0.0,0.054761905,0.128571429,0.0,1.118181818
8494,Breakfast Cereals,"CEREALS RTE,MALT-O-MEAL,CINN TOASTERS","Cereals ready-to-eat, MALT-O-MEAL, CINNAMON TOASTERS",,MOM Brands,,431,5.8,10.1,79.09,34.79,4.7,467.0,2.0,4.92,21.0,1.74,1121,17.0,1.88,1.41,388,0.175,32.06,27,0.0,174,23.9,12.0,0.518888889,1.176470588,2.05,0.233333333,0.116,2.8025,1.0625,1.446153846,1.175,0.323333333,0.000194444,0.064285714,0.248571429,0.434545455,1.090909091
8495,Breakfast Cereals,"CEREALS RTE,MALT-O-MEAL,COCOA DYNO-BITES","Cereals ready-to-eat, MALT-O-MEAL, Cocoa DYNO-BITES",,MOM Brands,,402,4.09,3.05,89.4,45.2,1.1,942.0,3.31,8.18,0.0,0.06,584,25.62,2.29,1.6,17,0.162,6.8,30,0.0,70,8.6,5.44,1.046666667,1.947058824,3.408333333,0.0,0.004,1.46,1.60125,1.761538462,1.333333333,0.014166667,0.00018,0.071428571,0.1,0.156363636,0.494545455
8500,Breakfast Cereals,"CEREALS RTE,MALT-O-MEAL,FRSTD MINI SPOONERS","Cereals ready-to-eat, MALT-O-MEAL, Frosted Mini SPOONERS",,MOM Brands,,388,9.39,2.07,82.9,17.89,10.5,0.0,1.47,2.65,0.0,0.52,1216,16.1,1.02,0.75,25,0.304,29.0,106,0.0,311,45.6,6.09,0.0,0.864705882,1.104166667,0.0,0.034666667,3.04,1.00625,0.784615385,0.625,0.020833333,0.000337778,0.252380952,0.444285714,0.829090909,0.553636364
8501,Breakfast Cereals,"CEREALS RTE,MALT-O-MEAL,FRUITY DYNO-BITES","Cereals ready-to-eat, MALT-O-MEAL, Fruity DYNO-BITES",,,,404,3.9,3.15,90.1,42.6,1.0,1090.0,2.74,6.9,1.0,1.27,840,26.5,2.51,1.46,3,0.128,7.62,15,0.631,67,9.0,5.99,1.211111111,1.611764706,2.875,0.011111111,0.084666667,2.1,1.65625,1.930769231,1.216666667,0.0025,0.000142222,0.035714286,0.095714286,0.163636364,0.544545455
8504,Breakfast Cereals,"CEREALS RTE,RALSTON ENR WHEAT BRAN FLAKES","Cereals ready-to-eat, RALSTON Enriched Wheat Bran flakes",Includes USDA Commodity  B877,Ralston Foods,,310,10.21,3.36,79.77,17.17,16.9,531.0,6.8,20.69,239.7,80.46,0,90.567,7.29,4.713,45,0.345,67.67,190,3.467,533,9.2,64.33,0.59,4.0,8.620833333,2.663333333,5.364,0.0,5.6604375,5.607692308,3.9275,0.0375,0.000383333,0.452380952,0.761428571,0.167272727,5.848181818
8505,Breakfast Cereals,"CEREALS RTE,RALSTON CORN BISCUITS","Cereals ready-to-eat, RALSTON Corn Biscuits",Includes USDA Commodity Corn Squares B851,Ralston Foods,,367,5.83,1.05,85.79,9.51,2.6,1092.0,2.23,5.0,18.5,0.1,0,21.833,1.697,1.52,378,0.073,38.37,15,0.223,38,2.2,17.13,1.213333333,1.311764706,2.083333333,0.205555556,0.006666667,0.0,1.3645625,1.305384615,1.266666667,0.315,8.11111e-05,0.035714286,0.054285714,0.04,1.557272727
8506,Breakfast Cereals,"CEREALS RTE,RALSTON CORN FLAKES","Cereals ready-to-eat, RALSTON Corn Flakes",Includes USDA Commodity B878,Ralston Foods,,357,5.9,0.91,88.01,7.84,2.7,981.0,1.907,5.36,65.0,0.02,0,21.033,1.74,4.483,2,0.075,19.4,7,0.095,33,2.2,0.2,1.09,1.121764706,2.233333333,0.722222222,0.001333333,0.0,1.3145625,1.338461538,3.735833333,0.001666667,8.33333e-05,0.016666667,0.047142857,0.04,0.018181818
8507,Breakfast Cereals,"CEREALS RTE,RALSTON CRISPY HEXAGONS","Cereals ready-to-eat, RALSTON Crispy Hexagons",Includes USDA Commodity Corn and Rice B855,Ralston Foods,,379,5.94,0.95,86.78,13.79,1.5,1256.0,2.414,7.24,20.7,0.05,0,24.138,2.052,1.81,8,0.131,27.93,16,0.653,63,2.2,7.43,1.395555556,1.42,3.016666667,0.23,0.003333333,0.0,1.508625,1.578461538,1.508333333,0.006666667,0.000145556,0.038095238,0.09,0.04,0.675454545
8508,Breakfast Cereals,"CEREALS RTE,USDA CMDTY CORN & RICE (INCLUDES ALL  BRANDS)","Cereals ready-to-eat, USDA Commodity Corn and Rice (includes all commodity brands)",Includes USDA Commodity B855,,,378,6.06,1.08,86.85,10.35,1.4,814.0,5.986,0.0,38.5,0.08,0,29.62,3.87,6.288,10,0.137,34.06,19,0.79,77,6.3,7.6,0.904444444,3.521176471,0.0,0.427777778,0.005333333,0.0,1.85125,2.976923077,5.24,0.008333333,0.000152222,0.045238095,0.11,0.114545455,0.690909091
8509,Breakfast Cereals,"CEREALS RTE,USDA CMDTY RICE CRISPS (INCLUDES ALL  BRANDS)","Cereals ready-to-eat, USDA Commodity Rice Crisps (includes all commodity brands)",Includes USDA Commodity B856,,,381,6.45,1.27,86.04,8.35,0.7,608.0,2.683,0.0,46.0,0.08,0,26.217,2.518,2.052,5,0.158,10.53,24,1.057,96,13.6,1.19,0.675555556,1.578235294,0.0,0.511111111,0.005333333,0.0,1.6385625,1.936923077,1.71,0.004166667,0.000175556,0.057142857,0.137142857,0.247272727,0.108181818
8510,Snacks,MILK & CRL BAR,Milk and cereal bar,,,,413,6.47,10.98,72.05,45.97,0.4,188.0,0.819,2.0,15.4,0.42,159,8.194,0.696,0.615,410,0.049,5.99,21,0.206,155,7.7,0.84,0.208888889,0.481764706,0.833333333,0.171111111,0.028,0.3975,0.512125,0.535384615,0.5125,0.341666667,5.44444e-05,0.05,0.221428571,0.14,0.076363636
8511,Breakfast Cereals,"CEREALS,MALT-O-MEAL,ORIGINAL,PLN,PREP W/ H2O,WO/ SALT","Cereals, MALT-O-MEAL, original, plain, prepared with water, without salt",,MOM Brands,,48,1.53,0.07,9.2,0.13,0.4,0.0,0.25,0.0,0.1,0.0,0,2.52,0.14,0.15,46,0.015,5.19,2,0.0,28,2.7,0.07,0.0,0.147058824,0.0,0.001111111,0.0,0.0,0.1575,0.107692308,0.125,0.038333333,1.66667e-05,0.004761905,0.04,0.049090909,0.006363636
8512,Breakfast Cereals,"CEREALS,MALT-O-MEAL,CHOC,PREP W/ H2O,WO/ SALT","Cereals, MALT-O-MEAL, chocolate, prepared with water, without salt",,MOM Brands,,47,1.37,0.1,9.22,2.17,0.4,0.0,0.27,0.0,0.0,0.27,0,2.65,0.15,0.15,49,0.0,5.59,4,0.0,16,0.0,0.2,0.0,0.158823529,0.0,0.0,0.018,0.0,0.165625,0.115384615,0.125,0.040833333,0.0,0.00952381,0.022857143,0.0,0.018181818
8513,Breakfast Cereals,"CEREALS RTE,GENERAL MILLS,CHOC LUCKY CHARMS","Cereals ready-to-eat, GENERAL MILLS, CHOCOLATE LUCKY CHARMS",,General Mills Inc.,,381,5.59,4.4,84.4,36.79,5.3,505.0,1.78,5.4,21.4,0.57,594,17.89,1.5,1.29,357,0.212,16.1,57,0.0,214,9.9,13.39,0.561111111,1.047058824,2.25,0.237777778,0.038,1.485,1.118125,1.153846154,1.075,0.2975,0.000235556,0.135714286,0.305714286,0.18,1.217272727
8531,Breakfast Cereals,"CEREALS RTE,KELLOGG,SPL K,FRUIT & YOGURT","Cereals ready-to-eat, KELLOGG, SPECIAL K, Fruit & Yogurt",,"Kellogg, Co.",,367,7.1,2.9,85.3,32.1,8.1,702.0,2.19,6.6,66.0,0.0,731,21.9,1.86,1.64,27,0.313,25.3,51,2.469,157,29.5,1.2,0.78,1.288235294,2.75,0.733333333,0.0,1.8275,1.36875,1.430769231,1.366666667,0.0225,0.000347778,0.121428571,0.224285714,0.536363636,0.109090909
8537,Breakfast Cereals,"CEREALS RTE,KASHI 7 WHL GRAIN FLAKES","Cereals ready-to-eat, KASHI 7 Whole Grain Flakes",,"Kellogg, Co.",,337,11.0,1.5,81.4,11.3,11.8,0.0,0.2,0.0,0.0,0.67,0,4.2,0.1,0.29,29,0.0,2.9,75,0.0,174,0.0,1.5,0.0,0.117647059,0.0,0.0,0.044666667,0.0,0.2625,0.076923077,0.241666667,0.024166667,0.0,0.178571429,0.248571429,0.0,0.136363636
8538,Breakfast Cereals,"CEREALS RTE,KASHI,HEART TO HEART,OAT FLAKES & BLUEBRY CLSTRS","Cereals ready-to-eat, KASHI, HEART TO HEART, Oat Flakes & Blueberry Clusters",,"Kellogg, Co.",,369,10.39,3.29,80.0,22.5,8.1,114.0,3.64,11.0,55.0,24.75,1206,1.29,0.01,0.15,43,0.408,3.59,9,3.318,189,23.4,2.7,0.126666667,2.141176471,4.583333333,0.611111111,1.65,3.015,0.080625,0.007692308,0.125,0.035833333,0.000453333,0.021428571,0.27,0.425454545,0.245454545
8539,Breakfast Cereals,"CEREALS RTE,KASHI ORGANIC PROMISE,CINN HARVEST","Cereals ready-to-eat, KASHI ORGANIC PROMISE, CINNAMON HARVEST",,"Kellogg, Co.",,336,11.0,1.4,79.0,16.5,10.7,0.0,0.0,0.0,0.0,0.0,0,0.0,0.0,0.0,25,0.0,2.8,0,0.0,0,0.0,0.0,0.0,0.0,0.0,0.0,0.0,0.0,0.0,0.0,0.0,0.020833333,0.0,0.0,0.0,0.0,0.0
8542,Breakfast Cereals,"CEREALS RTE,KELLOGGS,FRSTD MINI-WHEATS BITE SIZE STRAWB DEL","Cereals ready-to-eat, KELLOGGS, FROSTED MINI-WHEATS Bite Size Strawberry Delight",,"Kellogg, Co.",,352,8.7,1.6,84.6,22.7,10.2,0.0,0.91,2.7,0.0,0.67,606,9.1,0.77,0.68,26,0.3,29.5,81,0.0,346,0.0,2.7,0.0,0.535294118,1.125,0.0,0.044666667,1.515,0.56875,0.592307692,0.566666667,0.021666667,0.000333333,0.192857143,0.494285714,0.0,0.245454545
8543,Breakfast Cereals,"CEREALS RTE,KELLOGGS,SPL K VANILLA ALMOND","Cereals ready-to-eat, KELLOGGS, SPECIAL K Vanilla Almond",,"Kellogg, Co.",,378,7.7,4.2,83.2,30.4,9.3,749.0,2.33,7.0,70.0,1.34,781,23.3,1.98,1.75,32,0.306,27.0,73,2.396,202,28.1,1.5,0.832222222,1.370588235,2.916666667,0.777777778,0.089333333,1.9525,1.45625,1.523076923,1.458333333,0.026666667,0.00034,0.173809524,0.288571429,0.510909091,0.136363636
8544,Breakfast Cereals,"CEREALS RTE,POST GREAT GRAINS CRANBERRY ALMOND CRUNCH","Cereals ready-to-eat, POST GREAT GRAINS Cranberry Almond Crunch",,"Post Foods, LLC",,384,8.9,5.9,76.6,25.5,11.1,467.0,1.0,3.1,25.0,5.63,341,10.4,0.9,0.8,40,0.3,3.8,89,0.0,255,37.0,3.1,0.518888889,0.588235294,1.291666667,0.277777778,0.375333333,0.8525,0.65,0.692307692,0.666666667,0.033333333,0.000333333,0.211904762,0.364285714,0.672727273,0.281818182
8546,Snacks,RICE & WHEAT CRL BAR,Rice and Wheat cereal bar,,,,409,9.09,9.09,72.73,31.8,1.8,0.0,0.909,0.0,0.0,2.94,15,9.091,0.773,0.682,31,0.185,2.56,46,1.407,136,24.9,1.78,0.0,0.534705882,0.0,0.0,0.196,0.0375,0.5681875,0.594615385,0.568333333,0.025833333,0.000205556,0.10952381,0.194285714,0.452727273,0.161818182
8549,Breakfast Cereals,"CEREALS RTE,QUAKER,QUAKER HONEY GRAHAM LIFE CRL","Cereals ready-to-eat, QUAKER, QUAKER Honey Graham LIFE Cereal",,"The Quaker Oats, Co.",,373,9.33,4.14,78.56,23.12,6.3,0.0,1.842,0.0,0.0,0.57,0,18.416,1.565,1.381,366,0.0,29.73,90,0.0,391,0.0,13.82,0.0,1.083529412,0.0,0.0,0.038,0.0,1.151,1.203846154,1.150833333,0.305,0.0,0.214285714,0.558571429,0.0,1.256363636
8550,Breakfast Cereals,"CEREALS RTE,QUAKER,CHRISTMAS CRUNCH","Cereals ready-to-eat, QUAKER, Christmas Crunch",,"The Quaker Oats, Co.",,397,4.44,4.83,85.92,44.31,2.6,27.0,2.179,0.0,0.1,0.42,2600,21.736,1.846,1.635,11,0.151,19.78,55,0.0,168,6.5,16.36,0.03,1.281764706,0.0,0.001111111,0.028,6.5,1.3585,1.42,1.3625,0.009166667,0.000167778,0.130952381,0.24,0.118181818,1.487272727
8553,Breakfast Cereals,"CEREALS RTE,GENERAL MILLS,CHEERIOS,YOGURT BURST,STRAWBERRY","Cereals ready-to-eat, GENERAL MILLS, CHEERIOS, Yogurt Burst, strawberry",,General Mills Inc.,,400,6.67,5.23,81.75,30.0,6.7,750.0,1.667,5.0,20.0,0.33,1123,16.667,1.417,1.25,333,0.227,15.0,80,0.0,200,17.8,12.5,0.833333333,0.980588235,2.083333333,0.222222222,0.022,2.8075,1.0416875,1.09,1.041666667,0.2775,0.000252222,0.19047619,0.285714286,0.323636364,1.136363636
8554,Breakfast Cereals,"CEREALS RTE,POST SELECTS MAPLE PECAN CRUNCH","Cereals ready-to-eat, POST SELECTS Maple Pecan Crunch",,"Post Foods, LLC",,413,8.5,8.7,77.4,22.5,7.4,431.0,1.0,2.9,0.1,0.99,314,9.6,0.8,0.7,39,0.3,3.5,85,0.0,259,32.1,2.9,0.478888889,0.588235294,1.208333333,0.001111111,0.066,0.785,0.6,0.615384615,0.583333333,0.0325,0.000333333,0.202380952,0.37,0.583636364,0.263636364
8560,Breakfast Cereals,"CEREALS RTE,KASHI GO LN CRUNCH!,HONEY ALMOND FLAX","Cereals ready-to-eat, KASHI GO LEAN CRUNCH!, Honey Almond Flax",,"Kellogg, Co.",,379,16.79,9.9,66.9,22.2,15.0,1.0,0.03,0.0,1.0,2.68,43,0.8,0.07,0.07,75,0.611,2.8,105,3.404,270,17.5,0.6,0.001111111,0.017647059,0.0,0.011111111,0.178666667,0.1075,0.05,0.053846154,0.058333333,0.0625,0.000678889,0.25,0.385714286,0.318181818,0.054545455
8561,Breakfast Cereals,"CEREALS,KASHI GO LN HOT CRL,HEARTY HONEY & CINN,DRY","Cereals, KASHI GO LEAN Hot Cereal, Hearty Honey & Cinnamon, dry",,"Kellogg, Co.",,367,18.39,5.3,68.0,17.7,12.0,0.0,0.05,0.0,1.0,0.0,11,1.1,0.07,0.23,66,0.0,3.7,68,0.0,241,0.0,0.89,0.0,0.029411765,0.0,0.011111111,0.0,0.0275,0.06875,0.053846154,0.191666667,0.055,0.0,0.161904762,0.344285714,0.0,0.080909091
8562,Breakfast Cereals,"CEREALS,KASHI GO LN HOT CRL,CREAMY TRULY VANILLA,DRY","Cereals, KASHI GO LEAN Hot Cereal, Creamy TRULY VANILLA, dry",,"Kellogg, Co.",,360,22.29,5.3,61.09,14.8,18.5,0.0,0.02,0.0,0.0,0.0,0,0.8,0.07,0.2,95,0.0,2.7,21,0.0,117,0.0,0.6,0.0,0.011764706,0.0,0.0,0.0,0.0,0.05,0.053846154,0.166666667,0.079166667,0.0,0.05,0.167142857,0.0,0.054545455
8567,Breakfast Cereals,"CEREALS RTE,KASHI 7 WHL GRAIN NUGGETS","Cereals ready-to-eat, KASHI 7 Whole Grain Nuggets",,"Kellogg, Co.",,356,11.8,2.8,81.0,5.0,11.7,0.0,0.0,0.0,0.0,0.0,0,0.0,0.0,0.0,41,0.0,24.0,84,0.0,271,0.0,0.0,0.0,0.0,0.0,0.0,0.0,0.0,0.0,0.0,0.0,0.034166667,0.0,0.2,0.387142857,0.0,0.0
8568,Breakfast Cereals,"CEREALS,KASHI HEART TO HEART,INST OATMEAL,APPL CINN,DRY","Cereals, KASHI HEART TO HEART, Instant Oatmeal, Apple Cinnamon, dry",,"Kellogg, Co.",,353,11.1,5.0,73.8,25.0,12.5,0.0,0.0,0.0,2.0,0.0,0,0.0,0.0,0.0,47,0.0,2.4,0,0.0,0,0.0,0.0,0.0,0.0,0.0,0.022222222,0.0,0.0,0.0,0.0,0.0,0.039166667,0.0,0.0,0.0,0.0,0.0
8569,Breakfast Cereals,"CEREALS,KASHI HEART TO HEART,INST OATMEAL,GLDN BRWN MPLE,DRY","Cereals, KASHI HEART TO HEART, Instant Oatmeal, golden brown maple, dry",,"Kellogg, Co.",,356,11.39,5.09,73.59,23.79,12.7,0.0,0.0,0.0,1.0,0.0,0,0.0,0.0,0.0,25,0.0,1.79,0,0.0,0,0.0,0.0,0.0,0.0,0.0,0.011111111,0.0,0.0,0.0,0.0,0.0,0.020833333,0.0,0.0,0.0,0.0,0.0
8573,Breakfast Cereals,"CEREALS,CRM OF WHEAT,2 1/2 MINUTE COOK TIME,DRY","Cereals, CREAM OF WHEAT, 2 1/2 minute cook time, dry",,"B&G Foods, Inc",,355,11.61,1.41,71.79,0.47,4.4,0.0,0.09,0.0,0.0,0.37,0,8.475,0.417,0.76,882,0.206,32.02,46,1.367,398,0.0,1.35,0.0,0.052941176,0.0,0.0,0.024666667,0.0,0.5296875,0.320769231,0.633333333,0.735,0.000228889,0.10952381,0.568571429,0.0,0.122727273
8574,Breakfast Cereals,"CEREALS,CRM OF WHT,2 1/2 MIN CK,CKD W/H2O,STOVE-TOP,WO/SALT","Cereals, CREAM OF WHEAT, 2 1/2 minute cook time, cooked with water, stove-top, without salt",,"B&G Foods, Inc",,56,1.44,0.2,11.74,0.07,0.7,0.0,0.031,0.0,0.0,0.04,40,0.803,0.067,0.093,104,0.036,4.09,7,0.188,47,0.0,0.22,0.0,0.018235294,0.0,0.0,0.002666667,0.1,0.0501875,0.051538462,0.0775,0.086666667,4e-05,0.016666667,0.067142857,0.0,0.02
8575,Breakfast Cereals,"CEREALS,CRM OF WHT,2 1/2 MIN COOK TIME,CKD W/H2O,MW,WO/ SALT","Cereals, CREAM OF WHEAT, 2 1/2 minute cook time, cooked with water, microwaved, without salt",,,,52,1.88,0.37,10.1,0.34,0.7,0.0,0.033,0.0,0.0,0.06,46,0.715,0.045,0.087,131,0.052,4.98,8,0.226,57,0.0,0.26,0.0,0.019411765,0.0,0.0,0.004,0.115,0.0446875,0.034615385,0.0725,0.109166667,5.77778e-05,0.019047619,0.081428571,0.0,0.023636364
8576,Breakfast Cereals,"CEREALS,CRM OF WHEAT,1 MINUTE COOK TIME,DRY","Cereals, CREAM OF WHEAT, 1 minute cook time, dry",,"B&G Foods, Inc",,359,11.77,1.47,72.63,0.51,4.4,0.0,0.092,0.0,0.0,0.31,0,6.075,0.375,0.74,801,0.211,29.75,45,1.347,167,0.0,1.35,0.0,0.054117647,0.0,0.0,0.020666667,0.0,0.3796875,0.288461538,0.616666667,0.6675,0.000234444,0.107142857,0.238571429,0.0,0.122727273
8577,Breakfast Cereals,"CEREALS,CRM OF WHEAT,1 MINUTE,CKD W/ H2O,STOVE-TOP,WO/ SALT","Cereals, CREAM OF WHEAT, 1 minute cook time, cooked with water, stove-top, without salt",,,,56,1.65,0.42,11.16,0.07,0.4,0.0,0.033,0.0,0.0,0.03,36,0.842,0.022,0.055,125,0.042,4.7,8,0.227,27,0.0,0.26,0.0,0.019411765,0.0,0.0,0.002,0.09,0.052625,0.016923077,0.045833333,0.104166667,4.66667e-05,0.019047619,0.038571429,0.0,0.023636364
8578,Breakfast Cereals,"CEREALS,CRM OF WHEAT,1 MINUTE,CKD W/ H2O,MICROWAVED,WO/ SALT","Cereals, CREAM OF WHEAT, 1 minute cook time, cooked with water, microwaved, without salt",,"B&G Foods, Inc",,55,1.95,0.37,10.67,2.98,1.5,0.0,0.02,0.0,0.0,0.04,41,0.82,0.037,0.097,126,0.044,4.88,8,0.236,28,0.0,0.25,0.0,0.011764706,0.0,0.0,0.002666667,0.1025,0.05125,0.028461538,0.080833333,0.105,4.88889e-05,0.019047619,0.04,0.0,0.022727273
8579,Breakfast Cereals,"CEREALS RTE,GENERAL MILLS,25% LESS SUGAR CINN TOAST CRUNCH","Cereals ready-to-eat, GENERAL MILLS, 25% Less Sugar CINNAMON TOAST CRUNCH",,General Mills Inc.,,386,5.09,9.89,78.19,21.39,11.2,426.0,1.42,4.3,17.1,1.74,472,14.3,1.2,1.1,714,0.154,12.89,57,0.0,357,6.9,10.69,0.473333333,0.835294118,1.791666667,0.19,0.116,1.18,0.89375,0.923076923,0.916666667,0.595,0.000171111,0.135714286,0.51,0.125454545,0.971818182
8580,Breakfast Cereals,"INCAPARINA,DRY MIX (CORN & SOY FLOURS),UNPREP","Incaparina, dry mix (corn and soy flours), unprepared",,,,379,21.75,5.58,60.53,0.0,9.9,1770.0,0.69,1.5,0.0,0.36,0,27.0,0.61,1.93,600,0.61,22.0,220,1.6,530,14.5,23.0,1.966666667,0.405882353,0.625,0.0,0.024,0.0,1.6875,0.469230769,1.608333333,0.5,0.000677778,0.523809524,0.757142857,0.263636364,2.090909091
8582,Breakfast Cereals,"CEREALS RTE,GENERAL MILLS,DORA THE EXPLORER","Cereals ready-to-eat, GENERAL MILLS, DORA THE EXPLORER",,General Mills Inc.,,366,5.6,5.7,82.8,21.2,10.2,522.0,1.852,5.6,22.2,0.93,1246,18.5,1.6,1.4,370,0.126,30.0,30,0.0,74,8.5,13.9,0.58,1.089411765,2.333333333,0.246666667,0.062,3.115,1.15625,1.230769231,1.166666667,0.308333333,0.00014,0.071428571,0.105714286,0.154545455,1.263636364
8583,Breakfast Cereals,"CEREALS RTE,GENERAL MILLS,FRUITY CHEERIOS","Cereals ready-to-eat, GENERAL MILLS, Fruity CHEERIOS",,General Mills Inc.,,381,5.8,4.59,84.19,32.2,5.9,534.0,1.85,5.59,55.6,0.79,1246,18.5,1.6,1.39,370,0.194,16.7,30,0.0,222,13.1,13.89,0.593333333,1.088235294,2.329166667,0.617777778,0.052666667,3.115,1.15625,1.230769231,1.158333333,0.308333333,0.000215556,0.071428571,0.317142857,0.238181818,1.262727273
8584,Breakfast Cereals,"CEREALS RTE,KELLOGGS SPL K CHOCOLATEY DELIGHT","Cereals ready-to-eat, KELLOGGS SPECIAL K Chocolatey Delight",,"Kellogg, Co.",,381,6.5,7.3,81.2,29.9,10.6,725.0,2.26,6.8,68.0,0.53,755,22.6,1.92,1.69,18,0.38,26.1,61,3.171,175,31.6,1.4,0.805555556,1.329411765,2.833333333,0.755555556,0.035333333,1.8875,1.4125,1.476923077,1.408333333,0.015,0.000422222,0.145238095,0.25,0.574545455,0.127272727
8586,Breakfast Cereals,"CEREALS RTE,GENERAL MILLS,25% LESS SUGAR TRIX","Cereals ready-to-eat, GENERAL MILLS, 25% Less Sugar TRIX",,General Mills Inc.,,383,5.4,4.0,85.5,25.0,4.3,498.0,1.78,4.3,17.1,0.52,594,17.89,1.5,1.29,357,0.122,19.29,29,0.0,214,10.5,13.39,0.553333333,1.047058824,1.791666667,0.19,0.034666667,1.485,1.118125,1.153846154,1.075,0.2975,0.000135556,0.069047619,0.305714286,0.190909091,1.217272727
8587,Breakfast Cereals,"CEREALS RTE,KELLOGG,KELLOGGS SPL K LOFAT GRANOLA","Cereals ready-to-eat, KELLOGG, KELLOGGS SPECIAL K Low Fat Granola",,"Kellogg, Co.",,375,13.1,5.4,74.8,18.0,11.3,0.0,1.35,4.0,1.0,0.0,444,13.5,1.13,1.0,40,0.0,0.0,75,0.0,237,0.0,1.6,0.0,0.794117647,1.666666667,0.011111111,0.0,1.11,0.84375,0.869230769,0.833333333,0.033333333,0.0,0.178571429,0.338571429,0.0,0.145454545
8588,Breakfast Cereals,"CEREALS RTE,KELLOGG,KELLOGGS CINNABON CRL","Cereals ready-to-eat, KELLOGG, KELLOGGS CINNABON cereal",,"Kellogg, Co.",,410,5.7,7.3,83.3,41.6,3.9,0.0,1.83,5.4,65.0,0.0,595,18.4,1.59,1.46,26,0.0,15.7,13,0.0,57,0.0,5.6,0.0,1.076470588,2.25,0.722222222,0.0,1.4875,1.15,1.223076923,1.216666667,0.021666667,0.0,0.030952381,0.081428571,0.0,0.509090909
8589,Breakfast Cereals,"CEREALS RTE,KASHI GOLEAN CRISP TSTD BERRY CRUMBLE","Cereals ready-to-eat, KASHI GOLEAN CRISP Toasted Berry Crumble",,"Kellogg, Co.",,368,18.0,8.19,66.69,21.7,15.8,0.0,0.0,0.0,1.0,0.0,0,0.3,0.05,0.14,111,0.0,3.59,64,0.0,203,0.0,0.6,0.0,0.0,0.0,0.011111111,0.0,0.0,0.01875,0.038461538,0.116666667,0.0925,0.0,0.152380952,0.29,0.0,0.054545455
8590,Breakfast Cereals,"CEREALS RTE,KASHI HEART TO HEART,WARM CINN","Cereals ready-to-eat, KASHI HEART TO HEART, Warm Cinnamon",,"Kellogg, Co.",,365,11.6,4.9,78.5,15.69,13.2,0.0,6.05,18.0,91.0,61.0,0,1.2,0.14,0.38,55,0.0,3.09,26,0.0,97,0.0,0.89,0.0,3.558823529,7.5,1.011111111,4.066666667,0.0,0.075,0.107692308,0.316666667,0.045833333,0.0,0.061904762,0.138571429,0.0,0.080909091
8591,Breakfast Cereals,"CEREALS RTE,KASHI ORGANIC PROMISE,ISLAND VANILLA","Cereals ready-to-eat, KASHI ORGANIC PROMISE, ISLAND VANILLA",,"Kellogg, Co.",,350,10.7,1.9,80.8,16.9,10.7,0.0,0.3,0.0,0.0,0.0,0,4.8,0.1,0.34,37,0.2,2.8,108,3.2,275,0.0,2.6,0.0,0.176470588,0.0,0.0,0.0,0.0,0.3,0.076923077,0.283333333,0.030833333,0.000222222,0.257142857,0.392857143,0.0,0.236363636
8592,Breakfast Cereals,"CEREALS RTE,GENERAL MILLS,CHEERIOS,BANANA NUT","Cereals ready-to-eat, GENERAL MILLS, CHEERIOS, Banana Nut",,General Mills Inc.,,375,5.5,4.0,84.69,33.09,6.1,506.0,1.78,5.4,53.6,0.53,1201,17.89,1.5,1.29,357,0.166,16.1,57,0.0,214,11.0,13.39,0.562222222,1.047058824,2.25,0.595555556,0.035333333,3.0025,1.118125,1.153846154,1.075,0.2975,0.000184444,0.135714286,0.305714286,0.2,1.217272727
8593,Breakfast Cereals,"CEREALS RTE,GENERAL MILLS,CHEERIOS,CHOC","Cereals ready-to-eat, GENERAL MILLS, CHEERIOS, Chocolate",,General Mills Inc.,,380,5.8,5.09,83.5,34.09,6.2,533.0,1.85,5.59,55.6,0.59,1246,18.5,1.6,1.39,370,0.245,16.7,59,0.0,222,13.2,13.89,0.592222222,1.088235294,2.329166667,0.617777778,0.039333333,3.115,1.15625,1.230769231,1.158333333,0.308333333,0.000272222,0.14047619,0.317142857,0.24,1.262727273
8594,Breakfast Cereals,"CEREALS RTE,GENERAL MILLS,CHOC CHEX","Cereals ready-to-eat, GENERAL MILLS, Chocolate CHEX",,General Mills Inc.,,412,4.8,8.4,81.1,26.2,2.0,0.0,1.667,5.0,20.0,0.0,0,16.7,1.4,1.3,333,0.0,27.0,27,0.0,133,0.0,12.5,0.0,0.980588235,2.083333333,0.222222222,0.0,0.0,1.04375,1.076923077,1.083333333,0.2775,0.0,0.064285714,0.19,0.0,1.136363636
8595,Breakfast Cereals,"CEREALS RTE,GENERAL MILLS CINN CHEX","Cereals ready-to-eat, GENERAL MILLS Cinnamon CHEX",,General Mills Inc.,,403,5.0,6.59,82.4,26.1,2.4,749.0,1.66,5.0,20.0,1.51,1131,16.7,1.39,1.29,333,0.211,27.0,27,0.0,67,13.8,12.5,0.832222222,0.976470588,2.083333333,0.222222222,0.100666667,2.8275,1.04375,1.069230769,1.075,0.2775,0.000234444,0.064285714,0.095714286,0.250909091,1.136363636
8596,Breakfast Cereals,"CEREALS RTE,GENERAL MILLS,FIBER ONE,CARAMEL DELIGHT","Cereals ready-to-eat, GENERAL MILLS, FIBER ONE, Caramel Delight",,General Mills Inc.,,344,5.8,5.8,82.69,20.79,19.1,298.0,1.0,3.0,12.0,1.17,1347,10.0,0.89,0.8,200,0.252,28.79,64,0.0,200,23.8,7.5,0.331111111,0.588235294,1.25,0.133333333,0.078,3.3675,0.625,0.684615385,0.666666667,0.166666667,0.00028,0.152380952,0.285714286,0.432727273,0.681818182
8597,Breakfast Cereals,"CEREALS RTE,GENERAL MILLS,FIBER ONE,FRSTD SHREDDED WHEAT","Cereals ready-to-eat, GENERAL MILLS, FIBER ONE, Frosted Shredded Wheat",,General Mills Inc.,,321,8.4,1.7,81.7,20.3,15.0,0.0,1.0,2.5,0.0,0.0,0,13.3,0.9,0.6,0,0.0,29.8,67,0.0,250,0.0,2.5,0.0,0.588235294,1.041666667,0.0,0.0,0.0,0.83125,0.692307692,0.5,0.0,0.0,0.15952381,0.357142857,0.0,0.227272727
8598,Breakfast Cereals,"CEREALS RTE,GENERAL MILLS,FIBER ONE,HONEY CLUSTERS","Cereals ready-to-eat, GENERAL MILLS, FIBER ONE, HONEY CLUSTERS",,General Mills Inc.,,323,7.69,2.59,83.8,17.79,19.2,0.0,1.92,2.9,11.5,0.62,1294,19.2,1.6,0.69,192,0.35,31.2,77,0.0,192,35.0,14.39,0.0,1.129411765,1.208333333,0.127777778,0.041333333,3.235,1.2,1.230769231,0.575,0.16,0.000388889,0.183333333,0.274285714,0.636363636,1.308181818
8599,Breakfast Cereals,"CEREALS RTE,GENERAL MILLS,FIBER ONE,RAISIN BRAN CLUSTERS","Cereals ready-to-eat, GENERAL MILLS, FIBER ONE, RAISIN BRAN CLUSTERS",,General Mills Inc.,,317,6.19,2.29,83.3,25.7,18.2,0.0,0.9,2.7,0.4,0.58,296,9.1,0.8,0.69,182,0.364,8.19,58,0.0,182,30.5,6.8,0.0,0.529411765,1.125,0.004444444,0.038666667,0.74,0.56875,0.615384615,0.575,0.151666667,0.000404444,0.138095238,0.26,0.554545455,0.618181818
8602,Breakfast Cereals,"CEREALS RTE,KELLOGG,KELLOGGS SPL K,CINN PECAN","Cereals ready-to-eat, KELLOGG, KELLOGGS SPECIAL K, Cinnamon Pecan",,"Kellogg, Co.",,375,7.5,6.0,81.2,24.0,10.3,750.0,2.33,7.0,70.0,0.44,781,23.3,1.98,1.75,30,0.312,27.0,67,2.675,191,29.2,1.5,0.833333333,1.370588235,2.916666667,0.777777778,0.029333333,1.9525,1.45625,1.523076923,1.458333333,0.025,0.000346667,0.15952381,0.272857143,0.530909091,0.136363636
8603,Breakfast Cereals,"CEREALS RTE,KELLOGG,KELLOGGS SPL K BLUEBERRY","Cereals ready-to-eat, KELLOGG, KELLOGGS SPECIAL K Blueberry",,"Kellogg, Co.",,363,6.9,1.5,86.3,26.7,8.6,745.0,2.33,7.0,70.0,0.0,781,23.3,1.98,1.75,18,0.338,27.0,55,0.0,164,25.9,1.3,0.827777778,1.370588235,2.916666667,0.777777778,0.0,1.9525,1.45625,1.523076923,1.458333333,0.015,0.000375556,0.130952381,0.234285714,0.470909091,0.118181818
8605,Breakfast Cereals,"CEREALS RTE,KASHI,KASHI U","Cereals ready-to-eat, KASHI, KASHI U",,"Kellogg, Co.",,376,10.2,6.5,78.0,19.2,12.2,0.0,0.11,0.0,26.0,0.0,3,1.4,0.06,0.11,343,0.0,2.8,37,0.0,75,0.0,0.5,0.0,0.064705882,0.0,0.288888889,0.0,0.0075,0.0875,0.046153846,0.091666667,0.285833333,0.0,0.088095238,0.107142857,0.0,0.045454545
8608,Breakfast Cereals,"CEREALS RTE,KASHI BERRY BLOSSOM","Cereals ready-to-eat, KASHI Berry Blossom",,"Kellogg, Co.",,322,7.5,3.0,83.09,23.39,18.9,0.0,0.07,0.0,6.0,0.0,11,3.2,0.15,0.28,35,0.0,3.2,87,0.0,188,0.0,1.6,0.0,0.041176471,0.0,0.066666667,0.0,0.0275,0.2,0.115384615,0.233333333,0.029166667,0.0,0.207142857,0.268571429,0.0,0.145454545
8609,Breakfast Cereals,"CEREALS RTE,KASHI GOLDEN GOODNESS","Cereals ready-to-eat, KASHI Golden Goodness",,"Kellogg, Co.",,355,10.8,2.2,82.5,14.8,9.5,0.0,0.23,0.0,0.0,6.03,28,3.7,0.13,0.31,42,0.0,2.9,112,0.0,260,0.0,2.1,0.0,0.135294118,0.0,0.0,0.402,0.07,0.23125,0.1,0.258333333,0.035,0.0,0.266666667,0.371428571,0.0,0.190909091
8610,Breakfast Cereals,"CEREALS RTE,KASHI HONEY SUNSHINE","Cereals ready-to-eat, KASHI Honey Sunshine",,"Kellogg, Co.",,332,7.8,4.09,82.0,20.29,17.9,6.0,0.03,0.0,0.0,44.22,15,3.2,0.15,0.31,29,0.201,3.0,79,0.0,171,19.2,1.39,0.006666667,0.017647059,0.0,0.0,2.948,0.0375,0.2,0.115384615,0.258333333,0.024166667,0.000223333,0.188095238,0.244285714,0.349090909,0.126363636
8611,Breakfast Cereals,"CEREALS RTE,KELLOGGS FIBERPLUS CINN OAT CRUNCH","Cereals ready-to-eat, KELLOGGs FIBERPLUS Cinnamon Oat Crunch",,"Kellogg, Co.",,354,9.4,4.3,81.9,21.8,28.0,0.0,2.2,6.6,47.0,42.3,731,21.9,1.86,1.64,45,0.0,25.3,11,0.0,12,0.0,4.7,0.0,1.294117647,2.75,0.522222222,2.82,1.8275,1.36875,1.430769231,1.366666667,0.0375,0.0,0.026190476,0.017142857,0.0,0.427272727
8613,Breakfast Cereals,"CEREALS RTE,KELLOGGS SPL K MULTIGRAIN OATS & HONEY","Cereals ready-to-eat, KELLOGGS SPECIAL K Multigrain Oats and Honey",,"Kellogg, Co.",,362,7.8,1.8,85.0,26.4,8.6,0.0,2.4,7.2,72.0,0.0,808,24.1,2.05,1.81,18,0.0,27.9,78,0.0,230,0.0,1.9,0.0,1.411764706,3.0,0.8,0.0,2.02,1.50625,1.576923077,1.508333333,0.015,0.0,0.185714286,0.328571429,0.0,0.172727273
8614,Breakfast Cereals,"CEREALS RTE,KELLOGGS CRUNCHY NUT RSTD NUT & HONEY OS","Cereals ready-to-eat, KELLOGGs CRUNCHY NUT Roasted Nut and Honey Os",,"Kellogg, Co.",,374,5.9,4.3,84.6,37.1,7.1,0.0,1.9,5.6,22.0,0.0,616,18.5,1.57,1.39,31,0.0,16.7,7,0.0,41,0.0,5.6,0.0,1.117647059,2.333333333,0.244444444,0.0,1.54,1.15625,1.207692308,1.158333333,0.025833333,0.0,0.016666667,0.058571429,0.0,0.509090909
8615,Breakfast Cereals,"CEREALS RTE,KELLOGGS CRUNCHY NUT GOLDEN HONEY NUT FLAKES","Cereals ready-to-eat, KELLOGGS CRUNCHY NUT Golden Honey Nut flakes",,"Kellogg, Co.",,385,6.7,3.9,83.3,33.5,2.4,0.0,1.61,4.8,20.0,0.0,530,16.1,1.37,1.21,20,0.0,14.5,24,0.0,62,0.0,0.6,0.0,0.947058824,2.0,0.222222222,0.0,1.325,1.00625,1.053846154,1.008333333,0.016666667,0.0,0.057142857,0.088571429,0.0,0.054545455
8616,Breakfast Cereals,"CEREALS RTE,KELLOGGS FRSTD MINI-WHEATS BITE SZ CINN STREUS","Cereals ready-to-eat, KELLOGGs FROSTED MINI-WHEATS Bite Size Cinnamon Streusel",,"Kellogg, Co.",,349,8.8,1.6,84.6,22.5,10.8,0.0,0.93,2.8,0.0,0.67,616,9.3,0.79,0.69,36,0.0,30.0,83,0.0,354,0.0,2.8,0.0,0.547058824,1.166666667,0.0,0.044666667,1.54,0.58125,0.607692308,0.575,0.03,0.0,0.197619048,0.505714286,0.0,0.254545455
8617,Breakfast Cereals,"CEREALS RTE,KELLOGGS FRSTD MINI-WHEATS BITE SZ BLUEB MUFFIN","Cereals ready-to-eat, KELLOGGs FROSTED MINI-WHEATS Bite Size Blueberry Muffin",,"Kellogg, Co.",,352,8.6,1.6,84.8,22.7,10.2,0.0,0.91,2.7,0.0,0.67,606,9.1,0.77,0.68,26,0.0,29.5,81,0.0,346,0.0,2.7,0.0,0.535294118,1.125,0.0,0.044666667,1.515,0.56875,0.592307692,0.566666667,0.021666667,0.0,0.192857143,0.494285714,0.0,0.245454545
8621,Breakfast Cereals,"CEREALS RTE,KELLOGGS FRSTD MINI-WHTS TOUCH FRT MDL MXD BER","Cereals ready-to-eat, KELLOGGs FROSTED MINI-WHEATS Touch of Fruit in the Middle Mixed Berry",,"Kellogg, Co.",,342,8.8,1.8,82.1,17.8,10.6,0.0,0.91,2.7,0.0,0.67,606,9.1,0.77,0.68,34,0.0,29.5,83,0.0,359,0.0,2.7,0.0,0.535294118,1.125,0.0,0.044666667,1.515,0.56875,0.592307692,0.566666667,0.028333333,0.0,0.197619048,0.512857143,0.0,0.245454545
8625,Breakfast Cereals,"CEREALS RTE,QUAKER,CAPN CRUNCHS HALLOWEEN CRUNCH","Cereals ready-to-eat, QUAKER, CAPN CRUNCHS Halloween Crunch",,"The Quaker Oats, Co.",,402,4.41,5.66,85.14,43.82,2.5,0.0,2.12,0.0,0.1,0.42,0,20.56,1.8,1.6,11,0.0,19.6,54,0.0,167,0.0,15.42,0.0,1.247058824,0.0,0.001111111,0.028,0.0,1.285,1.384615385,1.333333333,0.009166667,0.0,0.128571429,0.238571429,0.0,1.401818182
8627,Breakfast Cereals,"CEREALS RTE,QUAKER,NAT GRANOLA APPL CRANBERRY ALMOND","Cereals ready-to-eat, QUAKER, Natural Granola Apple Cranberry Almond",,"The Quaker Oats, Co.",,418,9.21,11.06,74.73,27.43,9.9,0.0,0.193,0.14,3.1,1.63,0,1.98,0.26,0.34,98,0.0,2.47,106,0.0,334,0.0,2.44,0.0,0.113529412,0.058333333,0.034444444,0.108666667,0.0,0.12375,0.2,0.283333333,0.081666667,0.0,0.252380952,0.477142857,0.0,0.221818182
8628,Breakfast Cereals,"CEREALS RTE,QUAKER,MAPLE BROWN SUGAR LIFE CRL","Cereals ready-to-eat, QUAKER, Maple Brown Sugar LIFE Cereal",,"The Quaker Oats, Co.",,373,9.17,4.06,78.86,24.9,6.3,0.0,1.795,0.0,0.0,0.56,0,17.871,1.526,1.346,349,0.0,28.69,91,0.0,389,0.0,13.47,0.0,1.055882353,0.0,0.0,0.037333333,0.0,1.1169375,1.173846154,1.121666667,0.290833333,0.0,0.216666667,0.555714286,0.0,1.224545455
8629,Breakfast Cereals,"CEREALS RTE,QUAKER,CAPN CRUNCHS OOPS! ALL BERRIES CRL","Cereals ready-to-eat, QUAKER, Capn Crunchs OOPS! All Berries Cereal",,"The Quaker Oats, Co.",,395,4.6,3.99,87.1,44.18,2.6,0.0,2.395,0.0,0.4,0.63,0,23.961,2.036,1.798,11,0.0,21.57,56,0.0,170,0.0,17.98,0.0,1.408823529,0.0,0.004444444,0.042,0.0,1.4975625,1.566153846,1.498333333,0.009166667,0.0,0.133333333,0.242857143,0.0,1.634545455
8631,Breakfast Cereals,"CEREALS RTE,KELLOGGS FRSTD MINI-WHEATS LITTLE BITES,CHOC","Cereals ready-to-eat, KELLOGGS FROSTED MINI-WHEATS LITTLE BITES, chocolate",,"Kellogg, Co.",,354,8.5,3.4,81.4,22.29,10.9,0.0,0.88,3.0,0.0,0.0,594,8.89,0.75,0.67,33,0.0,28.89,90,0.0,335,0.0,2.7,0.0,0.517647059,1.25,0.0,0.0,1.485,0.555625,0.576923077,0.558333333,0.0275,0.0,0.214285714,0.478571429,0.0,0.245454545
8632,Breakfast Cereals,"CEREALS RTE,QUAKER OATMEAL SQUARES,GOLDEN MAPLE","Cereals ready-to-eat, QUAKER Oatmeal Squares, Golden Maple",,"The Quaker Oats, Co.",,380,11.3,4.83,78.04,16.82,8.3,0.0,0.88,0.0,11.5,0.0,0,9.58,0.85,0.687,201,0.0,29.0,115,0.0,371,0.0,7.18,0.0,0.517647059,0.0,0.127777778,0.0,0.0,0.59875,0.653846154,0.5725,0.1675,0.0,0.273809524,0.53,0.0,0.652727273
8633,Breakfast Cereals,"CEREALS RTE,POST,HONEY BUNCHES OF OATS W/ VANILLA BUNCHES","Cereals ready-to-eat, POST, HONEY BUNCHES OF OATS with vanilla bunches",,"Post Foods, LLC",,394,7.9,5.1,81.8,20.7,7.8,527.0,0.9,2.7,0.0,0.94,594,8.9,0.8,0.7,33,0.3,28.9,75,0.0,232,7.3,6.7,0.585555556,0.529411765,1.125,0.0,0.062666667,1.485,0.55625,0.615384615,0.583333333,0.0275,0.000333333,0.178571429,0.331428571,0.132727273,0.609090909
8634,Breakfast Cereals,"CEREALS RTE,GENERAL MILLS,PNUT BUTTER TOAST CRUNCH","Cereals ready-to-eat, GENERAL MILLS, PEANUT BUTTER TOAST CRUNCH",,General Mills Inc.,,410,8.19,9.8,76.19,27.1,5.5,0.0,1.61,4.8,19.4,0.0,0,16.1,1.39,1.2,323,0.0,14.5,52,0.0,194,0.0,14.5,0.0,0.947058824,2.0,0.215555556,0.0,0.0,1.00625,1.069230769,1.0,0.269166667,0.0,0.123809524,0.277142857,0.0,1.318181818
8635,Breakfast Cereals,"CEREALS RTE,GENERAL MILLS,COCOA PUFFS,25% RED SUGAR","Cereals ready-to-eat, GENERAL MILLS, Cocoa Puffs, 25% Reduced Sugar",,General Mills Inc.,,382,6.2,5.0,83.3,26.1,5.8,0.0,1.667,5.0,20.0,0.0,0,16.7,1.4,1.3,333,0.0,15.0,33,0.0,167,0.0,12.5,0.0,0.980588235,2.083333333,0.222222222,0.0,0.0,1.04375,1.076923077,1.083333333,0.2775,0.0,0.078571429,0.238571429,0.0,1.136363636
8637,Breakfast Cereals,"CEREALS RTE,GENERAL MILLS,OAT CLUSTER CHEERIOS CRUNCH","Cereals ready-to-eat, GENERAL MILLS, Oat Cluster CHEERIOS Crunch",,General Mills Inc.,,378,8.5,4.6,80.7,27.9,7.0,554.0,1.852,5.6,22.2,0.31,994,18.5,1.6,1.4,296,0.282,16.7,59,0.0,222,21.1,13.9,0.615555556,1.089411765,2.333333333,0.246666667,0.020666667,2.485,1.15625,1.230769231,1.166666667,0.246666667,0.000313333,0.14047619,0.317142857,0.383636364,1.263636364
8639,Breakfast Cereals,"CEREALS,QUAKER,INST OATMEAL,CINN SPICE,RED SUGAR","Cereals, QUAKER, Instant Oatmeal, Cinnamon Spice, reduced sugar",,"The Quaker Oats, Co.",,358,11.26,6.11,69.45,11.91,8.8,0.0,1.37,0.0,0.3,0.56,0,13.63,1.17,0.9,313,0.0,12.0,116,0.0,391,0.0,2.62,0.0,0.805882353,0.0,0.003333333,0.037333333,0.0,0.851875,0.9,0.75,0.260833333,0.0,0.276190476,0.558571429,0.0,0.238181818
8640,Breakfast Cereals,"CEREALS,QUAKER,INST OATMEAL ORGANIC,REG","Cereals, QUAKER, Instant Oatmeal Organic, Regular","instant oatmeal, not fortified, no added salt","The Quaker Oats, Co.",,367,16.0,6.3,67.0,1.0,9.8,0.0,0.12,0.0,0.0,0.47,0,0.78,0.14,0.73,52,0.0,4.2,148,0.0,474,0.0,3.07,0.0,0.070588235,0.0,0.0,0.031333333,0.0,0.04875,0.107692308,0.608333333,0.043333333,0.0,0.352380952,0.677142857,0.0,0.279090909
8641,Breakfast Cereals,"CEREALS,QUAKER,INST OATMEAL,FRUIT & CRM,RED SUGAR","Cereals, QUAKER, Instant Oatmeal, fruit and cream, variety of flavors, reduced sugar",,"The Quaker Oats, Co.",,376,10.16,7.46,71.57,17.66,8.3,0.0,0.98,0.03,0.1,0.64,0,9.085,0.617,1.447,246,0.0,12.13,103,0.0,359,0.0,2.3,0.0,0.576470588,0.0125,0.001111111,0.042666667,0.0,0.5678125,0.474615385,1.205833333,0.205,0.0,0.245238095,0.512857143,0.0,0.209090909
8642,Breakfast Cereals,"CEREALS,QUAKER,INST OATMEAL,APPL & CINN,RED SUGAR","Cereals, QUAKER, Instant Oatmeal, Apple and Cinnamon, reduced sugar",,"The Quaker Oats, Co.",,358,10.29,5.64,72.17,17.78,9.7,0.0,1.42,0.0,1.3,0.49,0,14.195,1.207,1.065,355,0.0,12.77,104,0.0,357,0.0,2.39,0.0,0.835294118,0.0,0.014444444,0.032666667,0.0,0.8871875,0.928461538,0.8875,0.295833333,0.0,0.247619048,0.51,0.0,0.217272727
8643,Breakfast Cereals,"CEREALS RTE,GENERAL MILLS,HONEY KIX","Cereals ready-to-eat, GENERAL MILLS, Honey KIX",,General Mills Inc.,,364,6.4,3.9,83.0,18.2,8.3,868.0,2.72,6.4,27.3,0.0,1429,21.2,2.29,2.29,455,0.12,38.2,49,0.0,182,13.1,18.2,0.964444444,1.6,2.666666667,0.303333333,0.0,3.5725,1.325,1.761538462,1.908333333,0.379166667,0.000133333,0.116666667,0.26,0.238181818,1.654545455
8645,Breakfast Cereals,"CEREALS RTE,BEAR NAKED NUT CLUSTER CRUNCH,HONEY ALMOND","Cereals ready-to-eat, BEAR NAKED Nut Cluster Crunch, honey almond",,"Kellogg, Co.",,369,8.9,3.1,82.5,22.1,6.2,0.0,0.01,0.0,0.0,0.45,2,0.2,0.04,0.01,27,0.0,0.5,11,0.0,47,0.0,0.1,0.0,0.005882353,0.0,0.0,0.03,0.005,0.0125,0.030769231,0.008333333,0.0225,0.0,0.026190476,0.067142857,0.0,0.009090909
8646,Breakfast Cereals,"CEREALS RTE,BEAR NAKED NUT CLUSTER CRUNCH,MAPLE PECAN WALNUT","Cereals ready-to-eat, BEAR NAKED Nut Cluster Crunch, maple pecan walnut",,"Kellogg, Co.",,374,8.5,3.5,83.09,22.6,6.0,0.0,0.01,0.0,0.0,0.0,2,0.3,0.05,0.01,20,0.0,0.4,6,0.0,40,0.0,0.2,0.0,0.005882353,0.0,0.0,0.0,0.005,0.01875,0.038461538,0.008333333,0.016666667,0.0,0.014285714,0.057142857,0.0,0.018181818
8647,Breakfast Cereals,"CEREALS RTE,KASHI INDIGO MORNING","Cereals ready-to-eat, KASHI INDIGO MORNING",,"Kellogg, Co.",,364,7.7,3.4,82.8,22.2,7.1,0.0,0.52,0.0,4.0,0.67,23,3.0,0.17,0.32,0,0.0,2.6,106,0.0,256,0.0,1.8,0.0,0.305882353,0.0,0.044444444,0.044666667,0.0575,0.1875,0.130769231,0.266666667,0.0,0.0,0.252380952,0.365714286,0.0,0.163636364
8648,Breakfast Cereals,"CEREALS RTE,KASHI SIMPLY MAIZE","Cereals ready-to-eat, KASHI Simply Maize",,"Kellogg, Co.",,371,7.8,3.4,83.3,22.1,6.1,0.0,0.52,0.0,0.0,0.0,16,3.0,0.17,0.32,0,0.0,2.6,105,0.0,259,0.0,1.8,0.0,0.305882353,0.0,0.0,0.0,0.04,0.1875,0.130769231,0.266666667,0.0,0.0,0.25,0.37,0.0,0.163636364
8649,Breakfast Cereals,"CEREALS RTE,KASHI GOLEAN CRISP CINN CRUMBLE","Cereals ready-to-eat, KASHI GOLEAN CRISP Cinnamon Crumble",,"Kellogg, Co.",,362,22.1,8.19,62.59,18.6,16.8,0.0,0.0,0.0,1.0,0.0,0,0.2,0.03,0.11,135,0.0,4.59,73,0.0,228,0.0,0.6,0.0,0.0,0.0,0.011111111,0.0,0.0,0.0125,0.023076923,0.091666667,0.1125,0.0,0.173809524,0.325714286,0.0,0.054545455
8651,Breakfast Cereals,"CEREALS RTE,GENERAL MILLS,FIBER ONE 80 CAL,HONEY SQUARES","Cereals ready-to-eat, GENERAL MILLS, FIBER ONE 80 Calories, Honey Squares",,General Mills Inc.,,248,4.8,2.59,85.19,10.8,38.5,0.0,1.66,5.0,20.0,0.0,0,16.7,1.39,1.29,1000,0.0,15.0,53,0.0,333,0.0,12.5,0.0,0.976470588,2.083333333,0.222222222,0.0,0.0,1.04375,1.069230769,1.075,0.833333333,0.0,0.126190476,0.475714286,0.0,1.136363636
8652,Breakfast Cereals,"CEREALS RTE,KELLOGGS KRAVE CHOC CRL","Cereals ready-to-eat, KELLOGGS KRAVE chocolate cereal",,"Kellogg, Co.",,397,7.0,11.1,76.1,35.7,9.9,0.0,1.61,4.8,48.0,0.0,441,16.1,1.13,1.21,61,0.0,14.5,40,0.0,102,0.0,5.0,0.0,0.947058824,2.0,0.533333333,0.0,1.1025,1.00625,0.869230769,1.008333333,0.050833333,0.0,0.095238095,0.145714286,0.0,0.454545455
8653,Breakfast Cereals,"CEREALS RTE,KELLOGGS RICE KRISPIES,GLUTEN FREE","Cereals ready-to-eat, KELLOGGS RICE KRISPIES, Gluten Free",,"Kellogg, Co.",,371,7.8,2.3,82.4,3.7,2.7,0.0,1.67,5.0,50.0,11.25,1131,16.7,1.42,1.25,10,0.0,30.0,149,0.0,292,0.0,2.1,0.0,0.982352941,2.083333333,0.555555556,0.75,2.8275,1.04375,1.092307692,1.041666667,0.008333333,0.0,0.354761905,0.417142857,0.0,0.190909091
8654,Breakfast Cereals,"CEREALS RTE,POST,HONEY BUNCHES OF OATS,JUST BUNCHES,HNY RSTD","Cereals ready-to-eat, POST, HONEY BUNCHES OF OATS, Just Bunches, honey roasted",,"Post Foods, LLC",,433,7.9,11.4,75.9,23.3,6.2,395.0,0.9,2.6,0.0,1.83,583,8.8,0.7,0.7,42,0.3,14.2,76,0.0,234,25.7,2.6,0.438888889,0.529411765,1.083333333,0.0,0.122,1.4575,0.55,0.538461538,0.583333333,0.035,0.000333333,0.180952381,0.334285714,0.467272727,0.236363636
8655,Breakfast Cereals,"CEREALS RTE,POST,HONEY BUNCHES OF OATS,PECAN BUNCHES","Cereals ready-to-eat, POST, HONEY BUNCHES OF OATS, pecan bunches",,"Post Foods, LLC",,399,7.0,5.4,82.0,21.9,5.2,748.0,1.7,5.2,0.2,0.5,1159,17.2,1.5,1.3,19,0.14,15.5,36,0.0,140,17.3,1.0,0.831111111,1.0,2.166666667,0.002222222,0.033333333,2.8975,1.075,1.153846154,1.083333333,0.015833333,0.000155556,0.085714286,0.2,0.314545455,0.090909091
8656,Breakfast Cereals,"CEREALS RTE,NATURES PATH,ORGANIC FLAX PLUS FLAKES","Cereals ready-to-eat, NATURES PATH, Organic FLAX PLUS flakes",,Natures Path,,350,11.91,5.46,75.27,12.25,16.6,0.0,0.03,0.0,0.0,1.27,6,0.22,0.01,0.13,55,0.09,5.89,28,0.18,460,1.8,0.31,0.0,0.017647059,0.0,0.0,0.084666667,0.015,0.01375,0.007692308,0.108333333,0.045833333,0.0001,0.066666667,0.657142857,0.032727273,0.028181818
8657,Breakfast Cereals,"CEREALS RTE,BARBARAS PUFFINS,ORIGINAL","Cereals ready-to-eat, BARBARAS PUFFINS, original",,"Barbaras Bakery, Inc",,333,7.41,3.7,84.0,18.52,18.5,0.0,0.243,0.0,55.6,0.89,19,1.9,0.068,0.111,70,0.301,1.33,107,0.0,126,16.7,1.28,0.0,0.142941176,0.0,0.617777778,0.059333333,0.0475,0.11875,0.052307692,0.0925,0.058333333,0.000334444,0.254761905,0.18,0.303636364,0.116363636
8658,Breakfast Cereals,"CEREALS RTE,KELLOGGS KRAVE DOUBLE CHOC CRL","Cereals ready-to-eat, KELLOGGS KRAVE double chocolate cereal",,"Kellogg, Co.",,397,7.1,11.2,75.9,36.3,10.6,0.0,1.67,5.0,50.0,0.67,441,16.7,1.13,1.25,67,0.0,15.0,48,0.0,112,0.0,5.0,0.0,0.982352941,2.083333333,0.555555556,0.044666667,1.1025,1.04375,0.869230769,1.041666667,0.055833333,0.0,0.114285714,0.16,0.0,0.454545455
8659,Breakfast Cereals,"CEREALS RTE,KELLOGGS FRSTD FLAKES,CHOCO ZUCARITAS","Cereals ready-to-eat, KELLOGGS FROSTED FLAKES, CHOCO ZUCARITAS",chocolate cereal,"Kellogg, Co.",,387,5.1,3.5,85.1,38.1,1.4,0.0,1.67,5.0,20.0,0.0,553,16.7,1.42,1.25,7,0.0,15.0,36,0.0,77,0.0,0.8,0.0,0.982352941,2.083333333,0.222222222,0.0,1.3825,1.04375,1.092307692,1.041666667,0.005833333,0.0,0.085714286,0.11,0.0,0.072727273
8660,Breakfast Cereals,"CEREALS RTE,KELLOGGS APPL JACKS W/ MARSHMALLOWS","Cereals ready-to-eat, KELLOGGS APPLE JACKS with marshmallows",,"Kellogg, Co.",,378,4.3,2.8,89.6,51.1,7.4,0.0,1.79,5.4,54.0,0.0,594,17.9,1.52,1.34,10,0.0,16.1,23,0.0,61,0.0,5.4,0.0,1.052941176,2.25,0.6,0.0,1.485,1.11875,1.169230769,1.116666667,0.008333333,0.0,0.054761905,0.087142857,0.0,0.490909091
8661,Breakfast Cereals,"CEREALS RTE,KELLOGGS CINN JACKS","Cereals ready-to-eat, KELLOGGS CINNAMON JACKS",,"Kellogg, Co.",,397,5.9,7.8,83.0,33.9,9.0,0.0,1.78,5.0,54.0,0.0,594,17.89,1.51,1.34,20,0.0,16.1,43,0.0,96,0.0,5.4,0.0,1.047058824,2.083333333,0.6,0.0,1.485,1.118125,1.161538462,1.116666667,0.016666667,0.0,0.102380952,0.137142857,0.0,0.490909091
8662,Breakfast Cereals,"CEREALS RTE,POST,HONEY BUNCHES OF OATS,W/ REAL STRAWBERRIES","Cereals ready-to-eat, POST, HONEY BUNCHES OF OATS, with real strawberries",,"Post Foods, LLC",,399,6.7,4.9,83.3,24.0,5.4,0.0,1.7,4.8,15.6,0.0,535,16.1,1.4,1.2,26,0.2,26.1,46,0.0,139,0.0,1.0,0.0,1.0,2.0,0.173333333,0.0,1.3375,1.00625,1.076923077,1.0,0.021666667,0.000222222,0.10952381,0.198571429,0.0,0.090909091
8663,Breakfast Cereals,"CEREALS RTE,KASHI ORGANIC PROMISE,BERRY FRUITFUL","Cereals ready-to-eat, KASHI ORGANIC PROMISE, Berry Fruitful",,"Kellogg, Co.",,318,10.7,1.3,76.2,14.6,10.5,0.0,0.25,0.0,0.0,0.67,0,4.6,0.1,0.32,29,0.0,3.0,106,0.0,242,0.0,2.2,0.0,0.147058824,0.0,0.0,0.044666667,0.0,0.2875,0.076923077,0.266666667,0.024166667,0.0,0.252380952,0.345714286,0.0,0.2
8665,Breakfast Cereals,"CEREALS RTE,POST HONEY BUNCHES OF OATS W/ CINN BUNCHES","Cereals ready-to-eat, POST HONEY BUNCHES OF OATS with cinnamon bunches",,"Post Foods, LLC",,400,7.1,5.0,82.8,20.4,5.8,0.0,1.7,5.0,0.4,0.0,0,16.7,1.4,1.3,36,0.2,28.0,46,0.0,145,0.0,1.0,0.0,1.0,2.083333333,0.004444444,0.0,0.0,1.04375,1.076923077,1.083333333,0.03,0.000222222,0.10952381,0.207142857,0.0,0.090909091
8666,Breakfast Cereals,"CEREALS RTE,GENERAL MILLS,CINN BURST CHEERIOS","Cereals ready-to-eat, GENERAL MILLS, Cinnamon Burst CHEERIOS",,General Mills Inc.,,375,6.3,6.09,83.2,28.1,9.4,0.0,1.56,4.69,46.9,0.0,0,15.6,1.29,1.2,313,0.0,25.29,50,0.0,125,0.0,11.69,0.0,0.917647059,1.954166667,0.521111111,0.0,0.0,0.975,0.992307692,1.0,0.260833333,0.0,0.119047619,0.178571429,0.0,1.062727273
8667,Breakfast Cereals,"CEREALS RTE,GENERAL MILLS,COCOA PUFFS BROWNIE CRUNCH","Cereals ready-to-eat, GENERAL MILLS, COCOA PUFFS Brownie Crunch",,General Mills Inc.,,387,6.0,6.0,82.69,32.79,6.2,0.0,1.85,5.59,22.2,0.0,616,18.5,1.6,1.39,370,0.0,16.7,59,0.0,296,0.0,13.89,0.0,1.088235294,2.329166667,0.246666667,0.0,1.54,1.15625,1.230769231,1.158333333,0.308333333,0.0,0.14047619,0.422857143,0.0,1.262727273
8668,Breakfast Cereals,"CEREALS RTE,GENERAL MILLS,FIBER ONE,NUTTY CLUSTERS & ALMONDS","Cereals ready-to-eat, GENERAL MILLS, FIBER ONE, Nutty Clusters & Almonds",,General Mills Inc.,,348,7.9,6.8,79.5,22.1,18.2,0.0,0.9,2.7,10.9,0.0,0,9.1,0.8,0.69,182,0.0,8.19,58,0.0,182,0.0,6.8,0.0,0.529411765,1.125,0.121111111,0.0,0.0,0.56875,0.615384615,0.575,0.151666667,0.0,0.138095238,0.26,0.0,0.618181818
8669,Breakfast Cereals,"CEREALS RTE,GENERAL MILLS,FIBER ONE 80 CAL,CHOC SQUARES","Cereals ready-to-eat, GENERAL MILLS, FIBER ONE 80 Calories, Chocolate Squares",,General Mills Inc.,,253,3.29,2.9,84.0,17.29,35.2,0.0,1.66,5.0,20.0,0.0,0,16.7,1.39,1.29,1333,0.0,15.0,53,0.0,267,0.0,12.5,0.0,0.976470588,2.083333333,0.222222222,0.0,0.0,1.04375,1.069230769,1.075,1.110833333,0.0,0.126190476,0.381428571,0.0,1.136363636
8670,Breakfast Cereals,"CEREALS RTE,GENERAL MILLS,HONEY NUT CHEERIOS,MEDLEY CRUNCH","Cereals ready-to-eat, GENERAL MILLS, HONEY NUT CHEERIOS, MEDLEY CRUNCH",,General Mills Inc.,,387,9.1,5.4,79.5,29.1,7.5,0.0,1.61,4.8,19.4,0.0,0,16.1,1.39,1.2,323,0.0,14.5,103,0.0,258,0.0,12.1,0.0,0.947058824,2.0,0.215555556,0.0,0.0,1.00625,1.069230769,1.0,0.269166667,0.0,0.245238095,0.368571429,0.0,1.1
8671,Breakfast Cereals,"CEREALS RTE,GENERAL MILLS,DULCE DE LECHE CHEERIOS","Cereals ready-to-eat, GENERAL MILLS, Dulce De Leche CHEERIOS",,General Mills Inc.,,378,6.5,5.69,82.0,20.89,7.3,0.0,1.85,5.59,55.6,0.0,0,18.5,1.6,1.39,370,0.0,33.29,59,0.0,222,0.0,13.89,0.0,1.088235294,2.329166667,0.617777778,0.0,0.0,1.15625,1.230769231,1.158333333,0.308333333,0.0,0.14047619,0.317142857,0.0,1.262727273
8672,Breakfast Cereals,"CEREALS RTE,MALT-O-MEAL,CHOC MARSHMLLW MATEYS","Cereals ready-to-eat, MALT-O-MEAL, CHOCOLATE MARSHMALLOW MATEYS",,MOM Brands,,400,3.29,5.0,83.3,53.29,3.3,400.0,1.29,4.0,16.0,0.0,893,13.3,1.1,1.0,267,0.0,24.0,0,0.0,0,0.0,10.0,0.444444444,0.758823529,1.666666667,0.177777778,0.0,2.2325,0.83125,0.846153846,0.833333333,0.2225,0.0,0.0,0.0,0.0,0.909090909
8673,Breakfast Cereals,"CEREALS,RTE,MALT-O-MEAL,BLUEBERRY MINI SPOONERS","Cereals, ready-to-eat, MALT-O-MEAL, Blueberry Mini SPOONERS",,MOM Brands,,350,8.81,1.92,79.4,18.44,10.3,0.0,1.33,3.05,0.0,0.67,848,14.06,0.99,1.1,33,0.0,29.45,73,0.0,331,0.0,6.81,0.0,0.782352941,1.270833333,0.0,0.044666667,2.12,0.87875,0.761538462,0.916666667,0.0275,0.0,0.173809524,0.472857143,0.0,0.619090909
8674,Breakfast Cereals,"CEREALS RTE,MALT-O-MEAL,OAT BLENDERS W/ HONEY","Cereals ready-to-eat, MALT-O-MEAL, OAT BLENDERS with honey",,MOM Brands,,390,7.59,3.04,84.08,22.09,6.2,0.0,2.95,8.3,32.8,0.31,1121,25.9,2.15,2.29,23,0.0,45.7,54,0.0,202,0.0,19.65,0.0,1.735294118,3.458333333,0.364444444,0.020666667,2.8025,1.61875,1.653846154,1.908333333,0.019166667,0.0,0.128571429,0.288571429,0.0,1.786363636
8675,Breakfast Cereals,"CEREALS RTE,MALT-O-MEAL,OAT BLENDERS W/ HONEY & ALMONDS","Cereals ready-to-eat, MALT-O-MEAL, OAT BLENDERS with honey & almonds",,MOM Brands,,379,7.8,4.88,77.26,20.26,6.1,0.0,2.69,7.55,29.6,1.37,1121,23.51,1.99,2.09,33,0.0,41.38,61,0.0,204,0.0,17.87,0.0,1.582352941,3.145833333,0.328888889,0.091333333,2.8025,1.469375,1.530769231,1.741666667,0.0275,0.0,0.145238095,0.291428571,0.0,1.624545455
8676,Breakfast Cereals,"CEREALS RTE,MALT-O-MEAL,HONEY NUT SCOOTERS","Cereals ready-to-eat, MALT-O-MEAL, Honey Nut SCOOTERS",,MOM Brands,,349,7.57,3.6,77.95,32.43,5.9,0.0,1.96,5.88,30.6,0.0,1121,18.45,1.67,1.78,374,0.0,34.63,87,0.0,307,0.0,13.71,0.0,1.152941176,2.45,0.34,0.0,2.8025,1.153125,1.284615385,1.483333333,0.311666667,0.0,0.207142857,0.438571429,0.0,1.246363636
8677,Breakfast Cereals,"CEREALS RTE,KELLOGGS FRSTD MINI-WHEATS TOUCH FRUIT MDL,RASP","Cereals ready-to-eat, KELLOGGS FROSTED MINI-WHEATS Touch of Fruit in the Middle, Raspberry",,"Kellogg, Co.",,342,8.8,1.8,82.1,17.8,10.6,0.0,0.91,2.7,0.0,0.67,0,9.1,0.77,0.68,33,0.0,29.5,83,0.0,359,0.0,2.7,0.0,0.535294118,1.125,0.0,0.044666667,0.0,0.56875,0.592307692,0.566666667,0.0275,0.0,0.197619048,0.512857143,0.0,0.245454545
8678,Breakfast Cereals,"CEREALS RTE,GENERAL MILLS,APPL CINN CHEX","Cereals ready-to-eat, GENERAL MILLS, Apple Cinnamon CHEX",,General Mills Inc.,,408,4.69,6.45,82.8,26.0,2.0,0.0,1.61,4.8,19.4,0.0,0,16.1,1.39,1.2,323,0.0,29.0,26,0.0,129,0.0,12.1,0.0,0.947058824,2.0,0.215555556,0.0,0.0,1.00625,1.069230769,1.0,0.269166667,0.0,0.061904762,0.184285714,0.0,1.1
8679,Breakfast Cereals,"CEREALS RTE,GENERAL MILLS,FRSTD TOAST CRUNCH","Cereals ready-to-eat, GENERAL MILLS, FROSTED TOAST CRUNCH",,General Mills Inc.,,410,5.19,10.1,78.59,29.39,4.8,0.0,1.66,5.0,20.0,0.0,0,16.7,1.39,1.29,333,0.0,15.0,27,0.0,133,0.0,12.5,0.0,0.976470588,2.083333333,0.222222222,0.0,0.0,1.04375,1.069230769,1.075,0.2775,0.0,0.064285714,0.19,0.0,1.136363636
8680,Breakfast Cereals,"CEREALS,OATS,INST,FORT,MAPLE & BROWN SUGAR,DRY","Cereals, oats, instant, fortified, maple and brown sugar, dry",,,,368,9.25,4.73,76.67,30.28,7.2,692.0,1.464,0.0,0.0,0.51,240,11.739,1.002,1.069,258,0.24,10.36,90,2.297,305,16.8,1.72,0.768888889,0.861176471,0.0,0.0,0.034,0.6,0.7336875,0.770769231,0.890833333,0.215,0.000266667,0.214285714,0.435714286,0.305454545,0.156363636
8681,Breakfast Cereals,"CEREALS RTE,CASCADIAN FARM,CINN CRUNCH","Cereals ready-to-eat, CASCADIAN FARM, Cinnamon Crunch",,General Mills Inc.,,407,5.69,8.5,81.59,31.0,11.0,0.0,0.0,0.0,0.0,0.0,0,1.5,0.0,0.1,0,0.0,2.7,0,0.0,148,0.0,0.0,0.0,0.0,0.0,0.0,0.0,0.0,0.09375,0.0,0.083333333,0.0,0.0,0.0,0.211428571,0.0,0.0
8682,Breakfast Cereals,"CEREALS RTE,GENERAL MILLS,MULTI GRAIN CHEERIOS,PNUT BUTTER","Cereals ready-to-eat, GENERAL MILLS, Multi Grain CHEERIOS, Peanut Butter",,General Mills Inc.,,390,6.8,6.19,82.0,32.5,6.0,0.0,1.78,5.4,21.4,0.0,0,17.89,1.5,1.29,357,0.0,28.89,57,0.0,214,0.0,13.39,0.0,1.047058824,2.25,0.237777778,0.0,0.0,1.118125,1.153846154,1.075,0.2975,0.0,0.135714286,0.305714286,0.0,1.217272727
8683,Breakfast Cereals,"CEREALS RTE,CASCADIAN FARM,MULTI-GRAIN SQUARES","Cereals ready-to-eat, CASCADIAN FARM, Multi-Grain Squares",,General Mills Inc.,,387,9.39,1.89,83.0,13.19,7.5,0.0,0.0,0.0,0.0,0.0,0,0.0,0.0,0.0,0,0.0,2.7,0,0.0,0,0.0,0.0,0.0,0.0,0.0,0.0,0.0,0.0,0.0,0.0,0.0,0.0,0.0,0.0,0.0,0.0,0.0
8684,Breakfast Cereals,"CEREALS RTE,CASCADIAN FARM,HONEY NUT OS","Cereals ready-to-eat, CASCADIAN FARM, honey nut Os",,General Mills Inc.,,371,8.3,3.29,83.09,24.79,8.5,0.0,0.0,0.0,0.0,0.0,0,1.29,0.0,0.2,67,0.0,2.4,53,0.0,200,0.0,1.0,0.0,0.0,0.0,0.0,0.0,0.0,0.080625,0.0,0.166666667,0.055833333,0.0,0.126190476,0.285714286,0.0,0.090909091
8685,Breakfast Cereals,"CEREALS RTE,QUAKER WHL HEARTS OAT CRL","Cereals ready-to-eat, QUAKER WHOLE HEARTS oat cereal",,"The Quaker Oats, Co.",,376,7.63,5.61,80.1,21.53,9.1,0.0,1.586,4.75,71.3,5.58,0,15.855,1.348,2.378,0,0.0,32.11,77,0.0,322,0.0,11.89,0.0,0.932941176,1.979166667,0.792222222,0.372,0.0,0.9909375,1.036923077,1.981666667,0.0,0.0,0.183333333,0.46,0.0,1.080909091
8686,Breakfast Cereals,"CEREALS,QUAKER,WT CONTROL INST OATMEAL,MAPLE & BROWN SUGAR","Cereals, QUAKER, Weight Control Instant Oatmeal, maple and brown sugar",,"The Quaker Oats, Co.",,361,16.37,6.2,64.25,1.25,13.0,0.0,1.056,0.0,0.1,0.56,0,10.446,0.935,1.018,268,0.0,10.13,116,0.0,392,0.0,2.6,0.0,0.621176471,0.0,0.001111111,0.037333333,0.0,0.652875,0.719230769,0.848333333,0.223333333,0.0,0.276190476,0.56,0.0,0.236363636
8687,Breakfast Cereals,"CEREALS,QUAKER,WEIGHT CONTROL INST OATMEAL,BANANA BREAD","Cereals, QUAKER, Weight Control Instant Oatmeal, banana bread",,"The Quaker Oats, Co.",,361,16.5,6.16,64.42,1.29,12.6,0.0,1.018,0.0,0.1,0.55,0,10.177,0.865,0.735,243,0.0,8.78,117,0.0,396,0.0,2.6,0.0,0.598823529,0.0,0.001111111,0.036666667,0.0,0.6360625,0.665384615,0.6125,0.2025,0.0,0.278571429,0.565714286,0.0,0.236363636
8688,Breakfast Cereals,"CEREALS,QUAKER,INST OATMEAL,CINN SWIRL,HI FIBER","Cereals, QUAKER, Instant Oatmeal, Cinnamon Swirl, high fiber",,"The Quaker Oats, Co.",,366,8.79,4.8,75.67,14.7,22.3,0.0,1.241,0.0,0.2,0.43,0,12.448,1.058,0.762,278,0.0,9.41,91,0.0,306,0.0,2.04,0.0,0.73,0.0,0.002222222,0.028666667,0.0,0.778,0.813846154,0.635,0.231666667,0.0,0.216666667,0.437142857,0.0,0.185454545
8689,Breakfast Cereals,"CEREALS,QUAKER,OATMEAL,REAL MEDLEYS,BLUEBERRY HAZELNUT,DRY","Cereals, QUAKER, oatmeal, REAL MEDLEYS, blueberry hazelnut, dry",,"The Quaker Oats, Co.",,386,9.81,9.8,69.47,18.71,7.7,0.0,0.127,0.0,2.8,0.45,0,1.557,0.115,0.352,64,0.0,3.08,98,0.0,287,0.0,2.15,0.0,0.074705882,0.0,0.031111111,0.03,0.0,0.0973125,0.088461538,0.293333333,0.053333333,0.0,0.233333333,0.41,0.0,0.195454545
8690,Breakfast Cereals,"CEREALS,QUAKER,OATMEAL,REAL MEDLEYS,APPL WALNUT,DRY","Cereals, QUAKER, oatmeal, REAL MEDLEYS, apple walnut, dry",,"The Quaker Oats, Co.",,390,8.18,10.36,70.53,29.36,7.0,0.0,0.148,0.0,0.9,0.36,0,1.089,0.09,0.269,57,0.0,2.77,86,0.0,239,0.0,1.83,0.0,0.087058824,0.0,0.01,0.024,0.0,0.0680625,0.069230769,0.224166667,0.0475,0.0,0.204761905,0.341428571,0.0,0.166363636
8691,Breakfast Cereals,"CEREALS,QUAKER,OATMEAL,REAL MEDLEYS,SMMR BERRY,DRY","Cereals, QUAKER, oatmeal, REAL MEDLEYS, summer berry, dry",,"The Quaker Oats, Co.",,353,11.31,4.4,72.58,20.43,8.5,0.0,0.158,0.2,9.4,0.47,0,1.687,0.215,0.378,124,0.0,3.13,113,0.0,358,0.0,2.56,0.0,0.092941176,0.083333333,0.104444444,0.031333333,0.0,0.1054375,0.165384615,0.315,0.103333333,0.0,0.269047619,0.511428571,0.0,0.232727273
8692,Breakfast Cereals,"CEREALS,QUAKER,OATMEAL,REAL MEDLEYS,PEACH ALMOND,DRY","Cereals, QUAKER, oatmeal, REAL MEDLEYS, peach almond, dry",,"The Quaker Oats, Co.",,387,10.1,9.84,68.61,24.85,7.4,0.0,0.121,0.0,16.1,2.46,0,1.87,0.188,0.293,105,0.0,2.8,115,0.0,302,0.0,2.18,0.0,0.071176471,0.0,0.178888889,0.164,0.0,0.116875,0.144615385,0.244166667,0.0875,0.0,0.273809524,0.431428571,0.0,0.198181818
8693,Breakfast Cereals,"CEREALS,QUAKER,OATMEAL,REAL MEDLEYS,CHERRY PISTACHIO,DRY","Cereals, QUAKER, oatmeal, REAL MEDLEYS, cherry pistachio, dry",,"The Quaker Oats, Co.",,394,12.02,11.02,66.73,26.34,7.1,0.0,0.231,0.21,0.7,0.5,0,1.33,0.25,0.334,132,0.0,2.99,103,0.0,333,0.0,2.14,0.0,0.135882353,0.0875,0.007777778,0.033333333,0.0,0.083125,0.192307692,0.278333333,0.11,0.0,0.245238095,0.475714286,0.0,0.194545455
8694,Breakfast Cereals,"CEREALS,QUAKER,INST OATMEAL,WEIGHT CONTROL,CINN","Cereals, QUAKER, Instant Oatmeal, weight control, cinnamon",,"The Quaker Oats, Co.",,361,16.5,6.28,64.21,1.27,13.0,0.0,1.025,0.0,0.1,0.56,0,10.871,0.87,0.741,245,0.0,8.84,119,0.0,402,0.0,2.65,0.0,0.602941176,0.0,0.001111111,0.037333333,0.0,0.6794375,0.669230769,0.6175,0.204166667,0.0,0.283333333,0.574285714,0.0,0.240909091
8695,Breakfast Cereals,"CEREALS RTE,KELLOGG,KELLOGGS FRSTD MINI-WHEATS,LITTLE BITES","Cereals ready-to-eat, KELLOGG, KELLOGGS FROSTED MINI-WHEATS, little bites",,"Kellogg, Co.",,351,9.19,1.7,84.3,20.2,10.8,0.0,0.88,3.0,0.0,0.0,594,8.89,0.75,0.67,29,0.0,28.89,77,0.0,343,0.0,2.7,0.0,0.517647059,1.25,0.0,0.0,1.485,0.555625,0.576923077,0.558333333,0.024166667,0.0,0.183333333,0.49,0.0,0.245454545
8696,Breakfast Cereals,"CEREALS RTE,KELLOGG,KELLOGGS RAISIN BRAN,CINN ALMOND","Cereals ready-to-eat, KELLOGG, KELLOGGS RAISIN BRAN, Cinnamon Almond",,"Kellogg, Co.",,347,7.4,2.9,81.19,31.29,9.2,0.0,0.86,3.0,2.0,0.0,0,8.6,0.73,0.64,47,0.0,7.8,106,0.0,252,0.0,2.7,0.0,0.505882353,1.25,0.022222222,0.0,0.0,0.5375,0.561538462,0.533333333,0.039166667,0.0,0.252380952,0.36,0.0,0.245454545
8697,Breakfast Cereals,"CEREALS RTE,KASHI ORGANIC PROMISE,RAISIN VINEYARD","Cereals ready-to-eat, KASHI ORGANIC PROMISE, RAISIN VINEYARD",,"Kellogg, Co.",,342,8.69,0.8,79.9,23.39,5.0,0.0,0.15,0.0,1.0,0.0,0,3.0,0.05,0.23,24,0.0,2.09,50,0.0,119,0.0,0.89,0.0,0.088235294,0.0,0.011111111,0.0,0.0,0.1875,0.038461538,0.191666667,0.02,0.0,0.119047619,0.17,0.0,0.080909091
8698,Breakfast Cereals,"CEREALS RTE,KELLOGG,KELLOGGS FROOT LOOPS TREASURS,STRAWBRY","Cereals ready-to-eat, KELLOGG, KELLOGGS FROOT LOOPS TREASURES, Strawberry",,"Kellogg, Co.",,380,5.3,3.9,87.3,40.29,8.6,0.0,1.66,5.0,50.0,0.0,0,16.7,1.41,1.25,13,0.0,15.0,27,0.0,58,0.0,5.0,0.0,0.976470588,2.083333333,0.555555556,0.0,0.0,1.04375,1.084615385,1.041666667,0.010833333,0.0,0.064285714,0.082857143,0.0,0.454545455
8699,Breakfast Cereals,"CEREALS RTE,KELLOGGS KRAVE SMORES","Cereals ready-to-eat, KELLOGGS KRAVE Smores",,"Kellogg, Co.",,401,7.3,10.89,76.4,31.7,9.4,0.0,1.61,5.0,48.0,0.0,0,16.1,1.37,1.21,57,0.0,14.5,32,0.0,97,0.0,5.0,0.0,0.947058824,2.083333333,0.533333333,0.0,0.0,1.00625,1.053846154,1.008333333,0.0475,0.0,0.076190476,0.138571429,0.0,0.454545455
8700,Breakfast Cereals,"CEREALS RTE,KELLOGG RAISIN BRAN W/ OMEGA-3 FROM FLAXSEED","Cereals ready-to-eat, KELLOGG RAISIN BRAN with Omega-3 from flaxseed",,"Kellogg, Co.",,349,7.3,2.5,82.69,31.29,9.6,0.0,0.93,3.0,2.0,0.0,0,9.39,0.8,0.7,39,0.0,8.5,96,0.0,235,0.0,2.79,0.0,0.547058824,1.25,0.022222222,0.0,0.0,0.586875,0.615384615,0.583333333,0.0325,0.0,0.228571429,0.335714286,0.0,0.253636364
8701,Breakfast Cereals,"CEREALS RTE,KELLOGG,KELLOGGS SPL K MULTI-GRAIN","Cereals ready-to-eat, KELLOGG, KELLOGGS SPECIAL K Multi-grain",,"Kellogg, Co.",,364,7.59,1.29,86.59,20.7,9.6,0.0,2.25,7.0,68.0,0.0,0,22.6,1.91,1.69,36,0.0,29.0,63,0.0,200,0.0,1.7,0.0,1.323529412,2.916666667,0.755555556,0.0,0.0,1.4125,1.469230769,1.408333333,0.03,0.0,0.15,0.285714286,0.0,0.154545455
8702,Breakfast Cereals,"CEREALS,KELLOGGS SPL K NOURISH,CINN RAISIN PECAN,DRY","Cereals, KELLOGGS SPECIAL K NOURISH, Cinnamon Raisin Pecan, dry",,"Kellogg, Co.",,370,14.1,10.39,61.9,23.79,9.2,0.0,0.76,2.0,23.0,2.6,0,7.69,0.64,0.57,385,0.0,10.39,115,0.0,431,0.0,1.89,0.0,0.447058824,0.833333333,0.255555556,0.173333333,0.0,0.480625,0.492307692,0.475,0.320833333,0.0,0.273809524,0.615714286,0.0,0.171818182
8703,Breakfast Cereals,"CEREALS,KELLOGGS SPL K NOURISH,CRANBERRY ALMOND,DRY","Cereals, KELLOGGS SPECIAL K NOURISH, Cranberry Almond, dry",,"Kellogg, Co.",,361,15.0,8.39,63.29,22.39,9.3,0.0,0.76,1.0,23.0,2.6,0,7.69,0.64,0.57,385,0.0,10.39,115,0.0,467,0.0,1.7,0.0,0.447058824,0.416666667,0.255555556,0.173333333,0.0,0.480625,0.492307692,0.475,0.320833333,0.0,0.273809524,0.667142857,0.0,0.154545455
8704,Breakfast Cereals,"CEREALS,KELLOGGS SPL K NOURISH,MAPLE BROWN SUGAR CRUNCH,DRY","Cereals, KELLOGGS SPECIAL K NOURISH, Maple Brown Sugar Crunch, dry",,"Kellogg, Co.",,371,15.39,9.89,62.09,22.0,9.3,0.0,0.76,1.0,23.0,2.6,0,7.69,0.64,0.57,385,0.0,10.39,115,0.0,457,0.0,1.79,0.0,0.447058824,0.416666667,0.255555556,0.173333333,0.0,0.480625,0.492307692,0.475,0.320833333,0.0,0.273809524,0.652857143,0.0,0.162727273
8705,Breakfast Cereals,"CEREALS RTE,KASHI GOLEAN VANILLA GRAHAM CLUSTERS","Cereals ready-to-eat, KASHI GOLEAN Vanilla Graham Clusters",,"Kellogg, Co.",,330,21.5,2.59,70.09,17.79,17.3,0.0,0.1,0.0,0.0,0.0,0,0.89,0.09,0.18,105,0.0,5.3,76,0.0,226,0.0,1.39,0.0,0.058823529,0.0,0.0,0.0,0.0,0.055625,0.069230769,0.15,0.0875,0.0,0.180952381,0.322857143,0.0,0.126363636
8706,Breakfast Cereals,"CEREALS RTE,KELLOGG SCOOBY-DOO! CRL","Cereals ready-to-eat, KELLOGG SCOOBY-DOO! cereal",,"Kellogg, Co.",,376,8.6,4.09,84.0,18.5,9.8,0.0,1.55,5.0,47.0,0.0,0,15.6,1.33,1.16,22,0.0,28.1,84,0.0,193,0.0,5.0,0.0,0.911764706,2.083333333,0.522222222,0.0,0.0,0.975,1.023076923,0.966666667,0.018333333,0.0,0.2,0.275714286,0.0,0.454545455
8707,Breakfast Cereals,"CEREALS RTE,KELLOGGS SPL K CHOC ALMOND","Cereals ready-to-eat, KELLOGGS SPECIAL K Chocolate Almond",,"Kellogg, Co.",,375,7.59,5.09,81.5,27.5,10.3,0.0,2.5,7.0,75.0,0.0,0,25.0,2.13,1.87,105,0.0,25.7,74,0.0,196,0.0,4.0,0.0,1.470588235,2.916666667,0.833333333,0.0,0.0,1.5625,1.638461538,1.558333333,0.0875,0.0,0.176190476,0.28,0.0,0.363636364
8708,Breakfast Cereals,KELLOGG MINI-WHEATS FRSTD BITE SIZE TOUCH OF FRUIT RAISIN,KELLOGG Mini-Wheats Frosted Bite Size Touch of Fruit Raisin,,"Kellogg, Co.",,343,9.1,1.6,82.1,17.2,10.8,0.0,0.91,3.0,0.0,0.0,0,9.1,0.76,0.68,32,0.0,29.5,86,0.0,364,0.0,2.7,0.0,0.535294118,1.25,0.0,0.0,0.0,0.56875,0.584615385,0.566666667,0.026666667,0.0,0.204761905,0.52,0.0,0.245454545
9001,Fruits and Fruit Juices,"ACEROLA,(WEST INDIAN CHERRY),RAW","Acerola, (west indian cherry), raw",,,Malpighia emarginata,32,0.4,0.3,7.69,0.0,1.1,38.0,0.009,0.0,1677.6,0.0,14,0.4,0.06,0.02,12,0.086,0.2,18,0.0,11,0.6,0.1,0.042222222,0.005294118,0.0,18.64,0.0,0.035,0.025,0.046153846,0.016666667,0.01,9.55556e-05,0.042857143,0.015714286,0.010909091,0.009090909
9002,Fruits and Fruit Juices,"ACEROLA JUICE,RAW","Acerola juice, raw",,,,23,0.4,0.3,4.8,4.5,0.3,25.0,0.004,0.0,1600.0,0.18,14,0.4,0.06,0.02,10,0.086,0.5,12,0.0,9,0.1,0.1,0.027777778,0.002352941,0.0,17.77777778,0.012,0.035,0.025,0.046153846,0.016666667,0.008333333,9.55556e-05,0.028571429,0.012857143,0.001818182,0.009090909
9003,Fruits and Fruit Juices,"APPLES,RAW,WITH SKIN","Apples, raw, with skin",Includes USDA commodity food A343,,Malus domestica,52,0.26,0.17,13.81,10.39,2.4,3.0,0.041,0.0,4.6,0.18,3,0.091,0.026,0.017,6,0.027,0.12,5,0.035,11,0.0,0.04,0.003333333,0.024117647,0.0,0.051111111,0.012,0.0075,0.0056875,0.02,0.014166667,0.005,3e-05,0.011904762,0.015714286,0.0,0.003636364
9004,Fruits and Fruit Juices,"APPLES,RAW,WITHOUT SKIN","Apples, raw, without skin",,,Malus domestica,48,0.27,0.13,12.76,10.1,1.3,2.0,0.037,0.0,4.0,0.05,0,0.091,0.028,0.019,5,0.031,0.07,4,0.038,11,0.0,0.05,0.002222222,0.021764706,0.0,0.044444444,0.003333333,0.0,0.0056875,0.021538462,0.015833333,0.004166667,3.44444e-05,0.00952381,0.015714286,0.0,0.004545455
9005,Fruits and Fruit Juices,"APPLES,RAW,WO/SKN,CKD,BLD","Apples, raw, without skin, cooked, boiled",,,,53,0.26,0.36,13.64,11.01,2.4,2.0,0.044,0.0,0.2,0.05,1,0.095,0.012,0.016,5,0.035,0.19,3,0.118,8,0.3,0.04,0.002222222,0.025882353,0.0,0.002222222,0.003333333,0.0025,0.0059375,0.009230769,0.013333333,0.004166667,3.88889e-05,0.007142857,0.011428571,0.005454545,0.003636364
9006,Fruits and Fruit Juices,"APPLES,RAW,WO/ SKN,CKD,MICROWAVE","Apples, raw, without skin, cooked, microwave",,,,56,0.28,0.42,14.41,11.61,2.8,2.0,0.046,0.0,0.3,0.05,1,0.061,0.011,0.017,5,0.046,0.17,3,0.142,8,0.3,0.04,0.002222222,0.027058824,0.0,0.003333333,0.003333333,0.0025,0.0038125,0.008461538,0.014166667,0.004166667,5.11111e-05,0.007142857,0.011428571,0.005454545,0.003636364
9007,Fruits and Fruit Juices,"APPLES,CND,SWTND,SLICED,DRND,UNHTD","Apples, canned, sweetened, sliced, drained, unheated",,,,67,0.18,0.49,16.7,15.0,1.7,3.0,0.044,0.0,0.4,0.21,0,0.073,0.01,0.009,4,0.053,0.23,2,0.153,5,0.3,0.03,0.003333333,0.025882353,0.0,0.004444444,0.014,0.0,0.0045625,0.007692308,0.0075,0.003333333,5.88889e-05,0.004761905,0.007142857,0.005454545,0.002727273
9008,Fruits and Fruit Juices,"APPLES,CND,SWTND,SLICED,DRND,HTD","Apples, canned, sweetened, sliced, drained, heated",,,,67,0.18,0.43,16.84,14.84,2.0,3.0,0.044,0.0,0.2,0.21,0,0.081,0.01,0.009,4,0.051,0.24,3,0.165,6,0.3,0.05,0.003333333,0.025882353,0.0,0.002222222,0.014,0.0,0.0050625,0.007692308,0.0075,0.003333333,5.66667e-05,0.007142857,0.008571429,0.005454545,0.004545455
9009,Fruits and Fruit Juices,"APPLES,DEHYD (LO MOIST),SULFURED,UNCKD","Apples, dehydrated (low moisture), sulfured, uncooked",,,,346,1.32,0.58,93.53,81.13,12.4,4.0,0.28,0.0,2.2,0.75,1,0.68,0.13,0.046,19,0.271,2.0,22,0.128,55,1.8,0.29,0.004444444,0.164705882,0.0,0.024444444,0.05,0.0025,0.0425,0.1,0.038333333,0.015833333,0.000301111,0.052380952,0.078571429,0.032727273,0.026363636
9010,Fruits and Fruit Juices,"APPLES,DEHYD (LO MOIST),SULFURED,STWD","Apples, dehydrated (low moisture), sulfured, stewed",,,,74,0.28,0.12,19.91,0.0,2.6,1.0,0.054,0.0,0.6,0.0,0,0.14,0.029,0.008,4,0.058,0.43,5,0.027,12,0.4,0.06,0.001111111,0.031764706,0.0,0.006666667,0.0,0.0,0.00875,0.022307692,0.006666667,0.003333333,6.44444e-05,0.011904762,0.017142857,0.007272727,0.005454545
9011,Fruits and Fruit Juices,"APPLES,DRIED,SULFURED,UNCKD","Apples, dried, sulfured, uncooked",,,,243,0.93,0.32,65.89,57.19,8.7,0.0,0.125,0.0,3.9,0.53,0,0.927,0.159,0.0,14,0.191,1.4,16,0.09,38,1.3,0.2,0.0,0.073529412,0.0,0.043333333,0.035333333,0.0,0.0579375,0.122307692,0.0,0.011666667,0.000212222,0.038095238,0.054285714,0.023636364,0.018181818
9012,Fruits and Fruit Juices,"APPLES,DRIED,SULFURED,STWD,WO/ SUGAR","Apples, dried, sulfured, stewed, without added sugar",,,,57,0.22,0.07,15.32,13.32,2.0,1.0,0.05,0.0,1.0,0.12,0,0.129,0.019,0.006,3,0.044,0.33,4,0.021,9,0.3,0.05,0.001111111,0.029411765,0.0,0.011111111,0.008,0.0,0.0080625,0.014615385,0.005,0.0025,4.88889e-05,0.00952381,0.012857143,0.005454545,0.004545455
9013,Fruits and Fruit Juices,"APPLES,DRIED,SULFURED,STWD,W/ SUGAR","Apples, dried, sulfured, stewed, with added sugar",,,,83,0.2,0.07,20.73,0.0,1.9,1.0,0.047,0.0,0.9,0.0,0,0.121,0.018,0.006,3,0.042,0.31,3,0.02,8,0.0,0.04,0.001111111,0.027647059,0.0,0.01,0.0,0.0,0.0075625,0.013846154,0.005,0.0025,4.66667e-05,0.007142857,0.011428571,0.0,0.003636364
9014,Fruits and Fruit Juices,"APPLES,FRZ,UNSWTND,UNHTD","Apples, frozen, unsweetened, unheated",,,,48,0.28,0.32,12.31,10.1,1.3,0.0,0.034,0.0,0.1,0.0,1,0.042,0.011,0.013,4,0.058,0.18,3,0.169,8,0.2,0.05,0.0,0.02,0.0,0.001111111,0.0,0.0025,0.002625,0.008461538,0.010833333,0.003333333,6.44444e-05,0.007142857,0.011428571,0.003636364,0.004545455
9015,Fruits and Fruit Juices,"APPLES,FRZ,UNSWTND,HTD","Apples, frozen, unsweetened, heated",,,,47,0.29,0.33,12.0,0.0,1.3,0.0,0.032,0.0,0.4,0.0,1,0.043,0.011,0.014,5,0.065,0.19,3,0.146,8,0.2,0.05,0.0,0.018823529,0.0,0.004444444,0.0,0.0025,0.0026875,0.008461538,0.011666667,0.004166667,7.22222e-05,0.007142857,0.011428571,0.003636364,0.004545455
9016,Fruits and Fruit Juices,"APPLE JUC,CND OR BTLD,UNSWTND,WO/ ADDED VIT C","Apple juice, canned or bottled, unsweetened, without added ascorbic acid",,,,46,0.1,0.13,11.3,9.62,0.2,0.0,0.018,0.0,0.9,0.01,0,0.073,0.017,0.021,8,0.012,0.12,5,0.074,7,0.1,0.02,0.0,0.010588235,0.0,0.01,0.000666667,0.0,0.0045625,0.013076923,0.0175,0.006666667,1.33333e-05,0.011904762,0.01,0.001818182,0.001818182
9017,Fruits and Fruit Juices,"APPLE JUC,FRZ CONC,UNSWTND,UNDIL,WO/ VIT C","Apple juice, frozen concentrate, unsweetened, undiluted, without added ascorbic acid",,,,166,0.51,0.37,41.0,38.83,0.4,0.0,0.116,0.0,2.1,0.04,1,0.135,0.054,0.011,20,0.05,0.91,17,0.225,25,0.4,0.13,0.0,0.068235294,0.0,0.023333333,0.002666667,0.0025,0.0084375,0.041538462,0.009166667,0.016666667,5.55556e-05,0.04047619,0.035714286,0.007272727,0.011818182
9018,Fruits and Fruit Juices,"APPLE JUC,FRZ CONC,UNSWTND,DIL W/3 VOLUME H2O WO/ VIT C","Apple juice, frozen concentrate, unsweetened, diluted with 3 volume water without added ascorbic acid",,,,47,0.14,0.1,11.54,10.93,0.1,0.0,0.033,0.0,0.6,0.01,0,0.038,0.015,0.003,6,0.014,0.26,5,0.063,7,0.1,0.04,0.0,0.019411765,0.0,0.006666667,0.000666667,0.0,0.002375,0.011538462,0.0025,0.005,1.55556e-05,0.011904762,0.01,0.001818182,0.003636364
9019,Fruits and Fruit Juices,"APPLESAUCE,CND,UNSWTND,WO/ADDED VIT C (INCLUDES USDA COMMOD)","Applesauce, canned, unsweetened, without added ascorbic acid (includes USDA commodity)","Includes USDA commodity codes A350, A351",,,42,0.17,0.1,11.27,9.39,1.1,1.0,0.027,0.0,1.0,0.16,3,0.084,0.03,0.026,4,0.027,0.23,3,0.025,5,0.3,0.03,0.001111111,0.015882353,0.0,0.011111111,0.010666667,0.0075,0.00525,0.023076923,0.021666667,0.003333333,3e-05,0.007142857,0.007142857,0.005454545,0.002727273
9020,Fruits and Fruit Juices,"APPLESAUCE,CND,SWTND,WO/ SALT (INCLUDES USDA COMMODITY)","Applesauce, canned, sweetened, without salt (includes USDA commodity)",Includes USDA commodity code A350,,,68,0.16,0.17,17.49,14.67,1.2,0.0,0.027,0.0,1.7,0.18,1,0.072,0.022,0.017,3,0.032,0.12,3,0.03,6,0.3,0.03,0.0,0.015882353,0.0,0.018888889,0.012,0.0025,0.0045,0.016923077,0.014166667,0.0025,3.55556e-05,0.007142857,0.008571429,0.005454545,0.002727273
9021,Fruits and Fruit Juices,"APRICOTS,RAW","Apricots, raw",Includes USDA commodity food A386,,Prunus armeniaca,48,1.4,0.39,11.12,9.24,2.0,96.0,0.054,0.0,10.0,0.89,9,0.6,0.04,0.03,13,0.078,0.39,10,0.077,23,0.1,0.2,0.106666667,0.031764706,0.0,0.111111111,0.059333333,0.0225,0.0375,0.030769231,0.025,0.010833333,8.66667e-05,0.023809524,0.032857143,0.001818182,0.018181818
9022,Fruits and Fruit Juices,"APRICOTS,CND,H2O PK,W/SKN,SOL&LIQUIDS","Apricots, canned, water pack, with skin, solids and liquids",,,,27,0.71,0.16,6.39,4.79,1.6,98.0,0.054,0.0,3.4,0.6,2,0.395,0.023,0.021,8,0.082,0.32,7,0.053,13,0.1,0.11,0.108888889,0.031764706,0.0,0.037777778,0.04,0.005,0.0246875,0.017692308,0.0175,0.006666667,9.11111e-05,0.016666667,0.018571429,0.001818182,0.01
9023,Fruits and Fruit Juices,"APRICOTS,CND,H2O PK,WO/SKN,SOL&LIQUIDS","Apricots, canned, water pack, without skin, solids and liquids",,,,22,0.69,0.03,5.48,0.0,1.1,91.0,0.054,0.0,1.8,0.0,2,0.437,0.024,0.02,8,0.068,0.54,9,0.053,16,0.0,0.11,0.101111111,0.031764706,0.0,0.02,0.0,0.005,0.0273125,0.018461538,0.016666667,0.006666667,7.55556e-05,0.021428571,0.022857143,0.0,0.01
9024,Fruits and Fruit Juices,"APRICOTS,CND,JUC PK,W/SKN,SOL&LIQUIDS","Apricots, canned, juice pack, with skin, solids and liquids",,,,48,0.63,0.04,12.34,10.74,1.6,85.0,0.054,0.0,4.9,0.6,2,0.344,0.019,0.018,12,0.054,0.3,10,0.052,20,0.1,0.11,0.094444444,0.031764706,0.0,0.054444444,0.04,0.005,0.0215,0.014615385,0.015,0.01,6e-05,0.023809524,0.028571429,0.001818182,0.01
9025,Fruits and Fruit Juices,"APRICOTS,CND,EX LT SYRUP PK,W/SKN,SOL&LIQUIDS","Apricots, canned, extra light syrup pack, with skin, solids and liquids",,,,49,0.6,0.1,12.5,0.0,1.6,64.0,0.054,0.0,4.0,0.0,2,0.6,0.02,0.02,10,0.04,0.3,6,0.052,12,0.0,0.08,0.071111111,0.031764706,0.0,0.044444444,0.0,0.005,0.0375,0.015384615,0.016666667,0.008333333,4.44444e-05,0.014285714,0.017142857,0.0,0.007272727
9026,Fruits and Fruit Juices,"APRICOTS,CND,LT SYRUP PK,W/SKN,SOL&LIQUIDS","Apricots, canned, light syrup pack, with skin, solids and liquids",,,,63,0.53,0.05,16.49,14.89,1.6,66.0,0.054,0.0,2.7,0.6,2,0.304,0.02,0.016,11,0.079,0.39,8,0.052,13,0.1,0.11,0.073333333,0.031764706,0.0,0.03,0.04,0.005,0.019,0.015384615,0.013333333,0.009166667,8.77778e-05,0.019047619,0.018571429,0.001818182,0.01
9027,Fruits and Fruit Juices,"APRICOTS,CND,HVY SYRUP PK,W/SKN,SOL&LIQUIDS","Apricots, canned, heavy syrup pack, with skin, solids and liquids",,,,83,0.53,0.08,21.47,19.87,1.6,62.0,0.054,0.0,3.1,0.6,2,0.376,0.022,0.02,9,0.078,0.3,7,0.051,12,0.1,0.11,0.068888889,0.031764706,0.0,0.034444444,0.04,0.005,0.0235,0.016923077,0.016666667,0.0075,8.66667e-05,0.016666667,0.017142857,0.001818182,0.01
9028,Fruits and Fruit Juices,"APRICOTS,CND,HVY SYRUP PK,WO/SKN,SOL&LIQUIDS","Apricots, canned, heavy syrup pack, without skin, solids and liquids",,,,83,0.51,0.09,21.45,0.0,1.6,62.0,0.054,0.0,2.8,0.0,2,0.416,0.023,0.019,9,0.065,0.43,8,0.051,13,0.0,0.1,0.068888889,0.031764706,0.0,0.031111111,0.0,0.005,0.026,0.017692308,0.015833333,0.0075,7.22222e-05,0.019047619,0.018571429,0.0,0.009090909
9029,Fruits and Fruit Juices,"APRICOTS,CND,EX HVY SYRUP PK,WO/SKN,SOL&LIQUIDS","Apricots, canned, extra heavy syrup pack, without skin, solids and liquids",,,,96,0.55,0.04,24.85,0.0,1.6,74.0,0.054,0.0,2.4,0.0,2,0.34,0.022,0.016,8,0.064,0.62,8,0.05,15,0.0,0.1,0.082222222,0.031764706,0.0,0.026666667,0.0,0.005,0.02125,0.016923077,0.013333333,0.006666667,7.11111e-05,0.019047619,0.021428571,0.0,0.009090909
9030,Fruits and Fruit Juices,"APRICOTS,DEHYD (LOW-MOISTURE),SULFURED,UNCKD","Apricots, dehydrated (low-moisture), sulfured, uncooked",,,,320,4.9,0.62,82.89,0.0,0.0,633.0,0.52,0.0,9.5,0.0,4,3.58,0.148,0.043,61,0.576,6.31,63,0.369,157,0.0,1.0,0.703333333,0.305882353,0.0,0.105555556,0.0,0.01,0.22375,0.113846154,0.035833333,0.050833333,0.00064,0.15,0.224285714,0.0,0.090909091
9031,Fruits and Fruit Juices,"APRICOTS,DEHYD (LOW-MOISTURE),SULFURED,STWD","Apricots, dehydrated (low-moisture), sulfured, stewed",,,,126,1.93,0.24,32.62,0.0,0.0,220.0,0.161,0.0,7.1,0.0,2,1.63,0.067,0.013,24,0.227,2.48,25,0.145,62,0.0,0.39,0.244444444,0.094705882,0.0,0.078888889,0.0,0.005,0.101875,0.051538462,0.010833333,0.02,0.000252222,0.05952381,0.088571429,0.0,0.035454545
9032,Fruits and Fruit Juices,"APRICOTS,DRIED,SULFURED,UNCKD","Apricots, dried, sulfured, uncooked",,,,241,3.39,0.51,62.64,53.44,7.3,180.0,0.143,0.0,1.0,4.33,10,2.589,0.074,0.015,55,0.343,2.66,32,0.235,71,2.2,0.39,0.2,0.084117647,0.0,0.011111111,0.288666667,0.025,0.1618125,0.056923077,0.0125,0.045833333,0.000381111,0.076190476,0.101428571,0.04,0.035454545
9033,Fruits and Fruit Juices,"APRICOTS,DRIED,SULFURED,STWD,WO/ SUGAR","Apricots, dried, sulfured, stewed, without added sugar",,,,85,1.2,0.18,22.15,19.57,2.6,64.0,0.051,0.0,0.3,1.53,3,0.915,0.026,0.005,19,0.121,0.94,11,0.083,25,0.8,0.14,0.071111111,0.03,0.0,0.003333333,0.102,0.0075,0.0571875,0.02,0.004166667,0.015833333,0.000134444,0.026190476,0.035714286,0.014545455,0.012727273
9034,Fruits and Fruit Juices,"APRICOTS,DRIED,SULFURED,STWD,W/ SUGAR","Apricots, dried, sulfured, stewed, with added sugar",,,,113,1.17,0.15,29.26,0.0,4.1,107.0,0.103,0.0,1.4,0.0,0,0.853,0.027,0.005,15,0.138,1.52,15,0.088,38,0.0,0.24,0.118888889,0.060588235,0.0,0.015555556,0.0,0.0,0.0533125,0.020769231,0.004166667,0.0125,0.000153333,0.035714286,0.054285714,0.0,0.021818182
9035,Fruits and Fruit Juices,"APRICOTS,FROZEN,SWEETENED","Apricots, frozen, sweetened",,,,98,0.7,0.1,25.1,0.0,2.2,84.0,0.06,0.0,9.0,0.0,2,0.8,0.04,0.02,10,0.064,0.9,9,0.05,19,0.4,0.1,0.093333333,0.035294118,0.0,0.1,0.0,0.005,0.05,0.030769231,0.016666667,0.008333333,7.11111e-05,0.021428571,0.027142857,0.007272727,0.009090909
9036,Fruits and Fruit Juices,"APRICOT NECTAR,CND,WO/ VIT C","Apricot nectar, canned, without added ascorbic acid",,,,56,0.37,0.09,14.39,13.79,0.6,66.0,0.022,0.0,0.6,0.31,1,0.26,0.014,0.009,7,0.073,0.38,5,0.032,9,0.0,0.09,0.073333333,0.012941176,0.0,0.006666667,0.020666667,0.0025,0.01625,0.010769231,0.0075,0.005833333,8.11111e-05,0.011904762,0.012857143,0.0,0.008181818
9037,Fruits and Fruit Juices,"AVOCADOS,RAW,ALL COMM VAR","Avocados, raw, all commercial varieties",,,Persea americana,160,2.0,14.66,8.53,0.66,6.7,7.0,0.257,0.0,10.0,2.07,81,1.738,0.13,0.067,12,0.19,0.55,29,0.142,52,0.4,0.64,0.007777778,0.151176471,0.0,0.111111111,0.138,0.2025,0.108625,0.1,0.055833333,0.01,0.000211111,0.069047619,0.074285714,0.007272727,0.058181818
9038,Fruits and Fruit Juices,"AVOCADOS,RAW,CALIFORNIA","Avocados, raw, California",,,Persea americana,167,1.96,15.41,8.64,0.3,6.8,7.0,0.287,0.0,8.8,1.97,89,1.912,0.143,0.075,13,0.17,0.61,29,0.149,54,0.4,0.68,0.007777778,0.168823529,0.0,0.097777778,0.131333333,0.2225,0.1195,0.11,0.0625,0.010833333,0.000188889,0.069047619,0.077142857,0.007272727,0.061818182
9039,Fruits and Fruit Juices,"AVOCADOS,RAW,FLORIDA","Avocados, raw, Florida",,,Persea americana,120,2.23,10.06,7.82,2.42,5.6,7.0,0.078,0.0,17.4,2.66,35,0.672,0.053,0.021,10,0.311,0.17,24,0.095,40,0.0,0.4,0.007777778,0.045882353,0.0,0.193333333,0.177333333,0.0875,0.042,0.040769231,0.0175,0.008333333,0.000345556,0.057142857,0.057142857,0.0,0.036363636
9040,Fruits and Fruit Juices,"BANANAS,RAW","Bananas, raw",,,Musa acuminata Colla,89,1.09,0.33,22.84,12.23,2.6,3.0,0.367,0.0,8.7,0.1,20,0.665,0.073,0.031,5,0.078,0.26,27,0.27,22,1.0,0.15,0.003333333,0.215882353,0.0,0.096666667,0.006666667,0.05,0.0415625,0.056153846,0.025833333,0.004166667,8.66667e-05,0.064285714,0.031428571,0.018181818,0.013636364
9041,Fruits and Fruit Juices,"BANANAS,DEHYD,OR BANANA PDR","Bananas, dehydrated, or banana powder",,,,346,3.89,1.81,88.28,47.3,9.9,12.0,0.44,0.0,7.0,0.39,14,2.8,0.24,0.18,22,0.391,1.15,108,0.574,74,3.9,0.61,0.013333333,0.258823529,0.0,0.077777778,0.026,0.035,0.175,0.184615385,0.15,0.018333333,0.000434444,0.257142857,0.105714286,0.070909091,0.055454545
9042,Fruits and Fruit Juices,"BLACKBERRIES,RAW","Blackberries, raw",,,Rubus spp.,43,1.39,0.49,9.61,4.88,5.3,11.0,0.03,0.0,21.0,1.17,25,0.646,0.026,0.02,29,0.165,0.62,20,0.646,22,0.4,0.53,0.012222222,0.017647059,0.0,0.233333333,0.078,0.0625,0.040375,0.02,0.016666667,0.024166667,0.000183333,0.047619048,0.031428571,0.007272727,0.048181818
9043,Fruits and Fruit Juices,"BLACKBERRY JUC,CND","Blackberry juice, canned",,,,38,0.3,0.6,7.8,7.7,0.1,6.0,0.021,0.0,11.3,0.9,10,0.446,0.018,0.012,12,0.114,0.48,21,0.0,12,0.3,0.41,0.006666667,0.012352941,0.0,0.125555556,0.06,0.025,0.027875,0.013846154,0.01,0.01,0.000126667,0.05,0.017142857,0.005454545,0.037272727
9044,Fruits and Fruit Juices,"CHERRIES,TART,DRIED,SWTND","Cherries, tart, dried, sweetened",,,,333,1.25,0.73,80.45,67.15,2.5,141.0,0.101,0.0,19.3,0.17,11,0.867,0.101,0.058,38,0.229,0.68,22,0.0,36,0.4,0.25,0.156666667,0.059411765,0.0,0.214444444,0.011333333,0.0275,0.0541875,0.077692308,0.048333333,0.031666667,0.000254444,0.052380952,0.051428571,0.007272727,0.022727273
9046,Fruits and Fruit Juices,"BLACKBERRIES,CND,HVY SYRUP,SOL&LIQUIDS","Blackberries, canned, heavy syrup, solids and liquids",,,,92,1.31,0.14,23.1,19.7,3.4,11.0,0.036,0.0,2.8,0.78,27,0.287,0.039,0.027,21,0.133,0.65,17,0.697,14,0.3,0.18,0.012222222,0.021176471,0.0,0.031111111,0.052,0.0675,0.0179375,0.03,0.0225,0.0175,0.000147778,0.04047619,0.02,0.005454545,0.016363636
9048,Fruits and Fruit Juices,"BLACKBERRIES,FRZ,UNSWTND","Blackberries, frozen, unsweetened",,,,64,1.18,0.43,15.67,10.67,5.0,6.0,0.061,0.0,3.1,1.17,34,1.207,0.046,0.029,29,0.12,0.8,22,1.223,30,0.4,0.25,0.006666667,0.035882353,0.0,0.034444444,0.078,0.085,0.0754375,0.035384615,0.024166667,0.024166667,0.000133333,0.052380952,0.042857143,0.007272727,0.022727273
9050,Fruits and Fruit Juices,"BLUEBERRIES,RAW","Blueberries, raw",,,Vaccinium spp.,57,0.74,0.33,14.49,9.96,2.4,3.0,0.052,0.0,9.7,0.57,6,0.418,0.041,0.037,6,0.057,0.28,6,0.336,12,0.1,0.16,0.003333333,0.030588235,0.0,0.107777778,0.038,0.015,0.026125,0.031538462,0.030833333,0.005,6.33333e-05,0.014285714,0.017142857,0.001818182,0.014545455
9052,Fruits and Fruit Juices,"BLUEBERRIES,CND,HVY SYRUP,SOL&LIQUIDS","Blueberries, canned, heavy syrup, solids and liquids",,,,88,0.65,0.33,22.06,20.46,1.6,2.0,0.036,0.0,1.1,0.38,2,0.113,0.053,0.034,5,0.053,0.33,4,0.203,10,0.1,0.07,0.002222222,0.021176471,0.0,0.012222222,0.025333333,0.005,0.0070625,0.040769231,0.028333333,0.004166667,5.88889e-05,0.00952381,0.014285714,0.001818182,0.006363636
9053,Fruits and Fruit Juices,"BLUEBERRIES,WILD,FRZ","Blueberries, wild, frozen",,,,57,0.0,0.16,13.85,0.0,4.4,3.0,0.02,0.0,1.7,0.26,0,0.61,0.007,0.03,17,0.0,0.58,7,2.87,13,0.0,0.67,0.003333333,0.011764706,0.0,0.018888889,0.017333333,0.0,0.038125,0.005384615,0.025,0.014166667,0.0,0.016666667,0.018571429,0.0,0.060909091
9054,Fruits and Fruit Juices,"BLUEBERRIES,FRZ,UNSWTND","Blueberries, frozen, unsweetened",,,,51,0.42,0.64,12.17,8.45,2.7,2.0,0.059,0.0,2.5,0.48,7,0.52,0.037,0.032,8,0.033,0.18,5,0.147,11,0.1,0.07,0.002222222,0.034705882,0.0,0.027777778,0.032,0.0175,0.0325,0.028461538,0.026666667,0.006666667,3.66667e-05,0.011904762,0.015714286,0.001818182,0.006363636
9055,Fruits and Fruit Juices,"BLUEBERRIES,FRZ,SWTND","Blueberries, frozen, sweetened",,,,85,0.4,0.13,21.95,19.72,2.2,2.0,0.059,0.0,1.0,0.52,7,0.253,0.052,0.02,6,0.039,0.39,2,0.262,7,0.2,0.06,0.002222222,0.034705882,0.0,0.011111111,0.034666667,0.0175,0.0158125,0.04,0.016666667,0.005,4.33333e-05,0.004761905,0.01,0.003636364,0.005454545
9056,Fruits and Fruit Juices,"BOYSENBERRIES,CND,HVY SYRUP","Boysenberries, canned, heavy syrup",,,Rubus ursinus var. loganobaccus,88,0.99,0.12,22.31,0.0,2.6,2.0,0.038,0.0,6.2,0.0,34,0.23,0.029,0.026,18,0.07,0.43,11,0.25,10,0.4,0.19,0.002222222,0.022352941,0.0,0.068888889,0.0,0.085,0.014375,0.022307692,0.021666667,0.015,7.77778e-05,0.026190476,0.014285714,0.007272727,0.017272727
9057,Fruits and Fruit Juices,"BOYSENBERRIES,FRZ,UNSWTND","Boysenberries, frozen, unsweetened",,,,50,1.1,0.26,12.19,6.89,5.3,3.0,0.056,0.0,3.1,0.87,63,0.767,0.037,0.053,27,0.08,0.85,16,0.547,27,0.2,0.22,0.003333333,0.032941176,0.0,0.034444444,0.058,0.1575,0.0479375,0.028461538,0.044166667,0.0225,8.88889e-05,0.038095238,0.038571429,0.003636364,0.02
9059,Fruits and Fruit Juices,"BREADFRUIT,RAW","Breadfruit, raw",,,Artocarpus altilis,103,1.07,0.23,27.12,11.0,4.9,0.0,0.1,0.0,29.0,0.1,14,0.9,0.03,0.11,17,0.084,0.54,25,0.06,30,0.6,0.12,0.0,0.058823529,0.0,0.322222222,0.006666667,0.035,0.05625,0.023076923,0.091666667,0.014166667,9.33333e-05,0.05952381,0.042857143,0.010909091,0.010909091
9060,Fruits and Fruit Juices,"CARAMBOLA,(STARFRUIT),RAW","Carambola, (starfruit), raw",,,Averrhoa carambola,31,1.04,0.33,6.73,3.98,2.8,3.0,0.017,0.0,34.4,0.15,12,0.367,0.016,0.014,3,0.137,0.08,10,0.037,12,0.6,0.12,0.003333333,0.01,0.0,0.382222222,0.01,0.03,0.0229375,0.012307692,0.011666667,0.0025,0.000152222,0.023809524,0.017142857,0.010909091,0.010909091
9061,Fruits and Fruit Juices,"CARISSA,(NATAL-PLUM),RAW","Carissa, (natal-plum), raw",,,Carissa macrocarpa,62,0.5,1.3,13.63,0.0,0.0,2.0,0.0,0.0,38.0,0.0,0,0.2,0.06,0.04,11,0.21,1.31,16,0.0,7,0.0,0.0,0.002222222,0.0,0.0,0.422222222,0.0,0.0,0.0125,0.046153846,0.033333333,0.009166667,0.000233333,0.038095238,0.01,0.0,0.0
9062,Fruits and Fruit Juices,"CHERIMOYA,RAW","Cherimoya, raw",,,Annona cherimola,75,1.57,0.68,17.71,12.87,3.0,0.0,0.257,0.0,12.6,0.27,23,0.644,0.131,0.101,10,0.069,0.27,17,0.093,26,0.0,0.16,0.0,0.151176471,0.0,0.14,0.018,0.0575,0.04025,0.100769231,0.084166667,0.008333333,7.66667e-05,0.04047619,0.037142857,0.0,0.014545455
9063,Fruits and Fruit Juices,"CHERRIES,SOUR,RED,RAW","Cherries, sour, red, raw",,,Prunus cerasus,50,1.0,0.3,12.18,8.49,1.6,64.0,0.044,0.0,10.0,0.07,8,0.4,0.04,0.03,16,0.104,0.32,9,0.112,15,0.0,0.1,0.071111111,0.025882353,0.0,0.111111111,0.004666667,0.02,0.025,0.030769231,0.025,0.013333333,0.000115556,0.021428571,0.021428571,0.0,0.009090909
9064,Fruits and Fruit Juices,"CHERRIES,SOUR,RED,CND,H2O PK,SOL&LIQUIDS (INCL USDA CMDTY)","Cherries, sour, red, canned, water pack, solids and liquids (includes USDA commodity red tart cherries, canned)",,,,36,0.77,0.1,8.94,7.6,1.1,38.0,0.044,0.0,2.1,0.23,8,0.177,0.041,0.017,11,0.07,1.37,6,0.076,10,0.0,0.07,0.042222222,0.025882353,0.0,0.023333333,0.015333333,0.02,0.0110625,0.031538462,0.014166667,0.009166667,7.77778e-05,0.014285714,0.014285714,0.0,0.006363636
9065,Fruits and Fruit Juices,"CHERRIES,SOUR,RED,CND,LT SYRUP PK,SOL&LIQUIDS","Cherries, sour, red, canned, light syrup pack, solids and liquids",,,,75,0.74,0.1,19.3,0.0,0.8,36.0,0.044,0.0,2.0,0.0,8,0.17,0.039,0.016,10,0.068,1.32,6,0.073,10,0.0,0.07,0.04,0.025882353,0.0,0.022222222,0.0,0.02,0.010625,0.03,0.013333333,0.008333333,7.55556e-05,0.014285714,0.014285714,0.0,0.006363636
9066,Fruits and Fruit Juices,"CHERRIES,SOUR,RED,CND,HVY SYRUP PK,SOL&LIQUIDS","Cherries, sour, red, canned, heavy syrup pack, solids and liquids",,,,91,0.73,0.1,23.27,22.17,1.1,36.0,0.044,0.0,2.0,0.23,8,0.168,0.039,0.016,10,0.066,1.3,6,0.072,10,0.0,0.06,0.04,0.025882353,0.0,0.022222222,0.015333333,0.02,0.0105,0.03,0.013333333,0.008333333,7.33333e-05,0.014285714,0.014285714,0.0,0.005454545
9067,Fruits and Fruit Juices,"CHERRIES,SOUR,RED,CND,EX HVY SYRUP PK,SOL&LIQUIDS","Cherries, sour, red, canned, extra heavy syrup pack, solids and liquids",,,,114,0.71,0.09,29.23,0.0,0.8,35.0,0.044,0.0,1.9,0.0,7,0.163,0.038,0.016,10,0.065,1.26,5,0.07,9,0.0,0.06,0.038888889,0.025882353,0.0,0.021111111,0.0,0.0175,0.0101875,0.029230769,0.013333333,0.008333333,7.22222e-05,0.011904762,0.012857143,0.0,0.005454545
9068,Fruits and Fruit Juices,"CHERRIES,SOUR,RED,FRZ,UNSWTND","Cherries, sour, red, frozen, unsweetened",,,,46,0.92,0.44,11.02,9.02,1.6,44.0,0.067,0.0,1.7,0.05,5,0.137,0.034,0.044,13,0.09,0.53,9,0.057,16,0.0,0.1,0.048888889,0.039411765,0.0,0.018888889,0.003333333,0.0125,0.0085625,0.026153846,0.036666667,0.010833333,0.0001,0.021428571,0.022857143,0.0,0.009090909
9070,Fruits and Fruit Juices,"CHERRIES,SWEET,RAW","Cherries, sweet, raw",,,Prunus avium,63,1.06,0.2,16.01,12.82,2.1,3.0,0.049,0.0,7.0,0.07,4,0.154,0.033,0.027,13,0.06,0.36,11,0.07,21,0.0,0.07,0.003333333,0.028823529,0.0,0.077777778,0.004666667,0.01,0.009625,0.025384615,0.0225,0.010833333,6.66667e-05,0.026190476,0.03,0.0,0.006363636
9071,Fruits and Fruit Juices,"CHERRIES,SWT,CND,H2O PK,SOL&LIQUIDS","Cherries, sweet, canned, water pack, solids and liquids",,,,46,0.77,0.13,11.76,10.26,1.5,8.0,0.03,0.0,2.2,0.23,4,0.41,0.041,0.022,11,0.075,0.36,9,0.062,15,0.0,0.08,0.008888889,0.017647059,0.0,0.024444444,0.015333333,0.01,0.025625,0.031538462,0.018333333,0.009166667,8.33333e-05,0.021428571,0.021428571,0.0,0.007272727
9072,Fruits and Fruit Juices,"CHERRIES,SWT,CND,JUC PK,SOL&LIQUIDS","Cherries, sweet, canned, juice pack, solids and liquids",,,,54,0.91,0.02,13.81,12.31,1.5,6.0,0.03,0.0,2.5,0.23,4,0.406,0.024,0.018,14,0.073,0.58,12,0.061,22,0.0,0.1,0.006666667,0.017647059,0.0,0.027777778,0.015333333,0.01,0.025375,0.018461538,0.015,0.011666667,8.11111e-05,0.028571429,0.031428571,0.0,0.009090909
9073,Fruits and Fruit Juices,"CHERRIES,SWT,CND,LT SYRUP PK,SOL&LIQUIDS","Cherries, sweet, canned, light syrup pack, solids and liquids",,,,67,0.61,0.15,17.29,15.79,1.5,8.0,0.03,0.0,3.7,0.23,4,0.403,0.041,0.021,9,0.145,0.36,9,0.06,18,0.0,0.1,0.008888889,0.017647059,0.0,0.041111111,0.015333333,0.01,0.0251875,0.031538462,0.0175,0.0075,0.000161111,0.021428571,0.025714286,0.0,0.009090909
9074,Fruits and Fruit Juices,"CHERRIES,SWT,CND,PITTED,HVY SYRUP PK,SOL & LIQUIDS","Cherries, sweet, canned, pitted, heavy syrup pack, solids and liquids",,,,83,0.6,0.15,21.27,16.18,1.4,8.0,0.022,0.0,3.6,0.17,4,0.396,0.04,0.021,9,0.142,0.35,9,0.048,18,0.0,0.1,0.008888889,0.012941176,0.0,0.04,0.011333333,0.01,0.02475,0.030769231,0.0175,0.0075,0.000157778,0.021428571,0.025714286,0.0,0.009090909
9075,Fruits and Fruit Juices,"CHERRIES,SWT,CND,EX HVY SYRUP PK,SOL&LIQUIDS","Cherries, sweet, canned, extra heavy syrup pack, solids and liquids",,,,102,0.59,0.15,26.23,0.0,1.5,8.0,0.03,0.0,3.6,0.0,4,0.388,0.039,0.021,9,0.139,0.35,8,0.058,17,0.0,0.1,0.008888889,0.017647059,0.0,0.04,0.0,0.01,0.02425,0.03,0.0175,0.0075,0.000154444,0.019047619,0.024285714,0.0,0.009090909
9076,Fruits and Fruit Juices,"CHERRIES,SWT,FRZ,SWTND","Cherries, sweet, frozen, sweetened",,,,89,1.15,0.13,22.36,20.26,2.1,9.0,0.036,0.0,1.0,0.07,4,0.177,0.047,0.027,12,0.024,0.35,10,0.109,16,0.0,0.04,0.01,0.021176471,0.0,0.011111111,0.004666667,0.01,0.0110625,0.036153846,0.0225,0.01,2.66667e-05,0.023809524,0.022857143,0.0,0.003636364
9077,Fruits and Fruit Juices,"CRABAPPLES,RAW","Crabapples, raw",,,Malus spp.,76,0.4,0.3,19.95,0.0,0.0,2.0,0.0,0.0,8.0,0.0,0,0.1,0.02,0.03,18,0.067,0.36,7,0.115,15,0.0,0.0,0.002222222,0.0,0.0,0.088888889,0.0,0.0,0.00625,0.015384615,0.025,0.015,7.44444e-05,0.016666667,0.021428571,0.0,0.0
9078,Fruits and Fruit Juices,"CRANBERRIES,RAW","Cranberries, raw",,,Vaccinium macrocarpon,46,0.39,0.13,12.2,4.04,4.6,3.0,0.057,0.0,13.3,1.2,1,0.101,0.02,0.012,8,0.061,0.25,6,0.36,13,0.1,0.1,0.003333333,0.033529412,0.0,0.147777778,0.08,0.0025,0.0063125,0.015384615,0.01,0.006666667,6.77778e-05,0.014285714,0.018571429,0.001818182,0.009090909
9079,Fruits and Fruit Juices,"CRANBERRIES,DRIED,SWTND","Cranberries, dried, sweetened",,,,308,0.07,1.37,82.36,65.0,5.7,0.0,0.038,0.0,0.2,1.07,0,0.99,0.016,0.007,10,0.08,0.53,5,0.265,8,0.5,0.11,0.0,0.022352941,0.0,0.002222222,0.071333333,0.0,0.061875,0.012307692,0.005833333,0.008333333,8.88889e-05,0.011904762,0.011428571,0.009090909,0.01
9081,Fruits and Fruit Juices,"CRANBERRY SAU,CND,SWTND","Cranberry sauce, canned, sweetened",,,,151,0.2,0.15,38.9,37.9,1.0,2.0,0.014,0.0,2.0,0.83,1,0.1,0.021,0.015,4,0.02,0.22,3,0.06,6,0.3,0.05,0.002222222,0.008235294,0.0,0.022222222,0.055333333,0.0025,0.00625,0.016153846,0.0125,0.003333333,2.22222e-05,0.007142857,0.008571429,0.005454545,0.004545455
9082,Fruits and Fruit Juices,"CRANBERRY-ORANGE RELISH,CND","Cranberry-orange relish, canned",,,,178,0.3,0.1,46.2,0.0,0.0,4.0,0.0,0.0,18.0,0.0,0,0.1,0.02,0.03,11,0.04,0.2,4,0.0,8,0.0,0.0,0.004444444,0.0,0.0,0.2,0.0,0.0,0.00625,0.015384615,0.025,0.009166667,4.44444e-05,0.00952381,0.011428571,0.0,0.0
9083,Fruits and Fruit Juices,"CURRANTS,EUROPEAN BLACK,RAW","Currants, european black, raw",,,Ribes nigrum,63,1.4,0.41,15.38,0.0,0.0,12.0,0.066,0.0,181.0,1.0,0,0.3,0.05,0.05,55,0.086,1.54,24,0.256,59,0.0,0.27,0.013333333,0.038823529,0.0,2.011111111,0.066666667,0.0,0.01875,0.038461538,0.041666667,0.045833333,9.55556e-05,0.057142857,0.084285714,0.0,0.024545455
9084,Fruits and Fruit Juices,"CURRANTS,RED&WHITE,RAW","Currants, red and white, raw",,,Ribes rubrum,56,1.4,0.2,13.8,7.37,4.3,2.0,0.07,0.0,41.0,0.1,8,0.1,0.05,0.04,33,0.107,1.0,13,0.186,44,0.6,0.23,0.002222222,0.041176471,0.0,0.455555556,0.006666667,0.02,0.00625,0.038461538,0.033333333,0.0275,0.000118889,0.030952381,0.062857143,0.010909091,0.020909091
9085,Fruits and Fruit Juices,"CURRANTS,ZANTE,DRIED","Currants, zante, dried",,,Vitis vinifera,283,4.08,0.27,74.08,67.28,6.8,4.0,0.296,0.0,4.7,0.11,10,1.615,0.142,0.16,86,0.468,3.26,41,0.469,125,0.7,0.66,0.004444444,0.174117647,0.0,0.052222222,0.007333333,0.025,0.1009375,0.109230769,0.133333333,0.071666667,0.00052,0.097619048,0.178571429,0.012727273,0.06
9086,Fruits and Fruit Juices,"CUSTARD-APPLE,(BULLOCKS-HEART),RAW","Custard-apple, (bullocks-heart), raw",,,Annona reticulata,101,1.7,0.6,25.2,0.0,2.4,2.0,0.221,0.0,19.2,0.0,0,0.5,0.1,0.08,30,0.0,0.71,18,0.0,21,0.0,0.0,0.002222222,0.13,0.0,0.213333333,0.0,0.0,0.03125,0.076923077,0.066666667,0.025,0.0,0.042857143,0.03,0.0,0.0
9087,Fruits and Fruit Juices,"DATES,DEGLET NOOR","Dates, deglet noor",,,Phoenix dactylifera,282,2.45,0.39,75.03,63.35,8.0,0.0,0.165,0.0,0.4,0.05,19,1.274,0.066,0.052,39,0.206,1.02,43,0.262,62,3.0,0.29,0.0,0.097058824,0.0,0.004444444,0.003333333,0.0475,0.079625,0.050769231,0.043333333,0.0325,0.000228889,0.102380952,0.088571429,0.054545455,0.026363636
9088,Fruits and Fruit Juices,"ELDERBERRIES,RAW","Elderberries, raw",,,Sambucus spp.,73,0.66,0.5,18.4,0.0,7.0,30.0,0.23,0.0,36.0,0.0,6,0.5,0.06,0.07,38,0.061,1.6,5,0.0,39,0.6,0.11,0.033333333,0.135294118,0.0,0.4,0.0,0.015,0.03125,0.046153846,0.058333333,0.031666667,6.77778e-05,0.011904762,0.055714286,0.010909091,0.01
9089,Fruits and Fruit Juices,"FIGS,RAW","Figs, raw",,,Ficus carica,74,0.75,0.3,19.18,16.26,2.9,7.0,0.113,0.0,2.0,0.11,6,0.4,0.05,0.06,35,0.07,0.37,17,0.128,14,0.2,0.15,0.007777778,0.066470588,0.0,0.022222222,0.007333333,0.015,0.025,0.038461538,0.05,0.029166667,7.77778e-05,0.04047619,0.02,0.003636364,0.013636364
9090,Fruits and Fruit Juices,"FIGS,CND,H2O PK,SOL&LIQUIDS","Figs, canned, water pack, solids and liquids",,,,53,0.4,0.1,13.99,11.79,2.2,2.0,0.07,0.0,1.0,0.08,2,0.445,0.038,0.023,28,0.11,0.29,10,0.088,10,0.1,0.12,0.002222222,0.041176471,0.0,0.011111111,0.005333333,0.005,0.0278125,0.029230769,0.019166667,0.023333333,0.000122222,0.023809524,0.014285714,0.001818182,0.010909091
9091,Fruits and Fruit Juices,"FIGS,CND,LT SYRUP PK,SOL&LIQUIDS","Figs, canned, light syrup pack, solids and liquids",,,,69,0.39,0.1,17.95,16.15,1.8,2.0,0.07,0.0,1.0,0.1,2,0.437,0.038,0.022,27,0.108,0.29,10,0.086,10,0.2,0.11,0.002222222,0.041176471,0.0,0.011111111,0.006666667,0.005,0.0273125,0.029230769,0.018333333,0.0225,0.00012,0.023809524,0.014285714,0.003636364,0.01
9092,Fruits and Fruit Juices,"FIGS,CND,HVY SYRUP PK,SOL&LIQUIDS","Figs, canned, heavy syrup pack, solids and liquids",,,,88,0.38,0.1,22.9,20.7,2.2,2.0,0.07,0.0,1.0,0.12,2,0.428,0.037,0.022,27,0.106,0.28,10,0.084,10,0.2,0.11,0.002222222,0.041176471,0.0,0.011111111,0.008,0.005,0.02675,0.028461538,0.018333333,0.0225,0.000117778,0.023809524,0.014285714,0.003636364,0.01
9093,Fruits and Fruit Juices,"FIGS,CND,EX HVY SYRUP PK,SOL&LIQUIDS","Figs, canned, extra heavy syrup pack, solids and liquids",,,,107,0.38,0.1,27.86,0.0,0.0,2.0,0.0,0.0,1.0,0.0,0,0.419,0.036,0.022,26,0.103,0.28,10,0.083,10,0.0,0.11,0.002222222,0.0,0.0,0.011111111,0.0,0.0,0.0261875,0.027692308,0.018333333,0.021666667,0.000114444,0.023809524,0.014285714,0.0,0.01
9094,Fruits and Fruit Juices,"FIGS,DRIED,UNCOOKED","Figs, dried, uncooked",,,,249,3.3,0.93,63.87,47.92,9.8,0.0,0.106,0.0,1.2,0.35,9,0.619,0.082,0.085,162,0.287,2.03,68,0.51,67,0.6,0.55,0.0,0.062352941,0.0,0.013333333,0.023333333,0.0225,0.0386875,0.063076923,0.070833333,0.135,0.000318889,0.161904762,0.095714286,0.010909091,0.05
9095,Fruits and Fruit Juices,"FIGS,DRIED,STEWED","Figs, dried, stewed",,,,107,1.42,0.4,27.57,23.35,4.2,0.0,0.133,0.0,4.4,0.15,1,0.64,0.11,0.011,70,0.124,0.88,29,0.22,29,0.2,0.24,0.0,0.078235294,0.0,0.048888889,0.01,0.0025,0.04,0.084615385,0.009166667,0.058333333,0.000137778,0.069047619,0.041428571,0.003636364,0.021818182
9096,Fruits and Fruit Juices,"FRUIT COCKTAIL,CND,H2O PK,SOL&LIQUIDS","Fruit cocktail, (peach and pineapple and pear and grape and cherry), canned, water pack, solids and liquids",,,,32,0.42,0.05,8.51,7.51,1.0,13.0,0.052,0.0,2.1,0.4,3,0.363,0.011,0.016,5,0.071,0.25,7,0.15,11,0.5,0.09,0.014444444,0.030588235,0.0,0.023333333,0.026666667,0.0075,0.0226875,0.008461538,0.013333333,0.004166667,7.88889e-05,0.016666667,0.015714286,0.009090909,0.008181818
9097,Fruits and Fruit Juices,"FRUIT COCKTAIL,CND,JUC PK,SOL&LIQUIDS","Fruit cocktail, (peach and pineapple and pear and grape and cherry), canned, juice pack, solids and liquids",,,,46,0.46,0.01,11.86,10.86,1.0,15.0,0.051,0.0,2.7,0.4,3,0.403,0.016,0.012,8,0.062,0.21,7,0.146,14,0.5,0.09,0.016666667,0.03,0.0,0.03,0.026666667,0.0075,0.0251875,0.012307692,0.01,0.006666667,6.88889e-05,0.016666667,0.02,0.009090909,0.008181818
9098,Fruits and Fruit Juices,"FRUIT COCKTAIL,CND,EX LT SYRUP,SOL&LIQUIDS","Fruit cocktail, (peach and pineapple and pear and grape and cherry), canned, extra light syrup, solids and liquids",,,,45,0.4,0.07,11.63,0.0,1.1,12.0,0.051,0.0,3.0,0.0,3,0.5,0.01,0.03,8,0.1,0.3,6,0.147,12,0.0,0.08,0.013333333,0.03,0.0,0.033333333,0.0,0.0075,0.03125,0.007692308,0.025,0.006666667,0.000111111,0.014285714,0.017142857,0.0,0.007272727
9099,Fruits and Fruit Juices,"FRUIT COCKTAIL,CND,LT SYRUP,SOL&LIQUIDS","Fruit cocktail, (peach and pineapple and pear and grape and cherry), canned, light syrup, solids and liquids",,,,57,0.4,0.07,14.93,13.93,1.0,10.0,0.051,0.0,1.9,0.5,3,0.38,0.019,0.018,6,0.07,0.29,5,0.147,11,0.5,0.09,0.011111111,0.03,0.0,0.021111111,0.033333333,0.0075,0.02375,0.014615385,0.015,0.005,7.77778e-05,0.011904762,0.015714286,0.009090909,0.008181818
9100,Fruits and Fruit Juices,"FRUIT COCKTAIL,CND,HVY SYRUP,SOL&LIQUIDS","Fruit cocktail, (peach and pineapple and pear and grape and cherry), canned, heavy syrup, solids and liquids",,,,73,0.39,0.07,18.91,17.91,1.0,10.0,0.05,0.0,1.9,0.4,3,0.374,0.019,0.018,6,0.069,0.29,5,0.144,11,0.5,0.08,0.011111111,0.029411765,0.0,0.021111111,0.026666667,0.0075,0.023375,0.014615385,0.015,0.005,7.66667e-05,0.011904762,0.015714286,0.009090909,0.007272727
9101,Fruits and Fruit Juices,"FRUIT COCKTAIL,CND,EX HVY SYRUP,SOL&LIQUIDS","Fruit cocktail, (peach and pineapple and pear and grape and cherry), canned, extra heavy syrup, solids and liquids",,,,88,0.39,0.07,22.89,0.0,1.1,10.0,0.049,0.0,1.9,0.0,3,0.368,0.019,0.018,6,0.067,0.28,5,0.142,11,0.0,0.08,0.011111111,0.028823529,0.0,0.021111111,0.0,0.0075,0.023,0.014615385,0.015,0.005,7.44444e-05,0.011904762,0.015714286,0.0,0.007272727
9102,Fruits and Fruit Juices,"FRUIT SALAD,CND,H2O PK,SOL&LIQUIDS","Fruit salad, (peach and pear and apricot and pineapple and cherry), canned, water pack, solids and liquids",,,,30,0.35,0.07,7.87,0.0,1.0,22.0,0.032,0.0,1.9,0.0,3,0.374,0.021,0.015,7,0.067,0.3,5,0.151,9,0.0,0.08,0.024444444,0.018823529,0.0,0.021111111,0.0,0.0075,0.023375,0.016153846,0.0125,0.005833333,7.44444e-05,0.011904762,0.012857143,0.0,0.007272727
9103,Fruits and Fruit Juices,"FRUIT SALAD,CND,JUC PK,SOL&LIQUIDS","Fruit salad, (peach and pear and apricot and pineapple and cherry), canned, juice pack, solids and liquids",,,,50,0.51,0.03,13.05,0.0,1.0,30.0,0.027,0.0,3.3,0.0,3,0.356,0.014,0.011,11,0.05,0.25,8,0.151,14,0.0,0.14,0.033333333,0.015882353,0.0,0.036666667,0.0,0.0075,0.02225,0.010769231,0.009166667,0.009166667,5.55556e-05,0.019047619,0.02,0.0,0.012727273
9104,Fruits and Fruit Juices,"FRUIT SALAD,CND,LT SYRUP,SOL&LIQUIDS","Fruit salad, (peach and pear and apricot and pineapple and cherry), canned, light syrup, solids and liquids",,,,58,0.34,0.07,15.14,0.0,1.0,21.0,0.032,0.0,2.5,0.0,3,0.365,0.02,0.014,7,0.065,0.29,5,0.148,9,0.0,0.07,0.023333333,0.018823529,0.0,0.027777778,0.0,0.0075,0.0228125,0.015384615,0.011666667,0.005833333,7.22222e-05,0.011904762,0.012857143,0.0,0.006363636
9105,Fruits and Fruit Juices,"FRUIT SALAD,CND,HVY SYRUP,SOL&LIQUIDS","Fruit salad, (peach and pear and apricot and pineapple and cherry), canned, heavy syrup, solids and liquids",,,,73,0.34,0.07,19.11,18.11,1.0,25.0,0.032,0.0,2.4,0.4,3,0.347,0.021,0.015,6,0.064,0.28,5,0.145,9,0.5,0.07,0.027777778,0.018823529,0.0,0.026666667,0.026666667,0.0075,0.0216875,0.016153846,0.0125,0.005,7.11111e-05,0.011904762,0.012857143,0.009090909,0.006363636
9106,Fruits and Fruit Juices,"FRUIT SALAD,CND,EX HVY SYRUP,SOL&LIQUIDS","Fruit salad, (peach and pear and apricot and pineapple and cherry), canned, extra heavy syrup, solids and liquids",,,,88,0.33,0.06,22.77,0.0,1.0,32.0,0.032,0.0,2.1,0.0,3,0.353,0.02,0.014,6,0.063,0.28,5,0.143,9,0.0,0.07,0.035555556,0.018823529,0.0,0.023333333,0.0,0.0075,0.0220625,0.015384615,0.011666667,0.005,7e-05,0.011904762,0.012857143,0.0,0.006363636
9107,Fruits and Fruit Juices,"GOOSEBERRIES,RAW","Gooseberries, raw",,,Ribes spp.,44,0.88,0.58,10.18,0.0,4.3,15.0,0.08,0.0,27.7,0.37,6,0.3,0.03,0.04,25,0.07,0.31,10,0.144,27,0.6,0.12,0.016666667,0.047058824,0.0,0.307777778,0.024666667,0.015,0.01875,0.023076923,0.033333333,0.020833333,7.77778e-05,0.023809524,0.038571429,0.010909091,0.010909091
9109,Fruits and Fruit Juices,"GOOSEBERRIES,CND,LT SYRUP PK,SOL&LIQUIDS","Gooseberries, canned, light syrup pack, solids and liquids",,,,73,0.65,0.2,18.75,0.0,2.4,7.0,0.012,0.0,10.0,0.0,3,0.153,0.053,0.02,16,0.217,0.33,6,0.177,7,0.4,0.11,0.007777778,0.007058824,0.0,0.111111111,0.0,0.0075,0.0095625,0.040769231,0.016666667,0.013333333,0.000241111,0.014285714,0.01,0.007272727,0.01
9111,Fruits and Fruit Juices,"GRAPEFRUIT,RAW,PINK&RED&WHITE,ALL AREAS","Grapefruit, raw, pink and red and white, all areas",,,Citrus paradisi,32,0.63,0.1,8.08,6.98,1.1,46.0,0.042,0.0,34.4,0.13,10,0.25,0.02,0.036,12,0.047,0.09,8,0.012,8,0.3,0.07,0.051111111,0.024705882,0.0,0.382222222,0.008666667,0.025,0.015625,0.015384615,0.03,0.01,5.22222e-05,0.019047619,0.011428571,0.005454545,0.006363636
9112,Fruits and Fruit Juices,"GRAPEFRUIT,RAW,PINK&RED,ALL AREAS","Grapefruit, raw, pink and red, all areas",,,Citrus paradisi,42,0.77,0.14,10.66,6.89,1.6,58.0,0.053,0.0,31.2,0.13,13,0.204,0.031,0.043,22,0.032,0.08,9,0.022,18,0.1,0.07,0.064444444,0.031176471,0.0,0.346666667,0.008666667,0.0325,0.01275,0.023846154,0.035833333,0.018333333,3.55556e-05,0.021428571,0.025714286,0.001818182,0.006363636
9113,Fruits and Fruit Juices,"GRAPEFRUIT,RAW,PINK&RED,CALIFORNIA&ARIZONA","Grapefruit, raw, pink and red, California and Arizona",,,Citrus paradisi,37,0.5,0.1,9.69,0.0,0.0,13.0,0.042,0.0,38.1,0.0,12,0.191,0.02,0.034,11,0.032,0.08,9,0.02,12,0.0,0.07,0.014444444,0.024705882,0.0,0.423333333,0.0,0.03,0.0119375,0.015384615,0.028333333,0.009166667,3.55556e-05,0.021428571,0.017142857,0.0,0.006363636
9114,Fruits and Fruit Juices,"GRAPEFRUIT,RAW,PINK & RED,FLORIDA","Grapefruit, raw, pink and red, Florida",,,Citrus paradisi,30,0.55,0.1,7.5,0.0,1.1,13.0,0.042,0.0,37.0,0.0,9,0.2,0.02,0.04,15,0.044,0.12,8,0.01,9,1.4,0.07,0.014444444,0.024705882,0.0,0.411111111,0.0,0.0225,0.0125,0.015384615,0.033333333,0.0125,4.88889e-05,0.019047619,0.012857143,0.025454545,0.006363636
9116,Fruits and Fruit Juices,"GRAPEFRUIT,RAW,WHITE,ALL AREAS","Grapefruit, raw, white, all areas",,,Citrus paradisi,33,0.69,0.1,8.41,7.31,1.1,2.0,0.043,0.0,33.3,0.13,10,0.269,0.02,0.037,12,0.05,0.06,9,0.013,8,1.4,0.07,0.002222222,0.025294118,0.0,0.37,0.008666667,0.025,0.0168125,0.015384615,0.030833333,0.01,5.55556e-05,0.021428571,0.011428571,0.025454545,0.006363636
9117,Fruits and Fruit Juices,"GRAPEFRUIT,RAW,WHITE,CALIFORNIA","Grapefruit, raw, white, California",,,Citrus paradisi,37,0.88,0.1,9.09,0.0,0.0,0.0,0.043,0.0,33.3,0.0,12,0.269,0.02,0.037,12,0.032,0.08,9,0.02,12,0.0,0.07,0.0,0.025294118,0.0,0.37,0.0,0.03,0.0168125,0.015384615,0.030833333,0.01,3.55556e-05,0.021428571,0.017142857,0.0,0.006363636
9118,Fruits and Fruit Juices,"GRAPEFRUIT,RAW,WHITE,FLORIDA","Grapefruit, raw, white, Florida",,,Citrus paradisi,32,0.63,0.1,8.19,0.0,0.0,0.0,0.043,0.0,37.0,0.0,9,0.2,0.02,0.04,15,0.056,0.05,9,0.011,7,0.0,0.07,0.0,0.025294118,0.0,0.411111111,0.0,0.0225,0.0125,0.015384615,0.033333333,0.0125,6.22222e-05,0.021428571,0.01,0.0,0.006363636
9119,Fruits and Fruit Juices,"GRAPEFRUIT,SECTIONS,CND,H2O PK,SOL&LIQUIDS","Grapefruit, sections, canned, water pack, solids and liquids",,,,36,0.58,0.1,9.15,8.75,0.4,0.0,0.02,0.0,21.8,0.09,9,0.249,0.021,0.039,15,0.067,0.41,10,0.007,10,0.9,0.09,0.0,0.011764706,0.0,0.242222222,0.006,0.0225,0.0155625,0.016153846,0.0325,0.0125,7.44444e-05,0.023809524,0.014285714,0.016363636,0.008181818
9120,Fruits and Fruit Juices,"GRAPEFRUIT,SECTIONS,CND,JUC PK,SOL&LIQUIDS","Grapefruit, sections, canned, juice pack, solids and liquids",,,,37,0.7,0.09,9.21,8.8,0.4,0.0,0.02,0.0,33.9,0.09,9,0.249,0.018,0.029,15,0.037,0.21,11,0.007,12,0.9,0.08,0.0,0.011764706,0.0,0.376666667,0.006,0.0225,0.0155625,0.013846154,0.024166667,0.0125,4.11111e-05,0.026190476,0.017142857,0.016363636,0.007272727
9121,Fruits and Fruit Juices,"GRAPEFRUIT,SECTIONS,CND,LT SYRUP PK,SOL&LIQUIDS","Grapefruit, sections, canned, light syrup pack, solids and liquids",,,,60,0.56,0.1,15.44,15.04,0.4,0.0,0.02,0.0,21.3,0.09,9,0.243,0.02,0.038,14,0.066,0.4,10,0.007,10,0.9,0.08,0.0,0.011764706,0.0,0.236666667,0.006,0.0225,0.0151875,0.015384615,0.031666667,0.011666667,7.33333e-05,0.023809524,0.014285714,0.016363636,0.007272727
9123,Fruits and Fruit Juices,"GRAPEFRUIT JUC,WHITE,CND,UNSWTND","Grapefruit juice, white, canned, unsweetened",,,,38,0.52,0.1,8.96,8.86,0.1,0.0,0.02,0.0,29.2,0.04,10,0.231,0.02,0.042,7,0.038,0.2,10,0.02,11,0.1,0.09,0.0,0.011764706,0.0,0.324444444,0.002666667,0.025,0.0144375,0.015384615,0.035,0.005833333,4.22222e-05,0.023809524,0.015714286,0.001818182,0.008181818
9124,Fruits and Fruit Juices,"GRAPEFRUIT JUC,WHITE,CND,SWTND","Grapefruit juice, white, canned, sweetened",,,,46,0.58,0.09,11.13,11.03,0.1,0.0,0.02,0.0,26.9,0.04,10,0.319,0.023,0.04,8,0.048,0.36,10,0.02,11,0.1,0.06,0.0,0.011764706,0.0,0.298888889,0.002666667,0.025,0.0199375,0.017692308,0.033333333,0.006666667,5.33333e-05,0.023809524,0.015714286,0.001818182,0.005454545
9125,Fruits and Fruit Juices,"GRAPEFRUIT JUC,WHITE,FRZ CONC,UNSWTND,UNDIL","Grapefruit juice, white, frozen concentrate, unsweetened, undiluted",,,,146,1.97,0.48,34.56,34.16,0.4,2.0,0.154,0.0,119.8,0.14,13,0.772,0.078,0.145,27,0.118,0.49,38,0.07,49,0.3,0.18,0.002222222,0.090588235,0.0,1.331111111,0.009333333,0.0325,0.04825,0.06,0.120833333,0.0225,0.000131111,0.09047619,0.07,0.005454545,0.016363636
9126,Fruits and Fruit Juices,"GRAPEFRUIT JUC,WHITE,FRZ CONC,UNSWTND,DIL W/ 3 VOLUME H2O","Grapefruit juice, white, frozen concentrate, unsweetened, diluted with 3 volume water",,,,41,0.55,0.13,9.73,9.63,0.1,0.0,0.044,0.0,33.7,0.04,4,0.217,0.022,0.041,8,0.033,0.14,11,0.02,14,0.1,0.05,0.0,0.025882353,0.0,0.374444444,0.002666667,0.01,0.0135625,0.016923077,0.034166667,0.006666667,3.66667e-05,0.026190476,0.02,0.001818182,0.004545455
9128,Fruits and Fruit Juices,"GRAPEFRUIT JUC,WHITE,RAW","Grapefruit juice, white, raw",,,,39,0.5,0.1,9.2,9.1,0.1,1.0,0.044,0.0,38.0,0.22,10,0.2,0.02,0.04,9,0.033,0.2,12,0.02,15,0.1,0.05,0.001111111,0.025882353,0.0,0.422222222,0.014666667,0.025,0.0125,0.015384615,0.033333333,0.0075,3.66667e-05,0.028571429,0.021428571,0.001818182,0.004545455
9129,Fruits and Fruit Juices,"Grapes, muscadine, raw","Grapes, muscadine, raw",,,Vitis rotundifolia,57,0.81,0.47,13.93,0.0,3.9,3.0,0.0,0.0,6.5,0.0,0,0.0,1.5,0.0,37,0.119,0.26,14,1.973,24,0.0,0.11,0.003333333,0.0,0.0,0.072222222,0.0,0.0,0.0,1.153846154,0.0,0.030833333,0.000132222,0.033333333,0.034285714,0.0,0.01
9130,Fruits and Fruit Juices,"GRAPE JUC,CND OR BTLD,UNSWTND,W/ ADDED VIT C","Grape juice, canned or bottled, unsweetened, with added ascorbic acid",,,,60,0.37,0.13,14.77,14.2,0.2,0.0,0.032,0.0,25.0,0.0,0,0.133,0.015,0.017,11,0.018,0.25,10,0.239,14,0.0,0.07,0.0,0.018823529,0.0,0.277777778,0.0,0.0,0.0083125,0.011538462,0.014166667,0.009166667,2e-05,0.023809524,0.02,0.0,0.006363636
9131,Fruits and Fruit Juices,"GRAPES,AMERICAN TYPE (SLIP SKN),RAW","Grapes, american type (slip skin), raw",,,Vitis spp.,67,0.63,0.35,17.15,16.25,0.9,5.0,0.11,0.0,4.0,0.19,4,0.3,0.057,0.092,14,0.04,0.29,5,0.718,10,0.1,0.04,0.005555556,0.064705882,0.0,0.044444444,0.012666667,0.01,0.01875,0.043846154,0.076666667,0.011666667,4.44444e-05,0.011904762,0.014285714,0.001818182,0.003636364
9132,Fruits and Fruit Juices,"GRAPES,RED OR GRN (EURO TYPE,SUCH AS THOMPSON SEEDLESS),RAW","Grapes, red or green (European type, such as Thompson seedless), raw",,,Vitis vinifera,69,0.72,0.16,18.1,15.48,0.9,3.0,0.086,0.0,3.2,0.19,2,0.188,0.07,0.069,10,0.127,0.36,7,0.071,20,0.1,0.07,0.003333333,0.050588235,0.0,0.035555556,0.012666667,0.005,0.01175,0.053846154,0.0575,0.008333333,0.000141111,0.016666667,0.028571429,0.001818182,0.006363636
9133,Fruits and Fruit Juices,"GRAPES,CND,THOMPSON SEEDLESS,H2O PK,SOL&LIQUIDS","Grapes, canned, thompson seedless, water pack, solids and liquids",,,,40,0.5,0.11,10.3,9.7,0.6,2.0,0.065,0.0,1.0,0.13,3,0.13,0.023,0.031,10,0.056,0.98,6,0.039,18,0.1,0.05,0.002222222,0.038235294,0.0,0.011111111,0.008666667,0.0075,0.008125,0.017692308,0.025833333,0.008333333,6.22222e-05,0.014285714,0.025714286,0.001818182,0.004545455
9134,Fruits and Fruit Juices,"GRAPES,CND,THOMPSON SEEDLESS,HVY SYRUP PK,SOL&LIQUIDS","Grapes, canned, thompson seedless, heavy syrup pack, solids and liquids",,,,76,0.48,0.1,19.65,19.05,0.6,3.0,0.065,0.0,1.0,0.13,3,0.125,0.022,0.03,10,0.054,0.94,6,0.038,17,0.1,0.05,0.003333333,0.038235294,0.0,0.011111111,0.008666667,0.0075,0.0078125,0.016923077,0.025,0.008333333,6e-05,0.014285714,0.024285714,0.001818182,0.004545455
9135,Fruits and Fruit Juices,"GRAPE JUC,CND OR BTLD,UNSWTND,WO/ ADDED VIT C","Grape juice, canned or bottled, unsweetened, without added ascorbic acid",,,,60,0.37,0.13,14.77,14.2,0.2,0.0,0.032,0.0,0.1,0.0,0,0.133,0.015,0.017,11,0.018,0.25,10,0.239,14,0.0,0.07,0.0,0.018823529,0.0,0.001111111,0.0,0.0,0.0083125,0.011538462,0.014166667,0.009166667,2e-05,0.023809524,0.02,0.0,0.006363636
9138,Fruits and Fruit Juices,"GROUNDCHERRIES,(CAPE-GOOSEBERRIES OR POHA),RAW","Groundcherries, (cape-gooseberries or poha), raw",,,Physalis spp.,53,1.9,0.7,11.2,0.0,0.0,36.0,0.0,0.0,11.0,0.0,0,2.8,0.04,0.11,9,0.0,1.0,0,0.0,40,0.0,0.0,0.04,0.0,0.0,0.122222222,0.0,0.0,0.175,0.030769231,0.091666667,0.0075,0.0,0.0,0.057142857,0.0,0.0
9139,Fruits and Fruit Juices,"GUAVAS,COMMON,RAW","Guavas, common, raw",,,Psidium guajava,68,2.55,0.95,14.32,8.92,5.4,31.0,0.11,0.0,228.3,0.73,49,1.084,0.04,0.067,18,0.23,0.26,22,0.15,40,0.6,0.23,0.034444444,0.064705882,0.0,2.536666667,0.048666667,0.1225,0.06775,0.030769231,0.055833333,0.015,0.000255556,0.052380952,0.057142857,0.010909091,0.020909091
9140,Fruits and Fruit Juices,"GUAVAS,STRAWBERRY,RAW","Guavas, strawberry, raw",,,Psidium cattleianum,69,0.58,0.6,17.36,0.0,5.4,5.0,0.0,0.0,37.0,0.0,0,0.6,0.03,0.03,21,0.0,0.22,17,0.0,27,0.0,0.0,0.005555556,0.0,0.0,0.411111111,0.0,0.0,0.0375,0.023076923,0.025,0.0175,0.0,0.04047619,0.038571429,0.0,0.0
9143,Fruits and Fruit Juices,"GUAVA SAUCE,COOKED","Guava sauce, cooked",,,,36,0.32,0.14,9.48,5.88,3.6,14.0,0.09,0.0,146.4,0.55,5,0.42,0.013,0.026,7,0.077,0.18,7,0.108,11,0.5,0.17,0.015555556,0.052941176,0.0,1.626666667,0.036666667,0.0125,0.02625,0.01,0.021666667,0.005833333,8.55556e-05,0.016666667,0.015714286,0.009090909,0.015454545
9144,Fruits and Fruit Juices,"JACKFRUIT,RAW","Jackfruit, raw",,,Artocarpus heterophyllus,95,1.72,0.64,23.25,19.08,1.5,5.0,0.329,0.0,13.7,0.34,24,0.92,0.055,0.105,24,0.076,0.23,29,0.043,21,0.0,0.13,0.005555556,0.193529412,0.0,0.152222222,0.022666667,0.06,0.0575,0.042307692,0.0875,0.02,8.44444e-05,0.069047619,0.03,0.0,0.011818182
9145,Fruits and Fruit Juices,"JAVA-PLUM,(JAMBOLAN),RAW","Java-plum, (jambolan), raw",,,Syzygium cumini,60,0.72,0.23,15.56,0.0,0.0,0.0,0.038,0.0,14.3,0.0,0,0.26,0.012,0.006,19,0.0,0.19,15,0.0,17,0.0,0.0,0.0,0.022352941,0.0,0.158888889,0.0,0.0,0.01625,0.009230769,0.005,0.015833333,0.0,0.035714286,0.024285714,0.0,0.0
9146,Fruits and Fruit Juices,"JUJUBE,RAW","Jujube, raw",,,Ziziphus jujuba,79,1.2,0.2,20.23,0.0,0.0,2.0,0.081,0.0,69.0,0.0,0,0.9,0.04,0.02,21,0.073,0.48,10,0.084,23,0.0,0.05,0.002222222,0.047647059,0.0,0.766666667,0.0,0.0,0.05625,0.030769231,0.016666667,0.0175,8.11111e-05,0.023809524,0.032857143,0.0,0.004545455
9147,Fruits and Fruit Juices,"JUJUBE,DRIED","Jujube, dried",,,,287,3.7,1.1,73.6,0.0,0.0,0.0,0.0,0.0,13.0,0.0,0,0.5,0.36,0.21,79,0.265,1.8,37,0.305,100,0.0,0.19,0.0,0.0,0.0,0.144444444,0.0,0.0,0.03125,0.276923077,0.175,0.065833333,0.000294444,0.088095238,0.142857143,0.0,0.017272727
9148,Fruits and Fruit Juices,"KIWIFRUIT,GRN,RAW","Kiwifruit, green, raw",Chinese gooseberry,,Actinidia deliciosa,61,1.14,0.52,14.66,8.99,3.0,4.0,0.063,0.0,92.7,1.46,25,0.341,0.025,0.027,34,0.13,0.31,17,0.098,34,0.2,0.14,0.004444444,0.037058824,0.0,1.03,0.097333333,0.0625,0.0213125,0.019230769,0.0225,0.028333333,0.000144444,0.04047619,0.048571429,0.003636364,0.012727273
9149,Fruits and Fruit Juices,"KUMQUATS,RAW","Kumquats, raw",,,Fortunella spp.,71,1.88,0.86,15.9,9.36,6.5,15.0,0.036,0.0,43.9,0.15,17,0.429,0.09,0.037,62,0.095,0.86,20,0.135,19,0.0,0.17,0.016666667,0.021176471,0.0,0.487777778,0.01,0.0425,0.0268125,0.069230769,0.030833333,0.051666667,0.000105556,0.047619048,0.027142857,0.0,0.015454545
9150,Fruits and Fruit Juices,"LEMONS,RAW,WITHOUT PEEL","Lemons, raw, without peel",Includes USDA commodity food A415,,Citrus limon,29,1.1,0.3,9.32,2.5,2.8,1.0,0.08,0.0,53.0,0.15,11,0.1,0.02,0.04,26,0.037,0.6,8,0.03,16,0.4,0.06,0.001111111,0.047058824,0.0,0.588888889,0.01,0.0275,0.00625,0.015384615,0.033333333,0.021666667,4.11111e-05,0.019047619,0.022857143,0.007272727,0.005454545
9152,Fruits and Fruit Juices,"LEMON JUICE,RAW","Lemon juice, raw",,,,22,0.35,0.24,6.9,2.52,0.3,0.0,0.046,0.0,38.7,0.15,20,0.091,0.015,0.024,6,0.016,0.08,6,0.012,8,0.1,0.05,0.0,0.027058824,0.0,0.43,0.01,0.05,0.0056875,0.011538462,0.02,0.005,1.77778e-05,0.014285714,0.011428571,0.001818182,0.004545455
9153,Fruits and Fruit Juices,"LEMON JUC,CND OR BTLD","Lemon juice, canned or bottled",,,,21,0.4,0.29,6.48,2.4,0.4,1.0,0.043,0.0,24.8,0.15,10,0.197,0.009,0.041,11,0.037,0.13,8,0.02,9,0.1,0.06,0.001111111,0.025294118,0.0,0.275555556,0.01,0.025,0.0123125,0.006923077,0.034166667,0.009166667,4.11111e-05,0.019047619,0.012857143,0.001818182,0.005454545
9154,Fruits and Fruit Juices,"LEMON JUC,FRZ,UNSWTND,SINGLE STRENGTH","Lemon juice, frozen, unsweetened, single strength",,,,22,0.46,0.32,6.5,2.4,0.4,1.0,0.06,0.0,31.5,0.08,10,0.137,0.013,0.059,8,0.03,0.12,8,0.03,8,0.1,0.05,0.001111111,0.035294118,0.0,0.35,0.005333333,0.025,0.0085625,0.01,0.049166667,0.006666667,3.33333e-05,0.019047619,0.011428571,0.001818182,0.004545455
9156,Fruits and Fruit Juices,"LEMON PEEL,RAW","Lemon peel, raw",,,,47,1.5,0.3,16.0,4.17,10.6,3.0,0.172,0.0,129.0,0.25,13,0.4,0.08,0.06,134,0.092,0.8,15,0.0,12,0.7,0.25,0.003333333,0.101176471,0.0,1.433333333,0.016666667,0.0325,0.025,0.061538462,0.05,0.111666667,0.000102222,0.035714286,0.017142857,0.012727273,0.022727273
9159,Fruits and Fruit Juices,"LIMES,RAW","Limes, raw",,,Citrus latifolia,30,0.7,0.2,10.54,1.69,2.8,2.0,0.043,0.0,29.1,0.22,8,0.2,0.02,0.03,33,0.065,0.6,6,0.008,18,0.4,0.11,0.002222222,0.025294118,0.0,0.323333333,0.014666667,0.02,0.0125,0.015384615,0.025,0.0275,7.22222e-05,0.014285714,0.025714286,0.007272727,0.01
9160,Fruits and Fruit Juices,"LIME JUICE,RAW","Lime juice, raw",,,,25,0.42,0.07,8.42,1.69,0.4,2.0,0.038,0.0,30.0,0.22,10,0.142,0.015,0.025,14,0.027,0.09,8,0.018,14,0.1,0.08,0.002222222,0.022352941,0.0,0.333333333,0.014666667,0.025,0.008875,0.011538462,0.020833333,0.011666667,3e-05,0.019047619,0.02,0.001818182,0.007272727
9161,Fruits and Fruit Juices,"LIME JUC,CND OR BTLD,UNSWTND","Lime juice, canned or bottled, unsweetened",,,,21,0.25,0.23,6.69,1.37,0.4,1.0,0.027,0.0,6.4,0.12,8,0.163,0.003,0.033,12,0.03,0.23,7,0.008,10,0.1,0.06,0.001111111,0.015882353,0.0,0.071111111,0.008,0.02,0.0101875,0.002307692,0.0275,0.01,3.33333e-05,0.016666667,0.014285714,0.001818182,0.005454545
9163,Fruits and Fruit Juices,"BLUEBERRIES,DRIED,SWTND","Blueberries, dried, sweetened",,,,317,2.5,2.5,80.0,67.5,7.5,7.0,0.152,0.0,23.8,2.35,12,1.154,0.127,0.092,19,0.16,0.9,18,0.0,36,0.6,0.49,0.007777778,0.089411765,0.0,0.264444444,0.156666667,0.03,0.072125,0.097692308,0.076666667,0.015833333,0.000177778,0.042857143,0.051428571,0.010909091,0.044545455
9164,Fruits and Fruit Juices,"LITCHIS,RAW","Litchis, raw",lychee,,Litchi chinensis,66,0.83,0.44,16.53,15.23,1.3,0.0,0.1,0.0,71.5,0.07,14,0.603,0.065,0.011,5,0.148,0.31,10,0.055,31,0.6,0.07,0.0,0.058823529,0.0,0.794444444,0.004666667,0.035,0.0376875,0.05,0.009166667,0.004166667,0.000164444,0.023809524,0.044285714,0.010909091,0.006363636
9165,Fruits and Fruit Juices,"LITCHIS,DRIED","Litchis, dried",lychee,,,277,3.8,1.2,70.7,66.1,4.6,0.0,0.09,0.0,183.0,0.31,12,3.1,0.57,0.01,33,0.631,1.7,42,0.234,181,1.3,0.28,0.0,0.052941176,0.0,2.033333333,0.020666667,0.03,0.19375,0.438461538,0.008333333,0.0275,0.000701111,0.1,0.258571429,0.023636364,0.025454545
9167,Fruits and Fruit Juices,"LOGANBERRIES,FROZEN","Loganberries, frozen",,,Rubus ursinus var. loganobaccus,55,1.52,0.31,13.02,7.7,5.3,2.0,0.065,0.0,15.3,0.87,26,0.84,0.034,0.05,26,0.117,0.64,21,1.247,26,0.2,0.34,0.002222222,0.038235294,0.0,0.17,0.058,0.065,0.0525,0.026153846,0.041666667,0.021666667,0.00013,0.05,0.037142857,0.003636364,0.030909091
9172,Fruits and Fruit Juices,"LONGANS,RAW","Longans, raw",,,Dimocarpus longan,60,1.31,0.1,15.14,0.0,1.1,0.0,0.0,0.0,84.0,0.0,0,0.3,0.14,0.031,1,0.169,0.13,10,0.052,21,0.0,0.05,0.0,0.0,0.0,0.933333333,0.0,0.0,0.01875,0.107692308,0.025833333,0.000833333,0.000187778,0.023809524,0.03,0.0,0.004545455
9173,Fruits and Fruit Juices,"LONGANS,DRIED","Longans, dried",,,,286,4.9,0.4,74.0,0.0,0.0,0.0,0.0,0.0,28.0,0.0,0,1.0,0.5,0.04,45,0.807,5.4,46,0.248,196,0.0,0.22,0.0,0.0,0.0,0.311111111,0.0,0.0,0.0625,0.384615385,0.033333333,0.0375,0.000896667,0.10952381,0.28,0.0,0.02
9174,Fruits and Fruit Juices,"LOQUATS,RAW","Loquats, raw",,,Eriobotrya japonica,47,0.43,0.2,12.14,0.0,1.7,76.0,0.1,0.0,1.0,0.0,14,0.18,0.024,0.019,16,0.04,0.28,13,0.148,27,0.6,0.05,0.084444444,0.058823529,0.0,0.011111111,0.0,0.035,0.01125,0.018461538,0.015833333,0.013333333,4.44444e-05,0.030952381,0.038571429,0.010909091,0.004545455
9175,Fruits and Fruit Juices,"MAMMY-APPLE,(MAMEY),RAW","Mammy-apple, (mamey), raw",,,Mammea americana,51,0.5,0.5,12.5,0.0,3.0,12.0,0.1,0.0,14.0,0.0,14,0.4,0.04,0.02,11,0.086,0.7,16,0.0,11,0.6,0.1,0.013333333,0.058823529,0.0,0.155555556,0.0,0.035,0.025,0.030769231,0.016666667,0.009166667,9.55556e-05,0.038095238,0.015714286,0.010909091,0.009090909
9176,Fruits and Fruit Juices,"MANGOS,RAW","Mangos, raw",,,Mangifera indica,60,0.82,0.38,14.98,13.66,1.6,54.0,0.119,0.0,36.4,0.9,43,0.669,0.038,0.028,11,0.111,0.16,10,0.063,14,0.6,0.09,0.06,0.07,0.0,0.404444444,0.06,0.1075,0.0418125,0.029230769,0.023333333,0.009166667,0.000123333,0.023809524,0.02,0.010909091,0.008181818
9177,Fruits and Fruit Juices,"MANGOSTEEN,CND,SYRUP PK","Mangosteen, canned, syrup pack",,,Garcinia mangostana,73,0.41,0.58,17.91,0.0,1.8,2.0,0.018,0.0,2.9,0.0,31,0.286,0.054,0.054,12,0.069,0.3,13,0.102,8,0.0,0.21,0.002222222,0.010588235,0.0,0.032222222,0.0,0.0775,0.017875,0.041538462,0.045,0.01,7.66667e-05,0.030952381,0.011428571,0.0,0.019090909
9181,Fruits and Fruit Juices,"MELONS,CANTALOUPE,RAW","Melons, cantaloupe, raw",includes USDA commodity food A415,,Cucumis melo,34,0.84,0.19,8.16,7.86,0.9,169.0,0.072,0.0,36.7,0.05,21,0.734,0.019,0.041,9,0.041,0.21,12,0.041,15,0.4,0.18,0.187777778,0.042352941,0.0,0.407777778,0.003333333,0.0525,0.045875,0.014615385,0.034166667,0.0075,4.55556e-05,0.028571429,0.021428571,0.007272727,0.016363636
9183,Fruits and Fruit Juices,"MELONS,CASABA,RAW","Melons, casaba, raw",,,Cucumis melo,28,1.11,0.1,6.58,5.69,0.9,0.0,0.163,0.0,21.8,0.05,8,0.232,0.031,0.015,11,0.06,0.34,11,0.035,5,0.4,0.07,0.0,0.095882353,0.0,0.242222222,0.003333333,0.02,0.0145,0.023846154,0.0125,0.009166667,6.66667e-05,0.026190476,0.007142857,0.007272727,0.006363636
9184,Fruits and Fruit Juices,"MELONS,HONEYDEW,RAW","Melons, honeydew, raw",,,Cucumis melo,36,0.54,0.14,9.09,8.12,0.8,3.0,0.088,0.0,18.0,0.02,19,0.418,0.012,0.038,6,0.024,0.17,10,0.027,11,0.7,0.09,0.003333333,0.051764706,0.0,0.2,0.001333333,0.0475,0.026125,0.009230769,0.031666667,0.005,2.66667e-05,0.023809524,0.015714286,0.012727273,0.008181818
9185,Fruits and Fruit Juices,"MELON BALLS,FROZEN","Melon balls, frozen",,,,33,0.84,0.25,7.94,0.0,0.7,89.0,0.106,0.0,6.2,0.0,26,0.64,0.022,0.166,10,0.06,0.29,14,0.04,12,0.0,0.17,0.098888889,0.062352941,0.0,0.068888889,0.0,0.065,0.04,0.016923077,0.138333333,0.008333333,6.66667e-05,0.033333333,0.017142857,0.0,0.015454545
9190,Fruits and Fruit Juices,"MULBERRIES,RAW","Mulberries, raw",,,Morus nigra,43,1.44,0.39,9.8,8.1,1.7,1.0,0.05,0.0,36.4,0.87,6,0.62,0.101,0.029,39,0.06,1.85,18,0.0,38,0.6,0.12,0.001111111,0.029411765,0.0,0.404444444,0.058,0.015,0.03875,0.077692308,0.024166667,0.0325,6.66667e-05,0.042857143,0.054285714,0.010909091,0.010909091
9191,Fruits and Fruit Juices,"NECTARINES,RAW","Nectarines, raw",,,Prunus persica var. nucipersica,44,1.06,0.32,10.55,7.89,1.7,17.0,0.025,0.0,5.4,0.77,5,1.125,0.027,0.034,6,0.086,0.28,9,0.054,26,0.0,0.17,0.018888889,0.014705882,0.0,0.06,0.051333333,0.0125,0.0703125,0.020769231,0.028333333,0.005,9.55556e-05,0.021428571,0.037142857,0.0,0.015454545
9192,Fruits and Fruit Juices,"OHELOBERRIES,RAW","Oheloberries, raw",,,Vaccinium reticulatum,28,0.38,0.22,6.84,0.0,0.0,42.0,0.0,0.0,6.0,0.0,0,0.27,0.036,0.017,7,0.0,0.09,6,0.0,10,0.0,0.0,0.046666667,0.0,0.0,0.066666667,0.0,0.0,0.016875,0.027692308,0.014166667,0.005833333,0.0,0.014285714,0.014285714,0.0,0.0
9193,Fruits and Fruit Juices,"OLIVES,RIPE,CND (SMALL-EXTRA LRG)","Olives, ripe, canned (small-extra large)",,,Olea europaea,115,0.84,10.68,6.26,0.0,3.2,20.0,0.009,0.0,0.9,1.65,0,0.037,0.0,0.003,88,0.251,3.3,4,0.02,3,0.9,0.22,0.022222222,0.005294118,0.0,0.01,0.11,0.0,0.0023125,0.0,0.0025,0.073333333,0.000278889,0.00952381,0.004285714,0.016363636,0.02
9194,Fruits and Fruit Juices,"OLIVES,RIPE,CND (JUMBO-SUPER COLOSSAL)","Olives, ripe, canned (jumbo-super colossal)",,,,81,0.97,6.87,5.61,0.0,2.5,17.0,0.012,0.0,1.5,1.65,0,0.022,0.0,0.003,94,0.226,3.32,4,0.02,3,0.9,0.22,0.018888889,0.007058824,0.0,0.016666667,0.11,0.0,0.001375,0.0,0.0025,0.078333333,0.000251111,0.00952381,0.004285714,0.016363636,0.02
9195,Fruits and Fruit Juices,"OLIVES,PICKLED,CND OR BTLD,GRN","Olives, pickled, canned or bottled, green",,,,145,1.03,15.32,3.84,0.54,3.3,20.0,0.031,0.0,0.0,3.81,3,0.237,0.007,0.021,52,0.12,0.49,11,0.0,4,0.9,0.04,0.022222222,0.018235294,0.0,0.0,0.254,0.0075,0.0148125,0.005384615,0.0175,0.043333333,0.000133333,0.026190476,0.005714286,0.016363636,0.003636364
9200,Fruits and Fruit Juices,"ORANGES,RAW,ALL COMM VAR","Oranges, raw, all commercial varieties",,,Citrus sinensis,47,0.94,0.12,11.75,9.35,2.4,11.0,0.06,0.0,53.2,0.18,30,0.282,0.04,0.087,40,0.045,0.1,10,0.025,14,0.5,0.07,0.012222222,0.035294118,0.0,0.591111111,0.012,0.075,0.017625,0.030769231,0.0725,0.033333333,5e-05,0.023809524,0.02,0.009090909,0.006363636
9201,Fruits and Fruit Juices,"ORANGES,RAW,CALIFORNIA,VALENCIAS","Oranges, raw, California, valencias",,,Citrus sinensis,49,1.04,0.3,11.89,0.0,2.5,12.0,0.063,0.0,48.5,0.0,39,0.274,0.04,0.087,40,0.037,0.09,10,0.023,17,0.0,0.06,0.013333333,0.037058824,0.0,0.538888889,0.0,0.0975,0.017125,0.030769231,0.0725,0.033333333,4.11111e-05,0.023809524,0.024285714,0.0,0.005454545
9202,Fruits and Fruit Juices,"ORANGES,RAW,NAVELS","Oranges, raw, navels",,,Citrus sinensis,49,0.91,0.15,12.54,8.5,2.2,12.0,0.079,0.0,59.1,0.15,34,0.425,0.051,0.068,43,0.039,0.13,11,0.029,23,0.0,0.08,0.013333333,0.046470588,0.0,0.656666667,0.01,0.085,0.0265625,0.039230769,0.056666667,0.035833333,4.33333e-05,0.026190476,0.032857143,0.0,0.007272727
9203,Fruits and Fruit Juices,"ORANGES,RAW,FLORIDA","Oranges, raw, Florida",,,Citrus sinensis,46,0.7,0.21,11.54,9.14,2.4,11.0,0.051,0.0,45.0,0.18,17,0.4,0.04,0.1,43,0.039,0.09,10,0.024,12,0.5,0.08,0.012222222,0.03,0.0,0.5,0.012,0.0425,0.025,0.030769231,0.083333333,0.035833333,4.33333e-05,0.023809524,0.017142857,0.009090909,0.007272727
9205,Fruits and Fruit Juices,"ORANGES,RAW,WITH PEEL","Oranges, raw, with peel",,,Citrus sinensis,63,1.3,0.3,15.5,0.0,4.5,13.0,0.093,0.0,71.0,0.0,30,0.5,0.05,0.1,70,0.057,0.8,14,0.0,22,0.7,0.11,0.014444444,0.054705882,0.0,0.788888889,0.0,0.075,0.03125,0.038461538,0.083333333,0.058333333,6.33333e-05,0.033333333,0.031428571,0.012727273,0.01
9206,Fruits and Fruit Juices,"ORANGE JUICE,RAW","Orange juice, raw",,,,45,0.7,0.2,10.4,8.4,0.2,10.0,0.04,0.0,50.0,0.04,30,0.4,0.03,0.09,11,0.044,0.2,11,0.014,17,0.1,0.05,0.011111111,0.023529412,0.0,0.555555556,0.002666667,0.075,0.025,0.023076923,0.075,0.009166667,4.88889e-05,0.026190476,0.024285714,0.001818182,0.004545455
9207,Fruits and Fruit Juices,"ORANGE JUC,CND,UNSWTND","Orange juice, canned, unsweetened",,,,47,0.68,0.15,11.01,8.76,0.3,9.0,0.031,0.0,30.1,0.2,24,0.201,0.021,0.039,10,0.022,0.1,10,0.021,17,0.1,0.04,0.01,0.018235294,0.0,0.334444444,0.013333333,0.06,0.0125625,0.016153846,0.0325,0.008333333,2.44444e-05,0.023809524,0.024285714,0.001818182,0.003636364
9209,Fruits and Fruit Juices,"ORANGE JUC,CHILLED,INCL FROM CONC","Orange juice, chilled, includes from concentrate",,,,49,0.68,0.12,11.54,8.31,0.3,2.0,0.076,0.0,33.6,0.2,19,0.28,0.039,0.046,11,0.042,0.13,11,0.023,17,0.1,0.07,0.002222222,0.044705882,0.0,0.373333333,0.013333333,0.0475,0.0175,0.03,0.038333333,0.009166667,4.66667e-05,0.026190476,0.024285714,0.001818182,0.006363636
9210,Fruits and Fruit Juices,"ORANGE JUC,CHILLED,INCL FROM CONC,W/ ADDED CA & VITAMIN D","Orange juice, chilled, includes from concentrate, with added calcium and vitamin D",,,,47,0.68,0.12,11.27,8.31,0.3,2.0,0.076,0.0,33.6,0.2,19,0.28,0.039,0.046,140,0.042,0.13,11,0.023,47,0.1,0.07,0.002222222,0.044705882,0.0,0.373333333,0.013333333,0.0475,0.0175,0.03,0.038333333,0.116666667,4.66667e-05,0.026190476,0.067142857,0.001818182,0.006363636
9211,Fruits and Fruit Juices,"ORANGE JUC,CHILLED,INCL FROM CONC,W/ ADDED CA","Orange juice, chilled, includes from concentrate, with added calcium",,,,47,0.68,0.12,11.27,8.31,0.3,2.0,0.076,0.0,33.6,0.2,19,0.28,0.039,0.046,140,0.042,0.13,11,0.023,47,0.1,0.07,0.002222222,0.044705882,0.0,0.373333333,0.013333333,0.0475,0.0175,0.03,0.038333333,0.116666667,4.66667e-05,0.026190476,0.067142857,0.001818182,0.006363636
9213,Fruits and Fruit Juices,"ORANGE JUC,FRZ CONC,UNSWTND,UNDIL,W/ ADDED CA","Orange juice, frozen concentrate, unsweetened, undiluted, with added calcium",,,,147,2.4,0.25,33.86,29.68,1.0,13.0,0.26,0.0,144.8,0.6,77,1.093,0.175,0.275,578,0.059,0.33,35,0.116,313,0.4,0.16,0.014444444,0.152941176,0.0,1.608888889,0.04,0.1925,0.0683125,0.134615385,0.229166667,0.481666667,6.55556e-05,0.083333333,0.447142857,0.007272727,0.014545455
9214,Fruits and Fruit Juices,"ORANGE JUC,FRZ CONC,UNSWTND,UNDIL","Orange juice, frozen concentrate, unsweetened, undiluted",,,,148,2.4,0.25,35.19,29.68,1.0,13.0,0.26,0.0,144.8,0.6,77,1.093,0.175,0.275,38,0.059,0.33,35,0.116,61,0.4,0.16,0.014444444,0.152941176,0.0,1.608888889,0.04,0.1925,0.0683125,0.134615385,0.229166667,0.031666667,6.55556e-05,0.083333333,0.087142857,0.007272727,0.014545455
9215,Fruits and Fruit Juices,"ORANGE JUC,FRZ CONC,UNSWTND,DIL W/3 VOLUME H2O","Orange juice, frozen concentrate, unsweetened, diluted with 3 volume water",,,,37,0.6,0.06,8.8,7.42,0.2,3.0,0.065,0.0,36.2,0.15,19,0.273,0.044,0.069,12,0.021,0.08,10,0.0,15,0.1,0.04,0.003333333,0.038235294,0.0,0.402222222,0.01,0.0475,0.0170625,0.033846154,0.0575,0.01,2.33333e-05,0.023809524,0.021428571,0.001818182,0.003636364
9216,Fruits and Fruit Juices,"ORANGE PEEL,RAW","Orange peel, raw",,,,97,1.5,0.2,25.0,0.0,10.6,21.0,0.176,0.0,136.0,0.25,30,0.9,0.09,0.12,161,0.092,0.8,22,0.0,21,1.0,0.25,0.023333333,0.103529412,0.0,1.511111111,0.016666667,0.075,0.05625,0.069230769,0.1,0.134166667,0.000102222,0.052380952,0.03,0.018181818,0.022727273
9217,Fruits and Fruit Juices,"ORANGE-GRAPEFRUIT JUC,CND OR BTLD,UNSWTND","Orange-grapefruit juice, canned or bottled, unsweetened",,,,43,0.6,0.1,10.28,10.18,0.1,6.0,0.023,0.0,29.1,0.14,14,0.336,0.03,0.056,8,0.076,0.46,10,0.017,14,0.1,0.07,0.006666667,0.013529412,0.0,0.323333333,0.009333333,0.035,0.021,0.023076923,0.046666667,0.006666667,8.44444e-05,0.023809524,0.02,0.001818182,0.006363636
9218,Fruits and Fruit Juices,"TANGERINES,(MANDARIN ORANGES),RAW","Tangerines, (mandarin oranges), raw",,,Citrus reticulata,53,0.81,0.31,13.34,10.58,1.8,34.0,0.078,0.0,26.7,0.2,16,0.376,0.036,0.058,37,0.042,0.15,12,0.039,20,0.1,0.07,0.037777778,0.045882353,0.0,0.296666667,0.013333333,0.04,0.0235,0.027692308,0.048333333,0.030833333,4.66667e-05,0.028571429,0.028571429,0.001818182,0.006363636
9219,Fruits and Fruit Juices,"TANGERINES,(MANDARIN ORANGES),CND,JUC PK","Tangerines, (mandarin oranges), canned, juice pack",,,,37,0.62,0.03,9.57,8.87,0.7,43.0,0.042,0.0,34.2,0.1,5,0.445,0.029,0.082,11,0.033,0.27,11,0.032,10,0.4,0.51,0.047777778,0.024705882,0.0,0.38,0.006666667,0.0125,0.0278125,0.022307692,0.068333333,0.009166667,3.66667e-05,0.026190476,0.014285714,0.007272727,0.046363636
9220,Fruits and Fruit Juices,"TANGERINES,(MANDARIN ORANGES),CND,LT SYRUP PK","Tangerines, (mandarin oranges), canned, light syrup pack",,,,61,0.45,0.1,16.19,15.49,0.7,42.0,0.042,0.0,19.8,0.1,5,0.445,0.044,0.053,7,0.044,0.37,8,0.032,10,0.4,0.24,0.046666667,0.024705882,0.0,0.22,0.006666667,0.0125,0.0278125,0.033846154,0.044166667,0.005833333,4.88889e-05,0.019047619,0.014285714,0.007272727,0.021818182
9221,Fruits and Fruit Juices,"TANGERINE JUICE,RAW","Tangerine juice, raw",,,,43,0.5,0.2,10.1,9.9,0.2,13.0,0.042,0.0,31.0,0.13,5,0.1,0.02,0.06,18,0.025,0.2,8,0.037,14,0.1,0.03,0.014444444,0.024705882,0.0,0.344444444,0.008666667,0.0125,0.00625,0.015384615,0.05,0.015,2.77778e-05,0.019047619,0.02,0.001818182,0.002727273
9223,Fruits and Fruit Juices,"TANGERINE JUC,CND,SWTND","Tangerine juice, canned, sweetened",,,,50,0.5,0.2,12.0,11.8,0.2,13.0,0.032,0.0,22.0,0.15,5,0.1,0.02,0.06,18,0.025,0.2,8,0.037,14,0.1,0.03,0.014444444,0.018823529,0.0,0.244444444,0.01,0.0125,0.00625,0.015384615,0.05,0.015,2.77778e-05,0.019047619,0.02,0.001818182,0.002727273
9226,Fruits and Fruit Juices,"PAPAYAS,RAW","Papayas, raw",,,Carica papaya,43,0.47,0.26,10.82,7.82,1.7,47.0,0.038,0.0,60.9,0.3,37,0.357,0.027,0.023,20,0.045,0.25,21,0.04,10,0.6,0.08,0.052222222,0.022352941,0.0,0.676666667,0.02,0.0925,0.0223125,0.020769231,0.019166667,0.016666667,5e-05,0.05,0.014285714,0.010909091,0.007272727
9228,Fruits and Fruit Juices,"PAPAYA,CND,HVY SYRUP,DRND","Papaya, canned, heavy syrup, drained",,,,206,0.14,0.55,55.83,52.2,1.5,0.0,0.015,0.0,3.5,0.0,0,0.06,0.015,0.015,21,0.01,0.29,6,0.01,6,0.4,0.05,0.0,0.008823529,0.0,0.038888889,0.0,0.0,0.00375,0.011538462,0.0125,0.0175,1.11111e-05,0.014285714,0.008571429,0.007272727,0.004545455
9229,Fruits and Fruit Juices,"PAPAYA NECTAR,CANNED","Papaya nectar, canned",,,,57,0.17,0.15,14.51,13.91,0.6,18.0,0.009,0.0,3.0,0.24,2,0.15,0.004,0.006,10,0.013,0.34,3,0.013,0,0.3,0.15,0.02,0.005294118,0.0,0.033333333,0.016,0.005,0.009375,0.003076923,0.005,0.008333333,1.44444e-05,0.007142857,0.0,0.005454545,0.013636364
9231,Fruits and Fruit Juices,"PASSION-FRUIT,(GRANADILLA),PURPLE,RAW","Passion-fruit, (granadilla), purple, raw",,,Passiflora edulis,97,2.2,0.7,23.38,11.2,10.4,64.0,0.1,0.0,30.0,0.02,14,1.5,0.13,0.0,12,0.086,1.6,29,0.0,68,0.6,0.1,0.071111111,0.058823529,0.0,0.333333333,0.001333333,0.035,0.09375,0.1,0.0,0.01,9.55556e-05,0.069047619,0.097142857,0.010909091,0.009090909
9232,Fruits and Fruit Juices,"PASSION-FRUIT JUC,PURPLE,RAW","Passion-fruit juice, purple, raw",,,,51,0.39,0.05,13.6,13.4,0.2,36.0,0.05,0.0,29.8,0.01,7,1.46,0.131,0.0,4,0.053,0.24,17,0.0,13,0.1,0.05,0.04,0.029411765,0.0,0.331111111,0.000666667,0.0175,0.09125,0.100769231,0.0,0.003333333,5.88889e-05,0.04047619,0.018571429,0.001818182,0.004545455
9233,Fruits and Fruit Juices,"PASSION-FRUIT JUC,YEL,RAW","Passion-fruit juice, yellow, raw",,,Passiflora edulis f. flavicarpa,60,0.67,0.18,14.45,14.25,0.2,47.0,0.06,0.0,18.2,0.01,8,2.24,0.101,0.0,4,0.05,0.36,17,0.0,25,0.1,0.06,0.052222222,0.035294118,0.0,0.202222222,0.000666667,0.02,0.14,0.077692308,0.0,0.003333333,5.55556e-05,0.04047619,0.035714286,0.001818182,0.005454545
9236,Fruits and Fruit Juices,"PEACHES,RAW","Peaches, raw",,,Prunus persica,39,0.91,0.25,9.54,8.39,1.5,16.0,0.025,0.0,6.6,0.73,4,0.806,0.031,0.024,6,0.068,0.25,9,0.061,20,0.1,0.17,0.017777778,0.014705882,0.0,0.073333333,0.048666667,0.01,0.050375,0.023846154,0.02,0.005,7.55556e-05,0.021428571,0.028571429,0.001818182,0.015454545
9237,Fruits and Fruit Juices,"PEACHES,CND,H2O PK,SOL&LIQUIDS","Peaches, canned, water pack, solids and liquids",,,,24,0.44,0.06,6.11,4.81,1.3,27.0,0.019,0.0,2.9,0.49,3,0.521,0.019,0.009,2,0.054,0.32,5,0.048,10,0.3,0.09,0.03,0.011176471,0.0,0.032222222,0.032666667,0.0075,0.0325625,0.014615385,0.0075,0.001666667,6e-05,0.011904762,0.014285714,0.005454545,0.008181818
9238,Fruits and Fruit Juices,"PEACHES,CND,JUC PK,SOL&LIQUIDS","Peaches, canned, juice pack, solids and liquids",,,,44,0.63,0.03,11.57,10.27,1.3,19.0,0.019,0.0,3.6,0.49,3,0.582,0.017,0.008,6,0.05,0.27,7,0.048,17,0.3,0.11,0.021111111,0.011176471,0.0,0.04,0.032666667,0.0075,0.036375,0.013076923,0.006666667,0.005,5.55556e-05,0.016666667,0.024285714,0.005454545,0.01
9239,Fruits and Fruit Juices,"PEACHES,CND,EX LT SYRUP,SOL&LIQUIDS","Peaches, canned, extra light syrup, solids and liquids",,,,42,0.4,0.1,11.1,0.0,1.0,14.0,0.019,0.0,3.0,0.0,3,0.8,0.02,0.02,5,0.05,0.3,5,0.047,11,0.0,0.09,0.015555556,0.011176471,0.0,0.033333333,0.0,0.0075,0.05,0.015384615,0.016666667,0.004166667,5.55556e-05,0.011904762,0.015714286,0.0,0.008181818
9240,Fruits and Fruit Juices,"PEACHES,CND,LT SYRUP PK,SOL&LIQUIDS","Peaches, canned, light syrup pack, solids and liquids",,,,54,0.45,0.03,14.55,13.25,1.3,18.0,0.019,0.0,2.4,0.49,3,0.593,0.025,0.009,3,0.052,0.36,5,0.046,11,0.3,0.09,0.02,0.011176471,0.0,0.026666667,0.032666667,0.0075,0.0370625,0.019230769,0.0075,0.0025,5.77778e-05,0.011904762,0.015714286,0.005454545,0.008181818
9241,Fruits and Fruit Juices,"PEACHES,CND,HVY SYRUP PK,SOL&LIQUIDS","Peaches, canned, heavy syrup pack, solids and liquids",,,,74,0.45,0.1,19.94,18.64,1.3,17.0,0.019,0.0,2.8,0.49,3,0.614,0.024,0.011,3,0.051,0.27,5,0.045,11,0.3,0.09,0.018888889,0.011176471,0.0,0.031111111,0.032666667,0.0075,0.038375,0.018461538,0.009166667,0.0025,5.66667e-05,0.011904762,0.015714286,0.005454545,0.008181818
9242,Fruits and Fruit Juices,"PEACHES,CND,EX HVY SYRUP PK,SOL&LIQUIDS","Peaches, canned, extra heavy syrup pack, solids and liquids",,,,96,0.47,0.03,26.06,0.0,1.0,7.0,0.019,0.0,1.2,0.0,3,0.52,0.021,0.011,3,0.05,0.29,5,0.044,11,0.0,0.09,0.007777778,0.011176471,0.0,0.013333333,0.0,0.0075,0.0325,0.016153846,0.009166667,0.0025,5.55556e-05,0.011904762,0.015714286,0.0,0.008181818
9243,Fruits and Fruit Juices,"PEACHES,SPICED,CND,HVY SYRUP PK,SOL&LIQUIDS","Peaches, spiced, canned, heavy syrup pack, solids and liquids",,,,75,0.41,0.1,20.08,18.78,1.3,16.0,0.019,0.0,5.3,0.49,3,0.537,0.035,0.011,6,0.098,0.28,7,0.0,9,0.3,0.08,0.017777778,0.011176471,0.0,0.058888889,0.032666667,0.0075,0.0335625,0.026923077,0.009166667,0.005,0.000108889,0.016666667,0.012857143,0.005454545,0.007272727
9244,Fruits and Fruit Juices,"PEACHES,DEHYD (LOW-MOISTURE),SULFURED,UNCKD","Peaches, dehydrated (low-moisture), sulfured, uncooked",,,,325,4.89,1.03,83.18,0.0,0.0,71.0,0.159,0.0,10.6,0.0,7,4.825,0.11,0.039,38,0.493,5.51,57,0.413,162,0.0,0.78,0.078888889,0.093529412,0.0,0.117777778,0.0,0.0175,0.3015625,0.084615385,0.0325,0.031666667,0.000547778,0.135714286,0.231428571,0.0,0.070909091
9245,Fruits and Fruit Juices,"PEACHES,DEHYD (LOW-MOISTURE),SULFURED,STWD","Peaches, dehydrated (low-moisture), sulfured, stewed",,,,133,2.01,0.42,34.14,0.0,0.0,20.0,0.054,0.0,6.8,0.0,3,2.03,0.06,0.008,16,0.202,2.26,23,0.17,66,0.0,0.32,0.022222222,0.031764706,0.0,0.075555556,0.0,0.0075,0.126875,0.046153846,0.006666667,0.013333333,0.000224444,0.054761905,0.094285714,0.0,0.029090909
9246,Fruits and Fruit Juices,"PEACHES,DRIED,SULFURED,UNCKD","Peaches, dried, sulfured, uncooked",,,,239,3.61,0.76,61.33,41.74,8.2,108.0,0.067,0.0,4.8,0.19,0,4.375,0.212,0.002,28,0.364,4.06,42,0.305,119,0.5,0.57,0.12,0.039411765,0.0,0.053333333,0.012666667,0.0,0.2734375,0.163076923,0.001666667,0.023333333,0.000404444,0.1,0.17,0.009090909,0.051818182
9247,Fruits and Fruit Juices,"PEACHES,DRIED,SULFURED,STWD,WO/ SUGAR","Peaches, dried, sulfured, stewed, without added sugar",,,,77,1.16,0.25,19.69,16.99,2.7,10.0,0.038,0.0,3.7,0.06,0,1.519,0.021,0.005,9,0.117,1.31,13,0.098,38,0.2,0.18,0.011111111,0.022352941,0.0,0.041111111,0.004,0.0,0.0949375,0.016153846,0.004166667,0.0075,0.00013,0.030952381,0.054285714,0.003636364,0.016363636
9248,Fruits and Fruit Juices,"PEACHES,DRIED,SULFURED,STWD,W/ SUGAR","Peaches, dried, sulfured, stewed, with added sugar",,,,103,1.06,0.22,26.6,0.0,2.4,9.0,0.035,0.0,3.4,0.0,0,1.388,0.019,0.005,8,0.107,1.2,12,0.089,35,0.7,0.17,0.01,0.020588235,0.0,0.037777778,0.0,0.0,0.08675,0.014615385,0.004166667,0.006666667,0.000118889,0.028571429,0.05,0.012727273,0.015454545
9250,Fruits and Fruit Juices,"PEACHES,FRZ,SLICED,SWTND","Peaches, frozen, sliced, sweetened",,,,94,0.63,0.13,23.98,22.18,1.8,14.0,0.018,0.0,94.2,0.62,3,0.653,0.035,0.013,3,0.024,0.37,5,0.029,11,0.4,0.05,0.015555556,0.010588235,0.0,1.046666667,0.041333333,0.0075,0.0408125,0.026923077,0.010833333,0.0025,2.66667e-05,0.011904762,0.015714286,0.007272727,0.004545455
9251,Fruits and Fruit Juices,"PEACH NECTAR,CND,WO/ VIT C","Peach nectar, canned, without added ascorbic acid",,,,54,0.27,0.02,13.92,13.32,0.6,13.0,0.007,0.0,5.3,0.29,1,0.288,0.014,0.003,5,0.069,0.19,4,0.019,6,0.2,0.08,0.014444444,0.004117647,0.0,0.058888889,0.019333333,0.0025,0.018,0.010769231,0.0025,0.004166667,7.66667e-05,0.00952381,0.008571429,0.003636364,0.007272727
9252,Fruits and Fruit Juices,"PEARS,RAW","Pears, raw",Includes USDA commodity food A435,,Pyrus communis,57,0.36,0.14,15.23,9.75,3.1,1.0,0.029,0.0,4.3,0.12,7,0.161,0.026,0.012,9,0.082,0.18,7,0.048,12,0.1,0.1,0.001111111,0.017058824,0.0,0.047777778,0.008,0.0175,0.0100625,0.02,0.01,0.0075,9.11111e-05,0.016666667,0.017142857,0.001818182,0.009090909
9253,Fruits and Fruit Juices,"PEARS,CND,H2O PK,SOL&LIQUIDS","Pears, canned, water pack, solids and liquids",,,,29,0.19,0.03,7.81,6.1,1.6,0.0,0.014,0.0,1.0,0.08,1,0.054,0.01,0.008,4,0.051,0.21,4,0.034,7,0.0,0.09,0.0,0.008235294,0.0,0.011111111,0.005333333,0.0025,0.003375,0.007692308,0.006666667,0.003333333,5.66667e-05,0.00952381,0.01,0.0,0.008181818
9254,Fruits and Fruit Juices,"PEARS,CND,JUC PK,SOL&LIQUIDS","Pears, canned, juice pack, solids and liquids",,,,50,0.34,0.07,12.94,9.7,1.6,0.0,0.014,0.0,1.6,0.08,1,0.2,0.011,0.011,9,0.053,0.29,7,0.034,12,0.0,0.09,0.0,0.008235294,0.0,0.017777778,0.005333333,0.0025,0.0125,0.008461538,0.009166667,0.0075,5.88889e-05,0.016666667,0.017142857,0.0,0.008181818
9255,Fruits and Fruit Juices,"PEARS,CND,EX LT SYRUP PK,SOL&LIQUIDS","Pears, canned, extra light syrup pack, solids and liquids",,,,47,0.3,0.1,12.2,0.0,1.6,0.0,0.014,0.0,2.0,0.0,1,0.4,0.02,0.01,7,0.07,0.2,5,0.033,7,0.0,0.07,0.0,0.008235294,0.0,0.022222222,0.0,0.0025,0.025,0.015384615,0.008333333,0.005833333,7.77778e-05,0.011904762,0.01,0.0,0.006363636
9256,Fruits and Fruit Juices,"PEARS,CND,LT SYRUP PK,SOL&LIQUIDS","Pears, canned, light syrup pack, solids and liquids",,,,57,0.19,0.03,15.17,12.1,1.6,0.0,0.014,0.0,0.7,0.08,1,0.154,0.016,0.01,5,0.049,0.28,4,0.033,7,0.0,0.08,0.0,0.008235294,0.0,0.007777778,0.005333333,0.0025,0.009625,0.012307692,0.008333333,0.004166667,5.44444e-05,0.00952381,0.01,0.0,0.007272727
9257,Fruits and Fruit Juices,"PEARS,CND,HVY SYRUP PK,SOL&LIQUIDS","Pears, canned, heavy syrup pack, solids and liquids",,,,74,0.2,0.13,19.17,15.2,1.6,0.0,0.014,0.0,1.1,0.08,1,0.242,0.022,0.01,5,0.049,0.22,4,0.032,7,0.0,0.08,0.0,0.008235294,0.0,0.012222222,0.005333333,0.0025,0.015125,0.016923077,0.008333333,0.004166667,5.44444e-05,0.00952381,0.01,0.0,0.007272727
9258,Fruits and Fruit Juices,"PEARS,CND,EX HVY SYRUP PK,SOL&LIQUIDS","Pears, canned, extra heavy syrup pack, solids and liquids",,,,97,0.19,0.13,25.25,0.0,1.6,0.0,0.014,0.0,1.1,0.0,1,0.238,0.022,0.01,5,0.048,0.22,4,0.032,7,0.0,0.08,0.0,0.008235294,0.0,0.012222222,0.0,0.0025,0.014875,0.016923077,0.008333333,0.004166667,5.33333e-05,0.00952381,0.01,0.0,0.007272727
9259,Fruits and Fruit Juices,"PEARS,DRIED,SULFURED,UNCKD","Pears, dried, sulfured, uncooked",,,,262,1.87,0.63,69.7,62.2,7.5,0.0,0.072,0.0,7.0,0.06,0,1.372,0.145,0.008,34,0.371,2.1,33,0.327,59,0.2,0.39,0.0,0.042352941,0.0,0.077777778,0.004,0.0,0.08575,0.111538462,0.006666667,0.028333333,0.000412222,0.078571429,0.084285714,0.003636364,0.035454545
9260,Fruits and Fruit Juices,"PEARS,DRIED,SULFURED,STWD,WO/ SUGAR","Pears, dried, sulfured, stewed, without added sugar",,,,127,0.91,0.31,33.81,27.41,6.4,2.0,0.035,0.0,4.0,0.03,0,0.351,0.02,0.004,16,0.18,1.02,16,0.159,28,0.1,0.19,0.002222222,0.020588235,0.0,0.044444444,0.002,0.0,0.0219375,0.015384615,0.003333333,0.013333333,0.0002,0.038095238,0.04,0.001818182,0.017272727
9261,Fruits and Fruit Juices,"PEARS,DRIED,SULFURED,STWD,W/ SUGAR","Pears, dried, sulfured, stewed, with added sugar",,,,140,0.86,0.29,37.14,0.0,5.8,2.0,0.033,0.0,3.8,0.0,0,0.333,0.019,0.004,15,0.171,0.97,15,0.151,27,2.4,0.18,0.002222222,0.019411765,0.0,0.042222222,0.0,0.0,0.0208125,0.014615385,0.003333333,0.0125,0.00019,0.035714286,0.038571429,0.043636364,0.016363636
9262,Fruits and Fruit Juices,"PEAR NECTAR,CND,WO/ VIT C","Pear nectar, canned, without added ascorbic acid",,,,60,0.11,0.01,15.76,15.16,0.6,0.0,0.014,0.0,1.1,0.05,1,0.128,0.013,0.002,5,0.067,0.26,3,0.03,3,0.0,0.07,0.0,0.008235294,0.0,0.012222222,0.003333333,0.0025,0.008,0.01,0.001666667,0.004166667,7.44444e-05,0.007142857,0.004285714,0.0,0.006363636
9263,Fruits and Fruit Juices,"PERSIMMONS,JAPANESE,RAW","Persimmons, japanese, raw",,,Diospyros kaki,70,0.58,0.19,18.59,12.53,3.6,81.0,0.1,0.0,7.5,0.73,8,0.1,0.02,0.03,8,0.113,0.15,9,0.355,17,0.6,0.11,0.09,0.058823529,0.0,0.083333333,0.048666667,0.02,0.00625,0.015384615,0.025,0.006666667,0.000125556,0.021428571,0.024285714,0.010909091,0.01
9264,Fruits and Fruit Juices,"PERSIMMONS,JAPANESE,DRIED","Persimmons, japanese, dried",,,,274,1.38,0.59,73.43,0.0,14.5,38.0,0.0,0.0,0.0,0.0,0,0.18,0.029,0.0,25,0.442,0.74,31,1.39,81,0.0,0.42,0.042222222,0.0,0.0,0.0,0.0,0.0,0.01125,0.022307692,0.0,0.020833333,0.000491111,0.073809524,0.115714286,0.0,0.038181818
9265,Fruits and Fruit Juices,"PERSIMMONS,NATIVE,RAW","Persimmons, native, raw",,,Diospyros virginiana,127,0.8,0.4,33.5,0.0,0.0,0.0,0.0,0.0,66.0,0.0,0,0.0,0.0,0.0,27,0.0,2.5,0,0.0,26,0.0,0.0,0.0,0.0,0.0,0.733333333,0.0,0.0,0.0,0.0,0.0,0.0225,0.0,0.0,0.037142857,0.0,0.0
9266,Fruits and Fruit Juices,"PINEAPPLE,RAW,ALL VAR","Pineapple, raw, all varieties",,,Ananas comosus,50,0.54,0.12,13.12,9.85,1.4,3.0,0.112,0.0,47.8,0.02,18,0.5,0.032,0.079,13,0.11,0.29,12,0.927,8,0.1,0.12,0.003333333,0.065882353,0.0,0.531111111,0.001333333,0.045,0.03125,0.024615385,0.065833333,0.010833333,0.000122222,0.028571429,0.011428571,0.001818182,0.010909091
9267,Fruits and Fruit Juices,"PINEAPPLE,CND,H2O PK,SOL&LIQUIDS","Pineapple, canned, water pack, solids and liquids",,,,32,0.43,0.09,8.3,7.5,0.8,2.0,0.074,0.0,7.7,0.01,5,0.298,0.026,0.093,15,0.105,0.4,18,1.121,4,0.4,0.12,0.002222222,0.043529412,0.0,0.085555556,0.000666667,0.0125,0.018625,0.02,0.0775,0.0125,0.000116667,0.042857143,0.005714286,0.007272727,0.010909091
9268,Fruits and Fruit Juices,"PINEAPPLE,CND,JUC PK,SOL&LIQUIDS","Pineapple, canned, juice pack, solids and liquids",,,,60,0.42,0.08,15.7,14.45,0.8,2.0,0.074,0.0,9.5,0.01,5,0.284,0.019,0.095,14,0.086,0.28,14,1.121,6,0.4,0.1,0.002222222,0.043529412,0.0,0.105555556,0.000666667,0.0125,0.01775,0.014615385,0.079166667,0.011666667,9.55556e-05,0.033333333,0.008571429,0.007272727,0.009090909
9269,Fruits and Fruit Juices,"PINEAPPLE,CND,LT SYRUP PK,SOL&LIQUIDS","Pineapple, canned, light syrup pack, solids and liquids",,,,52,0.36,0.12,13.45,12.65,0.8,2.0,0.074,0.0,7.5,0.01,5,0.292,0.025,0.091,14,0.103,0.39,16,1.097,7,0.4,0.12,0.002222222,0.043529412,0.0,0.083333333,0.000666667,0.0125,0.01825,0.019230769,0.075833333,0.011666667,0.000114444,0.038095238,0.01,0.007272727,0.010909091
9270,Fruits and Fruit Juices,"PINEAPPLE,CND,HVY SYRUP PK,SOL&LIQUIDS","Pineapple, canned, heavy syrup pack, solids and liquids",,,,78,0.35,0.11,20.2,16.9,0.8,1.0,0.074,0.0,7.4,0.01,5,0.287,0.025,0.09,14,0.101,0.38,16,1.08,7,0.4,0.12,0.001111111,0.043529412,0.0,0.082222222,0.000666667,0.0125,0.0179375,0.019230769,0.075,0.011666667,0.000112222,0.038095238,0.01,0.007272727,0.010909091
9271,Fruits and Fruit Juices,"PINEAPPLE,CND,EX HVY SYRUP PK,SOL&LIQUIDS","Pineapple, canned, extra heavy syrup pack, solids and liquids",,,,83,0.34,0.11,21.5,0.0,0.8,1.0,0.074,0.0,7.3,0.0,5,0.282,0.025,0.089,14,0.099,0.38,15,1.062,7,0.0,0.11,0.001111111,0.043529412,0.0,0.081111111,0.0,0.0125,0.017625,0.019230769,0.074166667,0.011666667,0.00011,0.035714286,0.01,0.0,0.01
9272,Fruits and Fruit Juices,"PINEAPPLE,FRZ,CHUNKS,SWTND","Pineapple, frozen, chunks, sweetened",,,,86,0.4,0.1,22.2,21.1,1.1,2.0,0.075,0.0,8.0,0.02,11,0.3,0.03,0.1,9,0.099,0.4,10,1.062,4,0.1,0.11,0.002222222,0.044117647,0.0,0.088888889,0.001333333,0.0275,0.01875,0.023076923,0.083333333,0.0075,0.00011,0.023809524,0.005714286,0.001818182,0.01
9273,Fruits and Fruit Juices,"PINEAPPLE JUC,CND OR BTLD,UNSWTND,WO/ ADDED VIT C","Pineapple juice, canned or bottled, unsweetened, without added ascorbic acid",,,,53,0.36,0.12,12.87,9.98,0.2,0.0,0.1,0.0,10.0,0.02,18,0.199,0.021,0.058,13,0.069,0.31,12,0.504,8,0.1,0.11,0.0,0.058823529,0.0,0.111111111,0.001333333,0.045,0.0124375,0.016153846,0.048333333,0.010833333,7.66667e-05,0.028571429,0.011428571,0.001818182,0.01
9274,Fruits and Fruit Juices,"PINEAPPLE JUC,FRZ CONC,UNSWTND,UNDIL","Pineapple juice, frozen concentrate, unsweetened, undiluted",,,,179,1.3,0.1,44.3,43.6,0.7,3.0,0.255,0.0,42.0,0.03,37,0.9,0.06,0.23,39,0.313,0.9,35,3.439,28,0.4,0.4,0.003333333,0.15,0.0,0.466666667,0.002,0.0925,0.05625,0.046153846,0.191666667,0.0325,0.000347778,0.083333333,0.04,0.007272727,0.036363636
9275,Fruits and Fruit Juices,"PINEAPPLE JUC,FRZ CONC,UNSWTND,DIL W/3 VOLUME H2O","Pineapple juice, frozen concentrate, unsweetened, diluted with 3 volume water",,,,51,0.4,0.03,12.67,12.47,0.2,1.0,0.074,0.0,12.0,0.01,11,0.2,0.02,0.07,13,0.045,0.16,14,1.049,9,0.1,0.08,0.001111111,0.043529412,0.0,0.133333333,0.000666667,0.0275,0.0125,0.015384615,0.058333333,0.010833333,5e-05,0.033333333,0.012857143,0.001818182,0.007272727
9276,Fruits and Fruit Juices,"PITANGA,(SURINAM-CHERRY),RAW","Pitanga, (surinam-cherry), raw",,,Eugenia uniflora,33,0.8,0.4,7.49,0.0,0.0,75.0,0.0,0.0,26.3,0.0,0,0.3,0.04,0.03,9,0.0,0.2,12,0.0,11,0.0,0.0,0.083333333,0.0,0.0,0.292222222,0.0,0.0,0.01875,0.030769231,0.025,0.0075,0.0,0.028571429,0.015714286,0.0,0.0
9277,Fruits and Fruit Juices,"PLANTAINS,RAW","Plantains, raw",,,Musa X paradisiaca,122,1.3,0.37,31.89,15.0,2.3,56.0,0.299,0.0,18.4,0.14,22,0.686,0.054,0.052,3,0.081,0.6,37,0.0,34,1.5,0.14,0.062222222,0.175882353,0.0,0.204444444,0.009333333,0.055,0.042875,0.041538462,0.043333333,0.0025,9e-05,0.088095238,0.048571429,0.027272727,0.012727273
9278,Fruits and Fruit Juices,"PLANTAINS,COOKED","Plantains, cooked",,,,116,0.79,0.18,31.15,14.0,2.3,45.0,0.24,0.0,10.9,0.13,26,0.756,0.052,0.046,2,0.066,0.58,32,0.0,28,1.4,0.13,0.05,0.141176471,0.0,0.121111111,0.008666667,0.065,0.04725,0.04,0.038333333,0.001666667,7.33333e-05,0.076190476,0.04,0.025454545,0.011818182
9279,Fruits and Fruit Juices,"PLUMS,RAW","Plums, raw",,,Prunus spp.,46,0.7,0.28,11.42,9.92,1.4,17.0,0.029,0.0,9.5,0.26,5,0.417,0.026,0.028,6,0.057,0.17,7,0.052,16,0.0,0.1,0.018888889,0.017058824,0.0,0.105555556,0.017333333,0.0125,0.0260625,0.02,0.023333333,0.005,6.33333e-05,0.016666667,0.022857143,0.0,0.009090909
9281,Fruits and Fruit Juices,"PLUMS,CND,PURPLE,H2O PK,SOL&LIQUIDS","Plums, canned, purple, water pack, solids and liquids",,,,41,0.39,0.01,11.03,10.1,0.9,46.0,0.027,0.0,2.7,0.18,3,0.37,0.041,0.021,7,0.039,0.16,5,0.033,13,0.0,0.08,0.051111111,0.015882353,0.0,0.03,0.012,0.0075,0.023125,0.031538462,0.0175,0.005833333,4.33333e-05,0.011904762,0.018571429,0.0,0.007272727
9282,Fruits and Fruit Juices,"PLUMS,CND,PURPLE,JUC PK,SOL&LIQUIDS","Plums, canned, purple, juice pack, solids and liquids",,,,58,0.51,0.02,15.15,14.22,0.9,50.0,0.027,0.0,2.8,0.18,3,0.473,0.059,0.023,10,0.054,0.34,8,0.033,15,0.0,0.11,0.055555556,0.015882353,0.0,0.031111111,0.012,0.0075,0.0295625,0.045384615,0.019166667,0.008333333,6e-05,0.019047619,0.021428571,0.0,0.01
9283,Fruits and Fruit Juices,"PLUMS,CND,PURPLE,LT SYRUP PK,SOL&LIQUIDS","Plums, canned, purple, light syrup pack, solids and liquids",,,,63,0.37,0.1,16.28,15.35,0.9,12.0,0.027,0.0,0.4,0.18,3,0.297,0.039,0.016,9,0.038,0.86,5,0.032,13,0.0,0.08,0.013333333,0.015882353,0.0,0.004444444,0.012,0.0075,0.0185625,0.03,0.013333333,0.0075,4.22222e-05,0.011904762,0.018571429,0.0,0.007272727
9284,Fruits and Fruit Juices,"PLUMS,CND,PURPLE,HVY SYRUP PK,SOL&LIQUIDS","Plums, canned, purple, heavy syrup pack, solids and liquids",,,,89,0.36,0.1,23.24,22.31,0.9,13.0,0.027,0.0,0.4,0.18,3,0.291,0.038,0.016,9,0.037,0.84,5,0.031,13,0.0,0.07,0.014444444,0.015882353,0.0,0.004444444,0.012,0.0075,0.0181875,0.029230769,0.013333333,0.0075,4.11111e-05,0.011904762,0.018571429,0.0,0.006363636
9285,Fruits and Fruit Juices,"PLUMS,CND,PURPLE,EX HVY SYRUP PK,SOL&LIQUIDS","Plums, canned, purple, extra heavy syrup pack, solids and liquids",,,,101,0.36,0.1,26.31,0.0,1.0,13.0,0.027,0.0,0.4,0.0,3,0.285,0.037,0.016,9,0.036,0.82,5,0.031,12,0.0,0.07,0.014444444,0.015882353,0.0,0.004444444,0.0,0.0075,0.0178125,0.028461538,0.013333333,0.0075,4e-05,0.011904762,0.017142857,0.0,0.006363636
9286,Fruits and Fruit Juices,"POMEGRANATES,RAW","Pomegranates, raw",,,Punica granatum,83,1.67,1.17,18.7,13.67,4.0,0.0,0.075,0.0,10.2,0.6,38,0.293,0.053,0.067,10,0.158,0.3,12,0.119,36,0.5,0.35,0.0,0.044117647,0.0,0.113333333,0.04,0.095,0.0183125,0.040769231,0.055833333,0.008333333,0.000175556,0.028571429,0.051428571,0.009090909,0.031818182
9287,Fruits and Fruit Juices,"PRICKLY PEARS,RAW","Prickly pears, raw",,,Opuntia spp.,41,0.73,0.51,9.57,0.0,3.6,2.0,0.06,0.0,14.0,0.0,6,0.46,0.06,0.014,56,0.08,0.3,85,0.0,24,0.6,0.12,0.002222222,0.035294118,0.0,0.155555556,0.0,0.015,0.02875,0.046153846,0.011666667,0.046666667,8.88889e-05,0.202380952,0.034285714,0.010909091,0.010909091
9288,Fruits and Fruit Juices,"PRUNES,CND,HVY SYRUP PK,SOL&LIQUIDS","Prunes, canned, heavy syrup pack, solids and liquids",,,Prunus domestica,105,0.87,0.2,27.8,0.0,3.8,40.0,0.203,0.0,2.8,0.0,0,0.866,0.122,0.034,17,0.118,0.41,15,0.098,26,0.0,0.19,0.044444444,0.119411765,0.0,0.031111111,0.0,0.0,0.054125,0.093846154,0.028333333,0.014166667,0.000131111,0.035714286,0.037142857,0.0,0.017272727
9289,Fruits and Fruit Juices,"PRUNES,DEHYD (LOW-MOISTURE),UNCKD","Prunes, dehydrated (low-moisture), uncooked",,,,339,3.7,0.73,89.07,0.0,0.0,88.0,0.745,0.0,0.0,0.0,2,2.995,0.165,0.118,72,0.611,3.52,64,0.312,112,0.0,0.75,0.097777778,0.438235294,0.0,0.0,0.0,0.005,0.1871875,0.126923077,0.098333333,0.06,0.000678889,0.152380952,0.16,0.0,0.068181818
9290,Fruits and Fruit Juices,"PRUNES,DEHYD (LOW-MOISTURE),STWD","Prunes, dehydrated (low-moisture), stewed",,,,113,1.23,0.24,29.7,0.0,0.0,26.0,0.191,0.0,0.0,0.0,0,0.985,0.03,0.046,24,0.204,1.17,21,0.104,37,0.0,0.25,0.028888889,0.112352941,0.0,0.0,0.0,0.0,0.0615625,0.023076923,0.038333333,0.02,0.000226667,0.05,0.052857143,0.0,0.022727273
9291,Fruits and Fruit Juices,"PLUMS,DRIED (PRUNES),UNCKD","Plums, dried (prunes), uncooked",,,,240,2.18,0.38,63.88,38.13,7.1,39.0,0.205,0.0,0.6,0.43,4,1.882,0.186,0.051,43,0.281,0.93,41,0.299,69,0.3,0.44,0.043333333,0.120588235,0.0,0.006666667,0.028666667,0.01,0.117625,0.143076923,0.0425,0.035833333,0.000312222,0.097619048,0.098571429,0.005454545,0.04
9292,Fruits and Fruit Juices,"PLUMS,DRIED (PRUNES),STWD,WO/ ADDED SUGAR","Plums, dried (prunes), stewed, without added sugar",,,,107,0.96,0.16,28.08,24.98,3.1,17.0,0.218,0.0,2.9,0.19,0,0.723,0.1,0.024,19,0.123,0.41,18,0.131,30,0.1,0.19,0.018888889,0.128235294,0.0,0.032222222,0.012666667,0.0,0.0451875,0.076923077,0.02,0.015833333,0.000136667,0.042857143,0.042857143,0.001818182,0.017272727
9293,Fruits and Fruit Juices,"PLUMS,DRIED (PRUNES),STWD,W/ ADDED SUGAR","Plums, dried (prunes), stewed, with added sugar",,,,124,1.09,0.22,32.88,0.0,3.8,14.0,0.203,0.0,2.7,0.0,0,0.675,0.093,0.022,21,0.18,1.04,19,0.092,33,1.0,0.22,0.015555556,0.119411765,0.0,0.03,0.0,0.0,0.0421875,0.071538462,0.018333333,0.0175,0.0002,0.045238095,0.047142857,0.018181818,0.02
9294,Fruits and Fruit Juices,"PRUNE JUICE,CANNED","Prune juice, canned",,,,71,0.61,0.03,17.45,16.45,1.0,0.0,0.218,0.0,4.1,0.12,0,0.785,0.07,0.016,12,0.068,1.18,14,0.151,25,0.6,0.21,0.0,0.128235294,0.0,0.045555556,0.008,0.0,0.0490625,0.053846154,0.013333333,0.01,7.55556e-05,0.033333333,0.035714286,0.010909091,0.019090909
9295,Fruits and Fruit Juices,"PUMMELO,RAW","Pummelo, raw",,,Citrus maxima,38,0.76,0.04,9.62,0.0,1.0,0.0,0.036,0.0,61.0,0.0,0,0.22,0.027,0.034,4,0.048,0.11,6,0.017,17,0.0,0.08,0.0,0.021176471,0.0,0.677777778,0.0,0.0,0.01375,0.020769231,0.028333333,0.003333333,5.33333e-05,0.014285714,0.024285714,0.0,0.007272727
9296,Fruits and Fruit Juices,"QUINCES,RAW","Quinces, raw",,,Cydonia oblonga,57,0.4,0.1,15.3,0.0,1.9,2.0,0.04,0.0,15.0,0.0,3,0.2,0.03,0.02,11,0.13,0.7,8,0.0,17,0.6,0.04,0.002222222,0.023529412,0.0,0.166666667,0.0,0.0075,0.0125,0.023076923,0.016666667,0.009166667,0.000144444,0.019047619,0.024285714,0.010909091,0.003636364
9297,Fruits and Fruit Juices,"RAISINS,GOLDEN SEEDLESS","Raisins, golden seedless",,,Vitis vinifera,302,3.39,0.46,79.52,59.19,4.0,0.0,0.323,0.0,3.2,0.12,3,1.142,0.191,0.008,53,0.363,1.79,35,0.308,115,0.7,0.32,0.0,0.19,0.0,0.035555556,0.008,0.0075,0.071375,0.146923077,0.006666667,0.044166667,0.000403333,0.083333333,0.164285714,0.012727273,0.029090909
9298,Fruits and Fruit Juices,"RAISINS,SEEDLESS","Raisins, seedless",,,Vitis vinifera,299,3.07,0.46,79.18,59.19,3.7,0.0,0.174,0.0,2.3,0.12,5,0.766,0.125,0.106,50,0.318,1.88,32,0.299,101,0.6,0.22,0.0,0.102352941,0.0,0.025555556,0.008,0.0125,0.047875,0.096153846,0.088333333,0.041666667,0.000353333,0.076190476,0.144285714,0.010909091,0.02
9299,Fruits and Fruit Juices,"RAISINS,SEEDED","Raisins, seeded",,,Vitis vinifera,296,2.52,0.54,78.47,0.0,6.8,0.0,0.188,0.0,5.4,0.0,3,1.114,0.182,0.112,28,0.302,2.59,30,0.267,75,0.6,0.18,0.0,0.110588235,0.0,0.06,0.0,0.0075,0.069625,0.14,0.093333333,0.023333333,0.000335556,0.071428571,0.107142857,0.010909091,0.016363636
9301,Fruits and Fruit Juices,"RAMBUTAN,CND,SYRUP PK","Rambutan, canned, syrup pack",,,Nephelium lappaceum,82,0.65,0.21,20.87,0.0,0.9,0.0,0.02,0.0,4.9,0.0,8,1.352,0.022,0.013,22,0.066,0.35,7,0.343,9,0.0,0.08,0.0,0.011764706,0.0,0.054444444,0.0,0.02,0.0845,0.016923077,0.010833333,0.018333333,7.33333e-05,0.016666667,0.012857143,0.0,0.007272727
9302,Fruits and Fruit Juices,"RASPBERRIES,RAW","Raspberries, raw",,,Rubus spp.,52,1.2,0.65,11.94,4.42,6.5,2.0,0.055,0.0,26.2,0.87,21,0.598,0.038,0.032,25,0.09,0.69,22,0.67,29,0.2,0.42,0.002222222,0.032352941,0.0,0.291111111,0.058,0.0525,0.037375,0.029230769,0.026666667,0.020833333,0.0001,0.052380952,0.041428571,0.003636364,0.038181818
9304,Fruits and Fruit Juices,"RASPBERRIES,CND,RED,HVY SYRUP PK,SOL&LIQUIDS","Raspberries, canned, red, heavy syrup pack, solids and liquids",,,,91,0.83,0.12,23.36,20.06,3.3,2.0,0.042,0.0,8.7,0.59,11,0.443,0.031,0.02,11,0.057,0.42,12,0.233,9,0.1,0.16,0.002222222,0.024705882,0.0,0.096666667,0.039333333,0.0275,0.0276875,0.023846154,0.016666667,0.009166667,6.33333e-05,0.028571429,0.012857143,0.001818182,0.014545455
9306,Fruits and Fruit Juices,"RASPBERRIES,FRZ,RED,SWTND","Raspberries, frozen, red, sweetened",,,,103,0.7,0.16,26.16,21.76,4.4,3.0,0.034,0.0,16.5,0.72,26,0.23,0.045,0.019,15,0.105,0.65,13,0.65,17,0.3,0.18,0.003333333,0.02,0.0,0.183333333,0.048,0.065,0.014375,0.034615385,0.015833333,0.0125,0.000116667,0.030952381,0.024285714,0.005454545,0.016363636
9307,Fruits and Fruit Juices,"RHUBARB,RAW","Rhubarb, raw",,,Rheum rhabarbarum,21,0.9,0.2,4.54,1.1,1.8,5.0,0.024,0.0,8.0,0.27,7,0.3,0.03,0.02,86,0.021,0.22,12,0.196,14,1.1,0.1,0.005555556,0.014117647,0.0,0.088888889,0.018,0.0175,0.01875,0.023076923,0.016666667,0.071666667,2.33333e-05,0.028571429,0.02,0.02,0.009090909
9309,Fruits and Fruit Juices,"RHUBARB,FROZEN,UNCOOKED","Rhubarb, frozen, uncooked",,,,21,0.55,0.11,5.1,1.1,1.8,5.0,0.025,0.0,4.8,0.27,8,0.203,0.029,0.031,194,0.023,0.29,18,0.097,12,1.1,0.1,0.005555556,0.014705882,0.0,0.053333333,0.018,0.02,0.0126875,0.022307692,0.025833333,0.161666667,2.55556e-05,0.042857143,0.017142857,0.02,0.009090909
9310,Fruits and Fruit Juices,"RHUBARB,FRZ,CKD,W/SUGAR","Rhubarb, frozen, cooked, with sugar",,,,116,0.39,0.05,31.2,28.7,2.0,4.0,0.02,0.0,3.3,0.19,5,0.2,0.023,0.018,145,0.027,0.21,12,0.073,8,0.9,0.08,0.004444444,0.011764706,0.0,0.036666667,0.012666667,0.0125,0.0125,0.017692308,0.015,0.120833333,3e-05,0.028571429,0.011428571,0.016363636,0.007272727
9311,Fruits and Fruit Juices,"ROSELLE,RAW","Roselle, raw",,,Hibiscus sabdariffa,49,0.96,0.64,11.31,0.0,0.0,14.0,0.0,0.0,12.0,0.0,0,0.31,0.028,0.011,215,0.0,1.48,51,0.0,37,0.0,0.0,0.015555556,0.0,0.0,0.133333333,0.0,0.0,0.019375,0.021538462,0.009166667,0.179166667,0.0,0.121428571,0.052857143,0.0,0.0
9312,Fruits and Fruit Juices,"ROSE-APPLES,RAW","Rose-apples, raw",,,Syzygium jambos,25,0.6,0.3,5.7,0.0,0.0,17.0,0.0,0.0,22.3,0.0,0,0.8,0.03,0.02,29,0.016,0.07,5,0.029,8,0.0,0.06,0.018888889,0.0,0.0,0.247777778,0.0,0.0,0.05,0.023076923,0.016666667,0.024166667,1.77778e-05,0.011904762,0.011428571,0.0,0.005454545
9313,Fruits and Fruit Juices,"SAPODILLA,RAW","Sapodilla, raw",,,Manilkara zapota,83,0.44,1.1,19.96,0.0,5.3,3.0,0.037,0.0,14.7,0.0,14,0.2,0.02,0.0,21,0.086,0.8,12,0.0,12,0.6,0.1,0.003333333,0.021764706,0.0,0.163333333,0.0,0.035,0.0125,0.015384615,0.0,0.0175,9.55556e-05,0.028571429,0.017142857,0.010909091,0.009090909
9314,Fruits and Fruit Juices,"SAPOTE,MAMEY,RAW","Sapote, mamey, raw","mamey colorado, marmalade plum",,Pouteria sapota,124,1.45,0.46,32.1,20.14,5.4,7.0,0.72,0.0,23.0,2.11,0,1.432,0.116,0.013,18,0.213,0.78,11,0.204,26,0.0,0.19,0.007777778,0.423529412,0.0,0.255555556,0.140666667,0.0,0.0895,0.089230769,0.010833333,0.015,0.000236667,0.026190476,0.037142857,0.0,0.017272727
9315,Fruits and Fruit Juices,"SOURSOP,RAW","Soursop, raw",,,Annona muricata,66,1.0,0.3,16.84,13.54,3.3,0.0,0.059,0.0,20.6,0.08,14,0.9,0.05,0.07,14,0.086,0.6,21,0.0,27,0.6,0.1,0.0,0.034705882,0.0,0.228888889,0.005333333,0.035,0.05625,0.038461538,0.058333333,0.011666667,9.55556e-05,0.05,0.038571429,0.010909091,0.009090909
9316,Fruits and Fruit Juices,"STRAWBERRIES,RAW","Strawberries, raw",,,Fragaria X ananassa,32,0.67,0.3,7.68,4.89,2.0,1.0,0.047,0.0,58.8,0.29,24,0.386,0.022,0.024,16,0.048,0.41,13,0.386,24,0.4,0.14,0.001111111,0.027647059,0.0,0.653333333,0.019333333,0.06,0.024125,0.016923077,0.02,0.013333333,5.33333e-05,0.030952381,0.034285714,0.007272727,0.012727273
9317,Fruits and Fruit Juices,"STRAWBERRIES,CND,HVY SYRUP PK,SOL&LIQUIDS","Strawberries, canned, heavy syrup pack, solids and liquids",,,,92,0.56,0.26,23.53,21.83,1.7,1.0,0.049,0.0,31.7,0.19,28,0.057,0.034,0.021,13,0.063,0.49,8,0.2,12,0.3,0.09,0.001111111,0.028823529,0.0,0.352222222,0.012666667,0.07,0.0035625,0.026153846,0.0175,0.010833333,7e-05,0.019047619,0.017142857,0.005454545,0.008181818
9318,Fruits and Fruit Juices,"STRAWBERRIES,FRZ,UNSWTND","Strawberries, frozen, unsweetened",,,,35,0.43,0.11,9.13,4.56,2.1,2.0,0.028,0.0,41.2,0.29,17,0.462,0.037,0.022,16,0.049,0.75,11,0.29,13,0.7,0.13,0.002222222,0.016470588,0.0,0.457777778,0.019333333,0.0425,0.028875,0.028461538,0.018333333,0.013333333,5.44444e-05,0.026190476,0.018571429,0.012727273,0.011818182
9319,Fruits and Fruit Juices,"STRAWBERRIES,FRZ,SWTND,WHL","Strawberries, frozen, sweetened, whole",,,,78,0.52,0.14,21.0,18.61,1.9,1.0,0.028,0.0,39.5,0.24,4,0.293,0.077,0.015,11,0.019,0.47,6,0.249,12,0.7,0.05,0.001111111,0.016470588,0.0,0.438888889,0.016,0.01,0.0183125,0.059230769,0.0125,0.009166667,2.11111e-05,0.014285714,0.017142857,0.012727273,0.004545455
9320,Fruits and Fruit Juices,"STRAWBERRIES,FRZ,SWTND,SLICED","Strawberries, frozen, sweetened, sliced",,,,96,0.53,0.13,25.92,24.01,1.9,1.0,0.03,0.0,41.4,0.23,15,0.401,0.051,0.016,11,0.02,0.59,7,0.25,13,0.7,0.06,0.001111111,0.017647059,0.0,0.46,0.015333333,0.0375,0.0250625,0.039230769,0.013333333,0.009166667,2.22222e-05,0.016666667,0.018571429,0.012727273,0.005454545
9321,Fruits and Fruit Juices,"SUGAR-APPLES,(SWEETSOP),RAW","Sugar-apples, (sweetsop), raw",,,Annona squamosa,94,2.06,0.29,23.64,0.0,4.4,0.0,0.2,0.0,36.3,0.0,14,0.883,0.113,0.11,24,0.086,0.6,21,0.0,32,0.6,0.1,0.0,0.117647059,0.0,0.403333333,0.0,0.035,0.0551875,0.086923077,0.091666667,0.02,9.55556e-05,0.05,0.045714286,0.010909091,0.009090909
9322,Fruits and Fruit Juices,"TAMARINDS,RAW","Tamarinds, raw",,,Tamarindus indica,239,2.8,0.6,62.5,38.8,5.1,2.0,0.066,0.0,3.5,0.1,14,1.938,0.152,0.428,74,0.086,2.8,92,0.0,113,1.3,0.1,0.002222222,0.038823529,0.0,0.038888889,0.006666667,0.035,0.121125,0.116923077,0.356666667,0.061666667,9.55556e-05,0.219047619,0.161428571,0.023636364,0.009090909
9325,Fruits and Fruit Juices,"FRUIT SALAD,TROPICAL,CND,HVY SYRUP,SOL&LIQUIDS","Fruit salad, (pineapple and papaya and banana and guava), tropical, canned, heavy syrup, solids and liquids",,,,86,0.41,0.1,22.36,0.0,1.3,6.0,0.12,0.0,17.5,0.0,9,0.562,0.045,0.054,13,0.08,0.52,13,0.0,7,0.5,0.11,0.006666667,0.070588235,0.0,0.194444444,0.0,0.0225,0.035125,0.034615385,0.045,0.010833333,8.88889e-05,0.030952381,0.01,0.009090909,0.01
9326,Fruits and Fruit Juices,"WATERMELON,RAW","Watermelon, raw",,,Citrullus lanatus,30,0.61,0.15,7.55,6.2,0.4,28.0,0.045,0.0,8.1,0.05,3,0.178,0.021,0.033,7,0.042,0.24,10,0.038,11,0.4,0.1,0.031111111,0.026470588,0.0,0.09,0.003333333,0.0075,0.011125,0.016153846,0.0275,0.005833333,4.66667e-05,0.023809524,0.015714286,0.007272727,0.009090909
9328,Fruits and Fruit Juices,"MARASCHINO CHERRIES,CND,DRND","Maraschino cherries, canned, drained",,,,165,0.22,0.21,41.97,38.77,3.2,2.0,0.005,0.0,0.0,0.05,0,0.004,0.0,0.0,54,0.143,0.43,4,0.012,3,0.2,0.26,0.002222222,0.002941176,0.0,0.0,0.003333333,0.0,0.00025,0.0,0.0,0.045,0.000158889,0.00952381,0.004285714,0.003636364,0.023636364
9334,Fruits and Fruit Juices,"FEIJOA,RAW","Feijoa, raw",,,Acca sellowiana,61,0.71,0.42,15.21,8.2,6.4,0.0,0.067,0.0,32.9,0.16,23,0.295,0.018,0.006,17,0.036,0.14,9,0.084,19,0.0,0.06,0.0,0.039411765,0.0,0.365555556,0.010666667,0.0575,0.0184375,0.013846154,0.005,0.014166667,4e-05,0.021428571,0.027142857,0.0,0.005454545
9340,Fruits and Fruit Juices,"PEARS,ASIAN,RAW","Pears, asian, raw",,,Pyrus pyrifolia (Burman f.) Nakai,42,0.5,0.23,10.65,7.05,3.6,0.0,0.022,0.0,3.8,0.12,8,0.219,0.01,0.009,4,0.05,0.0,8,0.06,11,0.1,0.02,0.0,0.012941176,0.0,0.042222222,0.008,0.02,0.0136875,0.007692308,0.0075,0.003333333,5.55556e-05,0.019047619,0.015714286,0.001818182,0.001818182
9351,Fruits and Fruit Juices,"FRUIT COCKTAIL,CND,HVY SYRUP,DRND","Fruit cocktail, canned, heavy syrup, drained",,,,70,0.47,0.1,18.8,17.14,1.7,14.0,0.051,0.0,1.9,0.6,3,0.374,0.021,0.019,7,0.086,0.29,5,0.0,12,0.5,0.08,0.015555556,0.03,0.0,0.021111111,0.04,0.0075,0.023375,0.016153846,0.015833333,0.005833333,9.55556e-05,0.011904762,0.017142857,0.009090909,0.007272727
9352,Fruits and Fruit Juices,"BLUEBERRIES,CND,LT SYRUP,DRND","Blueberries, canned, light syrup, drained",,,,88,1.04,0.4,22.66,17.45,2.6,2.0,0.049,0.0,0.5,1.38,2,0.363,0.132,0.046,6,0.053,0.43,4,0.44,12,0.1,0.09,0.002222222,0.028823529,0.0,0.005555556,0.092,0.005,0.0226875,0.101538462,0.038333333,0.005,5.88889e-05,0.00952381,0.017142857,0.001818182,0.008181818
9353,Fruits and Fruit Juices,"BLUEBERRIES,WILD,CND,HVY SYRUP,DRND","Blueberries, wild, canned, heavy syrup, drained",,,,107,0.56,0.34,28.32,19.28,4.9,0.0,0.035,0.0,0.3,0.0,8,0.469,0.313,0.033,19,0.0,2.2,6,2.3,14,0.0,0.12,0.0,0.020588235,0.0,0.003333333,0.0,0.02,0.0293125,0.240769231,0.0275,0.015833333,0.0,0.014285714,0.02,0.0,0.010909091
9354,Fruits and Fruit Juices,"PINEAPPLE,CND,JUC PK,DRND","Pineapple, canned, juice pack, drained",,,,60,0.51,0.11,15.56,14.26,1.3,3.0,0.075,0.0,9.4,0.02,5,0.284,0.021,0.102,16,0.107,0.28,15,0.0,7,0.4,0.1,0.003333333,0.044117647,0.0,0.104444444,0.001333333,0.0125,0.01775,0.016153846,0.085,0.013333333,0.000118889,0.035714286,0.01,0.007272727,0.009090909
9357,Fruits and Fruit Juices,"APRICOTS,CND,HVY SYRUP,DRND","Apricots, canned, heavy syrup, drained",,,,83,0.64,0.11,21.31,18.65,2.7,146.0,0.055,0.0,3.1,0.89,2,0.376,0.024,0.021,10,0.097,0.3,7,0.0,13,0.1,0.11,0.162222222,0.032352941,0.0,0.034444444,0.059333333,0.005,0.0235,0.018461538,0.0175,0.008333333,0.000107778,0.016666667,0.018571429,0.001818182,0.01
9362,Fruits and Fruit Juices,"CHERRIES,SOUR,CND,H2O PK,DRND","Cherries, sour, canned, water pack, drained",,,,42,0.69,0.21,10.45,6.99,1.2,0.0,0.047,0.0,0.3,0.0,0,0.26,0.065,0.025,11,0.0,0.64,8,0.059,16,0.0,0.07,0.0,0.027647059,0.0,0.003333333,0.0,0.0,0.01625,0.05,0.020833333,0.009166667,0.0,0.019047619,0.022857143,0.0,0.006363636
9367,Fruits and Fruit Juices,"CHERRIES,SWT,CND,PITTED,HVY SYRUP,DRND","Cherries, sweet, canned, pitted, heavy syrup, drained",,,,83,0.73,0.21,21.07,16.18,2.3,12.0,0.022,0.0,3.6,0.17,5,0.396,0.043,0.022,10,0.176,0.35,9,0.048,20,0.0,0.1,0.013333333,0.012941176,0.0,0.04,0.011333333,0.0125,0.02475,0.033076923,0.018333333,0.008333333,0.000195556,0.021428571,0.028571429,0.0,0.009090909
9370,Fruits and Fruit Juices,"PEACHES,CND,HVY SYRUP,DRND","Peaches, canned, heavy syrup, drained",,,,72,0.52,0.18,18.43,14.66,1.2,31.0,0.013,0.0,0.7,1.19,9,0.625,0.02,0.02,3,0.063,0.27,5,0.0,12,0.0,0.09,0.034444444,0.007647059,0.0,0.007777778,0.079333333,0.0225,0.0390625,0.015384615,0.016666667,0.0025,7e-05,0.011904762,0.017142857,0.0,0.008181818
9374,Fruits and Fruit Juices,"PEARS,CND,HVY SYRUP,DRND","Pears, canned, heavy syrup, drained",,,,74,0.24,0.18,19.08,16.42,2.7,0.0,0.014,0.0,1.1,0.12,1,0.242,0.024,0.011,6,0.061,0.22,4,0.0,8,0.1,0.08,0.0,0.008235294,0.0,0.012222222,0.008,0.0025,0.015125,0.018461538,0.009166667,0.005,6.77778e-05,0.00952381,0.011428571,0.001818182,0.007272727
9379,Fruits and Fruit Juices,"PLUMS,CND,HVY SYRUP,DRND","Plums, canned, heavy syrup, drained",,,,89,0.44,0.14,23.12,21.58,1.5,20.0,0.028,0.0,0.4,0.26,3,0.291,0.041,0.017,10,0.046,0.84,5,0.0,15,0.0,0.07,0.022222222,0.016470588,0.0,0.004444444,0.017333333,0.0075,0.0181875,0.031538462,0.014166667,0.008333333,5.11111e-05,0.011904762,0.021428571,0.0,0.006363636
9383,Fruits and Fruit Juices,"TANGERINES,(MANDARIN ORANGES),CND,JUC PK,DRND","Tangerines, (mandarin oranges), canned, juice pack, drained",,,,38,0.75,0.04,9.41,8.25,1.2,66.0,0.043,0.0,33.9,0.15,5,0.445,0.031,0.088,12,0.041,0.27,11,0.0,11,0.4,0.53,0.073333333,0.025294118,0.0,0.376666667,0.01,0.0125,0.0278125,0.023846154,0.073333333,0.01,4.55556e-05,0.026190476,0.015714286,0.007272727,0.048181818
9400,Fruits and Fruit Juices,"APPLE JUC,CND OR BTLD,UNSWTND,W/ ADDED VIT C","Apple juice, canned or bottled, unsweetened, with added ascorbic acid",,,,46,0.1,0.13,11.3,9.62,0.2,0.0,0.018,0.0,38.5,0.01,0,0.073,0.017,0.021,8,0.012,0.12,5,0.074,7,0.1,0.02,0.0,0.010588235,0.0,0.427777778,0.000666667,0.0,0.0045625,0.013076923,0.0175,0.006666667,1.33333e-05,0.011904762,0.01,0.001818182,0.001818182
9401,Fruits and Fruit Juices,"APPLESAUCE,CND,UNSWTND,W/ VIT C","Applesauce, canned, unsweetened, with added ascorbic acid",,,,42,0.17,0.1,11.27,9.39,1.1,1.0,0.027,0.0,21.2,0.16,3,0.084,0.03,0.026,4,0.027,0.23,3,0.025,5,0.3,0.03,0.001111111,0.015882353,0.0,0.235555556,0.010666667,0.0075,0.00525,0.023076923,0.021666667,0.003333333,3e-05,0.007142857,0.007142857,0.005454545,0.002727273
9402,Fruits and Fruit Juices,"APPLESAUCE,CND,SWTND,W/SALT","Applesauce, canned, sweetened, with salt",,,,76,0.18,0.18,19.91,0.0,1.2,1.0,0.026,0.0,1.7,0.0,1,0.188,0.028,0.013,4,0.043,0.35,3,0.075,7,0.3,0.04,0.001111111,0.015294118,0.0,0.018888889,0.0,0.0025,0.01175,0.021538462,0.010833333,0.003333333,4.77778e-05,0.007142857,0.01,0.005454545,0.003636364
9403,Fruits and Fruit Juices,"APRICOT NECTAR,CND,W/ VIT C","Apricot nectar, canned, with added ascorbic acid",,,,56,0.37,0.09,14.39,13.24,0.6,66.0,0.022,0.0,17.6,0.0,1,0.26,0.014,0.009,7,0.073,0.38,5,0.032,9,0.2,0.09,0.073333333,0.012941176,0.0,0.195555556,0.0,0.0025,0.01625,0.010769231,0.0075,0.005833333,8.11111e-05,0.011904762,0.012857143,0.003636364,0.008181818
9404,Fruits and Fruit Juices,"GRAPEFRUIT JUICE,PINK,RAW","Grapefruit juice, pink, raw",,,,39,0.5,0.1,9.2,0.0,0.0,22.0,0.044,0.0,38.0,0.0,10,0.2,0.02,0.04,9,0.033,0.2,12,0.02,15,0.0,0.05,0.024444444,0.025882353,0.0,0.422222222,0.0,0.025,0.0125,0.015384615,0.033333333,0.0075,3.66667e-05,0.028571429,0.021428571,0.0,0.004545455
9407,Fruits and Fruit Juices,"PEACH NECTAR,CND,W/ VIT C","Peach nectar, canned, with added ascorbic acid",,,,54,0.27,0.02,13.92,12.35,0.6,13.0,0.007,0.0,17.6,0.0,1,0.288,0.014,0.003,5,0.069,0.19,4,0.019,6,0.2,0.08,0.014444444,0.004117647,0.0,0.195555556,0.0,0.0025,0.018,0.010769231,0.0025,0.004166667,7.66667e-05,0.00952381,0.008571429,0.003636364,0.007272727
9408,Fruits and Fruit Juices,"PEAR NECTAR,CND,W/ VIT C","Pear nectar, canned, with added ascorbic acid",vitamin C,,,60,0.11,0.01,15.76,15.16,0.6,0.0,0.014,0.0,27.0,0.0,1,0.128,0.013,0.002,5,0.067,0.26,3,0.03,3,0.5,0.07,0.0,0.008235294,0.0,0.3,0.0,0.0025,0.008,0.01,0.001666667,0.004166667,7.44444e-05,0.007142857,0.004285714,0.009090909,0.006363636
9409,Fruits and Fruit Juices,"PINEAPPLE JUC,CND OR BTLD,UNSWTND,W/ ADDED VIT C","Pineapple juice, canned or bottled, unsweetened, with added ascorbic acid",,,,53,0.36,0.12,12.87,9.98,0.2,0.0,0.1,0.0,43.8,0.02,18,0.199,0.021,0.058,13,0.069,0.31,12,0.504,8,0.1,0.11,0.0,0.058823529,0.0,0.486666667,0.001333333,0.045,0.0124375,0.016153846,0.048333333,0.010833333,7.66667e-05,0.028571429,0.011428571,0.001818182,0.01
9410,Fruits and Fruit Juices,"APPLE JUC,FRZ CONC,UNSWTND,UNDIL,W/ VIT C","Apple juice, frozen concentrate, unsweetened, undiluted, with added ascorbic acid",,,,166,0.51,0.37,41.0,38.83,0.0,0.0,0.116,0.0,88.9,0.0,1,0.135,0.054,0.011,20,0.05,0.91,17,0.225,25,0.4,0.13,0.0,0.068235294,0.0,0.987777778,0.0,0.0025,0.0084375,0.041538462,0.009166667,0.016666667,5.55556e-05,0.04047619,0.035714286,0.007272727,0.011818182
9411,Fruits and Fruit Juices,"APPLE JUC,FRZ CONC,UNSWTND,DIL W/3 VOLUME H2O,W/ VIT C","Apple juice, frozen concentrate, unsweetened, diluted with 3 volume water, with added ascorbic acid",,,,47,0.14,0.1,11.54,0.0,0.1,0.0,0.033,0.0,25.0,0.0,0,0.038,0.015,0.003,6,0.014,0.26,5,0.063,7,0.1,0.04,0.0,0.019411765,0.0,0.277777778,0.0,0.0,0.002375,0.011538462,0.0025,0.005,1.55556e-05,0.011904762,0.01,0.001818182,0.003636364
9412,Fruits and Fruit Juices,"PEARS,RAW,BARTLETT","Pears, raw, bartlett",,,Pyrus communis,63,0.39,0.16,15.01,9.69,3.1,1.0,0.026,0.0,4.4,0.12,0,0.164,0.026,0.012,9,0.078,0.19,6,0.037,11,0.1,0.08,0.001111111,0.015294118,0.0,0.048888889,0.008,0.0,0.01025,0.02,0.01,0.0075,8.66667e-05,0.014285714,0.015714286,0.001818182,0.007272727
9413,Fruits and Fruit Juices,"PEARS,RAW,RED ANJOU","Pears, raw, red anjou",,,Pyrus communis,62,0.33,0.14,14.94,9.54,3.0,1.0,0.039,0.0,5.2,0.12,0,0.162,0.028,0.012,11,0.07,0.19,7,0.056,13,0.1,0.13,0.001111111,0.022941176,0.0,0.057777778,0.008,0.0,0.010125,0.021538462,0.01,0.009166667,7.77778e-05,0.016666667,0.018571429,0.001818182,0.011818182
9414,Fruits and Fruit Juices,"PEARS,RAW,BOSC","Pears, raw, bosc",,,Pyrus communis,67,0.36,0.09,16.1,10.23,3.1,1.0,0.021,0.0,2.8,0.12,0,0.152,0.023,0.012,10,0.104,0.15,7,0.047,14,0.0,0.13,0.001111111,0.012352941,0.0,0.031111111,0.008,0.0,0.0095,0.017692308,0.01,0.008333333,0.000115556,0.016666667,0.02,0.0,0.011818182
9415,Fruits and Fruit Juices,"PEARS,RAW,GRN ANJOU","Pears, raw, green anjou",,,Pyrus communis,66,0.44,0.1,15.79,9.73,3.1,1.0,0.026,0.0,4.4,0.12,0,0.151,0.022,0.01,11,0.077,0.24,7,0.048,13,0.0,0.1,0.001111111,0.015294118,0.0,0.048888889,0.008,0.0,0.0094375,0.016923077,0.008333333,0.009166667,8.55556e-05,0.016666667,0.018571429,0.0,0.009090909
9420,Fruits and Fruit Juices,"JACKFRUIT,CND,SYRUP PK","Jackfruit, canned, syrup pack",,,Artocarpus heterophyllus,92,0.36,0.14,23.94,0.0,0.9,0.0,0.044,0.0,0.5,0.0,14,0.677,0.036,0.033,44,0.05,0.29,10,0.078,6,0.0,0.11,0.0,0.025882353,0.0,0.005555556,0.0,0.035,0.0423125,0.027692308,0.0275,0.036666667,5.55556e-05,0.023809524,0.008571429,0.0,0.01
9421,Fruits and Fruit Juices,"DATES,MEDJOOL","Dates, medjool",,,Phoenix dactylifera,277,1.81,0.15,74.97,66.47,6.7,7.0,0.249,0.0,0.0,0.0,15,1.61,0.06,0.05,64,0.362,0.9,54,0.296,62,0.0,0.44,0.007777778,0.146470588,0.0,0.0,0.0,0.0375,0.100625,0.046153846,0.041666667,0.053333333,0.000402222,0.128571429,0.088571429,0.0,0.04
9422,Fruits and Fruit Juices,"DURIAN,RAW OR FROZEN","Durian, raw or frozen",,,Durio zibethinus,147,1.47,5.33,27.09,0.0,3.8,2.0,0.316,0.0,19.7,0.0,0,1.074,0.2,0.374,6,0.207,0.43,30,0.325,39,0.0,0.28,0.002222222,0.185882353,0.0,0.218888889,0.0,0.0,0.067125,0.153846154,0.311666667,0.005,0.00023,0.071428571,0.055714286,0.0,0.025454545
9423,Fruits and Fruit Juices,PRUNE PUREE,Prune puree,,,,257,2.1,0.2,65.1,39.0,3.3,100.0,0.0,0.0,4.3,0.0,0,2.5,0.0,0.04,31,0.0,2.8,0,0.0,72,0.0,0.0,0.111111111,0.0,0.0,0.047777778,0.0,0.0,0.15625,0.0,0.033333333,0.025833333,0.0,0.0,0.102857143,0.0,0.0
9426,Fruits and Fruit Juices,CANDIED FRUIT,Candied fruit,,,,322,0.34,0.07,82.74,80.68,1.6,1.0,0.0,0.0,0.0,0.04,0,0.0,0.0,0.0,18,0.029,0.17,4,0.111,5,0.6,0.05,0.001111111,0.0,0.0,0.0,0.002666667,0.0,0.0,0.0,0.0,0.015,3.22222e-05,0.00952381,0.007142857,0.010909091,0.004545455
9427,Fruits and Fruit Juices,"ABIYUCH,RAW","Abiyuch, raw",garlic pear,,Crateva religiosa,69,1.5,0.1,17.6,8.55,5.3,5.0,0.0,0.0,54.1,0.0,0,0.0,0.0,0.0,8,0.057,1.61,24,0.182,47,0.0,0.31,0.005555556,0.0,0.0,0.601111111,0.0,0.0,0.0,0.0,0.0,0.006666667,6.33333e-05,0.057142857,0.067142857,0.0,0.028181818
9428,Fruits and Fruit Juices,"ROWAL,RAW","Rowal, raw",,,Pangium edule,111,2.3,2.0,23.9,14.1,6.2,19.0,0.0,0.0,25.8,0.0,0,0.0,0.0,0.0,15,1.06,2.2,32,0.155,52,0.0,0.43,0.021111111,0.0,0.0,0.286666667,0.0,0.0,0.0,0.0,0.0,0.0125,0.001177778,0.076190476,0.074285714,0.0,0.039090909
9429,Fruits and Fruit Juices,"PINEAPPLE,RAW,TRADITIONAL VAR","Pineapple, raw, traditional varieties",,,Ananas comosus,45,0.55,0.13,11.82,8.29,0.0,3.0,0.106,0.0,16.9,0.0,0,0.47,0.029,0.078,13,0.081,0.25,12,1.593,9,0.0,0.08,0.003333333,0.062352941,0.0,0.187777778,0.0,0.0,0.029375,0.022307692,0.065,0.010833333,9e-05,0.028571429,0.012857143,0.0,0.007272727
9430,Fruits and Fruit Juices,"PINEAPPLE,RAW,EX SWT VAR","Pineapple, raw, extra sweet variety",,,Ananas comosus,51,0.53,0.11,13.5,10.32,1.4,3.0,0.114,0.0,56.4,0.02,19,0.507,0.033,0.08,13,0.113,0.28,12,0.818,8,0.1,0.12,0.003333333,0.067058824,0.0,0.626666667,0.001333333,0.0475,0.0316875,0.025384615,0.066666667,0.010833333,0.000125556,0.028571429,0.011428571,0.001818182,0.010909091
9431,Fruits and Fruit Juices,"USDA CMDTY,MXD FRUIT (PEACH,PEARS,GRAPES),CND,LT SYRUP,DRND","USDA Commodity, mixed fruit (peaches, pears, grapes), canned, light syrup, drained",Commodity code A404,,,57,0.46,0.1,14.65,11.25,1.6,15.0,0.016,0.0,2.2,0.0,2,0.392,0.024,0.012,5,0.075,0.31,5,0.027,12,0.0,0.09,0.016666667,0.009411765,0.0,0.024444444,0.0,0.005,0.0245,0.018461538,0.01,0.004166667,8.33333e-05,0.011904762,0.017142857,0.0,0.008181818
9432,Fruits and Fruit Juices,"USDA CMDTY,MXD FRUIT (PEACH,PEAR,GRAPE),CND,LT SYR,SOL & LIQ","USDA Commodity, mixed fruit (peaches, pears, grapes), canned, light syrup, solids and liquids",Commodity code A404,,,55,0.41,0.08,14.3,11.46,1.2,10.0,0.016,0.0,3.1,0.0,2,0.385,0.038,0.013,5,0.075,0.29,5,0.029,13,0.0,0.08,0.011111111,0.009411765,0.0,0.034444444,0.0,0.005,0.0240625,0.029230769,0.010833333,0.004166667,8.33333e-05,0.011904762,0.018571429,0.0,0.007272727
9433,Fruits and Fruit Juices,"CLEMENTINES,RAW","Clementines, raw",,,Citrus clementina hort. ex Tanaka,47,0.85,0.15,12.02,9.18,1.7,0.0,0.075,0.0,48.8,0.2,24,0.636,0.03,0.086,30,0.043,0.14,10,0.023,21,0.1,0.06,0.0,0.044117647,0.0,0.542222222,0.013333333,0.06,0.03975,0.023076923,0.071666667,0.025,4.77778e-05,0.023809524,0.03,0.001818182,0.005454545
9434,Fruits and Fruit Juices,"GUANABANA NECTAR,CND","Guanabana nectar, canned",,,,59,0.11,0.17,14.93,13.07,0.1,0.0,0.007,0.0,11.1,0.01,6,0.12,0.011,0.003,7,0.01,0.36,3,0.01,2,0.4,0.02,0.0,0.004117647,0.0,0.123333333,0.000666667,0.015,0.0075,0.008461538,0.0025,0.005833333,1.11111e-05,0.007142857,0.002857143,0.007272727,0.001818182
9435,Fruits and Fruit Juices,"GUAVA NECTAR,CND","Guava nectar, canned",,,,63,0.09,0.06,16.25,12.95,1.0,0.0,0.01,0.0,21.1,0.05,3,0.17,0.003,0.003,8,0.017,0.38,2,0.058,2,0.0,0.03,0.0,0.005882353,0.0,0.234444444,0.003333333,0.0075,0.010625,0.002307692,0.0025,0.006666667,1.88889e-05,0.004761905,0.002857143,0.0,0.002727273
9436,Fruits and Fruit Juices,"MANGO NECTAR,CND","Mango nectar, canned",,,,51,0.11,0.06,13.12,12.45,0.3,35.0,0.015,0.0,15.2,0.21,7,0.08,0.003,0.003,17,0.015,0.36,3,0.028,2,0.4,0.02,0.038888889,0.008823529,0.0,0.168888889,0.014,0.0175,0.005,0.002307692,0.0025,0.014166667,1.66667e-05,0.007142857,0.002857143,0.007272727,0.001818182
9437,Fruits and Fruit Juices,"TAMARIND NECTAR,CND","Tamarind nectar, canned",,,,57,0.09,0.12,14.73,12.7,0.5,0.0,0.007,0.0,7.1,0.12,1,0.07,0.003,0.003,10,0.014,0.75,4,0.02,2,0.0,0.02,0.0,0.004117647,0.0,0.078888889,0.008,0.0025,0.004375,0.002307692,0.0025,0.008333333,1.55556e-05,0.00952381,0.002857143,0.0,0.001818182
9438,Fruits and Fruit Juices,"USDA CMDTY PEACHES,CND,LT SYRUP,DRND","USDA Commodity peaches, canned, light syrup, drained","Commodity codes A408, A409, A411",,,61,0.56,0.15,15.65,10.61,0.7,25.0,0.016,0.0,2.5,1.23,8,0.585,0.02,0.023,3,0.03,0.25,5,0.037,10,0.0,0.16,0.027777778,0.009411765,0.0,0.027777778,0.082,0.02,0.0365625,0.015384615,0.019166667,0.0025,3.33333e-05,0.011904762,0.014285714,0.0,0.014545455
9439,Fruits and Fruit Juices,"USDA CMDTY PEARS,CND,JUC PK,DRND","USDA Commodity pears, canned, juice pack, drained","Commodity codes A437, A434, A431, A433",,,51,0.34,0.19,12.91,8.27,2.2,0.0,0.016,0.0,0.3,0.2,1,0.218,0.046,0.02,9,0.03,0.34,7,0.042,9,0.0,0.14,0.0,0.009411765,0.0,0.003333333,0.013333333,0.0025,0.013625,0.035384615,0.016666667,0.0075,3.33333e-05,0.016666667,0.012857143,0.0,0.012727273
9440,Fruits and Fruit Juices,"USDA CMDTY PEARS,CND,LT SYRUP,DRND","USDA Commodity pears, canned, light syrup, drained","Commodity codes A437, A434, A431, A433",,,62,0.28,0.15,16.21,11.22,1.6,0.0,0.016,0.0,0.9,0.11,3,0.115,0.014,0.02,5,0.03,0.28,4,0.037,7,0.0,0.09,0.0,0.009411765,0.0,0.01,0.007333333,0.0075,0.0071875,0.010769231,0.016666667,0.004166667,3.33333e-05,0.00952381,0.01,0.0,0.008181818
9442,Fruits and Fruit Juices,"POMEGRANATE JUC,BTLD","Pomegranate juice, bottled",,,,54,0.15,0.29,13.13,12.65,0.1,0.0,0.04,0.0,0.1,0.38,24,0.233,0.015,0.015,11,0.021,0.1,7,0.095,11,0.3,0.09,0.0,0.023529412,0.0,0.001111111,0.025333333,0.06,0.0145625,0.011538462,0.0125,0.009166667,2.33333e-05,0.016666667,0.015714286,0.005454545,0.008181818
9443,Fruits and Fruit Juices,"JUICE,APPL & GRAPE BLEND,W/ ADDED VIT C","Juice, apple and grape blend, with added ascorbic acid",,,,50,0.16,0.12,12.46,10.92,0.2,0.0,0.021,0.0,28.2,0.01,0,0.087,0.015,0.006,11,0.01,0.11,7,0.041,9,0.1,0.05,0.0,0.012352941,0.0,0.313333333,0.000666667,0.0,0.0054375,0.011538462,0.005,0.009166667,1.11111e-05,0.016666667,0.012857143,0.001818182,0.004545455
9444,Fruits and Fruit Juices,"JUICE,APPL,GRAPE & PEAR BLEND,W/ ADDED VIT C & CA","Juice, apple, grape and pear blend, with added ascorbic acid and calcium",,,,52,0.17,0.12,12.96,9.95,0.2,0.0,0.018,0.0,50.7,0.01,0,0.094,0.015,0.005,72,0.013,0.14,6,0.086,11,0.1,0.06,0.0,0.010588235,0.0,0.563333333,0.000666667,0.0,0.005875,0.011538462,0.004166667,0.06,1.44444e-05,0.014285714,0.015714286,0.001818182,0.005454545
9445,Fruits and Fruit Juices,"KIWIFRUIT,GOLD,RAW","Kiwifruit, gold, raw",,,Actinidia chinensis,60,1.23,0.56,14.23,10.98,2.0,4.0,0.057,0.0,105.4,1.49,0,0.28,0.046,0.024,20,0.147,0.29,14,0.058,29,3.1,0.1,0.004444444,0.033529412,0.0,1.171111111,0.099333333,0.0,0.0175,0.035384615,0.02,0.016666667,0.000163333,0.033333333,0.041428571,0.056363636,0.009090909
9446,Fruits and Fruit Juices,"PLANTAINS,GRN,FRIED","Plantains, green, fried",tostones de platano,,,309,1.5,11.81,49.17,3.63,3.5,60.0,0.264,0.0,3.4,0.0,0,0.818,0.102,0.047,4,0.183,0.67,58,0.188,44,0.0,0.23,0.066666667,0.155294118,0.0,0.037777778,0.0,0.0,0.051125,0.078461538,0.039166667,0.003333333,0.000203333,0.138095238,0.062857143,0.0,0.020909091
9447,Fruits and Fruit Juices,"PLANTAINS,YEL,FRIED,LATINO RESTAURANT","Plantains, yellow, fried, Latino restaurant",platanos maduros,,,236,1.42,7.51,40.77,21.76,3.2,66.0,0.29,0.0,0.0,1.1,0,0.837,0.02,0.07,6,0.116,0.62,45,0.28,43,0.4,0.24,0.073333333,0.170588235,0.0,0.0,0.073333333,0.0,0.0523125,0.015384615,0.058333333,0.005,0.000128889,0.107142857,0.061428571,0.007272727,0.021818182
9448,Fruits and Fruit Juices,"NANCE,CND,SYRUP,DRND","Nance, canned, syrup, drained",yellow cherries,,,95,0.56,1.28,22.79,15.66,7.0,0.0,0.015,0.0,10.8,0.0,0,0.3,0.02,0.015,42,0.053,0.37,16,0.172,7,0.0,0.06,0.0,0.008823529,0.0,0.12,0.0,0.0,0.01875,0.015384615,0.0125,0.035,5.88889e-05,0.038095238,0.01,0.0,0.005454545
9449,Fruits and Fruit Juices,"NANCE,FRZ,UNSWTND","Nance, frozen, unsweetened",yellow cherries,,Byrsonima crassifolia (L.) Kunth,73,0.66,1.16,16.97,8.31,7.5,4.0,0.021,0.0,92.5,1.25,8,0.29,0.018,0.015,46,0.041,0.38,20,0.248,10,0.4,0.09,0.004444444,0.012352941,0.0,1.027777778,0.083333333,0.02,0.018125,0.013846154,0.0125,0.038333333,4.55556e-05,0.047619048,0.014285714,0.007272727,0.008181818
9450,Fruits and Fruit Juices,"NARANJILLA (LULO) PULP,FRZ,UNSWTND","Naranjilla (lulo) pulp, frozen, unsweetened",,,Solanum quitoense Lam.,25,0.44,0.22,5.9,3.74,1.1,28.0,0.107,0.0,3.2,0.75,3,1.45,0.0,0.045,8,0.028,0.35,11,0.067,12,0.4,0.1,0.031111111,0.062941176,0.0,0.035555556,0.05,0.0075,0.090625,0.0,0.0375,0.006666667,3.11111e-05,0.026190476,0.017142857,0.007272727,0.009090909
9451,Fruits and Fruit Juices,HORNED MELON (KIWANO),Horned melon (Kiwano),African horned melon,,Cucumis metulifer,44,1.78,1.26,7.56,0.0,0.0,7.0,0.063,0.0,5.3,0.0,3,0.565,0.015,0.025,13,0.02,1.13,40,0.039,37,0.0,0.48,0.007777778,0.037058824,0.0,0.058888889,0.0,0.0075,0.0353125,0.011538462,0.020833333,0.010833333,2.22222e-05,0.095238095,0.052857143,0.0,0.043636364
9452,Fruits and Fruit Juices,ORANGE PNAPPL JUC BLEND,Orange Pineapple Juice Blend,,,,51,0.41,0.08,12.2,10.57,0.2,1.0,0.061,0.0,40.7,0.07,10,0.173,0.025,0.04,8,0.034,0.18,10,0.378,11,0.1,0.06,0.001111111,0.035882353,0.0,0.452222222,0.004666667,0.025,0.0108125,0.019230769,0.033333333,0.006666667,3.77778e-05,0.023809524,0.015714286,0.001818182,0.005454545
9500,Fruits and Fruit Juices,"APPLES,RAW,RED DELICIOUS,W/ SKN","Apples, raw, red delicious, with skin",,,Malus domestica,59,0.27,0.2,14.06,10.48,2.3,3.0,0.034,0.0,0.0,0.24,0,0.075,0.025,0.015,6,0.027,0.11,5,0.034,12,0.0,0.04,0.003333333,0.02,0.0,0.0,0.016,0.0,0.0046875,0.019230769,0.0125,0.005,3e-05,0.011904762,0.017142857,0.0,0.003636364
9501,Fruits and Fruit Juices,"APPLES,RAW,GOLDEN DELICIOUS,W/ SKN","Apples, raw, golden delicious, with skin",,,Malus domestica,57,0.28,0.15,13.6,10.04,2.4,3.0,0.051,0.0,0.0,0.18,0,0.094,0.026,0.018,6,0.03,0.13,5,0.035,10,0.0,0.04,0.003333333,0.03,0.0,0.0,0.012,0.0,0.005875,0.02,0.015,0.005,3.33333e-05,0.011904762,0.014285714,0.0,0.003636364
9502,Fruits and Fruit Juices,"APPLES,RAW,GRANNY SMITH,W/ SKN","Apples, raw, granny smith, with skin",,,Malus domestica,58,0.44,0.19,13.61,9.59,2.8,5.0,0.037,0.0,0.0,0.18,0,0.126,0.025,0.019,5,0.031,0.15,5,0.044,12,0.1,0.04,0.005555556,0.021764706,0.0,0.0,0.012,0.0,0.007875,0.019230769,0.015833333,0.004166667,3.44444e-05,0.011904762,0.017142857,0.001818182,0.003636364
9503,Fruits and Fruit Juices,"APPLES,RAW,GALA,W/ SKN","Apples, raw, gala, with skin",,,Malus domestica,57,0.25,0.12,13.68,10.37,2.3,1.0,0.049,0.0,0.0,0.18,0,0.075,0.029,0.017,7,0.021,0.12,5,0.037,11,0.0,0.05,0.001111111,0.028823529,0.0,0.0,0.012,0.0,0.0046875,0.022307692,0.014166667,0.005833333,2.33333e-05,0.011904762,0.015714286,0.0,0.004545455
9504,Fruits and Fruit Juices,"APPLES,RAW,FUJI,W/ SKN","Apples, raw, fuji, with skin",,,Malus domestica,63,0.2,0.18,15.22,11.68,2.1,2.0,0.045,0.0,0.0,0.18,0,0.07,0.026,0.013,7,0.025,0.1,5,0.031,13,0.0,0.04,0.002222222,0.026470588,0.0,0.0,0.012,0.0,0.004375,0.02,0.010833333,0.005833333,2.77778e-05,0.011904762,0.018571429,0.0,0.003636364
9506,Fruits and Fruit Juices,"ORANGE JUC,CHILLED,INCL FROM CONC,W/ ADD CA & VITAMINS A,D,E","Orange juice, chilled, includes from concentrate, with added calcium and vitamins A, D, E",,,,49,0.68,0.12,11.54,8.31,0.3,114.0,0.076,0.0,33.6,1.13,19,0.28,0.039,0.046,146,0.042,0.13,11,0.023,17,0.1,0.07,0.126666667,0.044705882,0.0,0.373333333,0.075333333,0.0475,0.0175,0.03,0.038333333,0.121666667,4.66667e-05,0.026190476,0.024285714,0.001818182,0.006363636
9507,Fruits and Fruit Juices,"JUICE SMOOTHIE,NAKED JUC,MIGHTY MANGO","Juice Smoothie, NAKED JUICE, MIGHTY MANGO",,"Naked Juice Co. of Glendora, Inc.",,63,0.42,0.0,15.0,12.5,0.0,0.0,0.0,0.0,2.5,0.0,0,0.0,0.0,0.0,8,0.0,0.15,0,0.0,0,0.0,0.0,0.0,0.0,0.0,0.027777778,0.0,0.0,0.0,0.0,0.0,0.006666667,0.0,0.0,0.0,0.0,0.0
9508,Fruits and Fruit Juices,"JUICE SMOOTHIE,NAKED JUC,GRN MACHINE","Juice Smoothie, NAKED JUICE, GREEN MACHINE",,"Naked Juice Co. of Glendora, Inc.",,58,0.83,0.0,13.75,11.67,0.0,0.0,0.125,0.63,10.0,0.0,0,0.0,0.0,0.0,8,0.0,0.3,10,0.0,0,0.0,0.0,0.0,0.073529412,0.2625,0.111111111,0.0,0.0,0.0,0.0,0.0,0.006666667,0.0,0.023809524,0.0,0.0,0.0
9510,Fruits and Fruit Juices,"PINEAPPLE JUC,DOLE,CND,NOT FROM CONC,UNSWTND,W/ ADD VITA,C,E","Pineapple juice, DOLE, canned, not from concentrate, unsweetened, with added vitamins A, C and E",,Dole Food Company,,57,0.36,0.14,12.18,9.98,0.2,0.0,0.1,0.0,31.3,0.63,12,0.141,0.016,0.058,14,0.028,0.26,11,0.504,9,0.0,0.11,0.0,0.058823529,0.0,0.347777778,0.042,0.03,0.0088125,0.012307692,0.048333333,0.011666667,3.11111e-05,0.026190476,0.012857143,0.0,0.01
9511,Fruits and Fruit Juices,"JUICE SMOOTHIE,NAKED JUC,BLUE MACHINE","Juice Smoothie, NAKED JUICE, BLUE MACHINE",,"Naked Juice Co. of Glendora, Inc.",,71,0.42,0.0,16.67,12.08,2.9,0.0,0.833,2.5,25.0,5.63,0,8.333,0.0,0.0,0,0.0,0.15,0,0.0,0,0.0,0.0,0.0,0.49,1.041666667,0.277777778,0.375333333,0.0,0.5208125,0.0,0.0,0.0,0.0,0.0,0.0,0.0,0.0
9512,Fruits and Fruit Juices,"GRAPE JUC,CND OR BTLD,W/ ADDED VIT C & CA","Grape juice, canned or bottled, with added ascorbic acid and calcium",,,,62,0.37,0.13,14.77,14.2,0.2,0.0,0.032,0.0,25.0,0.0,0,0.133,0.015,0.017,42,0.018,0.25,10,0.239,14,0.0,0.07,0.0,0.018823529,0.0,0.277777778,0.0,0.0,0.0083125,0.011538462,0.014166667,0.035,2e-05,0.023809524,0.02,0.0,0.006363636
9513,Fruits and Fruit Juices,"JUICE SMTHIE,ODWALLA,ORIGINAL SUPERFD,FRUIT SMTHIE BLEND","Juice Smoothie, ODWALLA, Original Superfood, fruit smoothie blend",,Odwalla,,54,0.56,0.14,12.39,10.42,0.6,0.0,0.0,0.0,5.1,0.0,0,0.0,0.0,0.0,6,0.0,0.51,0,4.225,0,0.0,0.0,0.0,0.0,0.0,0.056666667,0.0,0.0,0.0,0.0,0.0,0.005,0.0,0.0,0.0,0.0,0.0
9514,Fruits and Fruit Juices,"JUICE SMOOTHIE,BOLTHOUSE FARMS,BERRY BOOST","Juice Smoothie, BOLTHOUSE FARMS, BERRY BOOST",,"Wm. Bolthouse Farms, Inc.",,46,0.63,0.02,10.9,9.3,0.0,0.0,0.4,0.9,108.6,5.03,0,0.0,0.0,0.0,10,0.0,0.21,0,0.0,0,0.0,0.0,0.0,0.235294118,0.375,1.206666667,0.335333333,0.0,0.0,0.0,0.0,0.008333333,0.0,0.0,0.0,0.0,0.0
9515,Fruits and Fruit Juices,"JUICE SMOOTHIE,BOLTHOUSE FARMS,GRN GOODNESS","Juice Smoothie, BOLTHOUSE FARMS, GREEN GOODNESS",,"Wm. Bolthouse Farms, Inc.",,56,0.68,0.07,13.1,11.9,1.0,0.0,0.12,0.6,26.3,0.0,0,0.0,0.068,0.0,18,0.0,0.37,0,0.88,0,0.0,10.8,0.0,0.070588235,0.25,0.292222222,0.0,0.0,0.0,0.052307692,0.0,0.015,0.0,0.0,0.0,0.0,0.981818182
9516,Fruits and Fruit Juices,"JUICE SMOOTHIE,BOLTHOUSE FARMS,STRAWBERRY BANANA","Juice Smoothie, BOLTHOUSE FARMS, STRAWBERRY BANANA",,"Wm. Bolthouse Farms, Inc.",,55,0.31,0.18,12.76,10.99,1.0,0.0,0.0,0.0,23.7,0.0,0,0.0,0.0,0.0,9,0.0,0.14,0,0.0,0,0.0,0.0,0.0,0.0,0.0,0.263333333,0.0,0.0,0.0,0.0,0.0,0.0075,0.0,0.0,0.0,0.0,0.0
9517,Fruits and Fruit Juices,"APPLE JUC,CND OR BTLD,UNSWTND,W/ ADDED VIT C,CA,& K","Apple juice, canned or bottled, unsweetened, with added ascorbic acid, calcium, and potassium",,,,48,0.12,0.17,11.49,9.47,0.3,0.0,0.018,0.0,30.3,0.0,0,0.067,0.015,0.004,70,0.01,0.13,5,0.035,9,0.0,0.04,0.0,0.010588235,0.0,0.336666667,0.0,0.0,0.0041875,0.011538462,0.003333333,0.058333333,1.11111e-05,0.011904762,0.012857143,0.0,0.003636364
9518,Fruits and Fruit Juices,"RASPBERRIES,FRZ,UNSWTND","Raspberries, frozen, unsweetened",,,,52,1.2,0.65,11.94,4.42,6.5,2.0,0.055,0.0,26.2,0.87,21,0.598,0.038,0.032,25,0.09,0.69,22,0.67,29,0.2,0.42,0.002222222,0.032352941,0.0,0.291111111,0.058,0.0525,0.037375,0.029230769,0.026666667,0.020833333,0.0001,0.052380952,0.041428571,0.003636364,0.038181818
10000,Pork Products,"PORK,FRSH,ENHANCED,COMP OF FAT,CKD","Pork, fresh, enhanced, composite of separable fat, cooked",,,,585,10.06,60.42,0.32,0.0,0.0,0.0,0.234,1.4,0.0,0.24,0,3.93,0.139,0.246,36,0.045,0.82,12,0.007,160,15.1,1.13,0.0,0.137647059,0.583333333,0.0,0.016,0.0,0.245625,0.106923077,0.205,0.03,5e-05,0.028571429,0.228571429,0.274545455,0.102727273
10001,Pork Products,"PORK,FRSH,CARCASS,LN&FAT,RAW","Pork, fresh, carcass, separable lean and fat, raw",,,Suidae domesticus,376,13.91,35.07,0.0,0.0,0.0,2.0,0.284,0.61,0.4,0.29,4,3.846,0.207,0.595,19,0.055,0.69,13,0.011,155,28.4,1.59,0.002222222,0.167058824,0.254166667,0.004444444,0.019333333,0.01,0.240375,0.159230769,0.495833333,0.015833333,6.11111e-05,0.030952381,0.221428571,0.516363636,0.144545455
10002,Pork Products,"PORK,FRSH,COMP OF RTL CUTS (LEG,LOIN,SHLDR),LN,RAW","Pork, fresh, composite of trimmed retail cuts (leg, loin, shoulder), separable lean only, raw",,,,134,21.2,4.86,0.0,0.0,0.0,1.0,0.644,0.64,0.2,0.17,2,5.573,0.254,0.642,13,0.075,0.82,24,0.011,216,33.5,2.21,0.001111111,0.378823529,0.266666667,0.002222222,0.011333333,0.005,0.3483125,0.195384615,0.535,0.010833333,8.33333e-05,0.057142857,0.308571429,0.609090909,0.200909091
10003,Pork Products,"PORK,FRSH,COMP OF LEG,LOIN,SHLDR,& SPARERIBS,LN & FAT,RAW","Pork, fresh, composite of trimmed leg, loin, shoulder, and spareribs, (includes cuts to be cured), separable lean and fat, raw",,,,211,18.22,14.79,0.0,0.0,0.0,1.0,0.504,0.67,0.3,0.12,3,4.73,0.255,0.622,11,0.075,0.89,21,0.014,195,28.5,2.27,0.001111111,0.296470588,0.279166667,0.003333333,0.008,0.0075,0.295625,0.196153846,0.518333333,0.009166667,8.33333e-05,0.05,0.278571429,0.518181818,0.206363636
10004,Pork Products,"PORK,FRESH,BACKFAT,RAW","Pork, fresh, backfat, raw",,,,812,2.92,88.69,0.0,0.0,0.0,5.0,0.04,0.18,0.1,0.0,1,0.985,0.051,0.084,2,0.018,0.18,2,0.002,38,8.0,0.37,0.005555556,0.023529412,0.075,0.001111111,0.0,0.0025,0.0615625,0.039230769,0.07,0.001666667,2e-05,0.004761905,0.054285714,0.145454545,0.033636364
10005,Pork Products,"PORK,FRSH,BELLY,RAW","Pork, fresh, belly, raw",,,,518,9.34,53.01,0.0,0.0,0.0,3.0,0.13,0.84,0.3,0.39,1,4.647,0.242,0.396,5,0.052,0.52,4,0.006,108,8.0,1.02,0.003333333,0.076470588,0.35,0.003333333,0.026,0.0025,0.2904375,0.186153846,0.33,0.004166667,5.77778e-05,0.00952381,0.154285714,0.145454545,0.092727273
10006,Pork Products,"PORK,FRSH,FAT,RAW","Pork, fresh, separable fat, raw",,,,632,9.25,65.7,0.0,0.0,0.0,26.0,0.143,0.67,0.0,0.42,0,2.63,0.09,0.16,14,0.067,0.26,6,0.0,84,9.0,0.6,0.028888889,0.084117647,0.279166667,0.0,0.028,0.0,0.164375,0.069230769,0.133333333,0.011666667,7.44444e-05,0.014285714,0.12,0.163636364,0.054545455
10007,Pork Products,"PORK,FRSH,FAT,CKD","Pork, fresh, separable fat, cooked",,,,626,7.06,66.1,0.0,0.0,0.0,24.0,0.192,0.54,0.0,0.0,0,3.12,0.2,0.21,22,0.09,0.46,9,0.003,109,11.5,0.75,0.026666667,0.112941176,0.225,0.0,0.0,0.0,0.195,0.153846154,0.175,0.018333333,0.0001,0.021428571,0.155714286,0.209090909,0.068181818
10008,Pork Products,"PORK,FRSH,LEG (HAM),WHL,LN&FAT,RAW","Pork, fresh, leg (ham), whole, separable lean and fat, raw",,,,245,17.43,18.87,0.0,0.0,0.0,0.0,0.401,0.63,0.7,0.0,7,4.574,0.2,0.736,5,0.065,0.85,20,0.023,199,29.4,1.93,0.0,0.235882353,0.2625,0.007777778,0.0,0.0175,0.285875,0.153846154,0.613333333,0.004166667,7.22222e-05,0.047619048,0.284285714,0.534545455,0.175454545
10009,Pork Products,"PORK,FRSH,LEG (HAM),WHL,LN&FAT,CKD,RSTD","Pork, fresh, leg (ham), whole, separable lean and fat, cooked, roasted",,,,273,26.83,17.61,0.0,0.0,0.0,3.0,0.402,0.68,0.3,0.22,10,4.574,0.313,0.635,14,0.1,1.01,22,0.032,263,45.3,2.96,0.003333333,0.236470588,0.283333333,0.003333333,0.014666667,0.025,0.285875,0.240769231,0.529166667,0.011666667,0.000111111,0.052380952,0.375714286,0.823636364,0.269090909
10010,Pork Products,"PORK,FRSH,LEG (HAM),WHL,LN,RAW","Pork, fresh, leg (ham), whole, separable lean only, raw",,,,136,20.48,5.41,0.0,0.0,0.0,2.0,0.5,0.71,0.9,0.17,9,5.338,0.228,0.875,6,0.075,1.01,25,0.029,229,35.4,2.27,0.002222222,0.294117647,0.295833333,0.01,0.011333333,0.0225,0.333625,0.175384615,0.729166667,0.005,8.33333e-05,0.05952381,0.327142857,0.643636364,0.206363636
10011,Pork Products,"PORK,FRSH,LEG (HAM),WHL,LN,CKD,RSTD","Pork, fresh, leg (ham), whole, separable lean only, cooked, roasted",,,,211,29.41,9.44,0.0,0.0,0.0,3.0,0.45,0.72,0.4,0.26,12,4.935,0.349,0.69,7,0.108,1.12,25,0.037,281,49.9,3.26,0.003333333,0.264705882,0.3,0.004444444,0.017333333,0.03,0.3084375,0.268461538,0.575,0.005833333,0.00012,0.05952381,0.401428571,0.907272727,0.296363636
10012,Pork Products,"PORK,FRSH,LEG (HAM),RUMP HALF,LN&FAT,RAW","Pork, fresh, leg (ham), rump half, separable lean and fat, raw",,,,182,20.27,10.63,0.0,0.0,0.0,5.0,0.506,0.4,0.0,0.2,0,5.623,0.309,0.498,12,0.079,0.62,20,0.009,216,19.7,1.7,0.005555556,0.297647059,0.166666667,0.0,0.013333333,0.0,0.3514375,0.237692308,0.415,0.01,8.77778e-05,0.047619048,0.308571429,0.358181818,0.154545455
10013,Pork Products,"PORK,FRSH,LEG (HAM),RUMP HALF,LN&FAT,CKD,RSTD","Pork, fresh, leg (ham), rump half, separable lean and fat, cooked, roasted",,,,209,27.03,10.32,0.0,0.0,0.0,3.0,0.501,0.67,0.0,0.27,0,7.444,0.379,0.489,16,0.112,0.9,25,0.016,255,25.0,2.31,0.003333333,0.294705882,0.279166667,0.0,0.018,0.0,0.46525,0.291538462,0.4075,0.013333333,0.000124444,0.05952381,0.364285714,0.454545455,0.21
10014,Pork Products,"PORK,FRSH,LEG (HAM),RUMP HALF,LN,RAW","Pork, fresh, leg (ham), rump half, separable lean only, raw",,,,120,21.81,2.93,0.0,0.0,0.0,2.0,0.557,0.36,0.0,0.16,0,6.042,0.34,0.545,12,0.08,0.67,22,0.01,235,21.2,1.85,0.002222222,0.327647059,0.15,0.0,0.010666667,0.0,0.377625,0.261538462,0.454166667,0.01,8.88889e-05,0.052380952,0.335714286,0.385454545,0.168181818
10015,Pork Products,"PORK,FRSH,LEG (HAM),RUMP HALF,LN,CKD,RSTD","Pork, fresh, leg (ham), rump half, separable lean only, cooked, roasted",,,,165,28.86,4.62,0.0,0.0,0.0,1.0,0.538,0.67,0.0,0.26,0,7.94,0.408,0.523,16,0.116,0.97,27,0.018,273,26.6,2.48,0.001111111,0.316470588,0.279166667,0.0,0.017333333,0.0,0.49625,0.313846154,0.435833333,0.013333333,0.000128889,0.064285714,0.39,0.483636364,0.225454545
10016,Pork Products,"PORK,FRSH,LEG (HAM),SHANK HALF,LN&FAT,RAW","Pork, fresh, leg (ham), shank half, separable lean and fat, raw",,,,193,19.87,11.96,0.0,0.0,0.0,6.0,0.475,0.54,0.0,0.31,0,5.75,0.307,0.47,12,0.131,0.69,19,0.022,204,19.5,2.02,0.006666667,0.279411765,0.225,0.0,0.020666667,0.0,0.359375,0.236153846,0.391666667,0.01,0.000145556,0.045238095,0.291428571,0.354545455,0.183636364
10017,Pork Products,"PORK,FRSH,LEG (HAM),SHANK HALF,LN&FAT,CKD,RSTD","Pork, fresh, leg (ham), shank half, separable lean and fat, cooked, roasted",,,,232,25.96,13.42,0.0,0.0,0.0,4.0,0.442,0.5,0.0,0.23,0,7.457,0.352,0.411,15,0.119,0.87,22,0.017,242,26.4,2.42,0.004444444,0.26,0.208333333,0.0,0.015333333,0.0,0.4660625,0.270769231,0.3425,0.0125,0.000132222,0.052380952,0.345714286,0.48,0.22
10018,Pork Products,"PORK,FRSH,LEG (HAM),SHANK HALF,LN,RAW","Pork, fresh, leg (ham), shank half, separable lean only, raw",,,,119,21.66,2.95,0.0,0.0,0.0,3.0,0.531,0.51,0.0,0.29,0,6.273,0.343,0.522,12,0.142,0.77,21,0.026,224,21.3,2.25,0.003333333,0.312352941,0.2125,0.0,0.019333333,0.0,0.3920625,0.263846154,0.435,0.01,0.000157778,0.05,0.32,0.387272727,0.204545455
10019,Pork Products,"PORK,FRSH,LEG (HAM),SHANK HALF,LN,CKD,RSTD","Pork, fresh, leg (ham), shank half, separable lean only, cooked, roasted",,,,175,28.69,5.83,0.0,0.0,0.0,1.0,0.478,0.5,0.0,0.26,0,8.082,0.373,0.44,14,0.123,0.92,24,0.019,261,28.6,2.67,0.001111111,0.281176471,0.208333333,0.0,0.017333333,0.0,0.505125,0.286923077,0.366666667,0.011666667,0.000136667,0.057142857,0.372857143,0.52,0.242727273
10020,Pork Products,"PORK,FRSH,LOIN,WHL,LN&FAT,RAW","Pork, fresh, loin, whole, separable lean and fat, raw",,,,198,19.74,12.58,0.0,0.0,0.0,2.0,0.472,0.53,0.6,0.21,1,4.58,0.248,0.901,18,0.056,0.79,21,0.011,197,33.2,1.74,0.002222222,0.277647059,0.220833333,0.006666667,0.014,0.0025,0.28625,0.190769231,0.750833333,0.015,6.22222e-05,0.05,0.281428571,0.603636364,0.158181818
10021,Pork Products,"PORK,FRSH,LOIN,WHL,LN&FAT,CKD,BRSD","Pork, fresh, loin, whole, separable lean and fat, cooked, braised",,,,239,27.23,13.62,0.0,0.0,0.0,2.0,0.366,0.54,0.6,0.24,3,4.419,0.254,0.632,21,0.077,1.07,19,0.012,181,45.3,2.38,0.002222222,0.215294118,0.225,0.006666667,0.016,0.0075,0.2761875,0.195384615,0.526666667,0.0175,8.55556e-05,0.045238095,0.258571429,0.823636364,0.216363636
10022,Pork Products,"PORK,FRSH,LOIN,WHL,LN&FAT,CKD,BRLD","Pork, fresh, loin, whole, separable lean and fat, cooked, broiled",,,,242,27.32,13.92,0.0,0.0,0.0,2.0,0.464,0.7,0.6,0.29,5,5.037,0.321,0.877,19,0.073,0.87,28,0.009,246,45.3,2.39,0.002222222,0.272941176,0.291666667,0.006666667,0.019333333,0.0125,0.3148125,0.246923077,0.730833333,0.015833333,8.11111e-05,0.066666667,0.351428571,0.823636364,0.217272727
10023,Pork Products,"PORK,FRSH,LOIN,WHL,LN&FAT,CKD,RSTD","Pork, fresh, loin, whole, separable lean and fat, cooked, roasted",,,,248,27.09,14.65,0.0,0.0,0.0,3.0,0.516,0.71,0.6,0.19,6,5.572,0.313,0.988,19,0.056,0.99,26,0.011,242,33.4,2.32,0.003333333,0.303529412,0.295833333,0.006666667,0.012666667,0.015,0.34825,0.240769231,0.823333333,0.015833333,6.22222e-05,0.061904762,0.345714286,0.607272727,0.210909091
10024,Pork Products,"PORK,FRSH,LOIN,WHL,LN,RAW","Pork, fresh, loin, whole, separable lean only, raw",,,,143,21.43,5.66,0.0,0.0,0.0,2.0,0.527,0.63,0.6,0.18,5,4.915,0.267,0.989,17,0.062,0.84,23,0.012,211,36.1,1.84,0.002222222,0.31,0.2625,0.006666667,0.012,0.0125,0.3071875,0.205384615,0.824166667,0.014166667,6.88889e-05,0.054761905,0.301428571,0.656363636,0.167272727
10025,Pork Products,"PORK,FRSH,LOIN,WHL,LN,CKD,BRSD","Pork, fresh, loin, whole, separable lean only, cooked, braised",,,,204,28.57,9.12,0.0,0.0,0.0,2.0,0.387,0.55,0.6,0.21,4,4.588,0.267,0.659,18,0.079,1.13,20,0.013,183,48.2,2.48,0.002222222,0.227647059,0.229166667,0.006666667,0.014,0.01,0.28675,0.205384615,0.549166667,0.015,8.77778e-05,0.047619048,0.261428571,0.876363636,0.225454545
10026,Pork Products,"PORK,FRSH,LOIN,WHL,LN,CKD,BRLD","Pork, fresh, loin, whole, separable lean only, cooked, broiled",,,,210,28.57,9.8,0.0,0.0,0.0,2.0,0.492,0.72,0.7,0.27,6,5.243,0.338,0.923,17,0.075,0.91,29,0.009,253,48.2,2.48,0.002222222,0.289411765,0.3,0.007777778,0.018,0.015,0.3276875,0.26,0.769166667,0.014166667,8.33333e-05,0.069047619,0.361428571,0.876363636,0.225454545
10027,Pork Products,"PORK,FRSH,LOIN,WHL,LN,CKD,RSTD","Pork, fresh, loin, whole, separable lean only, cooked, roasted",,,,209,28.62,9.63,0.0,0.0,0.0,2.0,0.552,0.73,0.6,0.2,1,5.893,0.329,1.017,18,0.059,1.09,28,0.016,249,35.1,2.53,0.002222222,0.324705882,0.304166667,0.006666667,0.013333333,0.0025,0.3683125,0.253076923,0.8475,0.015,6.55556e-05,0.066666667,0.355714286,0.638181818,0.23
10028,Pork Products,"PORK,FRSH,LOIN,BLADE (CHOPS OR ROASTS),BONE-IN,LN&FAT,RAW","Pork, fresh, loin, blade (chops or roasts), bone-in, separable lean and fat, raw",,,,194,19.56,12.27,0.0,0.0,0.0,6.0,0.427,0.55,0.0,0.21,0,6.704,0.314,0.499,35,0.082,0.66,17,0.008,207,29.4,2.56,0.006666667,0.251176471,0.229166667,0.0,0.014,0.0,0.419,0.241538462,0.415833333,0.029166667,9.11111e-05,0.04047619,0.295714286,0.534545455,0.232727273
10029,Pork Products,"PORK,FRSH,LOIN,BLADE (CHOPS),BONE-IN,LN&FAT,CKD,BRSD","Pork, fresh, loin, blade (chops), bone-in, separable lean and fat, cooked, braised",,,,255,26.54,15.71,0.0,0.0,0.0,4.0,0.488,0.62,0.0,0.2,0,7.381,0.316,0.486,51,0.098,0.81,19,0.011,213,41.8,3.11,0.004444444,0.287058824,0.258333333,0.0,0.013333333,0.0,0.4613125,0.243076923,0.405,0.0425,0.000108889,0.045238095,0.304285714,0.76,0.282727273
10030,Pork Products,"PORK,FRSH,LOIN,BLADE (CHOPS),BONE-IN,LN&FAT,CKD,BRLD","Pork, fresh, loin, blade (chops), bone-in, separable lean and fat, cooked, broiled",,,,231,23.72,14.35,0.0,0.0,0.0,4.0,0.489,0.66,0.0,0.21,0,7.927,0.313,0.49,56,0.105,0.87,20,0.01,241,36.4,3.15,0.004444444,0.287647059,0.275,0.0,0.014,0.0,0.4954375,0.240769231,0.408333333,0.046666667,0.000116667,0.047619048,0.344285714,0.661818182,0.286363636
10031,Pork Products,"PORK,FRSH,LOIN,BLADE (ROASTS),BONE-IN,LN&FAT,CKD,RSTD","Pork, fresh, loin, blade (roasts), bone-in, separable lean and fat, cooked, roasted",,,,254,24.29,16.71,0.0,0.0,0.0,4.0,0.436,0.79,0.0,0.22,0,6.705,0.379,0.482,31,0.094,0.81,19,0.016,194,38.7,3.21,0.004444444,0.256470588,0.329166667,0.0,0.014666667,0.0,0.4190625,0.291538462,0.401666667,0.025833333,0.000104444,0.045238095,0.277142857,0.703636364,0.291818182
10032,Pork Products,"PORK,FRSH,LOIN,BLADE (CHOPS OR ROASTS),BONE-IN,LN,RAW","Pork, fresh, loin, blade (chops or roasts), bone-in, separable lean only, raw",,,,143,21.22,5.84,0.0,0.0,0.0,3.0,0.466,0.53,0.0,0.18,0,7.113,0.338,0.54,30,0.081,0.71,18,0.009,226,31.6,2.74,0.003333333,0.274117647,0.220833333,0.0,0.012,0.0,0.4445625,0.26,0.45,0.025,9e-05,0.042857143,0.322857143,0.574545455,0.249090909
10033,Pork Products,"PORK,FRSH,LOIN,BLADE (CHOPS),BONE-IN,LN,CKD,BRSD","Pork, fresh, loin, blade (chops), bone-in, separable lean only, cooked, braised",,,,222,28.02,11.29,0.0,0.0,0.0,2.0,0.515,0.61,0.0,0.21,0,7.604,0.332,0.507,49,0.097,0.85,20,0.012,224,44.3,3.28,0.002222222,0.302941176,0.254166667,0.0,0.014,0.0,0.47525,0.255384615,0.4225,0.040833333,0.000107778,0.047619048,0.32,0.805454545,0.298181818
10034,Pork Products,"PORK,FRSH,LOIN,BLADE (CHOPS),BONE-IN,LN,CKD,BRLD","Pork, fresh, loin, blade (chops), bone-in, separable lean only, cooked, broiled",,,,193,24.99,9.56,0.0,0.0,0.0,2.0,0.517,0.66,0.0,0.23,0,8.218,0.329,0.513,55,0.105,0.91,21,0.011,255,38.5,3.34,0.002222222,0.304117647,0.275,0.0,0.015333333,0.0,0.513625,0.253076923,0.4275,0.045833333,0.000116667,0.05,0.364285714,0.7,0.303636364
10035,Pork Products,"PORK,FRSH,LOIN,BLADE (ROASTS),BONE-IN,LN,CKD,RSTD","Pork, fresh, loin, blade (roasts), bone-in, separable lean only, cooked, roasted",,,,217,25.7,11.89,0.0,0.0,0.0,1.0,0.46,0.8,0.0,0.24,0,6.882,0.403,0.505,27,0.093,0.85,19,0.018,203,41.2,3.41,0.001111111,0.270588235,0.333333333,0.0,0.016,0.0,0.430125,0.31,0.420833333,0.0225,0.000103333,0.045238095,0.29,0.749090909,0.31
10036,Pork Products,"PORK,FRSH,LOIN,CNTR LOIN (CHOPS),BONE-IN,LN & FAT,RAW","Pork, fresh, loin, center loin (chops), bone-in, separable lean and fat, raw","URMIS #3313, Center loin chops, Centercut pork loin chops, centercut pork chops",,,170,20.71,9.03,0.0,0.0,0.0,2.0,0.697,0.53,0.0,0.12,0,6.619,0.189,0.485,19,0.063,0.63,25,0.007,209,33.8,1.77,0.002222222,0.41,0.220833333,0.0,0.008,0.0,0.4136875,0.145384615,0.404166667,0.015833333,7e-05,0.05952381,0.298571429,0.614545455,0.160909091
10037,Pork Products,"PORK,FRSH,LOIN,CNTR LOIN (CHOPS),BONE-IN,LN&FAT,CKD,BRSD","Pork, fresh, loin, center loin (chops), bone-in, separable lean and fat, cooked, braised",,,,242,28.21,13.51,0.0,0.0,0.0,4.0,0.519,0.66,0.0,0.19,0,7.868,0.336,0.518,55,0.104,0.86,20,0.012,225,44.1,3.28,0.004444444,0.305294118,0.275,0.0,0.012666667,0.0,0.49175,0.258461538,0.431666667,0.045833333,0.000115556,0.047619048,0.321428571,0.801818182,0.298181818
10038,Pork Products,"PORK,FRSH,LOIN,CNTR LOIN (CHOPS),BONE-IN,LN&FAT,CKD,BRLD","Pork, fresh, loin, center loin (chops), bone-in, separable lean and fat, cooked, broiled","URMIS #3313, Center loin chops, Centercut pork loin chops, centercut pork chops",,,209,25.61,11.06,0.0,0.0,0.0,2.0,0.669,0.59,0.0,0.11,0,8.147,0.234,0.599,24,0.078,0.79,25,0.009,220,43.6,2.14,0.002222222,0.393529412,0.245833333,0.0,0.007333333,0.0,0.5091875,0.18,0.499166667,0.02,8.66667e-05,0.05952381,0.314285714,0.792727273,0.194545455
10039,Pork Products,"PORK,FRSH,LOIN,CNTR LOIN (ROASTS),BONE-IN,LN&FAT,CKD,RSTD","Pork, fresh, loin, center loin (roasts), bone-in, separable lean and fat, cooked, roasted",,,,231,27.01,12.8,0.0,0.0,0.0,4.0,0.485,0.87,0.0,0.21,0,7.42,0.422,0.536,33,0.103,0.89,20,0.018,213,42.6,3.53,0.004444444,0.285294118,0.3625,0.0,0.014,0.0,0.46375,0.324615385,0.446666667,0.0275,0.000114444,0.047619048,0.304285714,0.774545455,0.320909091
10040,Pork Products,"PORK,FRSH,LOIN,CNTR LOIN (CHOPS),BONE-IN,LN,RAW","Pork, fresh, loin, center loin (chops), bone-in, separable lean only, raw","URMIS #3313, Center loin chops, Center cut pork loin chops, centercut pork chops",,,127,21.99,3.71,0.0,0.0,0.0,0.0,0.742,0.5,0.0,0.13,0,6.934,0.198,0.51,18,0.066,0.65,26,0.008,220,36.0,1.86,0.0,0.436470588,0.208333333,0.0,0.008666667,0.0,0.433375,0.152307692,0.425,0.015,7.33333e-05,0.061904762,0.314285714,0.654545455,0.169090909
10041,Pork Products,"PORK,FRSH,LOIN,CNTR LOIN (CHOPS),BONE-IN,LN,CKD,BRSD","Pork, fresh, loin, center loin (chops), bone-in, separable lean only, cooked, braised",,,,200,30.2,7.86,0.0,0.0,0.0,2.0,0.555,0.66,0.0,0.21,0,8.197,0.358,0.547,53,0.103,0.91,21,0.013,239,47.4,3.51,0.002222222,0.326470588,0.275,0.0,0.014,0.0,0.5123125,0.275384615,0.455833333,0.044166667,0.000114444,0.05,0.341428571,0.861818182,0.319090909
10042,Pork Products,"PORK,FRSH,LOIN,CNTR LOIN (CHOPS),BONE-IN,LN,CKD,BRLD","Pork, fresh, loin, center loin (chops), bone-in, separable lean only, cooked, broiled","URMIS #3313, Center loin chops, Centercut pork chops, Centercut pork loin chops",,,180,26.76,7.29,0.0,0.0,0.0,0.0,0.701,0.54,0.0,0.1,0,8.485,0.243,0.624,23,0.081,0.8,26,0.009,228,45.7,2.22,0.0,0.412352941,0.225,0.0,0.006666667,0.0,0.5303125,0.186923077,0.52,0.019166667,9e-05,0.061904762,0.325714286,0.830909091,0.201818182
10043,Pork Products,"PORK,FRSH,LOIN,CNTR LOIN (ROASTS),BONE-IN,LN,CKD,RSTD","Pork, fresh, loin, center loin (roasts), bone-in, separable lean only, cooked, roasted",,,,194,28.58,7.95,0.0,0.0,0.0,2.0,0.512,0.88,0.0,0.24,0,7.655,0.449,0.562,30,0.102,0.93,21,0.02,223,45.2,3.74,0.002222222,0.301176471,0.366666667,0.0,0.016,0.0,0.4784375,0.345384615,0.468333333,0.025,0.000113333,0.05,0.318571429,0.821818182,0.34
10044,Pork Products,"PORK,FRSH,LOIN,CNTR RIB (CHOPS OR ROASTS),BONE-IN,LN&FAT,RAW","Pork, fresh, loin, center rib (chops or roasts), bone-in, separable lean and fat, raw","Centercut pork loin, Rib cut chops, Rib chops",,,186,20.28,11.04,0.0,0.0,0.0,2.0,0.682,0.54,0.0,0.12,0,6.331,0.177,0.456,25,0.065,0.59,23,0.008,203,35.5,1.85,0.002222222,0.401176471,0.225,0.0,0.008,0.0,0.3956875,0.136153846,0.38,0.020833333,7.22222e-05,0.054761905,0.29,0.645454545,0.168181818
10045,Pork Products,"PORK,FRSH,LOIN,CNTR RIB (CHOPS),BONE-IN,LN&FAT,CKD,BRSD","Pork, fresh, loin, center rib (chops), bone-in, separable lean and fat, cooked, braised",,,,261,26.66,16.28,0.0,0.0,0.0,5.0,0.491,0.64,0.0,0.19,0,7.505,0.318,0.492,53,0.101,0.81,19,0.011,213,41.5,3.1,0.005555556,0.288823529,0.266666667,0.0,0.012666667,0.0,0.4690625,0.244615385,0.41,0.044166667,0.000112222,0.045238095,0.304285714,0.754545455,0.281818182
10046,Pork Products,"PORK,FRSH,LOIN,CNTR RIB (CHOPS),BONE-IN,LN&FAT,CKD,BRLD","Pork, fresh, loin, center rib (chops), bone-in, separable lean and fat, cooked, broiled","Centercut pork loin, Rib cut chops, Rib chops",,,222,24.42,13.04,0.0,0.0,0.0,2.0,0.637,0.58,0.0,0.11,0,7.478,0.21,0.541,28,0.084,0.68,24,0.006,209,42.8,2.15,0.002222222,0.374705882,0.241666667,0.0,0.007333333,0.0,0.467375,0.161538462,0.450833333,0.023333333,9.33333e-05,0.057142857,0.298571429,0.778181818,0.195454545
10047,Pork Products,"PORK,FRSH,LOIN,CNTR RIB (ROASTS),BONE-IN,LN&FAT,CKD,RSTD","Pork, fresh, loin, center rib (roasts), bone-in, separable lean and fat, cooked, roasted",,,,248,26.99,14.68,0.0,0.0,0.0,5.0,0.485,0.87,0.0,0.21,0,9.49,0.295,0.522,19,0.085,0.96,21,0.007,230,40.2,2.91,0.005555556,0.285294118,0.3625,0.0,0.014,0.0,0.593125,0.226923077,0.435,0.015833333,9.44444e-05,0.05,0.328571429,0.730909091,0.264545455
10048,Pork Products,"PORK,FRSH,LOIN,CNTR RIB (CHOPS OR ROASTS),BONE-IN,LN,RAW","Pork, fresh, loin, center rib (chops or roasts), bone-in, separable lean only, raw","Centercut pork loin, Rib cut chops, Rib chops",,,136,21.79,4.8,0.0,0.0,0.0,0.0,0.735,0.5,0.0,0.13,0,6.685,0.186,0.484,24,0.068,0.61,25,0.009,216,38.3,1.97,0.0,0.432352941,0.208333333,0.0,0.008666667,0.0,0.4178125,0.143076923,0.403333333,0.02,7.55556e-05,0.05952381,0.308571429,0.696363636,0.179090909
10049,Pork Products,"PORK,FRSH,LOIN,CNTR RIB (CHOPS),BONE-IN,LN,CKD,BRSD","Pork, fresh, loin, center rib (chops), bone-in, separable lean only, cooked, braised",,,,208,29.03,9.32,0.0,0.0,0.0,2.0,0.533,0.63,0.0,0.22,0,7.88,0.344,0.526,51,0.099,0.87,20,0.012,229,45.4,3.37,0.002222222,0.313529412,0.2625,0.0,0.014666667,0.0,0.4925,0.264615385,0.438333333,0.0425,0.00011,0.047619048,0.327142857,0.825454545,0.306363636
10050,Pork Products,"PORK,FRSH,LOIN,CNTR RIB (CHOPS),BONE-IN,LN,CKD,BRLD","Pork, fresh, loin, center rib (chops), bone-in, separable lean only, cooked, broiled","Centercut pork loin chop, Rib cut chops, Rib chops",,,186,25.79,8.36,0.0,0.0,0.0,0.0,0.675,0.52,0.0,0.1,0,7.855,0.219,0.569,26,0.088,0.68,25,0.007,218,45.4,2.25,0.0,0.397058824,0.216666667,0.0,0.006666667,0.0,0.4909375,0.168461538,0.474166667,0.021666667,9.77778e-05,0.05952381,0.311428571,0.825454545,0.204545455
10051,Pork Products,"PORK,FRSH,LOIN,CNTR RIB (ROASTS),BONE-IN,LN,CKD,RSTD","Pork, fresh, loin, center rib (roasts), bone-in, separable lean only, cooked, roasted",,,,206,28.82,9.21,0.0,0.0,0.0,3.0,0.516,0.89,0.0,0.23,0,10.003,0.312,0.552,13,0.082,1.02,22,0.007,244,43.1,3.09,0.003333333,0.303529412,0.370833333,0.0,0.015333333,0.0,0.6251875,0.24,0.46,0.010833333,9.11111e-05,0.052380952,0.348571429,0.783636364,0.280909091
10052,Pork Products,"PORK,FRSH,LOIN,SIRLOIN (CHOPS OR ROASTS),BONE-IN,LN&FAT,RAW","Pork, fresh, loin, sirloin (chops or roasts), bone-in, separable lean and fat, raw","Loin end roast, Hipbone roast, Sirloin end roast",,,168,20.48,8.96,0.0,0.0,0.0,2.0,0.756,0.56,0.0,0.22,0,6.093,0.277,0.492,14,0.088,0.82,23,0.012,209,29.2,1.95,0.002222222,0.444705882,0.233333333,0.0,0.014666667,0.0,0.3808125,0.213076923,0.41,0.011666667,9.77778e-05,0.054761905,0.298571429,0.530909091,0.177272727
10053,Pork Products,"PORK,FRSH,LOIN,SIRLOIN (CHOPS),BONE-IN,LN&FAT,CKD,BRSD","Pork, fresh, loin, sirloin (chops), bone-in, separable lean and fat, cooked, braised",,,,234,28.81,12.31,0.0,0.0,0.0,4.0,0.507,0.63,0.0,0.22,0,7.537,0.264,0.633,12,0.085,0.71,24,0.013,285,44.1,1.97,0.004444444,0.298235294,0.2625,0.0,0.014666667,0.0,0.4710625,0.203076923,0.5275,0.01,9.44444e-05,0.057142857,0.407142857,0.801818182,0.179090909
10054,Pork Products,"PORK,FRSH,LOIN,SIRLOIN (CHOPS),BONE-IN,LN&FAT,CKD,BRLD","Pork, fresh, loin, sirloin (chops), bone-in, separable lean and fat, cooked, broiled",,,,222,26.96,11.82,0.0,0.0,0.0,5.0,0.562,0.75,0.0,0.24,0,8.414,0.278,0.695,60,0.12,1.01,23,0.012,280,41.8,3.6,0.005555556,0.330588235,0.3125,0.0,0.016,0.0,0.525875,0.213846154,0.579166667,0.05,0.000133333,0.054761905,0.4,0.76,0.327272727
10055,Pork Products,"PORK,FRSH,LOIN,SIRLOIN (ROASTS),BONE-IN,LN&FAT,CKD,RSTD","Pork, fresh, loin, sirloin (roasts), bone-in, separable lean and fat, cooked, roasted","Loin end roast, Hipbone roast, Sirloin end roast",,,230,26.64,12.87,0.0,0.0,0.0,2.0,0.75,0.64,0.0,0.11,0,7.865,0.36,0.639,15,0.116,0.94,25,0.009,228,44.4,2.52,0.002222222,0.441176471,0.266666667,0.0,0.007333333,0.0,0.4915625,0.276923077,0.5325,0.0125,0.000128889,0.05952381,0.325714286,0.807272727,0.229090909
10056,Pork Products,"PORK,FRSH,LOIN,SIRLOIN (CHOPS OR ROASTS),BONE-IN,LN,RAW","Pork, fresh, loin, sirloin (chops or roasts), bone-in, separable lean only, raw","Loin end roast, Hipbone roast, Sirloin end roast",,,129,21.65,4.02,0.0,0.0,0.0,0.0,0.803,0.53,0.0,0.24,0,6.344,0.292,0.517,12,0.092,0.85,25,0.013,219,30.9,2.05,0.0,0.472352941,0.220833333,0.0,0.016,0.0,0.3965,0.224615385,0.430833333,0.01,0.000102222,0.05952381,0.312857143,0.561818182,0.186363636
10057,Pork Products,"PORK,FRSH,LOIN,SIRLOIN (CHOPS),BONE-IN,LN,CKD,BRSD","Pork, fresh, loin, sirloin (chops), bone-in, separable lean only, cooked, braised",,,,195,31.0,6.9,0.0,0.0,0.0,2.0,0.538,0.64,0.0,0.25,0,7.982,0.271,0.676,11,0.085,0.73,26,0.014,303,47.4,2.09,0.002222222,0.316470588,0.266666667,0.0,0.016666667,0.0,0.498875,0.208461538,0.563333333,0.009166667,9.44444e-05,0.061904762,0.432857143,0.861818182,0.19
10058,Pork Products,"PORK,FRSH,LOIN,SIRLOIN (CHOPS),BONE-IN,LN,CKD,BRLD","Pork, fresh, loin, sirloin (chops), bone-in, separable lean only, cooked, broiled",,,,174,29.29,5.45,0.0,0.0,0.0,2.0,0.606,0.77,0.0,0.27,0,9.035,0.287,0.752,65,0.123,1.07,25,0.013,300,45.3,3.94,0.002222222,0.356470588,0.320833333,0.0,0.018,0.0,0.5646875,0.220769231,0.626666667,0.054166667,0.000136667,0.05952381,0.428571429,0.823636364,0.358181818
10059,Pork Products,"PORK,FRSH,LOIN,SIRLOIN (ROASTS),BONE-IN,LN,CKD,RSTD","Pork, fresh, loin, sirloin (roasts), bone-in, separable lean only, cooked, roasted","Loin end roast, Hipbone roast, Sirloin end roast",,,204,27.78,9.44,0.0,0.0,0.0,0.0,0.785,0.61,0.0,0.1,0,8.165,0.376,0.665,13,0.121,0.96,26,0.01,235,46.4,2.62,0.0,0.461764706,0.254166667,0.0,0.006666667,0.0,0.5103125,0.289230769,0.554166667,0.010833333,0.000134444,0.061904762,0.335714286,0.843636364,0.238181818
10060,Pork Products,PORK  FRSH  LOIN  TENDERLOIN   LN ONLY  RAW,"Pork, fresh, loin, tenderloin, separable lean only, raw","Pork tenderloin, URMIS #3358",,,109,20.95,2.17,0.0,0.0,0.0,0.0,0.777,0.51,0.0,0.22,0,6.684,0.342,0.998,5,0.09,0.98,27,0.015,247,30.8,1.89,0.0,0.457058824,0.2125,0.0,0.014666667,0.0,0.41775,0.263076923,0.831666667,0.004166667,0.0001,0.064285714,0.352857143,0.56,0.171818182
10061,Pork Products,"PORK,FRSH,LOIN,TENDERLOIN,LN,CKD,RSTD","Pork, fresh, loin, tenderloin, separable lean only, cooked, roasted","URMIS #3358, Pork, Pork tenderloin",,,143,26.17,3.51,0.0,0.0,0.0,0.0,0.739,0.57,0.0,0.08,0,7.432,0.387,0.95,6,0.111,1.15,29,0.013,267,38.2,2.42,0.0,0.434705882,0.2375,0.0,0.005333333,0.0,0.4645,0.297692308,0.791666667,0.005,0.000123333,0.069047619,0.381428571,0.694545455,0.22
10062,Pork Products,"PORK,FRSH,LOIN,TOP LOIN (CHOPS),BNLESS,LN & FAT,RAW","Pork, fresh, loin, top loin (chops), boneless, separable lean and fat, raw","URMIS #3369, Americas cut chops, Pork top loin chops, Strip loin chops",,,155,21.55,6.94,0.0,0.0,0.0,1.0,0.726,0.53,0.0,0.13,0,7.988,0.185,0.667,7,0.056,0.5,26,0.007,226,33.1,1.55,0.001111111,0.427058824,0.220833333,0.0,0.008666667,0.0,0.49925,0.142307692,0.555833333,0.005833333,6.22222e-05,0.061904762,0.322857143,0.601818182,0.140909091
10063,Pork Products,"PORK,FRSH,LOIN,TOP LOIN (CHOPS),BNLESS,LN & FAT,CKD,BRSD","Pork, fresh, loin, top loin (chops), boneless, separable lean and fat, cooked, braised",,,,200,29.2,8.31,0.0,0.0,0.0,3.0,0.537,0.67,0.0,0.24,0,9.905,0.238,0.526,12,0.089,0.88,23,0.01,221,40.3,2.29,0.003333333,0.315882353,0.279166667,0.0,0.016,0.0,0.6190625,0.183076923,0.438333333,0.01,9.88889e-05,0.054761905,0.315714286,0.732727273,0.208181818
10064,Pork Products,"PORK,FRSH,LOIN,TOP LOIN (CHOPS),BNLESS,LN & FAT,CKD,BRLD","Pork, fresh, loin, top loin (chops), boneless, separable lean and fat, cooked, broiled","URMIS #3369, Americas cut chops, Pork top loin chops, Strip loin chops",,,196,26.62,9.14,0.0,0.0,0.0,1.0,0.696,0.59,0.0,0.11,0,8.242,0.19,0.636,7,0.081,0.63,26,0.007,230,43.6,2.09,0.001111111,0.409411765,0.245833333,0.0,0.007333333,0.0,0.515125,0.146153846,0.53,0.005833333,9e-05,0.061904762,0.328571429,0.792727273,0.19
10065,Pork Products,"PORK,FRSH,LOIN,TOP LOIN (ROASTS),BNLESS,LN&FAT,CKD,RSTD","Pork, fresh, loin, top loin (roasts), boneless, separable lean and fat, cooked, roasted","Boneless pork loin, Centercut pork loin roast",,,192,26.45,8.82,0.0,0.0,0.0,1.0,0.692,0.58,0.0,0.11,0,7.104,0.232,0.547,7,0.077,0.64,25,0.007,223,34.9,2.11,0.001111111,0.407058824,0.241666667,0.0,0.007333333,0.0,0.444,0.178461538,0.455833333,0.005833333,8.55556e-05,0.05952381,0.318571429,0.634545455,0.191818182
10066,Pork Products,"PORK,FRSH,LOIN,TOP LOIN (CHOPS),BNLESS,LN,RAW","Pork, fresh, loin, top loin (chops), boneless, separable lean only, raw","URMIS #3369, Americas cut chops, Pork top loin chops, Strip loin chops",,,127,22.41,3.42,0.0,0.0,0.0,0.0,0.756,0.51,0.0,0.13,0,8.265,0.19,0.693,5,0.057,0.51,27,0.008,234,34.5,1.59,0.0,0.444705882,0.2125,0.0,0.008666667,0.0,0.5165625,0.146153846,0.5775,0.004166667,6.33333e-05,0.064285714,0.334285714,0.627272727,0.144545455
10067,Pork Products,"PORK,FRSH,LOIN,TOP LOIN (CHOPS),BNLESS,LN,CKD,BRSD","Pork, fresh, loin, top loin (chops), boneless, separable lean only, cooked, braised",,,,170,30.54,4.34,0.0,0.0,0.0,2.0,0.561,0.66,0.0,0.25,0,10.263,0.245,0.545,8,0.087,0.91,23,0.01,230,42.1,2.37,0.002222222,0.33,0.275,0.0,0.016666667,0.0,0.6414375,0.188461538,0.454166667,0.006666667,9.66667e-05,0.054761905,0.328571429,0.765454545,0.215454545
10068,Pork Products,"PORK,FRSH,LOIN,TOP LOIN (CHOPS),BNLESS,LN,CKD,BRLD","Pork, fresh, loin, top loin (chops), boneless, separable lean only, cooked, broiled","URMIS #3369, Americas cut  chops, Pork top loin chops, Strip loin chops",,,173,27.58,6.08,0.0,0.0,0.0,0.0,0.722,0.56,0.0,0.1,0,8.512,0.195,0.658,5,0.083,0.63,27,0.007,237,45.3,2.15,0.0,0.424705882,0.233333333,0.0,0.006666667,0.0,0.532,0.15,0.548333333,0.004166667,9.22222e-05,0.064285714,0.338571429,0.823636364,0.195454545
10069,Pork Products,"PORK,FRSH,LOIN,TOP LOIN (ROASTS),BNLESS,LN,CKD,RSTD","Pork, fresh, loin, top loin (roasts), boneless, separable lean only, cooked, roasted","Boneless pork loin, Centercut boneless pork loin roast",,,173,27.23,6.28,0.0,0.0,0.0,0.0,0.713,0.55,0.0,0.1,0,7.277,0.237,0.561,6,0.079,0.64,26,0.007,227,35.8,2.16,0.0,0.419411765,0.229166667,0.0,0.006666667,0.0,0.4548125,0.182307692,0.4675,0.005,8.77778e-05,0.061904762,0.324285714,0.650909091,0.196363636
10070,Pork Products,"PORK,FRSH,SHLDR,WHL,LN&FAT,RAW","Pork, fresh, shoulder, whole, separable lean and fat, raw",,,,236,17.18,17.99,0.0,0.0,0.0,2.0,0.348,0.74,0.7,0.19,5,3.833,0.275,0.767,15,0.084,1.05,18,0.011,182,25.5,2.7,0.002222222,0.204705882,0.308333333,0.007777778,0.012666667,0.0125,0.2395625,0.211538462,0.639166667,0.0125,9.33333e-05,0.042857143,0.26,0.463636364,0.245454545
10071,Pork Products,"PORK,FRSH,SHLDR,WHL,LN&FAT,CKD,RSTD","Pork, fresh, shoulder, whole, separable lean and fat, cooked, roasted",,,,292,23.28,21.39,0.0,0.0,0.0,2.0,0.288,0.8,0.5,0.19,5,3.991,0.329,0.581,24,0.113,1.32,18,0.022,212,33.4,3.71,0.002222222,0.169411765,0.333333333,0.005555556,0.012666667,0.0125,0.2494375,0.253076923,0.484166667,0.02,0.000125556,0.042857143,0.302857143,0.607272727,0.337272727
10072,Pork Products,"PORK,FRSH,SHLDR,WHL,LN,RAW","Pork, fresh, shoulder, whole, separable lean only, raw",,,,148,19.55,7.14,0.0,0.0,0.0,2.0,0.415,0.84,0.8,0.0,5,4.275,0.314,0.884,14,0.097,1.22,21,0.012,202,29.5,3.14,0.002222222,0.244117647,0.35,0.008888889,0.0,0.0125,0.2671875,0.241538462,0.736666667,0.011666667,0.000107778,0.05,0.288571429,0.536363636,0.285454545
10073,Pork Products,"PORK,FRSH,SHLDR,WHL,LN,CKD,RSTD","Pork, fresh, shoulder, whole, separable lean only, cooked, roasted",,,,230,25.33,13.54,0.0,0.0,0.0,2.0,0.317,0.86,0.6,0.25,5,4.26,0.37,0.628,18,0.124,1.5,20,0.026,221,37.4,4.16,0.002222222,0.186470588,0.358333333,0.006666667,0.016666667,0.0125,0.26625,0.284615385,0.523333333,0.015,0.000137778,0.047619048,0.315714286,0.68,0.378181818
10074,Pork Products,"PORK,FRSH,SHLDR,ARM PICNIC,LN&FAT,RAW","Pork, fresh, shoulder, arm picnic, separable lean and fat, raw",,,,193,18.71,12.51,0.0,0.0,0.0,5.0,0.44,0.57,0.0,0.21,0,4.518,0.246,0.585,12,0.072,0.57,18,0.01,200,21.9,2.15,0.005555556,0.258823529,0.2375,0.0,0.014,0.0,0.282375,0.189230769,0.4875,0.01,8e-05,0.042857143,0.285714286,0.398181818,0.195454545
10075,Pork Products,"PORK,FRSH,SHLDR,ARM PICNIC,LN&FAT,CKD,BRSD","Pork, fresh, shoulder, arm picnic, separable lean and fat, cooked, braised",,,,235,24.88,14.33,0.0,0.0,0.0,4.0,0.346,0.74,0.0,0.26,5,5.308,0.322,0.439,16,0.107,0.92,22,0.022,240,29.4,3.1,0.004444444,0.203529412,0.308333333,0.0,0.017333333,0.0125,0.33175,0.247692308,0.365833333,0.013333333,0.000118889,0.052380952,0.342857143,0.534545455,0.281818182
10076,Pork Products,"PORK,FRSH,SHLDR,ARM PICNIC,LN&FAT,CKD,RSTD","Pork, fresh, shoulder, arm picnic, separable lean and fat, cooked, roasted",,,,317,23.47,24.01,0.0,0.0,0.0,2.0,0.348,0.71,0.2,0.0,4,3.918,0.302,0.522,19,0.111,1.18,17,0.033,228,33.6,3.45,0.002222222,0.204705882,0.295833333,0.002222222,0.0,0.01,0.244875,0.232307692,0.435,0.015833333,0.000123333,0.04047619,0.325714286,0.610909091,0.313636364
10077,Pork Products,"PORK,FRSH,SHLDR,ARM PICNIC,LN,RAW","Pork, fresh, shoulder, arm picnic, separable lean only, raw",,,,120,20.26,3.77,0.0,0.0,0.0,2.0,0.489,0.55,0.0,0.17,0,4.828,0.272,0.655,11,0.073,0.62,20,0.011,219,24.0,2.41,0.002222222,0.287647059,0.229166667,0.0,0.011333333,0.0,0.30175,0.209230769,0.545833333,0.009166667,8.11111e-05,0.047619048,0.312857143,0.436363636,0.219090909
10078,Pork Products,"PORK,FRSH,SHLDR,ARM PICNIC,LN,CKD,BRSD","Pork, fresh, shoulder, arm picnic, separable lean only, cooked, braised",,,,194,26.76,8.87,0.0,0.0,0.0,2.0,0.362,0.76,0.0,0.29,5,5.538,0.335,0.463,16,0.109,0.97,23,0.023,254,31.2,3.35,0.002222222,0.212941176,0.316666667,0.0,0.019333333,0.0125,0.346125,0.257692308,0.385833333,0.013333333,0.000121111,0.054761905,0.362857143,0.567272727,0.304545455
10079,Pork Products,"PORK,FRSH,SHLDR,ARM PICNIC,LN,CKD,RSTD","Pork, fresh, shoulder, arm picnic, separable lean only, cooked, roasted",,,,228,26.68,12.62,0.0,0.0,0.0,0.0,0.41,0.78,0.3,0.0,5,4.314,0.357,0.578,9,0.128,1.42,20,0.041,247,38.5,4.07,0.0,0.241176471,0.325,0.003333333,0.0,0.0125,0.269625,0.274615385,0.481666667,0.0075,0.000142222,0.047619048,0.352857143,0.7,0.37
10080,Pork Products,"PORK,FRSH,SHLDR,(BOSTON BUTT),BLADE (STEAKS),LN & FAT,RAW","Pork, fresh, shoulder, (Boston butt), blade (steaks), separable lean and fat, raw","URMIS #3186, Pork shoulder chop, Shoulder blade steak, Pork steak",,,186,17.42,12.36,0.0,0.0,0.0,2.0,0.486,0.91,0.0,0.22,0,4.239,0.353,0.52,16,0.096,1.12,20,0.011,190,26.2,3.09,0.002222222,0.285882353,0.379166667,0.0,0.014666667,0.0,0.2649375,0.271538462,0.433333333,0.013333333,0.000106667,0.047619048,0.271428571,0.476363636,0.280909091
10081,Pork Products,"PORK,FRSH,SHLDR,(BOSTON BUTT),BLADE (STKS),LN & FAT,CKD,BRSD","Pork, fresh, shoulder, (Boston butt), blade (steaks), separable lean and fat, cooked, braised","URMIS #3186, Pork shoulder chop, Shoulder blade steak, Pork steak",,,267,25.07,17.69,0.0,0.0,0.0,2.0,0.448,0.93,0.0,0.12,0,3.872,0.365,0.501,26,0.129,1.75,23,0.012,208,42.4,4.84,0.002222222,0.263529412,0.3875,0.0,0.008,0.0,0.242,0.280769231,0.4175,0.021666667,0.000143333,0.054761905,0.297142857,0.770909091,0.44
10082,Pork Products,"PORK,FRSH,SHLDR,BLADE,BOSTON (STEAKS),LN&FAT,CKD,BRLD","Pork, fresh, shoulder, blade, boston (steaks), separable lean and fat, cooked, broiled",,,,259,25.58,16.61,0.0,0.0,0.0,3.0,0.277,1.06,0.3,0.29,4,4.07,0.397,0.695,36,0.058,1.4,21,0.003,210,36.3,4.51,0.003333333,0.162941176,0.441666667,0.003333333,0.019333333,0.01,0.254375,0.305384615,0.579166667,0.03,6.44444e-05,0.05,0.3,0.66,0.41
10083,Pork Products,"PORK,FRSH,SHLDR,BLADE,BOSTON (ROASTS),LN&FAT,CKD,RSTD","Pork, fresh, shoulder, blade, boston (roasts), separable lean and fat, cooked, roasted",,,,269,23.11,18.86,0.0,0.0,0.0,2.0,0.23,0.88,0.7,0.19,5,4.061,0.355,0.638,28,0.114,1.45,18,0.012,197,34.3,3.96,0.002222222,0.135294118,0.366666667,0.007777778,0.012666667,0.0125,0.2538125,0.273076923,0.531666667,0.023333333,0.000126667,0.042857143,0.281428571,0.623636364,0.36
10084,Pork Products,"PORK,FRSH,SHLDR,(BOSTON BUTT),BLADE (STEAKS),LN,RAW","Pork, fresh, shoulder, (Boston butt), blade (steaks), separable lean only, raw","URMIS # 3186, Pork shoulder chop, Shoulder blade steak, Pork steak",,,132,18.73,5.71,0.0,0.0,0.0,0.0,0.521,0.91,0.0,0.24,0,4.387,0.384,0.558,14,0.102,1.2,22,0.013,202,28.2,3.36,0.0,0.306470588,0.379166667,0.0,0.016,0.0,0.2741875,0.295384615,0.465,0.011666667,0.000113333,0.052380952,0.288571429,0.512727273,0.305454545
10085,Pork Products,"PORK,FRSH,SHLDR,(BOSTON BUTT),BLADE (STEAKS),LN,CKD,BRSD","Pork, fresh, shoulder, (Boston butt), blade (steaks), separable lean only, cooked, braised","URMIS #3186, Pork shoulder chop, Shoulder blade steak, Pork steak",,,233,26.57,13.2,0.0,0.0,0.0,0.0,0.47,0.9,0.0,0.11,0,3.935,0.388,0.526,25,0.137,1.85,24,0.013,217,45.0,5.2,0.0,0.276470588,0.375,0.0,0.007333333,0.0,0.2459375,0.298461538,0.438333333,0.020833333,0.000152222,0.057142857,0.31,0.818181818,0.472727273
10086,Pork Products,"PORK,FRSH,SHLDR,BLADE,BOSTON (STEAKS),LN,CKD,BRLD","Pork, fresh, shoulder, blade, boston (steaks), separable lean only, cooked, broiled",,,,227,26.74,12.54,0.0,0.0,0.0,2.0,0.31,1.13,0.3,0.27,5,4.3,0.44,0.75,33,0.059,1.56,24,0.009,220,39.3,5.02,0.002222222,0.182352941,0.470833333,0.003333333,0.018,0.0125,0.26875,0.338461538,0.625,0.0275,6.55556e-05,0.057142857,0.314285714,0.714545455,0.456363636
10087,Pork Products,"PORK,FRSH,SHLDR,BLADE,BOSTON (ROASTS),LN,CKD,RSTD","Pork, fresh, shoulder, blade, boston (roasts), separable lean only, cooked, roasted",,,,232,24.21,14.3,0.0,0.0,0.0,3.0,0.437,1.16,1.0,0.24,8,4.96,0.4,1.116,27,0.121,1.56,26,0.015,235,36.1,4.23,0.003333333,0.257058824,0.483333333,0.011111111,0.016,0.02,0.31,0.307692308,0.93,0.0225,0.000134444,0.061904762,0.335714286,0.656363636,0.384545455
10088,Pork Products,"PORK,FRSH,SPARERIBS,LN&FAT,RAW","Pork, fresh, spareribs, separable lean and fat, raw",,,,277,15.47,23.4,0.0,0.0,0.0,0.0,0.574,0.38,0.0,0.37,0,4.662,0.251,0.319,15,0.08,0.91,16,0.01,141,22.0,2.5,0.0,0.337647059,0.158333333,0.0,0.024666667,0.0,0.291375,0.193076923,0.265833333,0.0125,8.88889e-05,0.038095238,0.201428571,0.4,0.227272727
10089,Pork Products,"PORK,FRSH,SPARERIBS,LN&FAT,CKD,BRSD","Pork, fresh, spareribs, separable lean and fat, cooked, braised",,,,397,29.06,30.3,0.0,0.0,0.0,3.0,0.35,1.08,0.0,0.34,4,5.475,0.382,0.408,47,0.142,1.85,24,0.014,261,37.4,4.6,0.003333333,0.205882353,0.45,0.0,0.022666667,0.01,0.3421875,0.293846154,0.34,0.039166667,0.000157778,0.057142857,0.372857143,0.68,0.418181818
10093,Pork Products,"PORK,FRSH,COMP OF RTL CUTS (LEG,LOIN,&SHLDR),LN,CKD","Pork, fresh, composite of trimmed retail cuts (leg, loin, and shoulder), separable lean only, cooked",,,,201,27.51,9.21,0.0,0.0,0.0,1.0,0.577,0.68,0.2,0.11,3,6.503,0.311,0.672,18,0.078,1.0,25,0.012,231,44.2,2.9,0.001111111,0.339411765,0.283333333,0.002222222,0.007333333,0.0075,0.4064375,0.239230769,0.56,0.015,8.66667e-05,0.05952381,0.33,0.803636364,0.263636364
10094,Pork Products,"PORK,FRSH,LOIN,CNTR LOIN (CHOPS),BNLESS,LN,RAW","Pork, fresh, loin, center loin (chops), boneless, separable lean only, raw",,,,123,23.75,3.09,0.0,0.0,0.0,1.0,0.363,0.41,0.0,0.18,0,8.21,0.203,0.69,6,0.048,0.48,26,0.0,221,46.9,1.42,0.001111111,0.213529412,0.170833333,0.0,0.012,0.0,0.513125,0.156153846,0.575,0.005,5.33333e-05,0.061904762,0.315714286,0.852727273,0.129090909
10096,Pork Products,"PORK,FRSH,VAR MEATS&BY-PRODUCTS,BRAIN,RAW","Pork, fresh, variety meats and by-products, brain, raw",,,,127,10.28,9.21,0.0,0.0,0.0,0.0,0.19,2.19,13.5,0.0,6,4.275,0.275,0.155,10,0.24,1.6,14,0.094,282,15.9,1.27,0.0,0.111764706,0.9125,0.15,0.0,0.015,0.2671875,0.211538462,0.129166667,0.008333333,0.000266667,0.033333333,0.402857143,0.289090909,0.115454545
10097,Pork Products,"PORK,FRSH,VAR MEATS&BY-PRODUCTS,BRAIN,CKD,BRSD","Pork, fresh, variety meats and by-products, brain, cooked, braised",,,,138,12.14,9.51,0.0,0.0,0.0,0.0,0.14,1.42,14.0,0.0,4,3.33,0.223,0.078,9,0.263,1.82,12,0.085,220,18.5,1.48,0.0,0.082352941,0.591666667,0.155555556,0.0,0.01,0.208125,0.171538462,0.065,0.0075,0.000292222,0.028571429,0.314285714,0.336363636,0.134545455
10098,Pork Products,"PORK,FRSH,VAR MEATS&BY-PRODUCTS,CHITTERLINGS,RAW","Pork, fresh, variety meats and by-products, chitterlings, raw",,,,182,7.64,16.61,0.0,0.0,0.0,0.0,0.014,0.82,1.1,0.18,3,0.215,0.091,0.02,16,0.076,1.02,6,0.051,48,15.1,1.02,0.0,0.008235294,0.341666667,0.012222222,0.012,0.0075,0.0134375,0.07,0.016666667,0.013333333,8.44444e-05,0.014285714,0.068571429,0.274545455,0.092727273
10099,Pork Products,"PORK,FRSH,VAR MEATS&BY-PRODUCTS,CHITTERLINGS,CKD,SIMMRD","Pork, fresh, variety meats and by-products, chitterlings, cooked, simmered",,,,233,12.49,20.32,0.0,0.0,0.0,0.0,0.0,0.42,0.0,0.23,1,0.087,0.046,0.014,25,0.046,1.47,9,0.089,66,27.0,1.85,0.0,0.0,0.175,0.0,0.015333333,0.0025,0.0054375,0.035384615,0.011666667,0.020833333,5.11111e-05,0.021428571,0.094285714,0.490909091,0.168181818
10100,Pork Products,"PORK,FRSH,VAR MEATS&BY-PRODUCTS,EARS,FRZ,RAW","Pork, fresh, variety meats and by-products, ears, frozen, raw",,,,234,22.45,15.1,0.6,0.0,0.0,0.0,0.02,0.07,0.0,0.0,0,0.78,0.11,0.08,21,0.006,2.4,7,0.012,41,4.3,0.19,0.0,0.011764706,0.029166667,0.0,0.0,0.0,0.04875,0.084615385,0.066666667,0.0175,6.66667e-06,0.016666667,0.058571429,0.078181818,0.017272727
10101,Pork Products,"PORK,FRSH,VAR MEATS&BY-PRODUCTS,EARS,FRZ,CKD,SIMMRD","Pork, fresh, variety meats and by-products, ears, frozen, cooked, simmered",,,,166,15.95,10.8,0.2,0.0,0.0,0.0,0.01,0.04,0.0,0.0,0,0.56,0.07,0.02,18,0.006,1.5,7,0.01,24,4.4,0.2,0.0,0.005882353,0.016666667,0.0,0.0,0.0,0.035,0.053846154,0.016666667,0.015,6.66667e-06,0.016666667,0.034285714,0.08,0.018181818
10102,Pork Products,"PORK,FRSH,VAR MEATS&BY-PRODUCTS,FEET,RAW","Pork, fresh, variety meats and by-products, feet, raw",,,,212,23.16,12.59,0.0,0.0,0.0,0.0,0.053,0.52,0.0,0.02,10,1.13,0.106,0.026,70,0.07,0.58,6,0.0,75,23.3,0.76,0.0,0.031176471,0.216666667,0.0,0.001333333,0.025,0.070625,0.081538462,0.021666667,0.058333333,7.77778e-05,0.014285714,0.107142857,0.423636364,0.069090909
10103,Pork Products,"PORK,FRSH,VAR MEATS&BY-PRODUCTS,HEART,RAW","Pork, fresh, variety meats and by-products, heart, raw",,,,118,17.27,4.36,1.33,0.0,0.0,8.0,0.39,3.79,5.3,0.63,4,6.765,1.185,0.613,5,0.408,4.68,19,0.063,169,10.4,2.8,0.008888889,0.229411765,1.579166667,0.058888889,0.042,0.01,0.4228125,0.911538462,0.510833333,0.004166667,0.000453333,0.045238095,0.241428571,0.189090909,0.254545455
10104,Pork Products,"PORK,FRSH,VAR MEATS&BY-PRODUCTS,HEART,CKD,BRSD","Pork, fresh, variety meats and by-products, heart, cooked, braised",,,,148,23.6,5.05,0.4,0.0,0.0,7.0,0.39,3.79,2.0,0.0,4,6.05,1.702,0.555,7,0.508,5.83,24,0.073,178,18.3,3.09,0.007777778,0.229411765,1.579166667,0.022222222,0.0,0.01,0.378125,1.309230769,0.4625,0.005833333,0.000564444,0.057142857,0.254285714,0.332727273,0.280909091
10105,Pork Products,"PORK,FRSH,VAR MEATS&BY-PRODUCTS,JOWL,RAW","Pork, fresh, variety meats and by-products, jowl, raw",,,,655,6.38,69.61,0.0,0.0,0.0,3.0,0.09,0.82,0.0,0.29,1,4.535,0.236,0.386,4,0.04,0.42,3,0.005,86,1.5,0.84,0.003333333,0.052941176,0.341666667,0.0,0.019333333,0.0025,0.2834375,0.181538462,0.321666667,0.003333333,4.44444e-05,0.007142857,0.122857143,0.027272727,0.076363636
10106,Pork Products,"PORK,FRSH,VAR MEATS&BY-PRODUCTS,KIDNEYS,RAW","Pork, fresh, variety meats and by-products, kidneys, raw",,,,100,16.46,3.25,0.0,0.0,0.0,59.0,0.44,8.49,13.3,0.0,42,8.207,1.697,0.34,9,0.622,4.89,17,0.123,204,190.0,2.75,0.065555556,0.258823529,3.5375,0.147777778,0.0,0.105,0.5129375,1.305384615,0.283333333,0.0075,0.000691111,0.04047619,0.291428571,3.454545455,0.25
10107,Pork Products,"PORK,FRSH,VAR MEATS&BY-PRODUCTS,KIDNEYS,CKD,BRSD","Pork, fresh, variety meats and by-products, kidneys, cooked, braised",,,,151,25.4,4.7,0.0,0.0,0.0,78.0,0.46,7.79,10.6,0.0,41,5.785,1.586,0.396,13,0.683,5.29,18,0.149,240,311.5,4.15,0.086666667,0.270588235,3.245833333,0.117777778,0.0,0.1025,0.3615625,1.22,0.33,0.010833333,0.000758889,0.042857143,0.342857143,5.663636364,0.377272727
10109,Pork Products,"PORK,FRSH,VAR MEATS&BY-PRODUCTS,LEAF FAT,RAW","Pork, fresh, variety meats and by-products, leaf fat, raw",,,,857,1.76,94.16,0.0,0.0,0.0,0.0,0.03,0.23,0.0,0.0,0,1.249,0.065,0.106,1,0.009,0.09,1,0.001,19,8.0,0.18,0.0,0.017647059,0.095833333,0.0,0.0,0.0,0.0780625,0.05,0.088333333,0.000833333,1e-05,0.002380952,0.027142857,0.145454545,0.016363636
10110,Pork Products,"PORK,FRSH,VAR MEATS&BY-PRODUCTS,LIVER,RAW","Pork, fresh, variety meats and by-products, liver, raw",,,,134,21.39,3.65,2.47,0.0,0.0,6502.0,0.69,26.0,25.3,0.0,212,15.301,3.005,0.283,9,0.677,23.3,18,0.344,288,52.7,5.76,7.224444444,0.405882353,10.83333333,0.281111111,0.0,0.53,0.9563125,2.311538462,0.235833333,0.0075,0.000752222,0.042857143,0.411428571,0.958181818,0.523636364
10111,Pork Products,"PORK,FRSH,VAR MEATS&BY-PRODUCTS,LIVER,CKD,BRSD","Pork, fresh, variety meats and by-products, liver, cooked, braised",,,,165,26.02,4.4,3.76,0.0,0.0,5405.0,0.57,18.67,23.6,0.0,163,8.435,2.196,0.258,10,0.634,17.92,14,0.3,241,67.5,6.72,6.005555556,0.335294118,7.779166667,0.262222222,0.0,0.4075,0.5271875,1.689230769,0.215,0.008333333,0.000704444,0.033333333,0.344285714,1.227272727,0.610909091
10112,Pork Products,"PORK,FRSH,VAR MEATS&BY-PRODUCTS,LUNGS,RAW","Pork, fresh, variety meats and by-products, lungs, raw",,,,85,14.08,2.72,0.0,0.0,0.0,0.0,0.1,2.75,12.3,0.0,3,3.345,0.43,0.085,7,0.083,18.9,14,0.017,196,17.8,2.03,0.0,0.058823529,1.145833333,0.136666667,0.0,0.0075,0.2090625,0.330769231,0.070833333,0.005833333,9.22222e-05,0.033333333,0.28,0.323636364,0.184545455
10113,Pork Products,"PORK,FRSH,VAR MEATS&BY-PRODUCTS,LUNGS,CKD,BRSD","Pork, fresh, variety meats and by-products, lungs, cooked, braised",,,,99,16.6,3.1,0.0,0.0,0.0,0.0,0.08,2.03,7.9,0.0,2,1.364,0.322,0.079,8,0.08,16.41,12,0.015,186,23.4,2.45,0.0,0.047058824,0.845833333,0.087777778,0.0,0.005,0.08525,0.247692308,0.065833333,0.006666667,8.88889e-05,0.028571429,0.265714286,0.425454545,0.222727273
10114,Pork Products,"PORK,FRSH,VAR MEATS&BY-PRODUCTS,MECHANICALLY SEPARATED,RAW","Pork, fresh, variety meats and by-products, mechanically separated, raw",,,,304,15.03,26.54,0.0,0.0,0.0,3.0,0.37,0.58,0.7,0.0,3,3.171,0.201,0.697,315,0.082,4.25,16,0.011,200,32.9,2.44,0.003333333,0.217647059,0.241666667,0.007777778,0.0,0.0075,0.1981875,0.154615385,0.580833333,0.2625,9.11111e-05,0.038095238,0.285714286,0.598181818,0.221818182
10115,Pork Products,"PORK,FRSH,VAR MEATS&BY-PRODUCTS,PANCREAS,RAW","Pork, fresh, variety meats and by-products, pancreas, raw",,,,199,18.56,13.24,0.0,0.0,0.0,0.0,0.46,16.4,15.3,0.0,3,3.45,0.46,0.105,11,0.09,2.13,17,0.157,234,40.8,2.62,0.0,0.270588235,6.833333333,0.17,0.0,0.0075,0.215625,0.353846154,0.0875,0.009166667,0.0001,0.04047619,0.334285714,0.741818182,0.238181818
10116,Pork Products,"PORK,FRSH,VAR MEATS&BY-PRODUCTS,PANCREAS,CKD,BRSD","Pork, fresh, variety meats and by-products, pancreas, cooked, braised",,,,219,28.5,10.8,0.0,0.0,0.0,0.0,0.44,17.07,5.7,0.0,5,3.206,0.658,0.092,16,0.11,2.69,23,0.198,291,72.8,4.29,0.0,0.258823529,7.1125,0.063333333,0.0,0.0125,0.200375,0.506153846,0.076666667,0.013333333,0.000122222,0.054761905,0.415714286,1.323636364,0.39
10117,Pork Products,"PORK,FRSH,VAR MEATS&BY-PRODUCTS,SPLEEN,RAW","Pork, fresh, variety meats and by-products, spleen, raw",,,,100,17.86,2.59,0.0,0.0,0.0,0.0,0.06,3.26,28.5,0.0,4,5.867,0.3,0.13,10,0.131,22.32,13,0.072,260,32.8,2.54,0.0,0.035294118,1.358333333,0.316666667,0.0,0.01,0.3666875,0.230769231,0.108333333,0.008333333,0.000145556,0.030952381,0.371428571,0.596363636,0.230909091
10118,Pork Products,"PORK,FRSH,VAR MEATS&BY-PRODUCTS,SPLEEN,CKD,BRSD","Pork, fresh, variety meats and by-products, spleen, cooked, braised",,,,149,28.2,3.2,0.0,0.0,0.0,0.0,0.06,2.76,11.6,0.0,4,5.938,0.258,0.139,13,0.133,22.23,15,0.045,283,49.6,3.54,0.0,0.035294118,1.15,0.128888889,0.0,0.01,0.371125,0.198461538,0.115833333,0.010833333,0.000147778,0.035714286,0.404285714,0.901818182,0.321818182
10119,Pork Products,"PORK,FRSH,VAR MEATS&BY-PRODUCTS,STOMACH,RAW","Pork, fresh, variety meats and by-products, stomach, raw",,,,159,16.85,10.14,0.0,0.0,0.0,0.0,0.034,0.3,0.0,0.04,3,2.48,0.201,0.051,11,0.169,1.01,11,0.038,130,31.1,1.85,0.0,0.02,0.125,0.0,0.002666667,0.0075,0.155,0.154615385,0.0425,0.009166667,0.000187778,0.026190476,0.185714286,0.565454545,0.168181818
10120,Pork Products,"PORK,FRSH,LOIN,BLADE (CHOPS),BONE-IN,LN,CKD,PAN-FRIED","Pork, fresh, loin, blade (chops), bone-in, separable lean only, cooked, pan-fried",,,,222,26.38,12.14,0.0,0.0,0.0,3.0,0.501,0.72,0.0,0.22,0,8.628,0.353,0.506,46,0.105,0.88,21,0.012,237,38.7,3.03,0.003333333,0.294705882,0.3,0.0,0.014666667,0.0,0.53925,0.271538462,0.421666667,0.038333333,0.000116667,0.05,0.338571429,0.703636364,0.275454545
10121,Pork Products,"PORK,FRSH,VAR MEATS&BY-PRODUCTS,TONGUE,RAW","Pork, fresh, variety meats and by-products, tongue, raw",,,,225,16.3,17.2,0.0,0.0,0.0,0.0,0.24,2.84,4.4,0.29,4,5.3,0.485,0.49,16,0.07,3.35,18,0.011,193,10.4,3.01,0.0,0.141176471,1.183333333,0.048888889,0.019333333,0.01,0.33125,0.373076923,0.408333333,0.013333333,7.77778e-05,0.042857143,0.275714286,0.189090909,0.273636364
10122,Pork Products,"PORK,FRSH,VAR MEATS&BY-PRODUCTS,TONGUE,CKD,BRSD","Pork, fresh, variety meats and by-products, tongue, cooked, braised",,,,271,24.1,18.6,0.0,0.0,0.0,0.0,0.23,2.39,1.7,0.0,4,5.34,0.51,0.317,19,0.11,4.99,20,0.01,174,15.5,4.53,0.0,0.135294118,0.995833333,0.018888889,0.0,0.01,0.33375,0.392307692,0.264166667,0.015833333,0.000122222,0.047619048,0.248571429,0.281818182,0.411818182
10123,Pork Products,"PORK,CURED,BACON,UNPREP","Pork, cured, bacon, unprepared",,,,417,12.62,39.69,1.28,1.0,0.0,11.0,0.266,0.5,0.0,0.43,0,4.022,0.081,0.276,5,0.042,0.41,12,0.011,144,20.1,1.18,0.012222222,0.156470588,0.208333333,0.0,0.028666667,0.0,0.251375,0.062307692,0.23,0.004166667,4.66667e-05,0.028571429,0.205714286,0.365454545,0.107272727
10128,Pork Products,"PORK,CURED,BRKFST STRIPS,RAW OR UNHTD","Pork, cured, breakfast strips, raw or unheated",,,,388,11.74,37.16,0.7,0.0,0.0,0.0,0.21,0.99,27.2,0.0,3,3.65,0.18,0.475,8,0.063,0.94,12,0.03,137,25.0,1.66,0.0,0.123529412,0.4125,0.302222222,0.0,0.0075,0.228125,0.138461538,0.395833333,0.006666667,7e-05,0.028571429,0.195714286,0.454545455,0.150909091
10129,Pork Products,"PORK,CURED,BRKFST STRIPS,CKD","Pork, cured, breakfast strips, cooked",,,,459,28.95,36.7,1.05,0.0,0.0,0.0,0.34,1.77,0.0,0.25,4,7.592,0.368,0.737,14,0.153,1.97,26,0.044,265,24.7,3.68,0.0,0.2,0.7375,0.0,0.016666667,0.01,0.4745,0.283076923,0.614166667,0.011666667,0.00017,0.061904762,0.378571429,0.449090909,0.334545455
10130,Pork Products,"CANADIAN BACON,UNPREP","Canadian bacon, unprepared",,,,111,20.24,2.76,1.29,0.9,0.0,0.0,0.243,0.36,0.0,0.21,4,7.234,0.14,0.513,6,0.054,0.43,20,0.016,238,37.4,1.21,0.0,0.142941176,0.15,0.0,0.014,0.01,0.452125,0.107692308,0.4275,0.005,6e-05,0.047619048,0.34,0.68,0.11
10131,Pork Products,"PORK,CURED,CANADIAN-STYLE BACON,GRILLED","Pork, cured, canadian-style bacon, grilled",,,,185,24.24,8.44,1.35,0.0,0.0,0.0,0.45,0.78,0.0,0.34,4,6.915,0.197,0.824,10,0.054,0.82,21,0.027,296,24.7,1.7,0.0,0.264705882,0.325,0.0,0.022666667,0.01,0.4321875,0.151538462,0.686666667,0.008333333,6e-05,0.05,0.422857143,0.449090909,0.154545455
10132,Pork Products,"PORK,CURED,FEET,PICKLED","Pork, cured, feet, pickled",,,,140,11.63,10.02,0.01,0.0,0.0,11.0,0.007,0.21,0.0,0.21,1,0.22,0.015,0.006,32,0.037,0.31,11,0.022,87,15.8,0.2,0.012222222,0.004117647,0.0875,0.0,0.014,0.0025,0.01375,0.011538462,0.005,0.026666667,4.11111e-05,0.026190476,0.124285714,0.287272727,0.018181818
10134,Pork Products,"PORK,CURED,HAM,BNLESS,EX LN (APPROX 5% FAT),RSTD","Pork, cured, ham, boneless, extra lean (approximately 5% fat), roasted",,,,145,20.93,5.53,1.5,0.0,0.0,0.0,0.4,0.65,0.0,0.25,3,4.023,0.202,0.754,8,0.079,1.48,14,0.054,196,19.5,2.88,0.0,0.235294118,0.270833333,0.0,0.016666667,0.0075,0.2514375,0.155384615,0.628333333,0.006666667,8.77778e-05,0.033333333,0.28,0.354545455,0.261818182
10136,Pork Products,"PORK,CURED,HAM,BNLESS,REG (APPROX 11% FAT),RSTD","Pork, cured, ham, boneless, regular (approximately 11% fat), roasted",,,,178,22.62,9.02,0.0,0.0,0.0,0.0,0.31,0.7,0.0,0.31,3,6.15,0.33,0.73,8,0.145,1.34,22,0.041,281,19.8,2.47,0.0,0.182352941,0.291666667,0.0,0.020666667,0.0075,0.384375,0.253846154,0.608333333,0.006666667,0.000161111,0.052380952,0.401428571,0.36,0.224545455
10137,Pork Products,"PORK,CURED,HAM,EX LN (APPROX 4% FAT),CND,UNHTD","Pork, cured, ham, extra lean (approximately 4% fat), canned, unheated",,,,120,18.49,4.56,0.0,0.0,0.0,0.0,0.45,0.82,0.0,0.17,6,5.302,0.23,0.836,6,0.084,0.94,17,0.025,224,14.5,1.93,0.0,0.264705882,0.341666667,0.0,0.011333333,0.015,0.331375,0.176923077,0.696666667,0.005,9.33333e-05,0.04047619,0.32,0.263636364,0.175454545
10138,Pork Products,"PORK,CURED,HAM,EX LN (APPROX 4% FAT),CND,RSTD","Pork, cured, ham, extra lean (approximately 4% fat), canned, roasted",,,,136,21.16,4.88,0.52,0.0,0.0,0.0,0.45,0.71,0.0,0.0,5,4.892,0.247,1.035,6,0.05,0.92,21,0.024,209,17.4,2.23,0.0,0.264705882,0.295833333,0.0,0.0,0.0125,0.30575,0.19,0.8625,0.005,5.55556e-05,0.05,0.298571429,0.316363636,0.202727273
10140,Pork Products,"PORK,CURED,HAM,REG (APPROX 13% FAT),CND,RSTD","Pork, cured, ham, regular (approximately 13% fat), canned, roasted",,,,226,20.53,15.2,0.42,0.0,0.0,0.0,0.3,1.06,14.0,0.0,5,5.3,0.26,0.82,8,0.13,1.37,17,0.029,243,35.9,2.5,0.0,0.176470588,0.441666667,0.155555556,0.0,0.0125,0.33125,0.2,0.683333333,0.006666667,0.000144444,0.04047619,0.347142857,0.652727273,0.227272727
10141,Pork Products,"PORK,CURED,HAM,CNTR SLICE,COUNTRY-STYLE,LN,RAW","Pork, cured, ham, center slice, country-style, separable lean only, raw",,,,195,27.8,8.32,0.3,0.0,0.0,0.0,0.42,0.88,0.0,0.28,5,3.881,0.242,0.567,10,0.108,1.11,25,0.048,318,25.8,2.81,0.0,0.247058824,0.366666667,0.0,0.018666667,0.0125,0.2425625,0.186153846,0.4725,0.008333333,0.00012,0.05952381,0.454285714,0.469090909,0.255454545
10142,Pork Products,"PORK,CURED,HAM,CNTR SLICE,LN&FAT,UNHTD","Pork, cured, ham, center slice, separable lean and fat, unheated",,,,203,20.17,12.9,0.05,0.0,0.0,0.0,0.47,0.8,0.0,0.0,4,4.809,0.205,0.845,7,0.074,0.75,16,0.031,215,22.6,1.88,0.0,0.276470588,0.333333333,0.0,0.0,0.01,0.3005625,0.157692308,0.704166667,0.005833333,8.22222e-05,0.038095238,0.307142857,0.410909091,0.170909091
10146,Pork Products,"PORK,CURED,HAM,PATTIES,UNHTD","Pork, cured, ham, patties, unheated",,,,315,12.78,28.19,1.69,0.0,0.0,0.0,0.16,1.08,0.0,0.0,3,3.014,0.154,0.46,8,0.07,1.05,10,0.023,149,15.8,1.57,0.0,0.094117647,0.45,0.0,0.0,0.0075,0.188375,0.118461538,0.383333333,0.006666667,7.77778e-05,0.023809524,0.212857143,0.287272727,0.142727273
10149,Pork Products,"PORK,CURED,HAM,STEAK,BNLESS,EX LN,UNHTD","Pork, cured, ham, steak, boneless, extra lean, unheated",,,,122,19.56,4.25,0.0,0.0,0.0,0.0,0.37,0.79,32.3,0.0,4,5.08,0.2,0.8,4,0.08,1.0,19,0.037,260,15.5,2.02,0.0,0.217647059,0.329166667,0.358888889,0.0,0.01,0.3175,0.153846154,0.666666667,0.003333333,8.88889e-05,0.045238095,0.371428571,0.281818182,0.183636364
10150,Pork Products,"PORK,CURED,HAM,WHL,LN&FAT,UNHTD","Pork, cured, ham, whole, separable lean and fat, unheated",,,,246,18.49,18.52,0.06,0.0,0.0,0.0,0.41,0.74,34.9,0.27,1,4.463,0.189,0.777,7,0.071,0.71,15,0.028,201,15.3,1.76,0.0,0.241176471,0.308333333,0.387777778,0.018,0.0025,0.2789375,0.145384615,0.6475,0.005833333,7.88889e-05,0.035714286,0.287142857,0.278181818,0.16
10152,Pork Products,"PORK,CURED,HAM,WHL,LN,UNHTD","Pork, cured, ham, whole, separable lean only, unheated",,,,147,22.32,5.71,0.05,0.0,0.0,0.0,0.53,0.87,0.0,0.2,4,5.252,0.226,0.932,7,0.079,0.81,18,0.035,232,18.8,2.04,0.0,0.311764706,0.3625,0.0,0.013333333,0.01,0.32825,0.173846154,0.776666667,0.005833333,8.77778e-05,0.042857143,0.331428571,0.341818182,0.185454545
10153,Pork Products,"PORK,CURED,HAM,WHL,LN,RSTD","Pork, cured, ham, whole, separable lean only, roasted",,,,157,25.05,5.5,0.0,0.0,0.0,0.0,0.47,0.7,0.0,0.26,4,5.02,0.254,0.68,7,0.087,0.94,22,0.016,227,25.4,2.57,0.0,0.276470588,0.291666667,0.0,0.017333333,0.01,0.31375,0.195384615,0.566666667,0.005833333,9.66667e-05,0.052380952,0.324285714,0.461818182,0.233636364
10158,Pork Products,"USDA CMDTY,PORK,CND","USDA Commodity, pork, canned",,,,196,19.4,12.95,0.59,0.0,0.0,0.0,0.311,0.93,0.0,0.28,1,5.767,0.18,0.052,5,0.03,1.05,20,0.037,173,46.0,2.77,0.0,0.182941176,0.3875,0.0,0.018666667,0.0025,0.3604375,0.138461538,0.043333333,0.004166667,3.33333e-05,0.047619048,0.247142857,0.836363636,0.251818182
10163,Pork Products,"PORK,FRSH,LOIN,CNTR LOIN (CHOPS),BNLESS,LN,CKD,PAN-BROILED","Pork, fresh, loin, center loin (chops), boneless, separable lean only, cooked, pan-broiled",,,,162,30.02,4.65,0.0,0.0,0.0,2.0,0.383,0.63,0.0,0.2,0,9.303,0.24,0.608,6,0.059,0.64,27,0.0,242,54.0,1.75,0.002222222,0.225294118,0.2625,0.0,0.013333333,0.0,0.5814375,0.184615385,0.506666667,0.005,6.55556e-05,0.064285714,0.345714286,0.981818182,0.159090909
10164,Pork Products,"PORK,FRSH,LOIN,CNTR LOIN (CHOPS),BNLESS,LN & FAT,RAW","Pork, fresh, loin, center loin (chops), boneless, separable lean and fat, raw",,,,201,21.14,12.96,0.0,0.0,0.0,5.0,0.336,0.43,0.0,0.16,0,7.413,0.203,0.615,9,0.054,0.48,23,0.0,203,41.3,1.31,0.005555556,0.197647059,0.179166667,0.0,0.010666667,0.0,0.4633125,0.156153846,0.5125,0.0075,6e-05,0.054761905,0.29,0.750909091,0.119090909
10165,Pork Products,"PORK,CURED,SALT PORK,RAW","Pork, cured, salt pork, raw",,,,748,5.05,80.5,0.0,0.0,0.0,0.0,0.08,0.29,0.0,0.0,1,1.62,0.061,0.215,6,0.05,0.44,7,0.005,52,5.8,0.9,0.0,0.047058824,0.120833333,0.0,0.0,0.0025,0.10125,0.046923077,0.179166667,0.005,5.55556e-05,0.016666667,0.074285714,0.105454545,0.081818182
10166,Pork Products,"PORK,CURED,FAT (FROM HAM&ARM PICNIC),UNHTD","Pork, cured, separable fat (from ham and arm picnic), unheated",,,,579,5.68,61.41,0.09,0.0,0.0,0.0,0.03,0.33,0.0,0.0,1,1.82,0.068,0.241,5,0.044,0.39,6,0.005,98,4.7,0.8,0.0,0.017647059,0.1375,0.0,0.0,0.0025,0.11375,0.052307692,0.200833333,0.004166667,4.88889e-05,0.014285714,0.14,0.085454545,0.072727273
10167,Pork Products,"PORK,CURED,FAT (FROM HAM&ARM PICNIC),RSTD","Pork, cured, separable fat (from ham and arm picnic), roasted",,,,591,7.64,61.86,0.0,0.0,0.0,0.0,0.03,0.42,0.0,0.0,2,2.228,0.091,0.287,8,0.069,0.61,9,0.007,160,11.7,1.31,0.0,0.017647059,0.175,0.0,0.0,0.005,0.13925,0.07,0.239166667,0.006666667,7.66667e-05,0.021428571,0.228571429,0.212727273,0.119090909
10168,Pork Products,"PORK,CURED,SHLDR,ARM PICNIC,LN&FAT,RSTD","Pork, cured, shoulder, arm picnic, separable lean and fat, roasted",,,,280,20.43,21.35,0.0,0.0,0.0,0.0,0.28,0.93,0.0,0.24,3,4.127,0.19,0.612,10,0.113,0.95,14,0.024,221,33.6,2.51,0.0,0.164705882,0.3875,0.0,0.016,0.0075,0.2579375,0.146153846,0.51,0.008333333,0.000125556,0.033333333,0.315714286,0.610909091,0.228181818
10169,Pork Products,"PORK,CURED,SHLDR,ARM PICNIC,LN,RSTD","Pork, cured, shoulder, arm picnic, separable lean only, roasted",,,,170,24.94,7.04,0.0,0.0,0.0,0.0,0.37,1.11,0.0,0.26,4,4.798,0.226,0.727,11,0.128,1.08,16,0.03,243,41.3,2.94,0.0,0.217647059,0.4625,0.0,0.017333333,0.01,0.299875,0.173846154,0.605833333,0.009166667,0.000142222,0.038095238,0.347142857,0.750909091,0.267272727
10170,Pork Products,"PORK,CURED,SHLDR,BLADE ROLL,LN&FAT,UNHTD","Pork, cured, shoulder, blade roll, separable lean and fat, unheated",,,,269,16.47,21.98,0.0,0.0,0.0,0.0,0.26,1.3,0.3,0.0,3,2.72,0.22,0.54,7,0.09,0.82,13,0.033,199,22.0,2.35,0.0,0.152941176,0.541666667,0.003333333,0.0,0.0075,0.17,0.169230769,0.45,0.005833333,0.0001,0.030952381,0.284285714,0.4,0.213636364
10171,Pork Products,"PORK,CURED,SHLDR,BLADE ROLL,LN&FAT,RSTD","Pork, cured, shoulder, blade roll, separable lean and fat, roasted",,,,287,17.28,23.48,0.37,0.0,0.0,0.0,0.21,1.05,3.2,0.0,3,2.377,0.285,0.46,7,0.076,0.89,13,0.023,156,28.6,2.45,0.0,0.123529412,0.4375,0.035555556,0.0,0.0075,0.1485625,0.219230769,0.383333333,0.005833333,8.44444e-05,0.030952381,0.222857143,0.52,0.222727273
10173,Pork Products,"PORK,FRSH,VAR MEATS&BY-PRODUCTS,FEET,CKD,SIMMRD","Pork, fresh, variety meats and by-products, feet, cooked, simmered",,,,238,21.94,16.05,0.0,0.0,0.0,0.0,0.038,0.41,0.0,0.09,2,0.585,0.057,0.016,0,0.062,0.98,5,0.018,82,23.0,1.05,0.0,0.022352941,0.170833333,0.0,0.006,0.005,0.0365625,0.043846154,0.013333333,0.0,6.88889e-05,0.011904762,0.117142857,0.418181818,0.095454545
10174,Pork Products,"PORK,FRSH,VAR MEATS&BY-PRODUCTS,TAIL,RAW","Pork, fresh, variety meats and by-products, tail, raw",,,,378,17.75,33.5,0.0,0.0,0.0,0.0,0.37,0.88,0.0,0.0,5,2.06,0.11,0.21,18,0.084,0.99,8,0.011,50,2.7,2.31,0.0,0.217647059,0.366666667,0.0,0.0,0.0125,0.12875,0.084615385,0.175,0.015,9.33333e-05,0.019047619,0.071428571,0.049090909,0.21
10175,Pork Products,"PORK,FRSH,VAR MEATS&BY-PRODUCTS,TAIL,CKD,SIMMRD","Pork, fresh, variety meats and by-products, tail, cooked, simmered",,,,396,17.0,35.8,0.0,0.0,0.0,0.0,0.27,0.55,0.0,0.0,4,1.12,0.07,0.07,14,0.067,0.79,7,0.006,47,3.1,1.64,0.0,0.158823529,0.229166667,0.0,0.0,0.01,0.07,0.053846154,0.058333333,0.011666667,7.44444e-05,0.016666667,0.067142857,0.056363636,0.149090909
10176,Pork Products,"PORK,FRSH,LOIN,CNTR LOIN (CHOPS),BONE-IN,LN,CKD,PAN-FRIED","Pork, fresh, loin, center loin (chops), bone-in, separable lean only, cooked, pan-fried",,,,195,29.56,7.66,0.0,0.0,0.0,3.0,0.562,0.8,0.0,0.22,0,9.667,0.395,0.567,51,0.118,0.99,24,0.013,268,43.7,3.42,0.003333333,0.330588235,0.333333333,0.0,0.014666667,0.0,0.6041875,0.303846154,0.4725,0.0425,0.000131111,0.057142857,0.382857143,0.794545455,0.310909091
10177,Pork Products,"PORK,FRSH,LOIN,CNTR RIB (CHOPS),BONE-IN,LN,CKD,PAN-FRIED","Pork, fresh, loin, center rib (chops), bone-in, separable lean only, cooked, pan-fried",,,,211,28.84,9.73,0.0,0.0,0.0,3.0,0.548,0.79,0.0,0.26,0,9.432,0.385,0.553,45,0.105,0.88,21,0.012,237,38.7,3.03,0.003333333,0.322352941,0.329166667,0.0,0.017333333,0.0,0.5895,0.296153846,0.460833333,0.0375,0.000116667,0.05,0.338571429,0.703636364,0.275454545
10178,Pork Products,"PORK,FRSH,LOIN,BLADE (CHOPS),BONE-IN,LN&FAT,CKD,PAN-FRIED","Pork, fresh, loin, blade (chops), bone-in, separable lean and fat, cooked, pan-fried",,,,256,25.02,16.56,0.0,0.0,0.0,5.0,0.476,0.72,0.0,0.2,0,8.311,0.335,0.485,48,0.105,0.84,20,0.011,226,36.7,2.88,0.005555556,0.28,0.3,0.0,0.013333333,0.0,0.5194375,0.257692308,0.404166667,0.04,0.000116667,0.047619048,0.322857143,0.667272727,0.261818182
10179,Pork Products,"PORK,FRSH,LOIN,CNTR LOIN CHOPS,BONE-IN,LN&FAT,CKD,PAN-FRIED","Pork, fresh, loin, center loin (chops), bone-in, separable lean and fat, cooked, pan-fried",,,,238,27.63,13.32,0.0,0.0,0.0,5.0,0.525,0.79,0.0,0.2,0,9.186,0.369,0.536,53,0.118,0.93,23,0.012,251,40.8,3.2,0.005555556,0.308823529,0.329166667,0.0,0.013333333,0.0,0.574125,0.283846154,0.446666667,0.044166667,0.000131111,0.054761905,0.358571429,0.741818182,0.290909091
10180,Pork Products,"PORK,FRSH,LOIN,CNTR RIB (CHOPS),BONE-IN,LN&FAT,CKD,PAN-FRIED","Pork, fresh, loin, center rib (chops), bone-in, separable lean and fat, cooked, pan-fried",,,,256,26.81,15.71,0.0,0.0,0.0,6.0,0.51,0.78,0.0,0.23,0,8.931,0.358,0.521,48,0.106,0.83,20,0.011,222,36.1,2.83,0.006666667,0.3,0.325,0.0,0.015333333,0.0,0.5581875,0.275384615,0.434166667,0.04,0.000117778,0.047619048,0.317142857,0.656363636,0.257272727
10181,Pork Products,"PORK,FRSH,LOIN,TOP LOIN (CHOPS),BNLESS,LN,CKD,PAN-FRIED","Pork, fresh, loin, top loin (chops), boneless, separable lean only, cooked, pan-fried",,,,172,30.46,4.62,0.0,0.0,0.0,3.0,0.579,0.83,0.0,0.23,0,10.85,0.233,0.657,8,0.094,0.84,26,0.011,293,42.0,2.32,0.003333333,0.340588235,0.345833333,0.0,0.015333333,0.0,0.678125,0.179230769,0.5475,0.006666667,0.000104444,0.061904762,0.418571429,0.763636364,0.210909091
10182,Pork Products,"PORK,CURED,HAM,BNLESS,EX LN&REG,UNHTD","Pork, cured, ham, boneless, extra lean and regular, unheated",,,,162,18.26,8.39,2.28,0.0,0.0,0.0,0.38,0.8,0.0,0.22,3,5.09,0.24,0.889,7,0.089,0.9,18,0.032,236,16.3,2.05,0.0,0.223529412,0.333333333,0.0,0.014666667,0.0075,0.318125,0.184615385,0.740833333,0.005833333,9.88889e-05,0.042857143,0.337142857,0.296363636,0.186363636
10183,Pork Products,"PORK,CURED,HAM,BNLESS,EX LN&REG,RSTD","Pork, cured, ham, boneless, extra lean and regular, roasted",,,,165,21.97,7.66,0.5,0.0,0.0,0.0,0.35,0.68,0.0,0.28,3,5.324,0.28,0.739,8,0.119,1.4,19,0.046,248,19.5,2.63,0.0,0.205882353,0.283333333,0.0,0.018666667,0.0075,0.33275,0.215384615,0.615833333,0.006666667,0.000132222,0.045238095,0.354285714,0.354545455,0.239090909
10184,Pork Products,"PORK,CURED,HAM,EX LN&REG,CND,UNHTD","Pork, cured, ham, extra lean and regular, canned, unheated",,,,144,17.97,7.46,0.0,0.0,0.0,0.0,0.46,0.8,0.0,0.19,6,4.585,0.23,0.879,6,0.078,0.9,16,0.024,207,22.1,1.84,0.0,0.270588235,0.333333333,0.0,0.012666667,0.015,0.2865625,0.176923077,0.7325,0.005,8.66667e-05,0.038095238,0.295714286,0.401818182,0.167272727
10185,Pork Products,"PORK,CURED,HAM,EX LN&REG,CND,RSTD","Pork, cured, ham, extra lean and regular, canned, roasted",,,,167,20.94,8.43,0.49,0.0,0.0,0.0,0.4,0.83,0.0,0.25,5,5.032,0.251,0.961,7,0.078,1.07,20,0.026,221,26.6,2.32,0.0,0.235294118,0.345833333,0.0,0.016666667,0.0125,0.3145,0.193076923,0.800833333,0.005833333,8.66667e-05,0.047619048,0.315714286,0.483636364,0.210909091
10186,Pork Products,"PORK,FRSH,LOIN,TOP LOIN (CHOPS),BNLESS,LN&FAT,CKD,PAN-FRIED","Pork, fresh, loin, top loin (chops), boneless, separable lean and fat, cooked, pan-fried",,,,196,29.36,7.86,0.0,0.0,0.0,4.0,0.558,0.82,0.0,0.22,0,10.523,0.229,0.635,12,0.095,0.82,25,0.01,283,40.5,2.26,0.004444444,0.328235294,0.341666667,0.0,0.014666667,0.0,0.6576875,0.176153846,0.529166667,0.01,0.000105556,0.05952381,0.404285714,0.736363636,0.205454545
10187,Pork Products,"PORK,FRSH,COMP (LEG,LOIN,SHLDR,&SPARERIBS),LN&FAT,RAW","Pork, fresh, composite of trimmed retail cuts (leg, loin, shoulder, and spareribs), separable lean and fat, raw",,,,216,18.95,14.95,0.0,0.0,0.0,2.0,0.445,0.66,0.5,0.0,5,4.504,0.254,0.841,19,0.064,0.86,21,0.011,200,28.4,2.01,0.002222222,0.261764706,0.275,0.005555556,0.0,0.0125,0.2815,0.195384615,0.700833333,0.015833333,7.11111e-05,0.05,0.285714286,0.516363636,0.182727273
10188,Pork Products,"PORK,FRSH,COMP (LEG,LOIN,SHLDR,&SPARERIBS),LN&FAT,CKD","Pork, fresh, composite of trimmed retail cuts (leg, loin, shoulder, and spareribs), separable lean and fat, cooked",,,,238,26.36,13.89,0.0,0.0,0.0,2.0,0.542,0.7,0.1,0.13,2,6.047,0.29,0.611,20,0.09,1.11,24,0.01,221,42.0,3.06,0.002222222,0.318823529,0.291666667,0.001111111,0.008666667,0.005,0.3779375,0.223076923,0.509166667,0.016666667,0.0001,0.057142857,0.315714286,0.763636364,0.278181818
10189,Pork Products,"PORK,FRSH,LOIN,CNTR LON (CHPS),BNLESS,LN & FAT,CKD,PAN-BRLED","Pork, fresh, loin, center loin (chops), boneless, separable lean and fat, cooked, pan-broiled",,,,229,26.68,13.6,0.0,0.0,0.0,5.0,0.355,0.61,0.0,0.17,0,8.403,0.234,0.55,9,0.064,0.62,25,0.0,222,47.8,1.6,0.005555556,0.208823529,0.254166667,0.0,0.011333333,0.0,0.5251875,0.18,0.458333333,0.0075,7.11111e-05,0.05952381,0.317142857,0.869090909,0.145454545
10192,Pork Products,"PORK,FRSH,BACKRIBS,LN&FAT,RAW","Pork, fresh, backribs, separable lean and fat, raw",,,,224,19.07,16.33,0.0,0.0,0.0,7.0,0.422,0.56,0.0,0.24,0,6.776,0.305,0.457,31,0.091,0.76,16,0.008,154,30.7,2.54,0.007777778,0.248235294,0.233333333,0.0,0.016,0.0,0.4235,0.234615385,0.380833333,0.025833333,0.000101111,0.038095238,0.22,0.558181818,0.230909091
10193,Pork Products,"PORK,FRSH,BACKRIBS,LN&FAT,CKD,RSTD","Pork, fresh, backribs, separable lean and fat, cooked, roasted",,,,292,23.01,21.51,0.0,0.0,0.0,6.0,0.413,0.74,0.0,0.25,0,7.636,0.331,0.46,46,0.107,0.92,17,0.01,165,32.2,3.07,0.006666667,0.242941176,0.308333333,0.0,0.016666667,0.0,0.47725,0.254615385,0.383333333,0.038333333,0.000118889,0.04047619,0.235714286,0.585454545,0.279090909
10194,Pork Products,"PORK,FRSH,LOIN,CNTR RIB (CHOPS OR ROASTS),BNLESS,LN&FAT,RAW","Pork, fresh, loin, center rib (chops or roasts), boneless, separable lean and fat, raw",,,,211,19.9,14.01,0.0,0.0,0.0,0.0,0.417,0.5,0.3,0.29,6,4.638,0.247,0.779,5,0.054,0.71,20,0.009,193,32.0,1.57,0.0,0.245294118,0.208333333,0.003333333,0.019333333,0.015,0.289875,0.19,0.649166667,0.004166667,6e-05,0.047619048,0.275714286,0.581818182,0.142727273
10195,Pork Products,"PORK,FRSH,LOIN,CNTR RIB (CHOPS),BNLESS,LN&FAT,CKD,BRSD","Pork, fresh, loin, center rib (chops), boneless, separable lean and fat, cooked, braised",,,,255,26.29,15.79,0.0,0.0,0.0,2.0,0.31,0.44,0.3,0.0,4,4.311,0.242,0.525,5,0.071,0.92,17,0.009,172,33.4,2.07,0.002222222,0.182352941,0.183333333,0.003333333,0.0,0.01,0.2694375,0.186153846,0.4375,0.004166667,7.88889e-05,0.04047619,0.245714286,0.607272727,0.188181818
10196,Pork Products,"PORK,FRSH,LOIN,CNTR RIB (CHOPS),BNLESS,LN&FAT,CKD,BRLD","Pork, fresh, loin, center rib (chops), boneless, separable lean and fat, cooked, broiled",,,,260,27.63,15.76,0.0,0.0,0.0,2.0,0.371,0.67,0.3,0.0,8,4.945,0.3,0.834,28,0.068,0.77,26,0.018,237,44.0,2.26,0.002222222,0.218235294,0.279166667,0.003333333,0.0,0.02,0.3090625,0.230769231,0.695,0.023333333,7.55556e-05,0.061904762,0.338571429,0.8,0.205454545
10197,Pork Products,"PORK,FRSH,LOIN,CNTR RIB (CHOPS),BNLESS,LN&FAT,CKD,PAN-FRIED","Pork, fresh, loin, center rib (chops), boneless, separable lean and fat, cooked, pan-fried",,,,273,25.82,18.05,0.0,0.0,0.0,2.0,0.357,0.59,0.0,0.2,7,4.805,0.313,0.708,11,0.067,0.73,24,0.007,228,41.9,2.04,0.002222222,0.21,0.245833333,0.0,0.013333333,0.0175,0.3003125,0.240769231,0.59,0.009166667,7.44444e-05,0.057142857,0.325714286,0.761818182,0.185454545
10198,Pork Products,"PORK,FRSH,LOIN,CNTR RIB (ROASTS),BNLESS,LN&FAT,CKD,RSTD","Pork, fresh, loin, center rib (roasts), boneless, separable lean and fat, cooked, roasted",,,,252,26.99,15.15,0.0,0.0,0.0,0.0,0.363,0.56,0.4,0.0,8,5.044,0.29,0.604,6,0.016,0.93,22,0.01,214,40.3,2.64,0.0,0.213529412,0.233333333,0.004444444,0.0,0.02,0.31525,0.223076923,0.503333333,0.005,1.77778e-05,0.052380952,0.305714286,0.732727273,0.24
10199,Pork Products,"PORK,FRSH,LOIN,CNTR RIB (CHOPS OR ROASTS),BNLESS,LN,RAW","Pork, fresh, loin, center rib (chops or roasts), boneless, separable lean only, raw",,,,152,21.8,6.48,0.0,0.0,0.0,2.0,0.47,0.53,0.3,0.18,7,5.036,0.268,0.856,5,0.058,0.77,22,0.01,207,35.4,1.69,0.002222222,0.276470588,0.220833333,0.003333333,0.012,0.0175,0.31475,0.206153846,0.713333333,0.004166667,6.44444e-05,0.052380952,0.295714286,0.643636364,0.153636364
10200,Pork Products,"PORK,FRSH,LOIN,CNTR RIB (CHOPS),BNLESS,LN,CKD,BRSD","Pork, fresh, loin, center rib (chops), boneless, separable lean only, cooked, braised",,,,211,27.95,10.14,0.0,0.0,0.0,2.0,0.331,0.44,0.3,0.21,4,4.519,0.258,0.549,5,0.074,0.99,19,0.01,173,45.4,2.16,0.002222222,0.194705882,0.183333333,0.003333333,0.014,0.01,0.2824375,0.198461538,0.4575,0.004166667,8.22222e-05,0.045238095,0.247142857,0.825454545,0.196363636
10201,Pork Products,"PORK,FRSH,LOIN,CNTR RIB (CHOPS),BNLESS,LN,CKD,BRLD","Pork, fresh, loin, center rib (chops), boneless, separable lean only, cooked, broiled",,,,216,29.46,10.05,0.0,0.0,0.0,2.0,0.4,0.7,0.3,0.0,9,5.231,0.323,0.894,31,0.07,0.82,28,0.02,245,47.3,2.38,0.002222222,0.235294118,0.291666667,0.003333333,0.0,0.0225,0.3269375,0.248461538,0.745,0.025833333,7.77778e-05,0.066666667,0.35,0.86,0.216363636
10202,Pork Products,"PORK,FRSH,LOIN,CNTR RIB (CHOPS),BNLESS,LN,CKD,PAN-FRIED","Pork, fresh, loin, center rib (chops), boneless, separable lean only, cooked, pan-fried",,,,224,27.68,11.8,0.0,0.0,0.0,2.0,0.388,0.61,0.3,0.22,8,5.115,0.34,0.761,5,0.069,0.78,27,0.007,237,45.4,2.14,0.002222222,0.228235294,0.254166667,0.003333333,0.014666667,0.02,0.3196875,0.261538462,0.634166667,0.004166667,7.66667e-05,0.064285714,0.338571429,0.825454545,0.194545455
10203,Pork Products,"PORK,FRSH,LOIN,CNTR RIB (ROASTS),BNLESS,LN,CKD,RSTD","Pork, fresh, loin, center rib (roasts), boneless, separable lean only, cooked, roasted",,,,214,28.81,10.13,0.0,0.0,0.0,0.0,0.4,0.55,0.4,0.0,9,5.355,0.312,0.639,6,0.012,1.0,24,0.011,222,43.2,2.83,0.0,0.235294118,0.229166667,0.004444444,0.0,0.0225,0.3346875,0.24,0.5325,0.005,1.33333e-05,0.057142857,0.317142857,0.785454545,0.257272727
10204,Pork Products,"PORK,FRSH,LOIN,COUNTRY-STYLE RIBS,LN&FAT,RAW","Pork, fresh, loin, country-style ribs, separable lean and fat, raw",Country Ribs,,,189,19.34,11.82,0.0,0.0,0.0,2.0,0.539,1.0,0.0,0.23,0,3.082,0.253,0.375,22,0.078,0.85,21,0.011,193,32.3,2.78,0.002222222,0.317058824,0.416666667,0.0,0.015333333,0.0,0.192625,0.194615385,0.3125,0.018333333,8.66667e-05,0.05,0.275714286,0.587272727,0.252727273
10205,Pork Products,"PORK,FRSH,LOIN,COUNTRY-STYLE RIBS,LN&FAT,CKD,BRSD","Pork, fresh, loin, country-style ribs, separable lean and fat, cooked, braised",Country ribs,,,273,26.49,17.71,0.0,0.0,0.0,2.0,0.472,0.96,0.0,0.12,0,5.548,0.283,0.461,34,0.101,1.34,23,0.01,202,46.3,4.23,0.002222222,0.277647059,0.4,0.0,0.008,0.0,0.34675,0.217692308,0.384166667,0.028333333,0.000112222,0.054761905,0.288571429,0.841818182,0.384545455
10206,Pork Products,"PORK,FRSH,LOIN,COUNTRY-STYLE RIBS,LN & FAT,BONE-IN,CKD,RSTD","Pork, fresh, loin, country-style ribs, separable lean and fat, bone-in, cooked, roasted",,,,359,21.75,29.46,0.0,0.0,0.0,2.0,0.419,0.76,0.3,0.0,4,4.196,0.329,0.82,25,0.057,1.0,22,0.003,214,34.5,2.2,0.002222222,0.246470588,0.316666667,0.003333333,0.0,0.01,0.26225,0.253076923,0.683333333,0.020833333,6.33333e-05,0.052380952,0.305714286,0.627272727,0.2
10207,Pork Products,"PORK,FRSH,LOIN,COUNTRY-STYLE RIBS,LN,RAW","Pork, fresh, loin, country-style ribs, separable lean only, raw",Country ribs,,,140,20.76,5.64,0.0,0.0,0.0,0.0,0.577,1.01,0.0,0.25,0,3.097,0.271,0.394,21,0.083,0.9,23,0.012,204,34.8,3.0,0.0,0.339411765,0.420833333,0.0,0.016666667,0.0,0.1935625,0.208461538,0.328333333,0.0175,9.22222e-05,0.054761905,0.291428571,0.632727273,0.272727273
10208,Pork Products,"PORK,FRSH,LOIN,COUNTRY-STYLE RIBS,LN,CKD,BRSD","Pork, fresh, loin, country-style ribs, separable lean only, cooked, braised",Country ribs,,,247,27.74,14.26,0.0,0.0,0.0,0.0,0.491,0.94,0.0,0.11,0,5.715,0.296,0.477,33,0.105,1.39,23,0.011,208,48.6,4.46,0.0,0.288823529,0.391666667,0.0,0.007333333,0.0,0.3571875,0.227692308,0.3975,0.0275,0.000116667,0.054761905,0.297142857,0.883636364,0.405454545
10209,Pork Products,"PORK,FRSH,LOIN,COUNTRY-STYLE RIBS,LN,BONE-IN,CKD,RSTD","Pork, fresh, loin, country-style ribs, separable lean only, bone-in, cooked, roasted",,,,227,29.2,11.38,0.0,0.0,0.0,1.0,0.523,0.9,0.0,0.27,0,7.82,0.458,0.574,31,0.107,0.98,22,0.021,235,47.6,3.94,0.001111111,0.307647059,0.375,0.0,0.018,0.0,0.48875,0.352307692,0.478333333,0.025833333,0.000118889,0.052380952,0.335714286,0.865454545,0.358181818
10210,Pork Products,"PORK,FRSH,LOIN,SIRLOIN (CHOPS OR ROASTS),BNLESS,LN&FAT,RAW","Pork, fresh, loin, sirloin (chops or roasts), boneless, separable lean and fat, raw",,,,133,22.49,4.05,0.0,0.0,0.0,3.0,0.6,0.49,0.0,0.18,0,7.239,0.252,0.6,9,0.069,0.55,22,0.011,247,36.7,1.7,0.003333333,0.352941176,0.204166667,0.0,0.012,0.0,0.4524375,0.193846154,0.5,0.0075,7.66667e-05,0.052380952,0.352857143,0.667272727,0.154545455
10211,Pork Products,"PORK,FRSH,LOIN,SIRLOIN (CHOPS),BNLESS,LN&FAT,CKD,BRSD","Pork, fresh, loin, sirloin (chops), boneless, separable lean and fat, cooked, braised",,,,171,28.41,5.47,0.0,0.0,0.0,2.0,0.523,0.62,0.0,0.18,0,7.76,0.265,0.656,11,0.083,0.71,25,0.014,291,45.5,2.01,0.002222222,0.307647059,0.258333333,0.0,0.012,0.0,0.485,0.203846154,0.546666667,0.009166667,9.22222e-05,0.05952381,0.415714286,0.827272727,0.182727273
10212,Pork Products,"PORK,FRSH,LOIN,SIRLOIN (CHOPS),BNLESS,LN&FAT,CKD,BRLD","Pork, fresh, loin, sirloin (chops), boneless, separable lean and fat, cooked, broiled",,,,170,28.19,5.53,0.0,0.0,0.0,2.0,0.584,0.75,0.0,0.26,0,8.654,0.29,0.653,11,0.085,0.87,27,0.015,292,45.3,2.15,0.002222222,0.343529412,0.3125,0.0,0.017333333,0.0,0.540875,0.223076923,0.544166667,0.009166667,9.44444e-05,0.064285714,0.417142857,0.823636364,0.195454545
10213,Pork Products,"PORK,FRSH,LOIN,SIRLOIN (ROASTS),BNLESS,LN&FAT,CKD,RSTD","Pork, fresh, loin, sirloin (roasts), boneless, separable lean and fat, cooked, roasted",,,,192,29.62,7.32,0.0,0.0,0.0,2.0,0.533,0.93,0.0,0.2,0,8.055,0.327,0.705,13,0.109,0.66,27,0.017,304,44.7,2.2,0.002222222,0.313529412,0.3875,0.0,0.013333333,0.0,0.5034375,0.251538462,0.5875,0.010833333,0.000121111,0.064285714,0.434285714,0.812727273,0.2
10214,Pork Products,"PORK,FRSH,LOIN,SIRLOIN (CHOPS OR ROASTS),BNLESS,LN,RAW","Pork, fresh, loin, sirloin (chops or roasts), boneless, separable lean only, raw",,,,121,22.81,2.59,0.0,0.0,0.0,2.0,0.611,0.49,0.0,0.17,0,7.348,0.256,0.61,9,0.069,0.56,23,0.011,251,37.4,1.72,0.002222222,0.359411765,0.204166667,0.0,0.011333333,0.0,0.45925,0.196923077,0.508333333,0.0075,7.66667e-05,0.054761905,0.358571429,0.68,0.156363636
10215,Pork Products,"PORK,FRSH,LOIN,SIRLOIN (CHOPS),BNLESS,LN,CKD,BRSD","Pork, fresh, loin, sirloin (chops), boneless, separable lean only, cooked, braised",,,,163,28.75,4.5,0.0,0.0,0.0,2.0,0.528,0.63,0.0,0.18,0,7.834,0.266,0.663,11,0.083,0.71,25,0.014,294,46.1,2.04,0.002222222,0.310588235,0.2625,0.0,0.012,0.0,0.489625,0.204615385,0.5525,0.009166667,9.22222e-05,0.05952381,0.42,0.838181818,0.185454545
10216,Pork Products,"PORK,FRSH,LOIN,SIRLOIN (CHOPS),BNLESS,LN,CKD,BRLD","Pork, fresh, loin, sirloin (chops), boneless, separable lean only, cooked, broiled",,,,161,28.6,4.36,0.0,0.0,0.0,2.0,0.591,0.75,0.0,0.26,0,8.761,0.292,0.662,11,0.085,0.88,27,0.015,296,45.9,2.18,0.002222222,0.347647059,0.3125,0.0,0.017333333,0.0,0.5475625,0.224615385,0.551666667,0.009166667,9.44444e-05,0.064285714,0.422857143,0.834545455,0.198181818
10217,Pork Products,"PORK,FRSH,LOIN,SIRLOIN (ROASTS),BNLESS,LN,CKD,RSTD","Pork, fresh, loin, sirloin (roasts), boneless, separable lean only, cooked, roasted",,,,178,30.39,5.31,0.0,0.0,0.0,1.0,0.544,0.94,0.0,0.2,0,8.224,0.332,0.722,12,0.109,0.66,28,0.017,311,45.9,2.25,0.001111111,0.32,0.391666667,0.0,0.013333333,0.0,0.514,0.255384615,0.601666667,0.01,0.000121111,0.066666667,0.444285714,0.834545455,0.204545455
10218,Pork Products,"PORK,FRSH,LOIN,TENDERLOIN,LN&FAT,RAW","Pork, fresh, loin, tenderloin, separable lean and fat, raw","URMIS #3358, Pork tenderloin",,,120,20.65,3.53,0.0,0.0,0.0,0.0,0.765,0.52,0.0,0.22,0,6.61,0.337,0.982,6,0.089,0.97,27,0.014,243,30.3,1.87,0.0,0.45,0.216666667,0.0,0.014666667,0.0,0.413125,0.259230769,0.818333333,0.005,9.88889e-05,0.064285714,0.347142857,0.550909091,0.17
10219,Pork Products,"PORK,FRESH,GROUND,RAW","Pork, fresh, ground, raw",,,,263,16.88,21.19,0.0,0.0,0.0,2.0,0.383,0.7,0.7,0.0,5,4.338,0.235,0.732,14,0.045,0.88,19,0.01,175,24.6,2.2,0.002222222,0.225294118,0.291666667,0.007777778,0.0,0.0125,0.271125,0.180769231,0.61,0.011666667,5e-05,0.045238095,0.25,0.447272727,0.2
10220,Pork Products,"PORK,FRESH,GROUND,COOKED","Pork, fresh, ground, cooked",,,,297,25.69,20.77,0.0,0.0,0.0,2.0,0.391,0.54,0.7,0.21,6,4.206,0.22,0.706,22,0.044,1.29,24,0.011,226,35.4,3.21,0.002222222,0.23,0.225,0.007777778,0.014,0.015,0.262875,0.169230769,0.588333333,0.018333333,4.88889e-05,0.057142857,0.322857143,0.643636364,0.291818182
10221,Pork Products,"PORK,FRSH,LOIN,TENDERLOIN,LN&FAT,CKD,BRLD","Pork, fresh, loin, tenderloin, separable lean and fat, cooked, broiled",,,,201,29.86,8.11,0.0,0.0,0.0,2.0,0.515,0.98,1.0,0.0,6,5.054,0.378,0.968,5,0.067,1.39,35,0.012,290,47.7,2.89,0.002222222,0.302941176,0.408333333,0.011111111,0.0,0.015,0.315875,0.290769231,0.806666667,0.004166667,7.44444e-05,0.083333333,0.414285714,0.867272727,0.262727273
10222,Pork Products,"PORK,FRSH,LOIN,TENDERLOIN,LN&FAT,CKD,RSTD","Pork, fresh, loin, tenderloin, separable lean and fat, cooked, roasted","URMIS #3358, Pork tenderloin",,,147,26.04,3.96,0.0,0.0,0.0,0.0,0.735,0.57,0.0,0.08,0,7.402,0.385,0.944,6,0.111,1.15,29,0.013,265,38.0,2.41,0.0,0.432352941,0.2375,0.0,0.005333333,0.0,0.462625,0.296153846,0.786666667,0.005,0.000123333,0.069047619,0.378571429,0.690909091,0.219090909
10223,Pork Products,"PORK,FRSH,LOIN,TENDERLOIN,LN,CKD,BRLD","Pork, fresh, loin, tenderloin, separable lean only, cooked, broiled",,,,187,30.42,6.33,0.0,0.0,0.0,2.0,0.528,1.0,1.0,0.0,6,5.135,0.387,0.988,5,0.068,1.43,36,0.012,295,51.6,2.95,0.002222222,0.310588235,0.416666667,0.011111111,0.0,0.015,0.3209375,0.297692308,0.823333333,0.004166667,7.55556e-05,0.085714286,0.421428571,0.938181818,0.268181818
10224,Pork Products,"PORK,FRSH,LOIN,TOP LOIN (ROASTS),BNLESS,LN&FAT,RAW","Pork, fresh, loin, top loin (roasts), boneless, separable lean and fat, raw","Boneless pork loin, Centercut boneless pork loin roast",,,166,21.34,8.33,0.0,0.0,0.0,2.0,0.718,0.54,0.0,0.12,0,5.566,0.181,0.426,7,0.056,0.53,24,0.007,216,26.5,1.73,0.002222222,0.422352941,0.225,0.0,0.008,0.0,0.347875,0.139230769,0.355,0.005833333,6.22222e-05,0.057142857,0.308571429,0.481818182,0.157272727
10225,Pork Products,"PORK,FRSH,LOIN,TOP LOIN (ROASTS),BNLESS,LN,RAW","Pork, fresh, loin, top loin (roasts), boneless, separable lean only, raw","Boneless pork loin, Centercut boneless pork loin roast",,,132,22.39,4.06,0.0,0.0,0.0,0.0,0.755,0.51,0.0,0.13,0,5.745,0.187,0.443,5,0.058,0.54,26,0.007,225,27.7,1.8,0.0,0.444117647,0.2125,0.0,0.008666667,0.0,0.3590625,0.143846154,0.369166667,0.004166667,6.44444e-05,0.061904762,0.321428571,0.503636364,0.163636364
10226,Pork Products,"PORK,FRSH,COMP OF RTL CUTS (LOIN & SHLDR BLADE),LN & FAT,RAW","Pork, fresh, composite of trimmed retail cuts (loin and shoulder blade), separable lean and fat, raw",,,,177,20.08,10.14,0.0,0.0,0.0,2.0,0.625,0.64,0.1,0.16,1,5.452,0.238,0.582,16,0.07,0.74,23,0.01,205,31.6,2.01,0.002222222,0.367647059,0.266666667,0.001111111,0.010666667,0.0025,0.34075,0.183076923,0.485,0.013333333,7.77778e-05,0.054761905,0.292857143,0.574545455,0.182727273
10227,Pork Products,"PORK,FRSH,COMP OF RTL CUTS (LOIN&SHLDR BLADE),LN&FAT,CKD","Pork, fresh, composite of trimmed retail cuts (loin and shoulder blade), separable lean and fat, cooked",,,,235,26.07,13.66,0.0,0.0,0.0,2.0,0.561,0.68,0.1,0.12,2,6.368,0.293,0.679,20,0.07,0.93,24,0.006,222,41.8,2.56,0.002222222,0.33,0.283333333,0.001111111,0.008,0.005,0.398,0.225384615,0.565833333,0.016666667,7.77778e-05,0.057142857,0.317142857,0.76,0.232727273
10228,Pork Products,"PORK,FRSH,COMP OF RTL CUTS (LOIN&SHLDR BLADE),LN,RAW","Pork, fresh, composite of trimmed retail cuts (loin and shoulder blade), separable lean only, raw",,,,144,21.23,5.88,0.0,0.0,0.0,2.0,0.51,0.66,0.6,0.0,5,4.825,0.272,0.98,17,0.065,0.88,23,0.012,209,32.4,1.99,0.002222222,0.3,0.275,0.006666667,0.0,0.0125,0.3015625,0.209230769,0.816666667,0.014166667,7.22222e-05,0.054761905,0.298571429,0.589090909,0.180909091
10229,Pork Products,"PORK,FRSH,COMP OF RTL CUTS (LOIN&SHLDR BLADE),LN,CKD","Pork, fresh, composite of trimmed retail cuts (loin and shoulder blade), separable lean only, cooked",,,,211,29.47,9.44,0.0,0.0,0.0,2.0,0.435,0.75,0.4,0.0,6,5.251,0.344,0.873,22,0.053,1.07,26,0.015,234,45.4,2.87,0.002222222,0.255882353,0.3125,0.004444444,0.0,0.015,0.3281875,0.264615385,0.7275,0.018333333,5.88889e-05,0.061904762,0.334285714,0.825454545,0.260909091
10802,Pork Products,"USDA COMMODITY,PORK,CURED,HAM,BNLESS,CKD,HTD","USDA Commodity, pork, cured, ham, boneless, cooked, heated",,,,149,18.84,7.62,0.0,0.0,0.0,0.0,0.256,1.41,23.3,0.0,3,3.553,0.238,0.53,6,0.114,0.85,21,0.047,292,19.8,2.23,0.0,0.150588235,0.5875,0.258888889,0.0,0.0075,0.2220625,0.183076923,0.441666667,0.005,0.000126667,0.05,0.417142857,0.36,0.202727273
10803,Pork Products,"USDA COMMODITY,PORK,GROUND,FINE/COARSE,FRZ,CKD","USDA Commodity, pork, ground, fine/coarse, frozen, cooked",,,,265,23.55,18.19,0.0,0.0,0.0,5.0,0.167,2.3,2.3,0.0,6,3.597,0.247,0.598,8,0.131,1.51,23,0.01,231,35.4,3.59,0.005555556,0.098235294,0.958333333,0.025555556,0.0,0.015,0.2248125,0.19,0.498333333,0.006666667,0.000145556,0.054761905,0.33,0.643636364,0.326363636
10804,Pork Products,"USDA COMMODITY,PORK,CURED,HAM,BNLESS,CKD,UNHTD","USDA Commodity, pork, cured, ham, boneless, cooked, unheated",,,,133,17.44,6.16,0.69,0.0,0.0,2.0,0.229,0.68,22.7,0.0,4,2.525,0.187,0.534,7,0.111,1.07,20,0.031,278,16.4,2.3,0.002222222,0.134705882,0.283333333,0.252222222,0.0,0.01,0.1578125,0.143846154,0.445,0.005833333,0.000123333,0.047619048,0.397142857,0.298181818,0.209090909
10805,Pork Products,"USDA COMMODITY,PORK,GROUND,FINE/COARSE,FRZ,RAW","USDA Commodity, pork, ground, fine/coarse, frozen, raw",,,,221,15.41,17.18,0.0,0.0,0.0,2.0,0.35,0.64,0.6,0.0,5,3.959,0.214,0.668,14,0.047,0.91,20,0.01,181,24.6,2.28,0.002222222,0.205882353,0.266666667,0.006666667,0.0,0.0125,0.2474375,0.164615385,0.556666667,0.011666667,5.22222e-05,0.047619048,0.258571429,0.447272727,0.207272727
10851,Pork Products,"HORMEL,CURE 81 HAM","HORMEL, Cure 81 Ham",,,,106,18.43,3.59,0.21,0.0,0.0,0.0,0.0,0.0,1.6,0.0,0,0.0,0.0,0.0,4,0.1,0.8,20,0.0,0,0.0,2.0,0.0,0.0,0.0,0.017777778,0.0,0.0,0.0,0.0,0.0,0.003333333,0.000111111,0.047619048,0.0,0.0,0.181818182
10852,Pork Products,"HORMEL ALWAYS TENDER,PORK TENDERLOIN,TERIYAKI-FLAVORED","HORMEL ALWAYS TENDER, Pork Tenderloin, Teriyaki-Flavored",,,,119,18.2,3.07,4.63,3.33,0.0,0.0,0.0,0.0,2.7,0.0,0,0.0,0.0,0.0,7,0.1,1.0,22,0.0,0,0.0,1.5,0.0,0.0,0.0,0.03,0.0,0.0,0.0,0.0,0.0,0.005833333,0.000111111,0.052380952,0.0,0.0,0.136363636
10853,Pork Products,"HORMEL ALWAYS TENDER,PORK TENDERLOIN,PEPPERCORN-FLAVORED","HORMEL ALWAYS TENDER, Pork Tenderloin, Peppercorn-Flavored",,,,110,17.21,3.8,1.82,0.14,0.0,0.0,0.0,0.0,1.4,0.0,0,0.0,0.0,0.0,14,0.1,1.1,21,0.0,0,0.0,1.4,0.0,0.0,0.0,0.015555556,0.0,0.0,0.0,0.0,0.0,0.011666667,0.000111111,0.05,0.0,0.0,0.127272727
10854,Pork Products,"HORMEL ALWAYS TENDER,PORK LOIN FILETS,LEMON GARLIC-FLAVORED","HORMEL ALWAYS TENDER, Pork Loin Filets, Lemon Garlic-Flavored",,,,118,17.83,4.16,1.79,0.22,0.0,0.0,0.0,0.0,1.7,0.0,0,0.0,0.0,0.0,6,0.0,0.6,20,0.0,0,0.0,1.3,0.0,0.0,0.0,0.018888889,0.0,0.0,0.0,0.0,0.0,0.005,0.0,0.047619048,0.0,0.0,0.118181818
10855,Pork Products,"HORMEL ALWAYS TENDER,CNTR CUT CHOPS,FRSH PORK","HORMEL ALWAYS TENDER, Center Cut Chops, Fresh Pork",,,,167,18.74,9.62,0.84,0.28,0.0,0.0,0.0,0.0,1.7,0.0,0,0.0,0.0,0.0,14,0.1,0.6,21,0.0,0,0.0,1.5,0.0,0.0,0.0,0.018888889,0.0,0.0,0.0,0.0,0.0,0.011666667,0.000111111,0.05,0.0,0.0,0.136363636
10856,Pork Products,"HORMEL ALWAYS TENDER,BNLESS PORK LOIN,FRSH PORK","HORMEL ALWAYS TENDER, Boneless Pork Loin, Fresh Pork",,,,145,19.02,7.18,0.76,0.08,0.0,0.0,0.0,0.0,1.3,0.0,0,0.0,0.0,0.0,4,0.1,0.6,21,0.0,0,0.0,1.6,0.0,0.0,0.0,0.014444444,0.0,0.0,0.0,0.0,0.0,0.003333333,0.000111111,0.05,0.0,0.0,0.145454545
10857,Pork Products,HORMEL CANADIAN STYLE BACON,HORMEL Canadian Style Bacon,,,,122,16.88,4.94,1.87,1.43,0.0,0.0,0.0,0.0,1.4,0.0,0,0.0,0.0,0.0,6,0.1,0.9,19,0.0,0,0.0,1.8,0.0,0.0,0.0,0.015555556,0.0,0.0,0.0,0.0,0.0,0.005,0.000111111,0.045238095,0.0,0.0,0.163636364
10858,Pork Products,"PORK,FRSH,LOIN,TOP LOIN (CHOPS),BNLESS,ENH,LN,CKD,PAN-BROIL","Pork, fresh, loin, top loin (chops), boneless, enhanced, separable lean only, cooked, pan-broiled",,,,169,28.95,5.0,0.0,0.0,0.0,0.0,0.489,0.52,0.0,0.23,1,10.323,0.188,0.631,10,0.063,0.63,28,0.0,320,37.7,2.02,0.0,0.287647059,0.216666667,0.0,0.015333333,0.0025,0.6451875,0.144615385,0.525833333,0.008333333,7e-05,0.066666667,0.457142857,0.685454545,0.183636364
10859,Pork Products,"PRK,FRSH,TOP LOIN (CHPS),BNLESS,ENHCD,LN & FAT,CKD,PAN-BRLD","Pork, fresh, loin, top loin (chops), boneless, enhanced, separable lean and fat, cooked, pan-broiled",,,,190,28.35,7.66,0.0,0.0,0.0,2.0,0.476,0.55,0.0,0.24,1,10.192,0.184,0.616,10,0.062,0.63,28,0.0,317,35.5,1.98,0.002222222,0.28,0.229166667,0.0,0.016,0.0025,0.637,0.141538462,0.513333333,0.008333333,6.88889e-05,0.066666667,0.452857143,0.645454545,0.18
10860,Pork Products,"PORK,CURED,BACON,CKD,BKD","Pork, cured, bacon, cooked, baked",,,,548,35.73,43.27,1.35,0.0,0.0,11.0,0.309,1.16,0.0,0.32,2,10.623,0.251,0.348,10,0.182,1.49,30,0.022,506,59.0,3.36,0.012222222,0.181764706,0.483333333,0.0,0.021333333,0.005,0.6639375,0.193076923,0.29,0.008333333,0.000202222,0.071428571,0.722857143,1.072727273,0.305454545
10861,Pork Products,"PORK,CURED,BACON,CKD,MICROWAVED","Pork, cured, bacon, cooked, microwaved",,,,476,39.01,34.12,0.48,0.0,0.0,0.0,0.513,1.0,0.0,0.48,0,10.714,0.257,0.554,13,0.117,1.14,34,0.023,389,65.1,3.51,0.0,0.301764706,0.416666667,0.0,0.032,0.0,0.669625,0.197692308,0.461666667,0.010833333,0.00013,0.080952381,0.555714286,1.183636364,0.319090909
10862,Pork Products,"PORK,CURED,BACON,PRE-SLICED,CKD,PAN-FRIED","Pork, cured, bacon, pre-sliced, cooked, pan-fried",,,,468,33.92,35.09,1.7,0.0,0.0,11.0,0.535,1.09,0.0,0.42,0,10.457,0.232,0.56,11,0.105,0.95,31,0.022,388,50.7,3.06,0.012222222,0.314705882,0.454166667,0.0,0.028,0.0,0.6535625,0.178461538,0.466666667,0.009166667,0.000116667,0.073809524,0.554285714,0.921818182,0.278181818
10863,Pork Products,"PORK,FRSH,VAR MEATS & BY-PRODUCTS,STOMACH,CKD,SIMMRD","Pork, fresh, variety meats and by-products, stomach, cooked, simmered",,,,157,21.4,7.26,0.09,0.0,0.0,0.0,0.021,0.48,0.0,0.09,3,1.38,0.188,0.04,15,0.239,1.23,15,0.071,129,40.3,2.92,0.0,0.012352941,0.2,0.0,0.006,0.0075,0.08625,0.144615385,0.033333333,0.0125,0.000265556,0.035714286,0.184285714,0.732727273,0.265454545
10864,Pork Products,"PORK,BACON,RENDERED FAT,CKD","Pork, bacon, rendered fat, cooked",bacon drippings,,,898,0.07,99.5,0.0,0.0,0.0,11.0,0.005,0.09,0.0,0.0,0,0.725,0.015,0.004,1,0.022,0.13,0,0.006,9,5.7,0.06,0.012222222,0.002941176,0.0375,0.0,0.0,0.0,0.0453125,0.011538462,0.003333333,0.000833333,2.44444e-05,0.0,0.012857143,0.103636364,0.005454545
10865,Pork Products,"PORK,CURED,HAM -- H2O ADDED,RUMP,BONE-IN,LN,HTD,RSTD","Pork, cured, ham -- water added, rump, bone-in, separable lean only, heated, roasted",,,,121,21.41,3.56,0.87,0.84,0.0,11.0,0.434,0.36,0.0,0.2,4,4.43,0.189,0.356,8,0.098,0.71,18,0.022,246,27.5,1.81,0.012222222,0.255294118,0.15,0.0,0.013333333,0.01,0.276875,0.145384615,0.296666667,0.006666667,0.000108889,0.042857143,0.351428571,0.5,0.164545455
10866,Pork Products,"PORK,CURED,HAM -- H2O ADDED,RUMP,BONE-IN,LN,UNHTD","Pork, cured, ham -- water added, rump, bone-in, separable lean only, unheated",,,,95,15.43,3.48,0.67,0.67,0.0,9.0,0.265,0.54,0.0,0.16,3,5.32,0.213,0.235,7,0.091,1.13,16,0.022,235,28.8,1.37,0.01,0.155882353,0.225,0.0,0.010666667,0.0075,0.3325,0.163846154,0.195833333,0.005833333,0.000101111,0.038095238,0.335714286,0.523636364,0.124545455
10867,Pork Products,"PORK,CURED,HAM -- H2O ADDED,SHANK,BONE-IN,LN,HTD,RSTD","Pork, cured, ham -- water added, shank, bone-in, separable lean only, heated, roasted",,,,128,20.92,4.43,1.2,0.91,0.0,11.0,0.348,0.6,0.0,0.28,1,5.073,0.192,0.257,9,0.122,1.56,18,0.022,216,26.2,3.09,0.012222222,0.204705882,0.25,0.0,0.018666667,0.0025,0.3170625,0.147692308,0.214166667,0.0075,0.000135556,0.042857143,0.308571429,0.476363636,0.280909091
10868,Pork Products,"PORK,CURED,HAM -- H2O ADDED,SLICE,BONE-IN,LN,HTD,PAN-BROIL","Pork, cured, ham -- water added, slice, bone-in, separable lean only, heated, pan-broil",,,,131,22.04,4.3,1.48,1.48,0.0,12.0,0.461,0.58,0.0,0.26,2,5.436,0.182,0.384,11,0.118,1.12,20,0.022,260,30.0,2.29,0.013333333,0.271176471,0.241666667,0.0,0.017333333,0.005,0.33975,0.14,0.32,0.009166667,0.000131111,0.047619048,0.371428571,0.545454545,0.208181818
10869,Pork Products,"PORK,CURED,HAM & H2O PRODUCT,SLICE,BONE-IN,LN,HTD,PAN-BROIL","Pork, cured, ham and water product, slice, bone-in, separable lean only, heated, pan-broil",,,,122,20.9,3.63,1.35,1.1,0.0,11.0,0.449,0.46,0.0,0.13,2,5.023,0.184,0.383,12,0.113,0.93,19,0.022,258,24.5,2.25,0.012222222,0.264117647,0.191666667,0.0,0.008666667,0.005,0.3139375,0.141538462,0.319166667,0.01,0.000125556,0.045238095,0.368571429,0.445454545,0.204545455
10870,Pork Products,"PORK,CURED,HAM & H2O PRODUCT,SLICE,BNLESS,LN,HTD,PAN-BROIL","Pork, cured, ham and water product, slice, boneless, separable lean only, heated, pan-broil",,,,123,15.09,5.06,4.69,4.69,0.0,13.0,0.335,0.44,0.0,0.12,3,4.285,0.137,0.308,8,0.085,0.74,17,0.037,240,32.6,1.64,0.014444444,0.197058824,0.183333333,0.0,0.008,0.0075,0.2678125,0.105384615,0.256666667,0.006666667,9.44444e-05,0.04047619,0.342857143,0.592727273,0.149090909
10871,Pork Products,"PORK,CURED,HAM & H2O PRODUCT,WHL,BNLESS,LN,HTD,RSTD","Pork, cured, ham and water product, whole, boneless, separable lean only, heated, roasted",,,,123,13.88,5.46,4.61,4.61,0.0,13.0,0.26,0.37,0.0,0.22,2,3.62,0.141,0.26,8,0.095,0.74,15,0.038,224,29.1,1.64,0.014444444,0.152941176,0.154166667,0.0,0.014666667,0.005,0.22625,0.108461538,0.216666667,0.006666667,0.000105556,0.035714286,0.32,0.529090909,0.149090909
10872,Pork Products,"PORK,CURED,HAM & H2O PRODUCT,WHL,BNLESS,LN,UNHTD","Pork, cured, ham and water product, whole, boneless, separable lean only, unheated",,,,116,14.07,4.86,4.22,4.22,0.0,13.0,0.294,0.34,0.0,0.14,4,3.87,0.146,0.284,8,0.107,0.78,17,0.04,229,29.4,1.6,0.014444444,0.172941176,0.141666667,0.0,0.009333333,0.01,0.241875,0.112307692,0.236666667,0.006666667,0.000118889,0.04047619,0.327142857,0.534545455,0.145454545
10873,Pork Products,"PORK,CURED,HAM W/ NAT JUICES,RUMP,BONE-IN,LN,HTD,RSTD","Pork, cured, ham with natural juices, rump, bone-in, separable lean only, heated, roasted",,,,137,24.14,4.25,0.48,0.48,0.0,11.0,0.384,0.61,0.0,0.27,1,7.62,0.238,0.333,10,0.094,1.04,22,0.022,271,49.9,2.5,0.012222222,0.225882353,0.254166667,0.0,0.018,0.0025,0.47625,0.183076923,0.2775,0.008333333,0.000104444,0.052380952,0.387142857,0.907272727,0.227272727
10874,Pork Products,"PORK,CURED,HAM W/ NAT JUICES,SHANK,BONE-IN,LN,HTD,RSTD","Pork, cured, ham with natural juices, shank, bone-in, separable lean only, heated, roasted",,,,145,24.95,4.97,0.34,0.34,0.0,11.0,0.381,0.69,0.0,0.29,3,7.793,0.198,0.291,7,0.173,1.2,21,0.022,255,48.7,3.06,0.012222222,0.224117647,0.2875,0.0,0.019333333,0.0075,0.4870625,0.152307692,0.2425,0.005833333,0.000192222,0.05,0.364285714,0.885454545,0.278181818
10875,Pork Products,"PORK,CURED,HAM W/ NAT JUICES,SLICE,BONE-IN,LN,HTD,PAN-BROIL","Pork, cured, ham with natural juices, slice, bone-in, separable lean only, heated, pan-broil",,,,150,27.75,4.38,0.0,0.0,0.0,13.0,0.392,0.6,0.0,0.23,1,9.01,0.261,0.308,12,0.096,1.2,23,0.022,291,51.0,3.03,0.014444444,0.230588235,0.25,0.0,0.015333333,0.0025,0.563125,0.200769231,0.256666667,0.01,0.000106667,0.054761905,0.415714286,0.927272727,0.275454545
10876,Pork Products,"PRK,CRD,HAM W/ NAT JUCS,SPRL SLC,MEAT ONLY,BNLES,LN,HTD,RSTD","Pork, cured, ham with natural juices, spiral slice, meat only, boneless, separable lean only, heated, roasted",,,,126,22.56,3.78,1.08,1.08,0.0,13.0,0.428,0.51,0.0,0.19,1,6.72,0.23,0.468,4,0.189,0.84,22,0.022,312,41.8,1.82,0.014444444,0.251764706,0.2125,0.0,0.012666667,0.0025,0.42,0.176923077,0.39,0.003333333,0.00021,0.052380952,0.445714286,0.76,0.165454545
10877,Pork Products,"PORK,CURED,HAM & H2O PRODUCT,RUMP,BONE-IN,LN,HTD,RSTD","Pork, cured, ham and water product, rump, bone-in, separable lean only, heated, roasted",,,,131,21.28,4.7,1.15,1.15,0.0,11.0,0.335,0.49,0.0,0.21,2,4.04,0.188,0.33,10,0.089,0.87,19,0.022,221,43.4,2.08,0.012222222,0.197058824,0.204166667,0.0,0.014,0.005,0.2525,0.144615385,0.275,0.008333333,9.88889e-05,0.045238095,0.315714286,0.789090909,0.189090909
10878,Pork Products,"PORK,CURED,HAM -- H2O ADDED,SLICE,BNLESS,LN,HTD,PAN-BROIL","Pork, cured, ham -- water added, slice, boneless, separable lean only, heated, pan-broil",,,,119,18.82,4.09,1.75,1.75,0.0,13.0,0.435,0.47,0.0,0.24,1,5.895,0.19,0.409,9,0.113,0.86,21,0.022,284,39.3,1.94,0.014444444,0.255882353,0.195833333,0.0,0.016,0.0025,0.3684375,0.146153846,0.340833333,0.0075,0.000125556,0.05,0.405714286,0.714545455,0.176363636
10879,Pork Products,"PORK,CURED,HAM -- H2O ADDED,WHL,BNLESS,LN,HTD,RSTD","Pork, cured, ham -- water added, whole, boneless, separable lean only, heated, roasted",,,,117,17.99,4.39,1.57,1.57,0.0,13.0,0.394,0.4,0.0,0.2,1,5.797,0.183,0.362,9,0.091,0.82,19,0.022,270,34.2,1.82,0.014444444,0.231764706,0.166666667,0.0,0.013333333,0.0025,0.3623125,0.140769231,0.301666667,0.0075,0.000101111,0.045238095,0.385714286,0.621818182,0.165454545
10880,Pork Products,"PORK,CURED,HAM -- H2O ADDED,WHL,BNLESS,LN,UNHTD","Pork, cured, ham -- water added, whole, boneless, separable lean only, unheated",,,,110,17.34,3.97,1.45,1.45,0.0,13.0,0.413,0.47,0.0,0.21,2,5.473,0.187,0.402,8,0.101,0.86,19,0.022,265,35.1,1.79,0.014444444,0.242941176,0.195833333,0.0,0.014,0.005,0.3420625,0.143846154,0.335,0.006666667,0.000112222,0.045238095,0.378571429,0.638181818,0.162727273
10881,Pork Products,"PORK,CURED,HAM & H2O PRODUCT,SHANK,BONE-IN,LN,HTD,RSTD","Pork, cured, ham and water product, shank, bone-in, separable lean only, heated, roasted",,,,132,21.69,4.45,1.26,1.26,0.0,11.0,0.4,0.46,0.0,0.29,2,4.563,0.199,0.394,9,0.099,1.17,15,0.022,202,45.3,2.82,0.012222222,0.235294118,0.191666667,0.0,0.019333333,0.005,0.2851875,0.153076923,0.328333333,0.0075,0.00011,0.035714286,0.288571429,0.823636364,0.256363636
10882,Pork Products,"PORK,CURED,HAM W/ NAT JUICES,SLICE,BNLESS,LN,HTD,PAN-BROIL","Pork, cured, ham with natural juices, slice, boneless, separable lean only, heated, pan-broil",,,,116,20.95,3.16,1.05,1.05,0.0,13.0,0.506,0.42,0.0,0.22,1,7.395,0.218,0.514,6,0.271,0.94,22,0.026,322,37.0,2.14,0.014444444,0.297647059,0.175,0.0,0.014666667,0.0025,0.4621875,0.167692308,0.428333333,0.005,0.000301111,0.052380952,0.46,0.672727273,0.194545455
10883,Pork Products,"PORK,CURED,HAM W/ NAT JUICES,WHL,BNLESS,LN,HTD,RSTD","Pork, cured, ham with natural juices, whole, boneless, separable lean only, heated, roasted",,,,113,20.57,3.01,0.84,0.81,0.0,13.0,0.462,0.42,0.0,0.27,2,6.83,0.216,0.62,6,0.272,0.85,22,0.027,318,32.7,1.98,0.014444444,0.271764706,0.175,0.0,0.018,0.005,0.426875,0.166153846,0.516666667,0.005,0.000302222,0.052380952,0.454285714,0.594545455,0.18
10884,Pork Products,"PORK,CURED,HAM W/ NAT JUICES,WHL,BNLESS,LN,UNHTD","Pork, cured, ham with natural juices, whole, boneless, separable lean only, unheated",,,,110,19.44,3.21,1.03,1.03,0.0,13.0,0.474,0.41,0.0,0.26,1,6.877,0.209,0.531,6,0.142,0.87,21,0.025,303,34.5,1.98,0.014444444,0.278823529,0.170833333,0.0,0.017333333,0.0025,0.4298125,0.160769231,0.4425,0.005,0.000157778,0.05,0.432857143,0.627272727,0.18
10885,Pork Products,"PORK,CURED,HAM -- H2O ADDED,SHANK,BONE-IN,LN,UNHTD","Pork, cured, ham -- water added, shank, bone-in, separable lean only, unheated",,,,91,18.65,1.87,0.71,0.71,0.0,9.0,0.246,0.31,0.0,0.22,1,3.59,0.218,0.322,7,0.097,0.76,18,0.022,229,40.0,1.99,0.01,0.144705882,0.129166667,0.0,0.014666667,0.0025,0.224375,0.167692308,0.268333333,0.005833333,0.000107778,0.042857143,0.327142857,0.727272727,0.180909091
10886,Pork Products,"PORK,CURED,HAM -- H2O ADDED,SLICE,BONE-IN,LN,UNHTD","Pork, cured, ham -- water added, slice, bone-in, separable lean only, unheated",,,,95,17.38,2.29,1.23,1.23,0.0,9.0,0.295,0.39,0.0,0.19,1,4.71,0.214,0.374,9,0.198,1.08,17,0.022,235,35.3,1.86,0.01,0.173529412,0.1625,0.0,0.012666667,0.0025,0.294375,0.164615385,0.311666667,0.0075,0.00022,0.04047619,0.335714286,0.641818182,0.169090909
10887,Pork Products,"PORK,CURED,HAM & H2O PRODUCT,RUMP,BONE-IN,LN,UNHTD","Pork, cured, ham and water product, rump, bone-in, separable lean only, unheated",,,,107,17.93,3.38,1.24,0.97,0.0,10.0,0.247,0.58,0.0,0.18,2,4.09,0.222,0.282,10,0.117,0.67,18,0.022,218,40.3,1.65,0.011111111,0.145294118,0.241666667,0.0,0.012,0.005,0.255625,0.170769231,0.235,0.008333333,0.00013,0.042857143,0.311428571,0.732727273,0.15
10888,Pork Products,"PORK,CURED,HAM & H2O PRODUCT,SLICE,BONE-IN,LN,UNHTD","Pork, cured, ham and water product, slice, bone-in, separable lean only, unheated",,,,103,14.47,3.78,2.82,0.91,0.0,9.0,0.362,0.48,0.0,0.11,1,4.38,0.178,0.423,9,0.137,1.5,14,0.022,222,13.0,1.66,0.01,0.212941176,0.2,0.0,0.007333333,0.0025,0.27375,0.136923077,0.3525,0.0075,0.000152222,0.033333333,0.317142857,0.236363636,0.150909091
10889,Pork Products,"PORK,CURED,HAM & H2O PRODUCT,SHANK,BONE-IN,UNHTD,LN","Pork, cured, ham and water product, shank, bone-in, unheated, separable lean only",,,,113,17.53,4.18,1.2,1.06,0.0,9.0,0.267,0.55,0.0,0.25,1,3.58,0.225,0.696,8,0.134,0.97,15,0.022,209,28.1,2.19,0.01,0.157058824,0.229166667,0.0,0.016666667,0.0025,0.22375,0.173076923,0.58,0.006666667,0.000148889,0.035714286,0.298571429,0.510909091,0.199090909
10890,Pork Products,"PORK,CURED,HAM W/ NAT JUICES,RUMP,BONE-IN,LN,UNHTD","Pork, cured, ham with natural juices, rump, bone-in, separable lean only, unheated",,,,122,22.71,3.47,0.43,0.43,0.0,10.0,0.336,0.51,0.0,0.24,1,7.23,0.225,0.265,9,0.109,1.05,21,0.022,253,41.0,2.4,0.011111111,0.197647059,0.2125,0.0,0.016,0.0025,0.451875,0.173076923,0.220833333,0.0075,0.000121111,0.05,0.361428571,0.745454545,0.218181818
10891,Pork Products,"PORK,CURED,HAM W/ NAT JUICES,SHANK,BONE-IN,LN,UNHTD","Pork, cured, ham with natural juices, shank, bone-in, separable lean only, unheated",,,,130,25.11,3.33,0.3,0.3,0.0,10.0,0.393,0.37,0.0,0.26,3,5.28,0.246,0.235,7,0.117,1.1,20,0.022,250,52.3,2.79,0.011111111,0.231176471,0.154166667,0.0,0.017333333,0.0075,0.33,0.189230769,0.195833333,0.005833333,0.00013,0.047619048,0.357142857,0.950909091,0.253636364
10892,Pork Products,"PORK,CURED,HAM W/ NAT JUICES,SLICE,BONE-IN,LN,UNHTD","Pork, cured, ham with natural juices, slice, bone-in, separable lean only, unheated",,,,123,24.34,2.87,0.0,0.0,0.0,12.0,0.352,0.6,0.0,0.2,1,6.59,0.251,0.24,9,0.097,1.1,20,0.022,258,46.5,2.3,0.013333333,0.207058824,0.25,0.0,0.013333333,0.0025,0.411875,0.193076923,0.2,0.0075,0.000107778,0.047619048,0.368571429,0.845454545,0.209090909
10893,Pork Products,"PORK,CURED,HAM W/ NAT JUICES,SPIRAL SLICE,BNLESS,LN,UNHTD","Pork, cured, ham with natural juices, spiral slice, boneless, separable lean only, unheated",,,,109,19.25,3.26,1.22,1.22,0.0,12.0,0.365,0.44,0.0,0.17,1,5.733,0.196,0.399,4,0.171,0.76,20,0.0,283,37.9,1.65,0.013333333,0.214705882,0.183333333,0.0,0.011333333,0.0025,0.3583125,0.150769231,0.3325,0.003333333,0.00019,0.047619048,0.404285714,0.689090909,0.15
10894,Pork Products,"PORK,CURED,HAM,FAT,BNLESS,HTD","Pork, cured, ham, separable fat, boneless, heated",,,,507,8.77,51.57,2.0,0.28,0.0,12.0,0.201,0.31,0.0,0.35,1,3.08,0.096,0.278,6,0.33,0.53,16,0.022,169,16.0,1.14,0.013333333,0.118235294,0.129166667,0.0,0.023333333,0.0025,0.1925,0.073846154,0.231666667,0.005,0.000366667,0.038095238,0.241428571,0.290909091,0.103636364
10895,Pork Products,"PORK,CURED,HAM,FAT,BNLESS,UNHTD","Pork, cured, ham, separable fat, boneless, unheated",,,,515,7.5,53.0,1.87,0.44,0.0,13.0,0.187,0.31,0.0,0.76,0,2.57,0.021,0.233,4,0.097,0.5,11,0.022,143,15.8,1.14,0.014444444,0.11,0.129166667,0.0,0.050666667,0.0,0.160625,0.016153846,0.194166667,0.003333333,0.000107778,0.026190476,0.204285714,0.287272727,0.103636364
10898,Pork Products,"PORK,PICKLED PORK HOCKS","Pork, pickled pork hocks",,,,171,19.11,10.54,0.0,0.0,0.0,23.0,0.064,0.51,0.0,0.17,1,1.1,0.068,0.08,19,0.082,1.14,6,0.022,60,26.3,2.38,0.025555556,0.037647059,0.2125,0.0,0.011333333,0.0025,0.06875,0.052307692,0.066666667,0.015833333,9.11111e-05,0.014285714,0.085714286,0.478181818,0.216363636
10899,Pork Products,"PORK,CURED,HAM,SLICE,BONE-IN,LN,HTD,PAN-BROIL","Pork, cured, ham, slice, bone-in, separable lean only, heated, pan-broil",,,,148,27.18,4.09,0.74,0.74,0.0,0.0,0.54,0.66,0.0,0.3,2,7.767,0.317,0.575,15,0.426,1.42,25,0.022,296,25.3,3.04,0.0,0.317647059,0.275,0.0,0.02,0.005,0.4854375,0.243846154,0.479166667,0.0125,0.000473333,0.05952381,0.422857143,0.46,0.276363636
10900,Pork Products,"PORK,CURED,HAM W/ NAT JUICES,WHL,BNLESS,LN & FAT,UNHTD","Pork, cured, ham with natural juices, whole, boneless, separable lean and fat, unheated",,,,112,19.38,3.43,1.02,1.02,0.0,13.0,0.473,0.41,0.0,0.26,1,6.859,0.209,0.53,6,0.142,0.87,21,0.025,302,34.4,1.97,0.014444444,0.278235294,0.170833333,0.0,0.017333333,0.0025,0.4286875,0.160769231,0.441666667,0.005,0.000157778,0.05,0.431428571,0.625454545,0.179090909
10901,Pork Products,"PORK,CURED,HAM W/ NAT JUICES,SPIRL SLCE,BNLES,LN & FAT,UNHTD","Pork, cured, ham with natural juices, spiral slice, boneless, separable lean and fat, unheated",,,,129,18.66,5.75,1.18,1.18,0.0,12.0,0.356,0.43,0.0,0.2,1,5.575,0.187,0.391,4,0.168,0.75,19,0.001,276,36.8,1.63,0.013333333,0.209411765,0.179166667,0.0,0.013333333,0.0025,0.3484375,0.143846154,0.325833333,0.003333333,0.000186667,0.045238095,0.394285714,0.669090909,0.148181818
10902,Pork Products,"PORK,CURED,HAM W/ NAT JUICES,SLICE,BONE-IN,LN & FAT,UNHTD","Pork, cured, ham with natural juices, slice, bone-in, separable lean and fat, unheated",,,,159,22.82,7.4,0.17,0.04,0.0,12.0,0.337,0.57,0.0,0.25,1,6.227,0.23,0.239,9,0.097,1.05,19,0.022,248,43.7,2.2,0.013333333,0.198235294,0.2375,0.0,0.016666667,0.0025,0.3891875,0.176923077,0.199166667,0.0075,0.000107778,0.045238095,0.354285714,0.794545455,0.2
10903,Pork Products,"PORK,CURED,HAM W/ NAT JUICES,SHANK,BONE-IN,LN & FAT,UNHTD","Pork, cured, ham with natural juices, shank, bone-in, separable lean and fat, unheated",,,,191,22.35,11.11,0.32,0.32,0.0,10.0,0.361,0.36,0.0,0.34,3,4.856,0.211,0.235,6,0.114,1.01,19,0.022,233,46.6,2.53,0.011111111,0.212352941,0.15,0.0,0.022666667,0.0075,0.3035,0.162307692,0.195833333,0.005,0.000126667,0.045238095,0.332857143,0.847272727,0.23
10904,Pork Products,"PORK,CURED,HAM W/ NAT JUICES,RUMP,BONE-IN,LN & FAT,UNHTD","Pork, cured, ham with natural juices, rump, bone-in, separable lean and fat, unheated",,,,200,19.7,13.26,0.43,0.43,0.0,11.0,0.306,0.47,0.0,0.34,1,6.31,0.185,0.259,8,0.107,0.94,19,0.022,231,36.0,2.15,0.012222222,0.18,0.195833333,0.0,0.022666667,0.0025,0.394375,0.142307692,0.215833333,0.006666667,0.000118889,0.045238095,0.33,0.654545455,0.195454545
10905,Pork Products,"PORK,CURED,HAM & H2O PRODUCT,WHL,BNLESS,LN & FAT,UNHTD","Pork, cured, ham and water product, whole, boneless, separable lean and fat, unheated",,,,117,14.05,4.99,4.21,4.21,0.0,13.0,0.294,0.34,0.0,0.15,3,3.867,0.146,0.284,8,0.107,0.78,17,0.04,228,29.4,1.59,0.014444444,0.172941176,0.141666667,0.0,0.01,0.0075,0.2416875,0.112307692,0.236666667,0.006666667,0.000118889,0.04047619,0.325714286,0.534545455,0.144545455
10906,Pork Products,"PORK,CURED,HAM & H2O PRODUCT,SLICE,BONE-IN,LN & FAT,UNHTD","Pork, cured, ham and water product, slice, bone-in, separable lean and fat, unheated",,,,149,13.69,9.29,2.72,0.85,0.0,10.0,0.342,0.46,0.0,0.18,1,4.177,0.16,0.402,8,0.132,1.39,14,0.022,213,13.3,1.6,0.011111111,0.201176471,0.191666667,0.0,0.012,0.0025,0.2610625,0.123076923,0.335,0.006666667,0.000146667,0.033333333,0.304285714,0.241818182,0.145454545
10907,Pork Products,"PORK,CURED,HAM & H2O PRODUCT,SHANK,BONE-IN,LN & FAT,UNHTD","Pork, cured, ham and water product, shank, bone-in, separable lean and fat, unheated",,,,243,14.28,20.0,1.42,0.86,0.0,11.0,0.241,0.47,0.0,0.41,1,3.253,0.159,0.546,6,0.122,0.82,14,0.022,188,24.1,1.85,0.012222222,0.141764706,0.195833333,0.0,0.027333333,0.0025,0.2033125,0.122307692,0.455,0.005,0.000135556,0.033333333,0.268571429,0.438181818,0.168181818
10908,Pork Products,"PORK,CURED,HAM & H2O PRODUCT,RUMP,BONE-IN,LN & FAT,UNHTD","Pork, cured, ham and water product, rump, bone-in, separable lean and fat, unheated",,,,179,16.09,12.13,1.35,0.88,0.0,10.0,0.236,0.53,0.0,0.28,1,3.822,0.186,0.273,9,0.113,0.64,17,0.022,205,36.0,1.56,0.011111111,0.138823529,0.220833333,0.0,0.018666667,0.0025,0.238875,0.143076923,0.2275,0.0075,0.000125556,0.04047619,0.292857143,0.654545455,0.141818182
10909,Pork Products,"PORK,CURED,HAM -- H2O ADDED,WHL,BNLESS,LN & FAT,UNHTD","Pork, cured, ham -- water added, whole, boneless, separable lean and fat, unheated",,,,121,17.06,5.38,1.42,1.42,0.0,13.0,0.407,0.46,0.0,0.23,2,5.389,0.183,0.397,8,0.101,0.85,19,0.022,262,34.6,1.77,0.014444444,0.239411765,0.191666667,0.0,0.015333333,0.005,0.3368125,0.140769231,0.330833333,0.006666667,0.000112222,0.045238095,0.374285714,0.629090909,0.160909091
10910,Pork Products,"PORK,CURED,HAM -- H2O ADDED,SLICE,BONE-IN,LN & FAT,UNHTD","Pork, cured, ham -- water added, slice, bone-in, separable lean and fat, unheated",,,,164,15.73,10.77,1.1,1.1,0.0,9.0,0.277,0.38,0.0,0.29,1,4.352,0.182,0.35,8,0.181,0.98,16,0.022,220,32.0,1.74,0.01,0.162941176,0.158333333,0.0,0.019333333,0.0025,0.272,0.14,0.291666667,0.006666667,0.000201111,0.038095238,0.314285714,0.581818182,0.158181818
10911,Pork Products,"PORK,CURED,HAM -- H2O ADDED,SHANK,BONE-IN,LN & FAT,UNHTD","Pork, cured, ham -- water added, shank, bone-in, separable lean and fat, unheated",,,,167,16.65,11.02,0.66,0.66,0.0,9.0,0.235,0.31,0.0,0.32,1,3.407,0.183,0.306,7,0.097,0.72,17,0.022,214,35.7,1.84,0.01,0.138235294,0.129166667,0.0,0.021333333,0.0025,0.2129375,0.140769231,0.255,0.005833333,0.000107778,0.04047619,0.305714286,0.649090909,0.167272727
10912,Pork Products,"PORK,CURED,HAM -- H2O ADDED,RUMP,BONE-IN,LN & FAT,UNHTD","Pork, cured, ham -- water added, rump, bone-in, separable lean and fat, unheated",,,,172,13.99,12.5,0.8,0.62,0.0,10.0,0.251,0.5,0.0,0.27,2,4.819,0.178,0.235,6,0.092,1.02,15,0.022,218,26.4,1.33,0.011111111,0.147647059,0.208333333,0.0,0.018,0.005,0.3011875,0.136923077,0.195833333,0.005,0.000102222,0.035714286,0.311428571,0.48,0.120909091
10913,Pork Products,"PORK,CURED,HAM -- H2O ADDED,RUMP,BONE-IN,LN & FAT,HTD,RSTD","Pork, cured, ham -- water added, rump, bone-in, separable lean and fat, heated, roasted",,,,161,20.1,8.56,0.99,0.78,0.0,11.0,0.41,0.35,0.0,0.22,4,4.29,0.18,0.348,8,0.123,0.69,18,0.022,238,26.3,1.74,0.012222222,0.241176471,0.145833333,0.0,0.014666667,0.01,0.268125,0.138461538,0.29,0.006666667,0.000136667,0.042857143,0.34,0.478181818,0.158181818
10914,Pork Products,"PORK,CURED,HAM -- H2O ADDED,SHANK,BONE-IN,LN & FAT,HTD,RSTD","Pork, cured, ham -- water added, shank, bone-in, separable lean and fat, heated, roasted",,,,200,18.62,13.37,1.35,0.79,0.0,11.0,0.32,0.55,0.0,0.29,1,4.695,0.173,0.261,9,0.161,1.37,17,0.022,207,24.2,2.72,0.012222222,0.188235294,0.229166667,0.0,0.019333333,0.0025,0.2934375,0.133076923,0.2175,0.0075,0.000178889,0.04047619,0.295714286,0.44,0.247272727
10915,Pork Products,"PORK,CURED,HAM -- H2O ADDED,SLCE,BNE-IN,LN & FAT,HTD,PAN-BRL","Pork, cured, ham -- water added, slice, bone-in, separable lean and fat, heated, pan-broil",,,,166,20.8,8.73,1.54,1.54,0.0,12.0,0.437,0.56,0.0,0.27,2,5.215,0.174,0.374,11,0.137,1.07,19,0.022,251,28.7,2.19,0.013333333,0.257058824,0.233333333,0.0,0.018,0.005,0.3259375,0.133846154,0.311666667,0.009166667,0.000152222,0.045238095,0.358571429,0.521818182,0.199090909
10916,Pork Products,"PORK,CURED,HAM -- H2O ADDED,SLCE,BNLESS,LN & FAT,HTD,PAN-BRL","Pork, cured, ham -- water added, slice, boneless, separable lean and fat, heated, pan-broil",,,,125,18.62,5.05,1.72,1.72,0.0,13.0,0.43,0.47,0.0,0.24,1,5.838,0.188,0.406,9,0.117,0.85,21,0.022,281,38.8,1.93,0.014444444,0.252941176,0.195833333,0.0,0.016,0.0025,0.364875,0.144615385,0.338333333,0.0075,0.00013,0.05,0.401428571,0.705454545,0.175454545
10917,Pork Products,"PORK,CURED,HAM -- H2O ADDED,WHL,BNLESS,LN & FAT,HTD,RSTD","Pork, cured, ham -- water added, whole, boneless, separable lean and fat, heated, roasted",,,,126,17.77,5.48,1.54,1.54,0.0,13.0,0.39,0.4,0.0,0.21,1,5.734,0.181,0.36,9,0.097,0.82,19,0.022,268,33.8,1.8,0.014444444,0.229411765,0.166666667,0.0,0.014,0.0025,0.358375,0.139230769,0.3,0.0075,0.000107778,0.045238095,0.382857143,0.614545455,0.163636364
10918,Pork Products,"PORK,CURED,HAM & H2O PRODUCT,RUMP,BONE-IN,LN & FAT,HTD,RSTD","Pork, cured, ham and water product, rump, bone-in, separable lean and fat, heated, roasted",,,,186,19.46,11.48,1.15,1.03,0.0,12.0,0.316,0.47,0.0,0.23,2,3.901,0.175,0.322,10,0.124,0.82,18,0.022,213,39.4,1.95,0.013333333,0.185882353,0.195833333,0.0,0.015333333,0.005,0.2438125,0.134615385,0.268333333,0.008333333,0.000137778,0.042857143,0.304285714,0.716363636,0.177272727
10919,Pork Products,"PORK,CURED,HAM & H2O PRODUCT,SHANK,BONE-IN,LN & FAT,HTD,RSTD","Pork, cured, ham and water product, shank, bone-in, separable lean and fat, heated, roasted",,,,234,18.17,17.29,1.42,0.99,0.0,12.0,0.346,0.42,0.0,0.31,1,4.159,0.171,0.362,8,0.162,1.0,15,0.022,193,37.3,2.36,0.013333333,0.203529412,0.175,0.0,0.020666667,0.0025,0.2599375,0.131538462,0.301666667,0.006666667,0.00018,0.035714286,0.275714286,0.678181818,0.214545455
10920,Pork Products,"PORK,CURED,HAM & H2O PRDCT,SLCE,BNE-IN,LN & FAT,HTD,PAN-BRL","Pork, cured, ham and water product, slice, bone-in, separable lean and fat, heated, pan-broil",,,,155,19.85,7.78,1.41,1.03,0.0,11.0,0.427,0.44,0.0,0.15,2,4.855,0.177,0.374,11,0.131,0.9,19,0.022,250,23.8,2.16,0.012222222,0.251176471,0.183333333,0.0,0.01,0.005,0.3034375,0.136153846,0.311666667,0.009166667,0.000145556,0.045238095,0.357142857,0.432727273,0.196363636
10921,Pork Products,"PORK,CURED,HAM & H2O PRDCT,SLICE,BNLESS,LN & FAT,HTD,PAN-BRL","Pork, cured, ham and water product, slice, boneless, separable lean and fat, heated, pan-broil",,,,124,15.08,5.13,4.69,4.69,0.0,13.0,0.335,0.44,0.0,0.13,2,4.283,0.137,0.308,8,0.085,0.74,17,0.037,240,32.6,1.63,0.014444444,0.197058824,0.183333333,0.0,0.008666667,0.005,0.2676875,0.105384615,0.256666667,0.006666667,9.44444e-05,0.04047619,0.342857143,0.592727273,0.148181818
10922,Pork Products,"PORK,CURED,HAM & H2O PRODUCT,WHL,BNLESS,LN & FAT,HTD,RSTD","Pork, cured, ham and water product, whole, boneless, separable lean and fat, heated, roasted",,,,123,13.88,5.46,4.61,4.61,0.0,13.0,0.26,0.37,0.0,0.22,2,3.62,0.141,0.26,8,0.095,0.74,15,0.038,224,29.1,1.64,0.014444444,0.152941176,0.154166667,0.0,0.014666667,0.005,0.22625,0.108461538,0.216666667,0.006666667,0.000105556,0.035714286,0.32,0.529090909,0.149090909
10923,Pork Products,"PORK,CURED,HAM W/ NAT JUICES,RUMP,BONE-IN,LN & FAT,HTD,RSTD","Pork, cured, ham with natural juices, rump, bone-in, separable lean and fat, heated, roasted",,,,177,22.47,9.39,0.6,0.45,0.0,11.0,0.364,0.58,0.0,0.27,1,7.127,0.222,0.327,10,0.12,0.99,21,0.022,260,46.2,2.35,0.012222222,0.214117647,0.241666667,0.0,0.018,0.0025,0.4454375,0.170769231,0.2725,0.008333333,0.000133333,0.05,0.371428571,0.84,0.213636364
10924,Pork Products,"PORK,CURED,HAM W/ NAT JUICES,SHANK,BONE-IN,LN & FAT,HTD,RSTD","Pork, cured, ham with natural juices, shank, bone-in, separable lean and fat, heated, roasted",,,,191,22.88,10.93,0.33,0.33,0.0,11.0,0.358,0.64,0.0,0.3,3,7.19,0.185,0.289,7,0.193,1.11,20,0.022,244,44.5,2.82,0.012222222,0.210588235,0.266666667,0.0,0.02,0.0075,0.449375,0.142307692,0.240833333,0.005833333,0.000214444,0.047619048,0.348571429,0.809090909,0.256363636
10925,Pork Products,"PORK,CURED,HAM W/ NAT JUICS,SLCE,BNE-IN,LN & FAT,HTD,PAN-BRL","Pork, cured, ham with natural juices, slice, bone-in, separable lean and fat, heated, pan-broil",,,,180,26.18,8.28,0.17,0.02,0.0,13.0,0.376,0.58,0.0,0.24,1,8.52,0.247,0.306,12,0.115,1.15,22,0.022,280,48.2,2.87,0.014444444,0.221176471,0.241666667,0.0,0.016,0.0025,0.5325,0.19,0.255,0.01,0.000127778,0.052380952,0.4,0.876363636,0.260909091
10926,Pork Products,"PORK,CURED,HAM W/ NAT JUICS,SLICE,BNLES,LN & FAT,HTD,PAN-BRL","Pork, cured, ham with natural juices, slice, boneless, separable lean and fat, heated, pan-broil",,,,118,20.89,3.4,1.04,1.04,0.0,13.0,0.504,0.42,0.0,0.22,1,7.374,0.217,0.513,6,0.272,0.93,22,0.026,321,36.9,2.13,0.014444444,0.296470588,0.175,0.0,0.014666667,0.0025,0.460875,0.166923077,0.4275,0.005,0.000302222,0.052380952,0.458571429,0.670909091,0.193636364
10927,Pork Products,"PORK,CURED,HAM W/ NAT JUCS,SPRL SLCE,BNLES,LN & FAT,HTD,RSTD","Pork, cured, ham with natural juices, spiral slice, boneless, separable lean and fat, heated, roasted",,,,139,22.18,5.1,1.06,1.06,0.0,13.0,0.422,0.5,0.0,0.19,1,6.619,0.226,0.463,4,0.193,0.83,22,0.022,308,41.1,1.8,0.014444444,0.248235294,0.208333333,0.0,0.012666667,0.0025,0.4136875,0.173846154,0.385833333,0.003333333,0.000214444,0.052380952,0.44,0.747272727,0.163636364
10928,Pork Products,"PORK,CURED,HAM W/ NAT JUICES,WHL,BNLESS,LN & FAT,HTD,RSTD","Pork, cured, ham with natural juices, whole, boneless, separable lean and fat, heated, roasted",,,,114,20.54,3.13,0.84,0.81,0.0,13.0,0.461,0.42,0.0,0.27,2,6.82,0.215,0.619,6,0.272,0.84,22,0.027,318,32.7,1.98,0.014444444,0.271176471,0.175,0.0,0.018,0.005,0.42625,0.165384615,0.515833333,0.005,0.000302222,0.052380952,0.454285714,0.594545455,0.18
10929,Pork Products,"PORK,CURED,HAM,RUMP,BONE-IN,LN & FAT,HTD,RSTD","Pork, cured, ham, rump, bone-in, separable lean and fat, heated, roasted",,,,177,23.95,8.88,0.64,0.64,0.0,1.0,0.446,0.61,0.0,0.33,0,6.871,0.284,0.531,7,1.093,1.46,23,0.028,263,23.5,2.91,0.001111111,0.262352941,0.254166667,0.0,0.022,0.0,0.4294375,0.218461538,0.4425,0.005833333,0.001214444,0.054761905,0.375714286,0.427272727,0.264545455
10931,Pork Products,"PORK,CURED,HAM,RUMP,BONE-IN,LN,HTD,RSTD","Pork, cured, ham, rump, bone-in, separable lean only, heated, roasted",,,,132,26.02,3.07,0.68,0.68,0.0,0.0,0.479,0.65,0.0,0.33,0,7.387,0.31,0.566,8,1.197,1.59,24,0.029,275,24.5,3.16,0.0,0.281764706,0.270833333,0.0,0.022,0.0,0.4616875,0.238461538,0.471666667,0.006666667,0.00133,0.057142857,0.392857143,0.445454545,0.287272727
10932,Pork Products,"PORK,CURED,HAM,RUMP,BONE-IN,LN,UNHTD","Pork, cured, ham, rump, bone-in, separable lean only, unheated",,,,125,24.46,2.92,0.32,0.0,0.0,0.0,0.514,0.56,0.0,0.26,1,6.987,0.225,0.519,7,0.868,1.08,24,0.022,267,21.4,2.61,0.0,0.302352941,0.233333333,0.0,0.017333333,0.0025,0.4366875,0.173076923,0.4325,0.005833333,0.000964444,0.057142857,0.381428571,0.389090909,0.237272727
10933,Pork Products,"PORK,CURED,HAM,SHANK,BONE-IN,LN,HTD,RSTD","Pork, cured, ham, shank, bone-in, separable lean only, heated, roasted",,,,139,26.49,3.68,0.68,0.68,0.0,0.0,0.472,0.61,0.0,0.33,1,7.397,0.326,0.484,7,0.135,1.54,23,0.027,269,24.4,2.78,0.0,0.277647059,0.254166667,0.0,0.022,0.0025,0.4623125,0.250769231,0.403333333,0.005833333,0.00015,0.054761905,0.384285714,0.443636364,0.252727273
10934,Pork Products,"PORK,CURED,HAM,SHANK,BONE-IN,LN,UNHTD","Pork, cured, ham, shank, bone-in, separable lean only, unheated",,,,125,23.79,3.19,0.18,0.0,0.0,0.0,0.467,0.58,0.0,0.24,0,6.97,0.249,0.476,6,0.386,0.99,22,0.022,258,21.2,2.34,0.0,0.274705882,0.241666667,0.0,0.016,0.0,0.435625,0.191538462,0.396666667,0.005,0.000428889,0.052380952,0.368571429,0.385454545,0.212727273
10935,Pork Products,"PORK,CURED,HAM,SHANK,BONE-IN,LN & FAT,HTD,RSTD","Pork, cured, ham, shank, bone-in, separable lean and fat, heated, roasted",,,,191,24.39,9.35,0.64,0.64,0.0,1.0,0.44,0.58,0.0,0.33,1,6.885,0.298,0.46,7,0.158,1.42,22,0.026,257,23.4,2.59,0.001111111,0.258823529,0.241666667,0.0,0.022,0.0025,0.4303125,0.229230769,0.383333333,0.005833333,0.000175556,0.052380952,0.367142857,0.425454545,0.235454545
10936,Pork Products,"PORK,CURED,HAM,SHANK,BONE-IN,LN & FAT,UNHTD","Pork, cured, ham, shank, bone-in, separable lean and fat, unheated",,,,177,21.61,9.85,0.41,0.06,0.0,2.0,0.429,0.54,0.0,0.31,0,6.382,0.218,0.444,6,0.347,0.92,20,0.022,243,20.5,2.18,0.002222222,0.252352941,0.225,0.0,0.020666667,0.0,0.398875,0.167692308,0.37,0.005,0.000385556,0.047619048,0.347142857,0.372727273,0.198181818
10937,Pork Products,"PORK,CURED,HAM,SLICE,BONE-IN,LN & FAT,HTD,PAN-BROIL","Pork, cured, ham, slice, bone-in, separable lean and fat, heated, pan-broil",,,,180,25.48,8.48,0.7,0.7,0.0,1.0,0.509,0.63,0.0,0.3,2,7.333,0.296,0.547,14,0.417,1.34,25,0.022,285,24.4,2.87,0.001111111,0.299411765,0.2625,0.0,0.02,0.005,0.4583125,0.227692308,0.455833333,0.011666667,0.000463333,0.05952381,0.407142857,0.443636364,0.260909091
10938,Pork Products,"PORK,CURED,HAM,SLICE,BONE-IN,LN,UNHTD","Pork, cured, ham, slice, bone-in, separable lean only, unheated",,,,130,24.36,3.59,0.0,0.0,0.0,0.0,0.482,0.6,0.0,0.29,1,6.493,0.251,0.492,13,0.148,1.23,23,0.022,263,22.3,2.43,0.0,0.283529412,0.25,0.0,0.019333333,0.0025,0.4058125,0.193076923,0.41,0.010833333,0.000164444,0.054761905,0.375714286,0.405454545,0.220909091
10939,Pork Products,"PORK,CURED,HAM,SLICE,BONE-IN,LN & FAT,UNHTD","Pork, cured, ham, slice, bone-in, separable lean and fat, unheated",,,,173,22.45,9.17,0.21,0.05,0.0,1.0,0.448,0.57,0.0,0.34,1,6.05,0.225,0.462,12,0.142,1.15,22,0.022,250,21.5,2.29,0.001111111,0.263529412,0.2375,0.0,0.022666667,0.0025,0.378125,0.173076923,0.385,0.01,0.000157778,0.052380952,0.357142857,0.390909091,0.208181818
10940,Pork Products,"PORK,FRSH,SPARERIBS,LN & FAT,CKD,RSTD","Pork, fresh, spareribs, separable lean and fat, cooked, roasted",,,,361,20.89,30.86,0.0,0.0,0.0,0.0,0.59,0.45,0.0,0.14,0,6.103,0.328,0.418,19,0.114,1.43,18,0.01,162,30.6,3.26,0.0,0.347058824,0.1875,0.0,0.009333333,0.0,0.3814375,0.252307692,0.348333333,0.015833333,0.000126667,0.042857143,0.231428571,0.556363636,0.296363636
10942,Pork Products,"PORK,FRSH,ENHANCED,COMP OF FAT,RAW","Pork, fresh, enhanced, composite of separable fat, raw",,,,508,9.27,52.33,0.0,0.0,0.0,0.0,0.275,1.47,0.0,0.04,0,3.23,0.103,0.204,22,0.055,0.47,9,0.006,121,11.1,0.9,0.0,0.161764706,0.6125,0.0,0.002666667,0.0,0.201875,0.079230769,0.17,0.018333333,6.11111e-05,0.021428571,0.172857143,0.201818182,0.081818182
10943,Pork Products,"PORK,FRSH,ENHANCED,LOIN,TENDERLOIN,LN,CKD,RSTD","Pork, fresh, enhanced, loin, tenderloin, separable lean only, cooked, roasted",,,,116,21.61,3.15,0.31,0.0,0.0,0.0,0.61,0.47,0.0,0.07,0,7.392,0.36,0.789,5,0.106,0.98,25,0.012,316,45.7,2.0,0.0,0.358823529,0.195833333,0.0,0.004666667,0.0,0.462,0.276923077,0.6575,0.004166667,0.000117778,0.05952381,0.451428571,0.830909091,0.181818182
10944,Pork Products,"PORK,FRSH,ENHANCED,LOIN,TENDERLOIN,LN,RAW","Pork, fresh, enhanced, loin, tenderloin, separable lean only, raw",,,,106,20.39,2.09,0.0,0.0,0.0,0.0,0.756,0.5,0.0,0.21,0,6.45,0.337,0.757,4,0.103,0.92,23,0.011,290,35.2,1.73,0.0,0.444705882,0.208333333,0.0,0.014,0.0,0.403125,0.259230769,0.630833333,0.003333333,0.000114444,0.054761905,0.414285714,0.64,0.157272727
10945,Pork Products,"PORK,FRSH,ENHCED,SHLDR,(BOSTON BUTT),BLDE (STKS),LN,CKD,BRSD","Pork, fresh, enhanced, shoulder, (Boston butt), blade (steaks), separable lean only, cooked, braised",,,,227,27.58,12.14,0.0,0.0,0.0,0.0,0.488,0.94,0.0,0.11,0,3.575,0.381,0.424,26,0.208,1.82,21,0.012,234,45.3,4.85,0.0,0.287058824,0.391666667,0.0,0.007333333,0.0,0.2234375,0.293076923,0.353333333,0.021666667,0.000231111,0.05,0.334285714,0.823636364,0.440909091
10946,Pork Products,"PORK,FRSH,ENHANCED,SHLDR,(BOSTON BUTT),BLADE (STEAKS),LN,RAW","Pork, fresh, enhanced, shoulder, (Boston butt), blade (steaks), separable lean only, raw",,,,122,18.29,5.36,0.18,0.0,0.0,0.0,0.509,0.89,0.0,0.23,0,3.837,0.367,0.512,14,0.125,1.04,19,0.01,223,28.8,3.1,0.0,0.299411765,0.370833333,0.0,0.015333333,0.0,0.2398125,0.282307692,0.426666667,0.011666667,0.000138889,0.045238095,0.318571429,0.523636364,0.281818182
10947,Pork Products,"PORK,FRSH,ENHANCED,LOIN,TOP LOIN (CHOPS),BNLESS,LN,CKD,BRLD","Pork, fresh, enhanced, loin, top loin (chops), boneless, separable lean only, cooked, broiled",,,,170,29.65,5.73,0.0,0.0,0.0,0.0,0.465,0.68,0.0,0.43,0,8.927,0.24,0.664,9,0.065,0.56,29,0.014,317,55.6,1.74,0.0,0.273529412,0.283333333,0.0,0.028666667,0.0,0.5579375,0.184615385,0.553333333,0.0075,7.22222e-05,0.069047619,0.452857143,1.010909091,0.158181818
10948,Pork Products,"PORK,FRSH,ENHANCED,LOIN,TOP LOIN (CHOPS),BNLESS,LN,RAW","Pork, fresh, enhanced, loin, top loin (chops), boneless, separable lean only, raw",,,,117,21.09,3.48,0.22,0.0,0.0,0.0,0.497,0.41,0.0,0.23,0,7.813,0.21,0.518,7,0.048,0.41,23,0.011,264,47.9,1.28,0.0,0.292352941,0.170833333,0.0,0.015333333,0.0,0.4883125,0.161538462,0.431666667,0.005833333,5.33333e-05,0.054761905,0.377142857,0.870909091,0.116363636
10949,Pork Products,"PORK,FRSH,ENHANCED,LOIN,TOP LOIN (CHOPS),BNLESS,LN & FAT,RAW","Pork, fresh, enhanced, loin, top loin (chops), boneless, separable lean and fat, raw",,,,171,19.45,10.26,0.0,0.0,0.0,0.0,0.467,0.56,0.0,0.2,0,7.178,0.195,0.475,9,0.049,0.42,21,0.01,244,42.8,1.22,0.0,0.274705882,0.233333333,0.0,0.013333333,0.0,0.448625,0.15,0.395833333,0.0075,5.44444e-05,0.05,0.348571429,0.778181818,0.110909091
10950,Pork Products,"PORK,FRSH,ENHCD,LN,TOP LOIN (CHOPS),BNLESS,LN & FAT,CKD,BRLD","Pork, fresh, enhanced, loin, top loin (chops), boneless, separable lean and fat, cooked, broiled",,,,198,28.33,9.42,0.02,0.0,0.0,0.0,0.45,0.73,0.0,0.42,0,8.589,0.233,0.636,11,0.064,0.57,28,0.013,307,52.9,1.7,0.0,0.264705882,0.304166667,0.0,0.028,0.0,0.5368125,0.179230769,0.53,0.009166667,7.11111e-05,0.066666667,0.438571429,0.961818182,0.154545455
10951,Pork Products,"PORK,FRSH,ENHANCED,LOIN,TENDERLOIN,LN & FAT,RAW","Pork, fresh, enhanced, loin, tenderloin, separable lean and fat, raw",,,,114,20.16,3.14,0.0,0.0,0.0,0.0,0.746,0.52,0.0,0.21,0,6.382,0.333,0.745,5,0.102,0.91,23,0.01,286,34.7,1.72,0.0,0.438823529,0.216666667,0.0,0.014,0.0,0.398875,0.256153846,0.620833333,0.004166667,0.000113333,0.054761905,0.408571429,0.630909091,0.156363636
10952,Pork Products,"PORK,FRSH,ENHANCED,LOIN,TENDERLOIN,LN & FAT,CKD,RSTD","Pork, fresh, enhanced, loin, tenderloin, separable lean and fat, cooked, roasted",,,,121,21.5,3.7,0.31,0.0,0.0,0.0,0.607,0.48,0.0,0.07,0,7.36,0.358,0.784,5,0.105,0.97,25,0.012,315,45.4,1.99,0.0,0.357058824,0.2,0.0,0.004666667,0.0,0.46,0.275384615,0.653333333,0.004166667,0.000116667,0.05952381,0.45,0.825454545,0.180909091
10953,Pork Products,"PORK,FRSH,ENHCD,SHLDR,(BOSTON BUTT),BLDE (STKS),LN & FAT,RAW","Pork, fresh, enhanced, shoulder, (Boston butt), blade (steaks), separable lean and fat, raw",,,,169,17.19,11.12,0.16,0.0,0.0,0.0,0.48,0.96,0.0,0.21,0,3.763,0.335,0.474,15,0.116,0.97,18,0.01,211,26.6,2.83,0.0,0.282352941,0.4,0.0,0.014,0.0,0.2351875,0.257692308,0.395,0.0125,0.000128889,0.042857143,0.301428571,0.483636364,0.257272727
10954,Pork Products,"PORK,FRSH,ENHCED,SHLDR,(BSTN BUTT),BLDE(STKS),LN&FAT,BRSD","Pork, fresh, enhanced, shoulder, (Boston butt), blade (steaks), separable lean and fat, cooked, braised",,,,263,25.84,16.94,0.03,0.0,0.0,0.0,0.463,0.98,0.0,0.12,0,3.61,0.357,0.406,27,0.192,1.72,20,0.012,227,42.3,4.48,0.0,0.272352941,0.408333333,0.0,0.008,0.0,0.225625,0.274615385,0.338333333,0.0225,0.000213333,0.047619048,0.324285714,0.769090909,0.407272727
10955,Pork Products,"PORK,CURED,HAM,RUMP,BONE-IN,LN & FAT,UNHTD","Pork, cured, ham, rump, bone-in, separable lean and fat, unheated",,,,176,22.27,9.38,0.52,0.06,0.0,2.0,0.472,0.53,0.0,0.32,1,6.417,0.199,0.482,7,0.769,1.01,22,0.022,251,20.6,2.42,0.002222222,0.277647059,0.220833333,0.0,0.021333333,0.0025,0.4010625,0.153076923,0.401666667,0.005833333,0.000854444,0.052380952,0.358571429,0.374545455,0.22
10956,Pork Products,"PORK,LOIN,LEG CAP STEAK,BNLESS,LN & FAT,CKD,BRLD","Pork, loin, leg cap steak, boneless, separable lean and fat, cooked, broiled","URMIS #3646, Leg cap steak, Gracilis",,,158,27.57,4.41,0.0,0.0,0.0,0.0,0.43,0.69,0.0,0.1,1,8.205,0.387,0.481,7,0.073,0.97,23,0.01,221,32.1,4.11,0.0,0.252941176,0.2875,0.0,0.006666667,0.0025,0.5128125,0.297692308,0.400833333,0.005833333,8.11111e-05,0.054761905,0.315714286,0.583636364,0.373636364
10957,Pork Products,"PORK,LEG CAP STEAK,BNLESS,LN & FAT,RAW","Pork, Leg Cap Steak, boneless, separable lean and fat, raw","URMIS #3646, Leg cap steak, Gracilis",,,123,21.64,3.39,0.0,0.0,0.0,0.0,0.553,0.64,0.0,0.08,1,7.092,0.423,0.525,7,0.057,0.84,22,0.009,207,25.2,3.18,0.0,0.325294118,0.266666667,0.0,0.005333333,0.0025,0.44325,0.325384615,0.4375,0.005833333,6.33333e-05,0.052380952,0.295714286,0.458181818,0.289090909
10958,Pork Products,"PORK,SHLDR BREAST,BNLESS,LN & FAT,RAW","Pork, Shoulder breast, boneless, separable lean and fat, raw","URMIS #3604, Shoulder breast, Pectoralis Profundi",,,127,22.54,3.4,0.0,0.0,0.0,0.0,0.722,0.87,0.0,0.08,0,9.602,0.465,0.645,7,0.076,0.89,26,0.014,229,25.8,1.95,0.0,0.424705882,0.3625,0.0,0.005333333,0.0,0.600125,0.357692308,0.5375,0.005833333,8.44444e-05,0.061904762,0.327142857,0.469090909,0.177272727
10959,Pork Products,"PORK,SHLDR BREAST,BNLESS,LN & FAT,CKD,BRLD","Pork, Shoulder breast, boneless, separable lean and fat, cooked, broiled","URMIS #3604, Shoulder breast, Pectoralis profundi",,,162,28.47,4.49,0.0,0.0,0.0,0.0,0.541,0.61,0.0,0.1,2,10.412,0.432,0.542,7,0.07,0.92,26,0.012,240,33.7,2.43,0.0,0.318235294,0.254166667,0.0,0.006666667,0.005,0.65075,0.332307692,0.451666667,0.005833333,7.77778e-05,0.061904762,0.342857143,0.612727273,0.220909091
10960,Pork Products,"PORK,SHLDR,PETITE TENDER,BNLESS,LN & FAT,CKD,BRLD","Pork, shoulder, petite tender, boneless, separable lean and fat, cooked, broiled","URMIS #3605, Shoulder petite tender, Teres major",,,155,27.47,4.23,0.0,0.0,0.0,0.0,0.594,0.76,0.0,0.1,1,6.345,0.465,0.733,8,0.099,1.25,27,0.012,254,27.0,2.74,0.0,0.349411765,0.316666667,0.0,0.006666667,0.0025,0.3965625,0.357692308,0.610833333,0.006666667,0.00011,0.064285714,0.362857143,0.490909091,0.249090909
10961,Pork Products,"PORK,SHLDR PETITE TENDER,BNLESS,LN & FAT,RAW","Pork, Shoulder petite tender, boneless, separable lean and fat, raw","URMIS #3605, Shoulder petite tender, Teres major",,,128,21.65,3.91,0.0,0.0,0.0,0.0,0.65,0.59,0.0,0.08,2,5.312,0.6,0.831,6,0.09,1.07,24,0.011,229,21.5,2.16,0.0,0.382352941,0.245833333,0.0,0.005333333,0.005,0.332,0.461538462,0.6925,0.005,0.0001,0.057142857,0.327142857,0.390909091,0.196363636
10962,Pork Products,"PORK,LEG SIRLOIN TIP RST,BNLESS,LN & FAT,CKD,BRSD","Pork, Leg sirloin tip roast, boneless, separable lean and fat, cooked, braised","URMIS #3647, Leg sirloin tip roast, Vastas Lateralis/Rectus femoris",,,156,31.11,2.56,0.0,0.0,0.0,0.0,0.491,0.58,0.0,0.11,1,7.685,0.51,0.603,5,0.068,1.06,25,0.009,237,37.7,2.86,0.0,0.288823529,0.241666667,0.0,0.007333333,0.0025,0.4803125,0.392307692,0.5025,0.004166667,7.55556e-05,0.05952381,0.338571429,0.685454545,0.26
10963,Pork Products,"PORK,LEG SIRLOIN TIP RST,BNLESS,LN & FAT,RAW","Pork, Leg sirloin tip roast, boneless, separable lean and fat, raw","URMIS #3647, Leg sirloin tip roast, Vastas lateralis/Rectus Femoris",,,113,22.88,1.71,0.0,0.0,0.0,0.0,0.689,0.53,0.0,0.08,0,7.183,0.357,0.654,5,0.067,0.8,25,0.009,232,26.4,2.05,0.0,0.405294118,0.220833333,0.0,0.005333333,0.0,0.4489375,0.274615385,0.545,0.004166667,7.44444e-05,0.05952381,0.331428571,0.48,0.186363636
10972,Pork Products,"PORK,GROUND,84% LN / 16% FAT,RAW","Pork, ground, 84% lean / 16% fat, raw",,,,218,17.99,16.0,0.44,0.0,0.0,0.0,0.551,0.73,0.0,0.45,2,6.416,0.338,0.332,15,0.032,0.88,16,0.01,161,30.2,1.91,0.0,0.324117647,0.304166667,0.0,0.03,0.005,0.401,0.26,0.276666667,0.0125,3.55556e-05,0.038095238,0.23,0.549090909,0.173636364
10973,Pork Products,"PORK,GROUND,96% LN / 4% FAT,RAW","Pork, ground, 96% lean / 4% fat, raw",,,,121,21.1,4.0,0.21,0.0,0.0,0.0,0.668,0.64,0.0,0.29,2,7.914,0.368,0.414,15,0.033,0.86,19,0.01,190,34.8,1.93,0.0,0.392941176,0.266666667,0.0,0.019333333,0.005,0.494625,0.283076923,0.345,0.0125,3.66667e-05,0.045238095,0.271428571,0.632727273,0.175454545
10974,Pork Products,"PORK,GROUND,72% LN / 28% FAT,CKD,CRUMBLES","Pork, ground, 72% lean / 28% fat, cooked, crumbles",,,,393,22.83,32.93,1.39,0.0,0.0,0.0,0.508,1.17,0.0,0.35,2,7.522,0.488,0.341,20,0.038,1.15,19,0.013,192,38.0,2.58,0.0,0.298823529,0.4875,0.0,0.023333333,0.005,0.470125,0.375384615,0.284166667,0.016666667,4.22222e-05,0.045238095,0.274285714,0.690909091,0.234545455
10975,Pork Products,"PORK,GROUND,84% LN / 16% FAT,CKD,CRUMBLES","Pork, ground, 84% lean / 16% fat, cooked, crumbles",,,,289,26.69,20.04,0.58,0.0,0.0,0.0,0.613,1.02,0.0,0.31,1,9.286,0.486,0.421,20,0.04,1.1,23,0.013,226,42.4,2.57,0.0,0.360588235,0.425,0.0,0.020666667,0.0025,0.580375,0.373846154,0.350833333,0.016666667,4.44444e-05,0.054761905,0.322857143,0.770909091,0.233636364
10976,Pork Products,"PORK,GROUND,96% LN / 4% FAT,CKD,CRUMBLES","Pork, ground, 96% lean / 4% fat, cooked, crumbles",,,,187,30.55,7.15,0.0,0.0,0.0,0.0,0.717,0.86,0.0,0.26,0,11.05,0.484,0.5,19,0.041,1.05,27,0.013,261,46.7,2.56,0.0,0.421764706,0.358333333,0.0,0.017333333,0.0,0.690625,0.372307692,0.416666667,0.015833333,4.55556e-05,0.064285714,0.372857143,0.849090909,0.232727273
10977,Pork Products,"PORK,GROUND,72% LN / 28% FAT,CKD,PAN-BROILED","Pork, ground, 72% lean / 28% fat, cooked, pan-broiled",,,,377,22.59,31.42,1.08,0.0,0.0,0.0,0.443,1.11,0.0,0.47,4,6.852,0.488,0.271,20,0.038,1.21,18,0.013,181,37.9,2.48,0.0,0.260588235,0.4625,0.0,0.031333333,0.01,0.42825,0.375384615,0.225833333,0.016666667,4.22222e-05,0.042857143,0.258571429,0.689090909,0.225454545
10978,Pork Products,"PORK,GROUND,84% LN / 16% FAT,CKD,PAN-BROILED","Pork, ground, 84% lean / 16% fat, cooked, pan-broiled",,,,301,27.14,21.39,0.0,0.0,0.0,0.0,0.535,0.97,0.0,0.44,4,8.573,0.462,0.352,20,0.038,1.16,22,0.013,221,43.5,2.54,0.0,0.314705882,0.404166667,0.0,0.029333333,0.01,0.5358125,0.355384615,0.293333333,0.016666667,4.22222e-05,0.052380952,0.315714286,0.790909091,0.230909091
10979,Pork Products,"PORK,GROUND,96% LN / 4% FAT,CKD,PAN-BROILED","Pork, ground, 96% lean / 4% fat, cooked, pan-broiled",,,,185,31.69,6.2,0.57,0.0,0.0,0.0,0.627,0.83,0.0,0.4,3,10.293,0.435,0.433,20,0.039,1.11,25,0.013,261,49.1,2.59,0.0,0.368823529,0.345833333,0.0,0.026666667,0.0075,0.6433125,0.334615385,0.360833333,0.016666667,4.33333e-05,0.05952381,0.372857143,0.892727273,0.235454545
10980,Pork Products,"PORK LOIN,FRSH,BACKRIBS,BONE-IN,RAW,LN","Pork loin, fresh, backribs, bone-in, raw, lean only",,,,172,20.85,9.84,0.0,0.0,0.0,3.0,0.465,0.54,0.0,0.2,0,7.247,0.331,0.496,26,0.091,0.84,17,0.009,165,33.3,2.73,0.003333333,0.273529412,0.225,0.0,0.013333333,0.0,0.4529375,0.254615385,0.413333333,0.021666667,0.000101111,0.04047619,0.235714286,0.605454545,0.248181818
10981,Pork Products,"PORK LOIN,FRSH,BACKRIBS,BONE-IN,COOKED-ROASTED,LN","Pork loin, fresh, backribs, bone-in, cooked-roasted, lean only",,,,255,24.15,17.65,0.0,0.0,0.0,4.0,0.433,0.75,0.0,0.27,0,7.883,0.348,0.479,44,0.107,0.96,17,0.011,171,33.7,3.24,0.004444444,0.254705882,0.3125,0.0,0.018,0.0,0.4926875,0.267692308,0.399166667,0.036666667,0.000118889,0.04047619,0.244285714,0.612727273,0.294545455
10982,Pork Products,"PORK,FRSH,LOIN,BLADE (CHOPS OR ROASTS),BNLESS,LN,RAW","Pork, fresh, loin, blade (chops or roasts), boneless, separable lean only, raw",,,,123,21.35,3.78,0.82,0.0,0.0,3.0,0.575,0.49,0.0,0.18,0,6.848,0.237,0.631,6,0.052,0.77,22,0.01,244,39.1,1.82,0.003333333,0.338235294,0.204166667,0.0,0.012,0.0,0.428,0.182307692,0.525833333,0.005,5.77778e-05,0.052380952,0.348571429,0.710909091,0.165454545
10983,Pork Products,"PORK,FRSH,LOIN,BLADE (ROASTS),BNLESS,LN,CKD,RSTD","Pork, fresh, loin, blade (roasts), boneless, separable lean only, cooked, roasted",,,,175,27.58,7.14,0.0,0.0,0.0,1.0,0.494,0.85,0.0,0.23,0,7.68,0.273,0.622,11,0.078,0.92,24,0.016,277,45.6,2.5,0.001111111,0.290588235,0.354166667,0.0,0.015333333,0.0,0.48,0.21,0.518333333,0.009166667,8.66667e-05,0.057142857,0.395714286,0.829090909,0.227272727
10984,Pork Products,"PORK,FRSH,LOIN,BLADE (CHOPS),BNLESS,LN,BNLESS,CKD,BRLD","Pork, fresh, loin, blade (chops), boneless, separable lean only, boneless, cooked, broiled",,,,169,26.14,6.74,0.89,0.0,0.0,2.0,0.54,0.69,0.0,0.23,0,8.063,0.256,0.671,7,0.068,0.92,25,0.01,284,47.2,2.45,0.002222222,0.317647059,0.2875,0.0,0.015333333,0.0,0.5039375,0.196923077,0.559166667,0.005833333,7.55556e-05,0.05952381,0.405714286,0.858181818,0.222727273
10985,Pork Products,"PORK,FRSH,LOIN,COUNTRY-STYLE RIBS,LN,BNLESS,CKD,BRLD","Pork, fresh, loin, country-style ribs, separable lean only, boneless, cooked, broiled",,,,216,27.83,11.65,0.0,0.0,0.0,3.0,0.575,0.73,0.0,0.26,0,9.152,0.367,0.571,7,0.069,0.92,26,0.01,285,47.4,2.46,0.003333333,0.338235294,0.304166667,0.0,0.017333333,0.0,0.572,0.282307692,0.475833333,0.005833333,7.66667e-05,0.061904762,0.407142857,0.861818182,0.223636364
10986,Pork Products,"PORK,FRSH,LOIN,COUNTRY-STYLE RIBS,LN,BONE-IN,CKD,BRLD","Pork, fresh, loin, country-style ribs, separable lean only, bone-in, cooked, broiled",,,,216,27.83,11.65,0.0,0.0,0.0,3.0,0.575,0.73,0.0,0.26,0,9.152,0.367,0.571,61,0.117,1.02,24,0.012,284,42.9,3.73,0.003333333,0.338235294,0.304166667,0.0,0.017333333,0.0,0.572,0.282307692,0.475833333,0.050833333,0.00013,0.057142857,0.405714286,0.78,0.339090909
10987,Pork Products,"PORK,FRSH,LOIN,COUNTRY-STYLE RIBS,LN,BNLESS,CKD,RSTD","Pork, fresh, loin, country-style ribs, separable lean only, boneless, cooked, roasted",,,,219,29.2,11.38,0.0,0.0,0.0,1.0,0.523,0.9,0.0,0.27,0,8.13,0.289,0.658,12,0.083,0.98,26,0.017,294,48.5,2.66,0.001111111,0.307647059,0.375,0.0,0.018,0.0,0.508125,0.222307692,0.548333333,0.01,9.22222e-05,0.061904762,0.42,0.881818182,0.241818182
10988,Pork Products,"PORK,FRSH,BLADE,(CHOPS),BNLESS,LN & FAT,CKD,BRLD","Pork, fresh, blade, (chops), boneless, separable lean and fat, cooked, broiled",,,,202,24.73,11.13,0.83,0.0,0.0,4.0,0.515,0.68,0.0,0.21,0,7.698,0.252,0.637,8,0.07,0.89,24,0.009,271,44.6,2.32,0.004444444,0.302941176,0.283333333,0.0,0.014,0.0,0.481125,0.193846154,0.530833333,0.006666667,7.77778e-05,0.057142857,0.387142857,0.810909091,0.210909091
10989,Pork Products,"PORK,FRSH,LOIN,BLDE (CHOPS OR ROAST),BNLESS,LN & FAT OLY,RAW","Pork, fresh, loin, blade (chops or roasts), boneless, separable lean and fat only, raw",,,,157,20.54,7.94,0.76,0.0,0.0,4.0,0.546,0.49,0.0,0.19,0,6.564,0.227,0.599,6,0.053,0.74,21,0.009,233,37.1,1.74,0.004444444,0.321176471,0.204166667,0.0,0.012666667,0.0,0.41025,0.174615385,0.499166667,0.005,5.88889e-05,0.05,0.332857143,0.674545455,0.158181818
10990,Pork Products,"PORK,FRSH,LOIN,BLADE (ROASTS),BNLESS,LN & FAT,CKD,RSTD","Pork, fresh, loin, blade (roasts), boneless, separable lean and fat, cooked, roasted",,,,199,26.48,10.32,0.0,0.0,0.0,2.0,0.478,0.84,0.0,0.22,0,7.435,0.269,0.6,12,0.079,0.89,23,0.015,268,43.7,2.41,0.002222222,0.281176471,0.35,0.0,0.014666667,0.0,0.4646875,0.206923077,0.5,0.01,8.77778e-05,0.054761905,0.382857143,0.794545455,0.219090909
10991,Pork Products,"PORK,FRSH,LOIN,COUNTRY-STYLE RIBS,LN & FAT,BNLESS,CKD,BRLD","Pork, fresh, loin, country-style ribs, separable lean and fat, boneless, cooked, broiled",,,,247,26.28,15.73,0.0,0.0,0.0,4.0,0.547,0.72,0.0,0.24,0,8.699,0.354,0.544,8,0.07,0.89,24,0.009,272,44.7,2.33,0.004444444,0.321764706,0.3,0.0,0.016,0.0,0.5436875,0.272307692,0.453333333,0.006666667,7.77778e-05,0.057142857,0.388571429,0.812727273,0.211818182
10992,Pork Products,"PORK,FRSH,LOIN,COUNTRY-STYLE RIBS,LN & FAT,BONE-IN,CKD,BRLD","Pork, fresh, loin, country-style ribs, separable lean and fat, bone-in, cooked, broiled",,,,260,25.58,17.56,0.0,0.0,0.0,5.0,0.534,0.71,0.0,0.23,0,8.497,0.348,0.532,57,0.114,0.96,22,0.011,265,39.5,3.41,0.005555556,0.314117647,0.295833333,0.0,0.015333333,0.0,0.5310625,0.267692308,0.443333333,0.0475,0.000126667,0.052380952,0.378571429,0.718181818,0.31
10993,Pork Products,"PORK,FRSH,LOIN,COUNTRY-STYLE RIBS,LN & FAT,BNLESS,CKD,RSTD","Pork, fresh, loin, country-style ribs, separable lean and fat, boneless, cooked, roasted",,,,270,26.4,18.31,0.0,0.0,0.0,4.0,0.481,0.86,0.0,0.23,0,7.496,0.278,0.601,13,0.084,0.91,24,0.015,271,43.8,2.42,0.004444444,0.282941176,0.358333333,0.0,0.015333333,0.0,0.4685,0.213846154,0.500833333,0.010833333,9.33333e-05,0.057142857,0.387142857,0.796363636,0.22
10994,Pork Products,"BACON,PRE-SLICED,REDUCED/LOW NA,UNPREP","Bacon, pre-sliced, reduced/low sodium, unprepared",,,,407,12.53,39.27,0.83,0.83,0.0,0.0,0.0,0.5,0.0,0.43,0,0.0,0.0,0.0,4,0.047,0.42,12,0.011,180,0.0,1.19,0.0,0.0,0.208333333,0.0,0.028666667,0.0,0.0,0.0,0.0,0.003333333,5.22222e-05,0.028571429,0.257142857,0.0,0.108181818
10998,Pork Products,"CANADIAN BACON,CKD,PAN-FRIED","Canadian bacon, cooked, pan-fried",,,,146,27.97,2.88,1.92,1.2,0.0,0.0,0.287,0.42,0.0,0.37,4,9.597,0.184,0.641,7,0.062,0.57,26,0.016,317,50.5,1.72,0.0,0.168823529,0.175,0.0,0.024666667,0.01,0.5998125,0.141538462,0.534166667,0.005833333,6.88889e-05,0.061904762,0.452857143,0.918181818,0.156363636
11001,Vegetables and Vegetable Products,"ALFALFA SEEDS,SPROUTED,RAW","Alfalfa seeds, sprouted, raw",,,Medicago sativa,23,3.99,0.69,2.1,0.2,1.9,8.0,0.034,0.0,8.2,0.02,36,0.481,0.126,0.076,32,0.157,0.96,27,0.188,70,0.6,0.92,0.008888889,0.02,0.0,0.091111111,0.001333333,0.09,0.0300625,0.096923077,0.063333333,0.026666667,0.000174444,0.064285714,0.1,0.010909091,0.083636364
11003,Vegetables and Vegetable Products,"AMARANTH LEAVES,RAW","Amaranth leaves, raw",,,Amaranthus spp.,23,2.46,0.33,4.02,0.0,0.0,146.0,0.192,0.0,43.3,0.0,85,0.658,0.158,0.027,215,0.162,2.32,55,0.885,50,0.9,0.9,0.162222222,0.112941176,0.0,0.481111111,0.0,0.2125,0.041125,0.121538462,0.0225,0.179166667,0.00018,0.130952381,0.071428571,0.016363636,0.081818182
11004,Vegetables and Vegetable Products,"AMARANTH LEAVES,CKD,BLD,DRND,WO/SALT","Amaranth leaves, cooked, boiled, drained, without salt",,,,21,2.11,0.18,4.11,0.0,0.0,139.0,0.177,0.0,41.1,0.0,57,0.559,0.134,0.02,209,0.158,2.26,55,0.861,72,0.9,0.88,0.154444444,0.104117647,0.0,0.456666667,0.0,0.1425,0.0349375,0.103076923,0.016666667,0.174166667,0.000175556,0.130952381,0.102857143,0.016363636,0.08
11005,Vegetables and Vegetable Products,"ARROWHEAD,RAW","Arrowhead, raw",,,Sagittaria latifolia,99,5.33,0.29,20.23,0.0,0.0,0.0,0.26,0.0,1.1,0.0,14,1.65,0.073,0.17,10,0.171,2.57,51,0.36,174,0.7,0.28,0.0,0.152941176,0.0,0.012222222,0.0,0.035,0.103125,0.056153846,0.141666667,0.008333333,0.00019,0.121428571,0.248571429,0.012727273,0.025454545
11006,Vegetables and Vegetable Products,"ARROWHEAD,CKD,BLD,DRND,WO/SALT","Arrowhead, cooked, boiled, drained, without salt",,,,78,4.49,0.1,16.14,0.0,0.0,0.0,0.206,0.0,0.3,0.0,9,1.16,0.06,0.144,7,0.135,1.21,49,0.285,197,0.6,0.22,0.0,0.121176471,0.0,0.003333333,0.0,0.0225,0.0725,0.046153846,0.12,0.005833333,0.00015,0.116666667,0.281428571,0.010909091,0.02
11007,Vegetables and Vegetable Products,"ARTICHOKES,(GLOBE OR FRENCH),RAW","Artichokes, (globe or french), raw",,,Cynara scolymus,47,3.27,0.15,10.51,0.99,5.4,1.0,0.116,0.0,11.7,0.19,68,1.046,0.066,0.072,44,0.231,1.28,60,0.256,90,0.2,0.49,0.001111111,0.068235294,0.0,0.13,0.012666667,0.17,0.065375,0.050769231,0.06,0.036666667,0.000256667,0.142857143,0.128571429,0.003636364,0.044545455
11008,Vegetables and Vegetable Products,"ARTICHOKES,(GLOBE OR FRENCH),CKD,BLD,DRND,WO/SALT","Artichokes, (globe or french), cooked, boiled, drained, without salt",,,,53,2.89,0.34,11.95,0.99,8.6,1.0,0.081,0.0,7.4,0.19,89,1.11,0.089,0.05,21,0.127,0.61,42,0.225,73,0.2,0.4,0.001111111,0.047647059,0.0,0.082222222,0.012666667,0.2225,0.069375,0.068461538,0.041666667,0.0175,0.000141111,0.1,0.104285714,0.003636364,0.036363636
11009,Vegetables and Vegetable Products,"ARTICHOKES,(GLOBE OR FRENCH),FRZ,UNPREP","Artichokes, (globe or french), frozen, unprepared",,,,38,2.63,0.43,7.75,0.0,3.9,8.0,0.082,0.0,5.3,0.0,126,0.86,0.14,0.058,19,0.054,0.5,27,0.243,58,0.2,0.32,0.008888889,0.048235294,0.0,0.058888889,0.0,0.315,0.05375,0.107692308,0.048333333,0.015833333,6e-05,0.064285714,0.082857143,0.003636364,0.029090909
11010,Vegetables and Vegetable Products,"ARTICHOKES,(GLOBE OR FRENCH),FRZ,CKD,BLD,DRND,WO/SALT","Artichokes, (globe or french), frozen, cooked, boiled, drained, without salt",,,,45,3.11,0.5,9.18,0.84,4.6,1.0,0.087,0.0,5.0,0.16,119,0.915,0.158,0.062,21,0.061,0.56,31,0.273,61,0.2,0.36,0.001111111,0.051176471,0.0,0.055555556,0.010666667,0.2975,0.0571875,0.121538462,0.051666667,0.0175,6.77778e-05,0.073809524,0.087142857,0.003636364,0.032727273
11011,Vegetables and Vegetable Products,"ASPARAGUS,RAW","Asparagus, raw",,,Asparagus officinalis,20,2.2,0.12,3.88,1.88,2.1,38.0,0.091,0.0,5.6,1.13,52,0.978,0.141,0.143,24,0.189,2.14,14,0.158,52,2.3,0.54,0.042222222,0.053529412,0.0,0.062222222,0.075333333,0.13,0.061125,0.108461538,0.119166667,0.02,0.00021,0.033333333,0.074285714,0.041818182,0.049090909
11012,Vegetables and Vegetable Products,"ASPARAGUS,CKD,BLD,DRND","Asparagus, cooked, boiled, drained",,,,22,2.4,0.22,4.11,1.3,2.0,50.0,0.079,0.0,7.7,1.5,149,1.084,0.139,0.162,23,0.165,0.91,14,0.154,54,6.1,0.6,0.055555556,0.046470588,0.0,0.085555556,0.1,0.3725,0.06775,0.106923077,0.135,0.019166667,0.000183333,0.033333333,0.077142857,0.110909091,0.054545455
11013,Vegetables and Vegetable Products,"ASPARAGUS,CND,REG PK,SOL&LIQUIDS","Asparagus, canned, regular pack, solids and liquids",,,,15,1.8,0.18,2.48,0.0,1.0,0.0,0.098,0.0,16.5,1.16,85,0.851,0.089,0.054,15,0.107,0.6,9,0.152,38,1.6,0.47,0.0,0.057647059,0.0,0.183333333,0.077333333,0.2125,0.0531875,0.068461538,0.045,0.0125,0.000118889,0.021428571,0.054285714,0.029090909,0.042727273
11015,Vegetables and Vegetable Products,"ASPARAGUS,CND,DRND SOL","Asparagus, canned, drained solids",,,,19,2.14,0.65,2.46,1.06,1.6,41.0,0.11,0.0,18.4,1.22,96,0.954,0.1,0.061,16,0.096,1.83,10,0.17,43,1.7,0.4,0.045555556,0.064705882,0.0,0.204444444,0.081333333,0.24,0.059625,0.076923077,0.050833333,0.013333333,0.000106667,0.023809524,0.061428571,0.030909091,0.036363636
11018,Vegetables and Vegetable Products,"ASPARAGUS,FRZ,UNPREP","Asparagus, frozen, unprepared",,,,24,3.23,0.23,4.1,0.0,1.9,47.0,0.111,0.0,31.8,0.0,191,1.202,0.131,0.121,25,0.137,0.73,14,0.203,64,1.7,0.59,0.052222222,0.065294118,0.0,0.353333333,0.0,0.4775,0.075125,0.100769231,0.100833333,0.020833333,0.000152222,0.033333333,0.091428571,0.030909091,0.053636364
11019,Vegetables and Vegetable Products,"ASPARAGUS,FRZ,CKD,BLD,DRND,WO/SALT","Asparagus, frozen, cooked, boiled, drained, without salt",,,,18,2.95,0.42,1.92,0.32,1.6,40.0,0.02,0.0,24.4,1.2,135,1.038,0.103,0.065,18,0.105,0.56,10,0.14,49,3.9,0.41,0.044444444,0.011764706,0.0,0.271111111,0.08,0.3375,0.064875,0.079230769,0.054166667,0.015,0.000116667,0.023809524,0.07,0.070909091,0.037272727
11022,Vegetables and Vegetable Products,"BALSAM-PEAR (BITTER GOURD),LEAFY TIPS,RAW","Balsam-pear (bitter gourd), leafy tips, raw",,,Momordica charantia,30,5.3,0.69,3.29,0.0,0.0,87.0,0.803,0.0,88.0,0.0,128,1.11,0.362,0.181,84,0.201,2.04,85,0.536,99,0.9,0.3,0.096666667,0.472352941,0.0,0.977777778,0.0,0.32,0.069375,0.278461538,0.150833333,0.07,0.000223333,0.202380952,0.141428571,0.016363636,0.027272727
11023,Vegetables and Vegetable Products,"BALSAM-PEAR (BITTER GOURD),LEAFY TIPS,CKD,BLD,DRND,WO/SALT","Balsam-pear (bitter gourd), leafy tips, cooked, boiled, drained, without salt",,,,34,3.6,0.2,6.68,1.04,1.9,121.0,0.76,0.0,55.6,1.45,88,0.995,0.282,0.147,42,0.201,1.02,94,0.536,77,0.9,0.3,0.134444444,0.447058824,0.0,0.617777778,0.096666667,0.22,0.0621875,0.216923077,0.1225,0.035,0.000223333,0.223809524,0.11,0.016363636,0.027272727
11024,Vegetables and Vegetable Products,"BALSAM-PEAR (BITTER GOURD),PODS,RAW","Balsam-pear (bitter gourd), pods, raw",,,Momordica charantia,17,1.0,0.17,3.7,0.0,2.8,24.0,0.043,0.0,84.0,0.0,72,0.4,0.04,0.04,19,0.034,0.43,17,0.089,31,0.2,0.8,0.026666667,0.025294118,0.0,0.933333333,0.0,0.18,0.025,0.030769231,0.033333333,0.015833333,3.77778e-05,0.04047619,0.044285714,0.003636364,0.072727273
11025,Vegetables and Vegetable Products,"BALSAM-PEAR (BITTER GOURD),PODS,CKD,BLD,DRND,WO/SALT","Balsam-pear (bitter gourd), pods, cooked, boiled, drained, without salt",,,,19,0.84,0.18,4.32,1.95,2.0,6.0,0.041,0.0,33.0,0.14,51,0.28,0.053,0.051,9,0.033,0.38,16,0.086,36,0.2,0.77,0.006666667,0.024117647,0.0,0.366666667,0.009333333,0.1275,0.0175,0.040769231,0.0425,0.0075,3.66667e-05,0.038095238,0.051428571,0.003636364,0.07
11026,Vegetables and Vegetable Products,"BAMBOO SHOOTS,RAW","Bamboo shoots, raw",,,Phyllostachys spp.,27,2.6,0.3,5.2,3.0,2.2,1.0,0.24,0.0,4.0,1.0,7,0.6,0.07,0.15,13,0.19,0.5,3,0.262,59,0.8,1.1,0.001111111,0.141176471,0.0,0.044444444,0.066666667,0.0175,0.0375,0.053846154,0.125,0.010833333,0.000211111,0.007142857,0.084285714,0.014545455,0.1
11027,Vegetables and Vegetable Products,"BAMBOO SHOOTS,CKD,BLD,DRND,WO/SALT","Bamboo shoots, cooked, boiled, drained, without salt",,,,12,1.53,0.22,1.92,0.0,1.0,0.0,0.098,0.0,0.0,0.0,2,0.3,0.05,0.02,12,0.082,0.24,3,0.113,20,0.4,0.47,0.0,0.057647059,0.0,0.0,0.0,0.005,0.01875,0.038461538,0.016666667,0.01,9.11111e-05,0.007142857,0.028571429,0.007272727,0.042727273
11028,Vegetables and Vegetable Products,"BAMBOO SHOOTS,CND,DRND SOL","Bamboo shoots, canned, drained solids",,,,19,1.72,0.4,3.22,1.89,1.4,1.0,0.136,0.0,1.1,0.63,3,0.14,0.026,0.026,8,0.114,0.32,4,0.157,25,0.5,0.65,0.001111111,0.08,0.0,0.012222222,0.042,0.0075,0.00875,0.02,0.021666667,0.006666667,0.000126667,0.00952381,0.035714286,0.009090909,0.059090909
11029,Vegetables and Vegetable Products,"BEANS,KIDNEY,MATURE SEEDS,SPROUTED,RAW","Beans, kidney, mature seeds, sprouted, raw",,,Phaseolus vulgaris,29,4.2,0.5,4.1,0.0,0.0,0.0,0.085,0.0,38.7,0.0,59,2.92,0.25,0.37,17,0.159,0.81,21,0.182,37,0.6,0.4,0.0,0.05,0.0,0.43,0.0,0.1475,0.1825,0.192307692,0.308333333,0.014166667,0.000176667,0.05,0.052857143,0.010909091,0.036363636
11030,Vegetables and Vegetable Products,"BEANS,KIDNEY,MATURE SEEDS,SPROUTED,CKD,BLD,DRND,WO/SALT","Beans, kidney, mature seeds, sprouted, cooked, boiled, drained, without salt",,,,33,4.83,0.58,4.72,0.0,0.0,0.0,0.093,0.0,35.6,0.0,47,3.024,0.273,0.362,19,0.174,0.89,23,0.199,38,0.6,0.44,0.0,0.054705882,0.0,0.395555556,0.0,0.1175,0.189,0.21,0.301666667,0.015833333,0.000193333,0.054761905,0.054285714,0.010909091,0.04
11031,Vegetables and Vegetable Products,"LIMA BNS,IMMAT SEEDS,RAW","Lima beans, immature seeds, raw",,,Phaseolus lunatus,113,6.84,0.86,20.17,1.48,4.9,10.0,0.204,0.0,23.4,0.32,34,1.474,0.103,0.217,34,0.318,3.14,58,1.215,136,1.8,0.78,0.011111111,0.12,0.0,0.26,0.021333333,0.085,0.092125,0.079230769,0.180833333,0.028333333,0.000353333,0.138095238,0.194285714,0.032727273,0.070909091
11032,Vegetables and Vegetable Products,"LIMA BNS,IMMAT SEEDS,CKD,BLD,DRND,WO/SALT","Lima beans, immature seeds, cooked, boiled, drained, without salt",,,,123,6.81,0.32,23.64,1.63,5.3,15.0,0.193,0.0,10.1,0.14,26,1.04,0.096,0.14,32,0.305,2.45,74,1.252,130,2.0,0.79,0.016666667,0.113529412,0.0,0.112222222,0.009333333,0.065,0.065,0.073846154,0.116666667,0.026666667,0.000338889,0.176190476,0.185714286,0.036363636,0.071818182
11033,Vegetables and Vegetable Products,"BEANS,LIMA,IMMAT SEEDS,CND,REG PK,SOL&LIQUIDS","Beans, lima, immature seeds, canned, regular pack, solids and liquids",,,,71,4.07,0.29,13.33,0.0,3.6,8.0,0.062,0.0,7.3,0.0,16,0.532,0.043,0.029,28,0.162,1.61,34,0.7,71,1.1,0.64,0.008888889,0.036470588,0.0,0.081111111,0.0,0.04,0.03325,0.033076923,0.024166667,0.023333333,0.00018,0.080952381,0.101428571,0.02,0.058181818
11037,Vegetables and Vegetable Products,"LIMA BNS,IMMAT SEEDS,FRZ,FORDHOOK,UNPREP","Lima beans, immature seeds, frozen, fordhook, unprepared",,,,106,6.4,0.35,19.83,1.39,5.5,11.0,0.136,0.0,19.3,0.72,32,1.187,0.067,0.092,24,0.062,1.51,38,0.345,74,1.7,0.49,0.012222222,0.08,0.0,0.214444444,0.048,0.08,0.0741875,0.051538462,0.076666667,0.02,6.88889e-05,0.09047619,0.105714286,0.030909091,0.044545455
11038,Vegetables and Vegetable Products,"LIMA BNS,IMMAT SEEDS,FRZ,FORDHOOK,CKD,BLD,DRND,WO/SALT","Lima beans, immature seeds, frozen, fordhook, cooked, boiled, drained, without salt",,,,103,6.07,0.34,19.32,1.34,5.8,10.0,0.122,0.0,12.8,0.29,21,1.069,0.061,0.074,30,0.17,1.82,42,0.648,97,0.6,0.74,0.011111111,0.071764706,0.0,0.142222222,0.019333333,0.0525,0.0668125,0.046923077,0.061666667,0.025,0.000188889,0.1,0.138571429,0.010909091,0.067272727
11039,Vegetables and Vegetable Products,"LIMA BNS,IMMAT SEEDS,FRZ,BABY,UNPREP","Lima beans, immature seeds, frozen, baby, unprepared",,,,132,7.59,0.44,25.14,0.0,6.0,9.0,0.16,0.0,8.3,0.0,28,1.023,0.075,0.114,35,0.128,2.21,50,0.702,104,2.1,0.63,0.01,0.094117647,0.0,0.092222222,0.0,0.07,0.0639375,0.057692308,0.095,0.029166667,0.000142222,0.119047619,0.148571429,0.038181818,0.057272727
11040,Vegetables and Vegetable Products,"LIMA BNS,IMMAT SEEDS,FRZ,BABY,CKD,BLD,DRND,WO/SALT","Lima beans, immature seeds, frozen, baby, cooked, boiled, drained, without salt",,,,105,6.65,0.3,19.45,1.37,6.0,8.0,0.115,0.0,5.8,0.64,16,0.77,0.055,0.07,28,0.197,1.96,56,0.813,112,1.7,0.55,0.008888889,0.067647059,0.0,0.064444444,0.042666667,0.04,0.048125,0.042307692,0.058333333,0.023333333,0.000218889,0.133333333,0.16,0.030909091,0.05
11043,Vegetables and Vegetable Products,"MUNG BNS,MATURE SEEDS,SPROUTED,RAW","Mung beans, mature seeds, sprouted, raw",,,Vigna radiata,30,3.04,0.18,5.94,4.13,1.8,1.0,0.088,0.0,13.2,0.1,61,0.749,0.124,0.084,13,0.164,0.91,21,0.188,54,0.6,0.41,0.001111111,0.051764706,0.0,0.146666667,0.006666667,0.1525,0.0468125,0.095384615,0.07,0.010833333,0.000182222,0.05,0.077142857,0.010909091,0.037272727
11044,Vegetables and Vegetable Products,"MUNG BNS,MATURE SEEDS,SPROUTED,CKD,BLD,DRND,WO/SALT","Mung beans, mature seeds, sprouted, cooked, boiled, drained, without salt",,,,21,2.03,0.09,4.19,2.84,0.8,1.0,0.054,0.0,11.4,0.07,29,0.817,0.102,0.05,12,0.122,0.65,14,0.14,28,0.6,0.47,0.001111111,0.031764706,0.0,0.126666667,0.004666667,0.0725,0.0510625,0.078461538,0.041666667,0.01,0.000135556,0.033333333,0.04,0.010909091,0.042727273
11045,Vegetables and Vegetable Products,"MUNG BNS,MATURE SEEDS,SPROUTED,CKD,STIR-FRIED","Mung beans, mature seeds, sprouted, cooked, stir-fried",,,,50,4.3,0.21,10.59,0.0,1.9,2.0,0.13,0.0,16.0,0.0,70,1.2,0.18,0.14,13,0.255,1.9,33,0.292,79,0.6,0.9,0.002222222,0.076470588,0.0,0.177777778,0.0,0.175,0.075,0.138461538,0.116666667,0.010833333,0.000283333,0.078571429,0.112857143,0.010909091,0.081818182
11046,Vegetables and Vegetable Products,"BEANS,NAVY,MATURE SEEDS,SPROUTED,RAW","Beans, navy, mature seeds, sprouted, raw",,,Phaseolus vulgaris,67,6.15,0.7,13.05,0.0,0.0,0.0,0.191,0.0,18.8,0.0,132,1.22,0.215,0.39,15,0.356,1.93,101,0.408,100,0.6,0.89,0.0,0.112352941,0.0,0.208888889,0.0,0.33,0.07625,0.165384615,0.325,0.0125,0.000395556,0.24047619,0.142857143,0.010909091,0.080909091
11047,Vegetables and Vegetable Products,"BEANS,NAVY,MATURE SEEDS,SPROUTED,CKD,BLD,DRND,WO/SALT","Beans, navy, mature seeds, sprouted, cooked, boiled, drained, without salt",,,,78,7.07,0.81,15.01,0.0,0.0,0.0,0.198,0.0,17.3,0.0,106,1.263,0.235,0.381,16,0.389,2.11,111,0.446,103,0.6,0.97,0.0,0.116470588,0.0,0.192222222,0.0,0.265,0.0789375,0.180769231,0.3175,0.013333333,0.000432222,0.264285714,0.147142857,0.010909091,0.088181818
11048,Vegetables and Vegetable Products,"BEANS,PINTO,IMMAT SEEDS,FRZ,UNPREP","Beans, pinto, immature seeds, frozen, unprepared",,,,170,9.8,0.5,32.5,0.0,5.7,0.0,0.215,0.0,1.0,0.0,50,0.7,0.12,0.34,58,0.098,3.0,60,0.546,117,1.5,0.77,0.0,0.126470588,0.0,0.011111111,0.0,0.125,0.04375,0.092307692,0.283333333,0.048333333,0.000108889,0.142857143,0.167142857,0.027272727,0.07
11049,Vegetables and Vegetable Products,"BEANS,PINTO,IMMAT SEEDS,FRZ,CKD,BLD,DRND,WO/SALT","Beans, pinto, immature seeds, frozen, cooked, boiled, drained, without salt",,,,162,9.31,0.48,30.88,0.0,8.6,0.0,0.194,0.0,0.7,0.0,34,0.632,0.108,0.274,52,0.088,2.71,54,0.493,100,1.4,0.69,0.0,0.114117647,0.0,0.007777778,0.0,0.085,0.0395,0.083076923,0.228333333,0.043333333,9.77778e-05,0.128571429,0.142857143,0.025454545,0.062727273
11050,Vegetables and Vegetable Products,"BEANS,SHELLIE,CND,SOL & LIQUIDS","Beans, shellie, canned, solids and liquids",,,,30,1.76,0.19,6.19,0.63,3.4,11.0,0.049,0.0,3.1,0.03,18,0.205,0.054,0.032,29,0.08,0.99,15,0.382,30,2.1,0.27,0.012222222,0.028823529,0.0,0.034444444,0.002,0.045,0.0128125,0.041538462,0.026666667,0.024166667,8.88889e-05,0.035714286,0.042857143,0.038181818,0.024545455
11052,Vegetables and Vegetable Products,"BEANS,SNAP,GREEN,RAW","Beans, snap, green, raw",,,Phaseolus vulgaris,31,1.83,0.22,6.97,3.26,2.7,35.0,0.141,0.0,12.2,0.41,33,0.734,0.104,0.082,37,0.069,1.03,25,0.216,38,0.6,0.24,0.038888889,0.082941176,0.0,0.135555556,0.027333333,0.0825,0.045875,0.08,0.068333333,0.030833333,7.66667e-05,0.05952381,0.054285714,0.010909091,0.021818182
11053,Vegetables and Vegetable Products,"BEANS,SNAP,GRN,CKD,BLD,DRND,WO/SALT","Beans, snap, green, cooked, boiled, drained, without salt",,,,35,1.89,0.28,7.88,1.55,3.2,35.0,0.056,0.0,9.7,0.45,33,0.614,0.097,0.074,44,0.057,0.65,18,0.285,29,0.2,0.25,0.038888889,0.032941176,0.0,0.107777778,0.03,0.0825,0.038375,0.074615385,0.061666667,0.036666667,6.33333e-05,0.042857143,0.041428571,0.003636364,0.022727273
11054,Vegetables and Vegetable Products,"BEANS,SNAP,GRN VAR,CND,REG PK,SOL&LIQUIDS","Beans, snap, green variety, canned, regular pack, solids and liquids",,,,15,0.72,0.17,3.27,1.25,1.5,16.0,0.03,0.0,2.2,0.21,26,0.2,0.02,0.015,29,0.037,1.02,13,0.205,18,0.0,0.36,0.017777778,0.017647059,0.0,0.024444444,0.014,0.065,0.0125,0.015384615,0.0125,0.024166667,4.11111e-05,0.030952381,0.025714286,0.0,0.032727273
11056,Vegetables and Vegetable Products,"BEANS,SNAP,GRN,CND,REG PK,DRND SOL","Beans, snap, green, canned, regular pack, drained solids","Includes USDA commodity food A059, A061",,,22,1.12,0.46,4.32,0.78,1.9,18.0,0.03,0.0,2.8,0.03,28,0.206,0.046,0.016,38,0.034,1.06,13,0.163,20,0.4,0.2,0.02,0.017647059,0.0,0.031111111,0.002,0.07,0.012875,0.035384615,0.013333333,0.031666667,3.77778e-05,0.030952381,0.028571429,0.007272727,0.018181818
11058,Vegetables and Vegetable Products,"BEANS,SNAP,CND,ALL STYLES,SEASONED,SOL&LIQUIDS","Beans, snap, canned, all styles, seasoned, solids and liquids",,,,16,0.83,0.2,3.49,0.0,1.5,26.0,0.044,0.0,3.1,0.0,18,0.233,0.049,0.025,22,0.06,0.47,13,0.312,16,0.2,0.14,0.028888889,0.025882353,0.0,0.034444444,0.0,0.045,0.0145625,0.037692308,0.020833333,0.018333333,6.66667e-05,0.030952381,0.022857143,0.003636364,0.012727273
11060,Vegetables and Vegetable Products,"BEANS,SNAP,GRN,FRZ,ALL STYLES,UNPREP","Beans, snap, green, frozen, all styles, unprepared",,,,39,1.79,0.21,7.54,2.21,2.6,27.0,0.044,0.0,12.9,0.42,15,0.496,0.091,0.098,42,0.049,0.85,22,0.369,32,0.6,0.26,0.03,0.025882353,0.0,0.143333333,0.028,0.0375,0.031,0.07,0.081666667,0.035,5.44444e-05,0.052380952,0.045714286,0.010909091,0.023636364
11061,Vegetables and Vegetable Products,"BEANS,SNAP,GRN,FRZ,CKD,BLD,DRND WO/SALT","Beans, snap, green, frozen, cooked, boiled, drained without salt",,,,28,1.49,0.17,6.45,1.23,3.0,28.0,0.06,0.0,4.1,0.04,23,0.383,0.09,0.035,42,0.059,0.66,19,0.288,29,0.4,0.24,0.031111111,0.035294118,0.0,0.045555556,0.002666667,0.0575,0.0239375,0.069230769,0.029166667,0.035,6.55556e-05,0.045238095,0.041428571,0.007272727,0.021818182
11062,Vegetables and Vegetable Products,"BEANS,SNAP,GRN,FRZ,ALL STYLES,MICROWAVED","Beans, snap, green, frozen, all styles, microwaved",,,,40,1.98,0.41,6.98,2.6,3.4,26.0,0.063,0.0,11.0,0.42,0,0.485,0.103,0.073,61,0.066,0.8,29,0.33,42,1.0,0.31,0.028888889,0.037058824,0.0,0.122222222,0.028,0.0,0.0303125,0.079230769,0.060833333,0.050833333,7.33333e-05,0.069047619,0.06,0.018181818,0.028181818
11063,Vegetables and Vegetable Products,"BEANS,SNAP,GRN,MICROWAVED","Beans, snap, green, microwaved",,,,39,2.31,0.5,6.41,3.22,3.4,0.0,0.124,0.0,7.3,0.0,0,0.773,0.075,0.078,55,0.09,0.83,28,0.332,49,0.0,0.38,0.0,0.072941176,0.0,0.081111111,0.0,0.0,0.0483125,0.057692308,0.065,0.045833333,0.0001,0.066666667,0.07,0.0,0.034545455
11080,Vegetables and Vegetable Products,"BEETS,RAW","Beets, raw",,,Beta vulgaris,43,1.61,0.17,9.56,6.76,2.8,2.0,0.067,0.0,4.9,0.04,109,0.334,0.04,0.031,16,0.075,0.8,23,0.329,40,0.7,0.35,0.002222222,0.039411765,0.0,0.054444444,0.002666667,0.2725,0.020875,0.030769231,0.025833333,0.013333333,8.33333e-05,0.054761905,0.057142857,0.012727273,0.031818182
11081,Vegetables and Vegetable Products,"BEETS,CKD,BLD,DRND","Beets, cooked, boiled, drained",,,,44,1.68,0.18,9.96,7.96,2.0,2.0,0.067,0.0,3.6,0.04,80,0.331,0.04,0.027,16,0.074,0.79,23,0.326,38,0.7,0.35,0.002222222,0.039411765,0.0,0.04,0.002666667,0.2,0.0206875,0.030769231,0.0225,0.013333333,8.22222e-05,0.054761905,0.054285714,0.012727273,0.031818182
11082,Vegetables and Vegetable Products,"BEETS,CND,REG PK,SOL&LIQUIDS","Beets, canned, regular pack, solids and liquids",,,,30,0.73,0.09,7.14,6.53,1.2,1.0,0.055,0.0,2.8,0.03,29,0.151,0.038,0.01,18,0.043,0.73,18,0.411,15,0.1,0.34,0.001111111,0.032352941,0.0,0.031111111,0.002,0.0725,0.0094375,0.029230769,0.008333333,0.015,4.77778e-05,0.042857143,0.021428571,0.001818182,0.030909091
11084,Vegetables and Vegetable Products,"BEETS,CND,DRND SOL","Beets, canned, drained solids",,,,31,0.91,0.14,7.21,5.51,1.8,1.0,0.057,0.0,4.1,0.03,30,0.157,0.04,0.01,15,0.059,1.82,17,0.287,17,0.5,0.21,0.001111111,0.033529412,0.0,0.045555556,0.002,0.075,0.0098125,0.030769231,0.008333333,0.0125,6.55556e-05,0.04047619,0.024285714,0.009090909,0.019090909
11086,Vegetables and Vegetable Products,"BEET GREENS,RAW","Beet greens, raw",,,Beta vulgaris,22,2.2,0.13,4.33,0.5,3.7,316.0,0.106,0.0,30.0,1.5,15,0.4,0.22,0.1,117,0.191,2.57,70,0.391,41,0.9,0.38,0.351111111,0.062352941,0.0,0.333333333,0.1,0.0375,0.025,0.169230769,0.083333333,0.0975,0.000212222,0.166666667,0.058571429,0.016363636,0.034545455
11087,Vegetables and Vegetable Products,"BEET GRNS,CKD,BLD,DRND,WO/SALT","Beet greens, cooked, boiled, drained, without salt",,,,27,2.57,0.2,5.46,0.6,2.9,383.0,0.132,0.0,24.9,1.81,14,0.499,0.289,0.117,114,0.251,1.9,68,0.514,41,0.9,0.5,0.425555556,0.077647059,0.0,0.276666667,0.120666667,0.035,0.0311875,0.222307692,0.0975,0.095,0.000278889,0.161904762,0.058571429,0.016363636,0.045454545
11088,Vegetables and Vegetable Products,"BROADBEANS,IMMAT SEEDS,RAW","Broadbeans, immature seeds, raw",,,Vicia faba,72,5.6,0.6,11.7,0.0,4.2,18.0,0.038,0.0,33.0,0.0,96,1.5,0.11,0.17,22,0.074,1.9,38,0.32,95,1.2,0.58,0.02,0.022352941,0.0,0.366666667,0.0,0.24,0.09375,0.084615385,0.141666667,0.018333333,8.22222e-05,0.09047619,0.135714286,0.021818182,0.052727273
11089,Vegetables and Vegetable Products,"BROADBEANS,IMMAT SEEDS,CKD,BLD,DRND,WO/SALT","Broadbeans, immature seeds, cooked, boiled, drained, without salt",,,,62,4.8,0.5,10.1,0.0,3.6,14.0,0.029,0.0,19.8,0.0,58,1.2,0.09,0.128,18,0.06,1.5,31,0.261,73,1.0,0.47,0.015555556,0.017058824,0.0,0.22,0.0,0.145,0.075,0.069230769,0.106666667,0.015,6.66667e-05,0.073809524,0.104285714,0.018181818,0.042727273
11090,Vegetables and Vegetable Products,"BROCCOLI,RAW","Broccoli, raw",,,Brassica oleracea var. italica,34,2.82,0.37,6.64,1.7,2.6,31.0,0.175,0.0,89.2,0.78,63,0.639,0.117,0.071,47,0.049,0.73,21,0.21,66,2.5,0.41,0.034444444,0.102941176,0.0,0.991111111,0.052,0.1575,0.0399375,0.09,0.059166667,0.039166667,5.44444e-05,0.05,0.094285714,0.045454545,0.037272727
11091,Vegetables and Vegetable Products,"BROCCOLI,CKD,BLD,DRND,WO/SALT","Broccoli, cooked, boiled, drained, without salt",,,,35,2.38,0.41,7.18,1.39,3.3,77.0,0.2,0.0,64.9,1.45,108,0.553,0.123,0.063,40,0.061,0.67,21,0.194,67,1.6,0.45,0.085555556,0.117647059,0.0,0.721111111,0.096666667,0.27,0.0345625,0.094615385,0.0525,0.033333333,6.77778e-05,0.05,0.095714286,0.029090909,0.040909091
11092,Vegetables and Vegetable Products,"BROCCOLI,FRZ,CHOPD,UNPREP","Broccoli, frozen, chopped, unprepared",,,,26,2.81,0.29,4.78,1.35,3.0,52.0,0.13,0.0,56.4,1.22,67,0.47,0.096,0.053,56,0.038,0.81,18,0.294,50,2.8,0.48,0.057777778,0.076470588,0.0,0.626666667,0.081333333,0.1675,0.029375,0.073846154,0.044166667,0.046666667,4.22222e-05,0.042857143,0.071428571,0.050909091,0.043636364
11093,Vegetables and Vegetable Products,"BROCCOLI,FRZ,CHOPD,CKD,BLD,DRND,WO/SALT","Broccoli, frozen, chopped, cooked, boiled, drained, without salt",,,,28,3.1,0.12,5.35,1.47,3.0,51.0,0.13,0.0,40.1,1.32,56,0.458,0.081,0.055,33,0.034,0.61,13,0.223,49,0.7,0.28,0.056666667,0.076470588,0.0,0.445555556,0.088,0.14,0.028625,0.062307692,0.045833333,0.0275,3.77778e-05,0.030952381,0.07,0.012727273,0.025454545
11094,Vegetables and Vegetable Products,"BROCCOLI,FRZ,SPEARS,UNPREP","Broccoli, frozen, spears, unprepared",,,,29,3.06,0.34,5.35,1.47,3.0,57.0,0.175,0.0,68.3,1.35,94,0.462,0.114,0.072,41,0.036,0.72,16,0.256,59,1.9,0.34,0.063333333,0.102941176,0.0,0.758888889,0.09,0.235,0.028875,0.087692308,0.06,0.034166667,4e-05,0.038095238,0.084285714,0.034545455,0.030909091
11095,Vegetables and Vegetable Products,"BROCCOLI,FRZ,SPEARS,CKD,BLD,DRND,WO/SALT","Broccoli, frozen, spears, cooked, boiled, drained, without salt",,,,28,3.1,0.11,5.36,1.47,3.0,51.0,0.13,0.0,40.1,1.32,30,0.458,0.081,0.055,51,0.043,0.61,20,0.325,55,1.9,0.3,0.056666667,0.076470588,0.0,0.445555556,0.088,0.075,0.028625,0.062307692,0.045833333,0.0425,4.77778e-05,0.047619048,0.078571429,0.034545455,0.027272727
11096,Vegetables and Vegetable Products,"BROCCOLI RAAB,RAW","Broccoli raab, raw","Broccoli rabe, Rapini",,Brassica ruvo,22,3.17,0.49,2.85,0.38,2.7,131.0,0.171,0.0,20.2,1.62,83,1.221,0.129,0.162,108,0.042,2.14,22,0.395,73,1.0,0.77,0.145555556,0.100588235,0.0,0.224444444,0.108,0.2075,0.0763125,0.099230769,0.135,0.09,4.66667e-05,0.052380952,0.104285714,0.018181818,0.07
11097,Vegetables and Vegetable Products,"BROCCOLI RAAB,CKD","Broccoli raab, cooked","Broccoli rabe, Rapini",,,33,3.83,0.52,3.12,0.62,2.8,227.0,0.22,0.0,37.0,2.53,71,2.015,0.14,0.169,118,0.075,1.27,27,0.38,82,1.3,0.54,0.252222222,0.129411765,0.0,0.411111111,0.168666667,0.1775,0.1259375,0.107692308,0.140833333,0.098333333,8.33333e-05,0.064285714,0.117142857,0.023636364,0.049090909
11098,Vegetables and Vegetable Products,"BRUSSELS SPROUTS,RAW","Brussels sprouts, raw",,,Brassica oleracea (Gemmifera Group),43,3.38,0.3,8.95,2.2,3.8,38.0,0.219,0.0,85.0,0.88,61,0.745,0.09,0.139,42,0.07,1.4,23,0.337,69,1.6,0.42,0.042222222,0.128823529,0.0,0.944444444,0.058666667,0.1525,0.0465625,0.069230769,0.115833333,0.035,7.77778e-05,0.054761905,0.098571429,0.029090909,0.038181818
11099,Vegetables and Vegetable Products,"BRUSSELS SPROUTS,CKD,BLD,DRND,WO/SALT","Brussels sprouts, cooked, boiled, drained, without salt",,,,36,2.55,0.5,7.1,1.74,2.6,39.0,0.178,0.0,62.0,0.43,60,0.607,0.08,0.107,36,0.083,1.2,20,0.227,56,1.5,0.33,0.043333333,0.104705882,0.0,0.688888889,0.028666667,0.15,0.0379375,0.061538462,0.089166667,0.03,9.22222e-05,0.047619048,0.08,0.027272727,0.03
11100,Vegetables and Vegetable Products,"BRUSSELS SPROUTS,FRZ,UNPREP","Brussels sprouts, frozen, unprepared",,,,41,3.78,0.41,7.86,0.0,3.8,31.0,0.202,0.0,74.1,0.0,123,0.638,0.122,0.105,26,0.033,0.93,20,0.311,62,1.5,0.31,0.034444444,0.118823529,0.0,0.823333333,0.0,0.3075,0.039875,0.093846154,0.0875,0.021666667,3.66667e-05,0.047619048,0.088571429,0.027272727,0.028181818
11101,Vegetables and Vegetable Products,"BRUSSELS SPROUTS,FRZ,CKD,BLD,DRND,WO/SALT","Brussels sprouts, frozen, cooked, boiled, drained, without salt",,,,42,3.64,0.39,8.32,2.08,4.1,46.0,0.289,0.0,45.7,0.51,101,0.537,0.113,0.103,26,0.034,0.48,18,0.206,56,0.6,0.24,0.051111111,0.17,0.0,0.507777778,0.034,0.2525,0.0335625,0.086923077,0.085833333,0.021666667,3.77778e-05,0.042857143,0.08,0.010909091,0.021818182
11104,Vegetables and Vegetable Products,"BURDOCK ROOT,RAW","Burdock root, raw",,,Arctium lappa,72,1.53,0.15,17.34,2.9,3.3,0.0,0.24,0.0,3.0,0.38,23,0.3,0.03,0.01,41,0.077,0.8,38,0.232,51,0.7,0.33,0.0,0.141176471,0.0,0.033333333,0.025333333,0.0575,0.01875,0.023076923,0.008333333,0.034166667,8.55556e-05,0.09047619,0.072857143,0.012727273,0.03
11105,Vegetables and Vegetable Products,"BURDOCK ROOT,CKD,BLD,DRND,WO/SALT","Burdock root, cooked, boiled, drained, without salt",,,,88,2.09,0.14,21.15,3.55,1.8,0.0,0.279,0.0,2.6,0.46,20,0.32,0.058,0.039,49,0.089,0.77,39,0.27,93,0.9,0.38,0.0,0.164117647,0.0,0.028888889,0.030666667,0.05,0.02,0.044615385,0.0325,0.040833333,9.88889e-05,0.092857143,0.132857143,0.016363636,0.034545455
11106,Vegetables and Vegetable Products,"BUTTERBUR,(FUKI),RAW","Butterbur, (fuki), raw",,,Petasites japonicus,14,0.39,0.04,3.61,0.0,0.0,3.0,0.096,0.0,31.5,0.0,10,0.2,0.02,0.02,103,0.103,0.1,14,0.274,12,0.9,0.16,0.003333333,0.056470588,0.0,0.35,0.0,0.025,0.0125,0.015384615,0.016666667,0.085833333,0.000114444,0.033333333,0.017142857,0.016363636,0.014545455
11107,Vegetables and Vegetable Products,"BUTTERBUR,CKD,BLD,DRND,WO/SALT","Butterbur, cooked, boiled, drained, without salt",,,,8,0.23,0.02,2.16,0.0,0.0,1.0,0.052,0.0,18.9,0.0,4,0.1,0.01,0.01,59,0.059,0.1,8,0.156,7,0.9,0.09,0.001111111,0.030588235,0.0,0.21,0.0,0.01,0.00625,0.007692308,0.008333333,0.049166667,6.55556e-05,0.019047619,0.01,0.016363636,0.008181818
11108,Vegetables and Vegetable Products,"BUTTERBUR,CANNED","Butterbur, canned",,,,3,0.11,0.13,0.38,0.0,0.0,0.0,0.033,0.0,11.9,0.0,3,0.14,0.006,0.006,34,0.037,0.63,2,0.098,4,0.9,0.06,0.0,0.019411765,0.0,0.132222222,0.0,0.0075,0.00875,0.004615385,0.005,0.028333333,4.11111e-05,0.004761905,0.005714286,0.016363636,0.005454545
11109,Vegetables and Vegetable Products,"CABBAGE,RAW","Cabbage, raw",,,Brassica oleracea (Capitata Group),25,1.28,0.1,5.8,3.2,2.5,5.0,0.124,0.0,36.6,0.15,43,0.234,0.04,0.061,40,0.019,0.47,12,0.16,26,0.3,0.18,0.005555556,0.072941176,0.0,0.406666667,0.01,0.1075,0.014625,0.030769231,0.050833333,0.033333333,2.11111e-05,0.028571429,0.037142857,0.005454545,0.016363636
11110,Vegetables and Vegetable Products,"CABBAGE,CKD,BLD,DRND,WO/SALT","Cabbage, cooked, boiled, drained, without salt",,,,23,1.27,0.06,5.51,2.79,1.9,4.0,0.112,0.0,37.5,0.14,30,0.248,0.038,0.061,48,0.017,0.17,15,0.205,33,0.6,0.2,0.004444444,0.065882353,0.0,0.416666667,0.009333333,0.075,0.0155,0.029230769,0.050833333,0.04,1.88889e-05,0.035714286,0.047142857,0.010909091,0.018181818
11112,Vegetables and Vegetable Products,"CABBAGE,RED,RAW","Cabbage, red, raw",,,Brassica oleracea (Capitata Group),31,1.43,0.16,7.37,3.83,2.1,56.0,0.209,0.0,57.0,0.11,18,0.418,0.069,0.064,45,0.017,0.8,16,0.243,30,0.6,0.22,0.062222222,0.122941176,0.0,0.633333333,0.007333333,0.045,0.026125,0.053076923,0.053333333,0.0375,1.88889e-05,0.038095238,0.042857143,0.010909091,0.02
11113,Vegetables and Vegetable Products,"CABBAGE,RED,CKD,BLD,DRND,WO/SALT","Cabbage, red, cooked, boiled, drained, without salt",,,,29,1.51,0.09,6.94,3.32,2.6,2.0,0.225,0.0,34.4,0.12,24,0.382,0.06,0.071,42,0.054,0.66,17,0.223,33,2.3,0.25,0.002222222,0.132352941,0.0,0.382222222,0.008,0.06,0.023875,0.046153846,0.059166667,0.035,6e-05,0.04047619,0.047142857,0.041818182,0.022727273
11114,Vegetables and Vegetable Products,"CABBAGE,SAVOY,RAW","Cabbage, savoy, raw",,,Brassica oleracea (Capitata Group),27,2.0,0.1,6.1,2.27,3.1,50.0,0.19,0.0,31.0,0.17,80,0.3,0.03,0.07,35,0.062,0.4,28,0.18,42,0.9,0.27,0.055555556,0.111764706,0.0,0.344444444,0.011333333,0.2,0.01875,0.023076923,0.058333333,0.029166667,6.88889e-05,0.066666667,0.06,0.016363636,0.024545455
11115,Vegetables and Vegetable Products,"CABBAGE,SAVOY,CKD,BLD,DRND,WO/SALT","Cabbage, savoy, cooked, boiled, drained, without salt",,,,24,1.8,0.09,5.41,0.0,2.8,44.0,0.152,0.0,17.0,0.0,46,0.024,0.02,0.051,30,0.052,0.38,24,0.152,33,0.7,0.23,0.048888889,0.089411765,0.0,0.188888889,0.0,0.115,0.0015,0.015384615,0.0425,0.025,5.77778e-05,0.057142857,0.047142857,0.012727273,0.020909091
11116,Vegetables and Vegetable Products,"CABBAGE,CHINESE (PAK-CHOI),RAW","Cabbage, chinese (pak-choi), raw","pak choi, bok choy",,Brassica rapa (Chinensis Group),13,1.5,0.2,2.18,1.18,1.0,223.0,0.194,0.0,45.0,0.09,66,0.5,0.07,0.04,105,0.021,0.8,19,0.159,37,0.5,0.19,0.247777778,0.114117647,0.0,0.5,0.006,0.165,0.03125,0.053846154,0.033333333,0.0875,2.33333e-05,0.045238095,0.052857143,0.009090909,0.017272727
11117,Vegetables and Vegetable Products,"CABBAGE,CHINESE (PAK-CHOI),CKD,BLD,DRND,WO/SALT","Cabbage, chinese (pak-choi), cooked, boiled, drained, without salt","bok choy, pak choi",,,12,1.56,0.16,1.78,0.83,1.0,212.0,0.166,0.0,26.0,0.09,41,0.428,0.063,0.032,93,0.019,1.04,11,0.144,29,0.4,0.17,0.235555556,0.097647059,0.0,0.288888889,0.006,0.1025,0.02675,0.048461538,0.026666667,0.0775,2.11111e-05,0.026190476,0.041428571,0.007272727,0.015454545
11119,Vegetables and Vegetable Products,"CABBAGE,CHINESE (PE-TSAI),RAW","Cabbage, chinese (pe-tsai), raw",,,Brassica rapa (Pekinensis Group),16,1.2,0.2,3.23,1.41,1.2,16.0,0.232,0.0,27.0,0.12,79,0.4,0.05,0.04,77,0.036,0.31,13,0.19,29,0.6,0.23,0.017777778,0.136470588,0.0,0.3,0.008,0.1975,0.025,0.038461538,0.033333333,0.064166667,4e-05,0.030952381,0.041428571,0.010909091,0.020909091
11120,Vegetables and Vegetable Products,"CABBAGE,CHINESE (PE-TSAI),CKD,BLD,DRND,WO/SALT","Cabbage, chinese (pe-tsai), cooked, boiled, drained, without salt",,,,14,1.5,0.17,2.41,0.0,1.7,48.0,0.177,0.0,15.8,0.0,53,0.5,0.044,0.044,32,0.029,0.3,10,0.153,39,0.4,0.18,0.053333333,0.104117647,0.0,0.175555556,0.0,0.1325,0.03125,0.033846154,0.036666667,0.026666667,3.22222e-05,0.023809524,0.055714286,0.007272727,0.016363636
11122,Vegetables and Vegetable Products,"CARDOON,RAW","Cardoon, raw",,,Cynara cardunculus,17,0.7,0.1,4.07,0.0,1.6,0.0,0.116,0.0,2.0,0.0,68,0.3,0.03,0.02,70,0.231,0.7,42,0.256,23,0.2,0.17,0.0,0.068235294,0.0,0.022222222,0.0,0.17,0.01875,0.023076923,0.016666667,0.058333333,0.000256667,0.1,0.032857143,0.003636364,0.015454545
11123,Vegetables and Vegetable Products,"CARDOON,CKD,BLD,DRND,WO/SALT","Cardoon, cooked, boiled, drained, without salt",,,,22,0.76,0.11,5.33,0.0,1.7,6.0,0.042,0.0,1.7,0.0,22,0.294,0.031,0.018,72,0.0,0.73,43,0.133,23,1.0,0.18,0.006666667,0.024705882,0.0,0.018888889,0.0,0.055,0.018375,0.023846154,0.015,0.06,0.0,0.102380952,0.032857143,0.018181818,0.016363636
11124,Vegetables and Vegetable Products,"CARROTS,RAW","Carrots, raw",Includes USDA commodity food A099,,Daucus carota,41,0.93,0.24,9.58,4.74,2.8,835.0,0.138,0.0,5.9,0.66,19,0.983,0.058,0.066,33,0.045,0.3,12,0.143,35,0.1,0.24,0.927777778,0.081176471,0.0,0.065555556,0.044,0.0475,0.0614375,0.044615385,0.055,0.0275,5e-05,0.028571429,0.05,0.001818182,0.021818182
11125,Vegetables and Vegetable Products,"CARROTS,CKD,BLD,DRND,WO/SALT","Carrots, cooked, boiled, drained, without salt",,,,35,0.76,0.18,8.22,3.45,3.0,852.0,0.153,0.0,3.6,1.03,14,0.645,0.044,0.066,30,0.017,0.34,10,0.155,30,0.7,0.2,0.946666667,0.09,0.0,0.04,0.068666667,0.035,0.0403125,0.033846154,0.055,0.025,1.88889e-05,0.023809524,0.042857143,0.012727273,0.018181818
11126,Vegetables and Vegetable Products,"CARROTS,CND,REG PK,SOL&LIQUIDS","Carrots, canned, regular pack, solids and liquids",,,,23,0.58,0.14,5.37,2.46,1.8,613.0,0.112,0.0,2.0,0.73,8,0.421,0.027,0.019,31,0.103,0.52,9,0.45,20,0.4,0.29,0.681111111,0.065882353,0.0,0.022222222,0.048666667,0.02,0.0263125,0.020769231,0.015833333,0.025833333,0.000114444,0.021428571,0.028571429,0.007272727,0.026363636
11128,Vegetables and Vegetable Products,"CARROTS,CND,REG PK,DRND SOL","Carrots, canned, regular pack, drained solids",,,,25,0.64,0.19,5.54,2.48,1.5,558.0,0.112,0.0,2.7,0.74,9,0.552,0.03,0.018,25,0.104,0.64,8,0.45,24,0.4,0.26,0.62,0.065882353,0.0,0.03,0.049333333,0.0225,0.0345,0.023076923,0.015,0.020833333,0.000115556,0.019047619,0.034285714,0.007272727,0.023636364
11130,Vegetables and Vegetable Products,"CARROTS,FROZEN,UNPREPARED","Carrots, frozen, unprepared",,,,36,0.78,0.46,7.9,4.76,3.3,710.0,0.095,0.0,2.5,0.57,10,0.464,0.037,0.044,36,0.074,0.44,12,0.171,33,0.7,0.33,0.788888889,0.055882353,0.0,0.027777778,0.038,0.025,0.029,0.028461538,0.036666667,0.03,8.22222e-05,0.028571429,0.047142857,0.012727273,0.03
11131,Vegetables and Vegetable Products,"CARROTS,FRZ,CKD,BLD,DRND,WO/SALT","Carrots, frozen, cooked, boiled, drained, without salt",,,,37,0.58,0.68,7.73,4.08,3.3,846.0,0.084,0.0,2.3,1.01,11,0.416,0.037,0.03,35,0.082,0.53,11,0.167,31,0.6,0.35,0.94,0.049411765,0.0,0.025555556,0.067333333,0.0275,0.026,0.028461538,0.025,0.029166667,9.11111e-05,0.026190476,0.044285714,0.010909091,0.031818182
11134,Vegetables and Vegetable Products,"CASSAVA,RAW","Cassava, raw",,,Manihot esculenta,160,1.36,0.28,38.06,1.7,1.8,1.0,0.088,0.0,20.6,0.19,27,0.854,0.048,0.087,16,0.1,0.27,21,0.384,27,0.7,0.34,0.001111111,0.051764706,0.0,0.228888889,0.012666667,0.0675,0.053375,0.036923077,0.0725,0.013333333,0.000111111,0.05,0.038571429,0.012727273,0.030909091
11135,Vegetables and Vegetable Products,"CAULIFLOWER,RAW","Cauliflower, raw",,,Brassica oleracea (Botrytis Group),25,1.92,0.28,4.97,1.91,2.0,0.0,0.184,0.0,48.2,0.08,57,0.507,0.06,0.05,22,0.039,0.42,15,0.155,44,0.6,0.27,0.0,0.108235294,0.0,0.535555556,0.005333333,0.1425,0.0316875,0.046153846,0.041666667,0.018333333,4.33333e-05,0.035714286,0.062857143,0.010909091,0.024545455
11136,Vegetables and Vegetable Products,"CAULIFLOWER,CKD,BLD,DRND,WO/SALT","Cauliflower, cooked, boiled, drained, without salt",,,,23,1.84,0.45,4.11,2.08,2.3,1.0,0.173,0.0,44.3,0.07,44,0.41,0.052,0.042,16,0.018,0.32,9,0.132,32,0.6,0.17,0.001111111,0.101764706,0.0,0.492222222,0.004666667,0.11,0.025625,0.04,0.035,0.013333333,2e-05,0.021428571,0.045714286,0.010909091,0.015454545
11137,Vegetables and Vegetable Products,"CAULIFLOWER,FRZ,UNPREP","Cauliflower, frozen, unprepared",,,,24,2.01,0.27,4.68,2.22,2.3,1.0,0.123,0.0,48.8,0.07,64,0.429,0.07,0.051,22,0.031,0.54,12,0.197,35,0.8,0.17,0.001111111,0.072352941,0.0,0.542222222,0.004666667,0.16,0.0268125,0.053846154,0.0425,0.018333333,3.44444e-05,0.028571429,0.05,0.014545455,0.015454545
11138,Vegetables and Vegetable Products,"CAULIFLOWER,FRZ,CKD,BLD,DRND,WO/SALT","Cauliflower, frozen, cooked, boiled, drained, without salt",,,,19,1.61,0.22,3.75,1.05,2.7,0.0,0.088,0.0,31.3,0.06,41,0.31,0.053,0.037,17,0.024,0.41,9,0.15,24,0.6,0.13,0.0,0.051764706,0.0,0.347777778,0.004,0.1025,0.019375,0.040769231,0.030833333,0.014166667,2.66667e-05,0.021428571,0.034285714,0.010909091,0.011818182
11141,Vegetables and Vegetable Products,"CELERIAC,RAW","Celeriac, raw",,,Apium graveolens,42,1.5,0.3,9.2,1.6,1.8,0.0,0.165,0.0,8.0,0.36,8,0.7,0.06,0.05,43,0.07,0.7,20,0.158,115,0.7,0.33,0.0,0.097058824,0.0,0.088888889,0.024,0.02,0.04375,0.046153846,0.041666667,0.035833333,7.77778e-05,0.047619048,0.164285714,0.012727273,0.03
11142,Vegetables and Vegetable Products,"CELERIAC,CKD,BLD,DRND,WO/SALT","Celeriac, cooked, boiled, drained, without salt",,,,27,0.96,0.19,5.9,0.0,1.2,0.0,0.101,0.0,3.6,0.0,3,0.427,0.037,0.027,26,0.043,0.43,12,0.096,66,0.4,0.2,0.0,0.059411765,0.0,0.04,0.0,0.0075,0.0266875,0.028461538,0.0225,0.021666667,4.77778e-05,0.028571429,0.094285714,0.007272727,0.018181818
11143,Vegetables and Vegetable Products,"CELERY,RAW","Celery, raw",,,Apium graveolens,16,0.69,0.17,2.97,1.34,1.6,22.0,0.074,0.0,3.1,0.27,36,0.32,0.057,0.021,40,0.035,0.2,11,0.103,24,0.4,0.13,0.024444444,0.043529412,0.0,0.034444444,0.018,0.09,0.02,0.043846154,0.0175,0.033333333,3.88889e-05,0.026190476,0.034285714,0.007272727,0.011818182
11144,Vegetables and Vegetable Products,"CELERY,CKD,BLD,DRND,WO/SALT","Celery, cooked, boiled, drained, without salt",,,,18,0.83,0.16,4.0,2.37,1.6,26.0,0.086,0.0,6.1,0.35,33,0.372,0.07,0.023,42,0.036,0.42,12,0.106,25,1.0,0.14,0.028888889,0.050588235,0.0,0.067777778,0.023333333,0.0825,0.02325,0.053846154,0.019166667,0.035,4e-05,0.028571429,0.035714286,0.018181818,0.012727273
11145,Vegetables and Vegetable Products,"CELTUCE,RAW","Celtuce, raw",,,Lactuca sativa,18,0.85,0.3,3.65,0.0,1.7,175.0,0.05,0.0,19.5,0.0,46,0.55,0.07,0.055,39,0.04,0.55,28,0.688,39,0.9,0.27,0.194444444,0.029411765,0.0,0.216666667,0.0,0.115,0.034375,0.053846154,0.045833333,0.0325,4.44444e-05,0.066666667,0.055714286,0.016363636,0.024545455
11147,Vegetables and Vegetable Products,"CHARD,SWISS,RAW","Chard, swiss, raw",,,Beta vulgaris subsp. vulagaris,19,1.8,0.2,3.74,1.1,1.6,306.0,0.099,0.0,30.0,1.89,14,0.4,0.09,0.04,51,0.179,1.8,81,0.366,46,0.9,0.36,0.34,0.058235294,0.0,0.333333333,0.126,0.035,0.025,0.069230769,0.033333333,0.0425,0.000198889,0.192857143,0.065714286,0.016363636,0.032727273
11148,Vegetables and Vegetable Products,"CHARD,SWISS,CKD,BLD,DRND,WO/SALT","Chard, swiss, cooked, boiled, drained, without salt",,,,20,1.88,0.08,4.13,1.1,2.1,306.0,0.085,0.0,18.0,1.89,9,0.36,0.086,0.034,58,0.163,2.26,86,0.334,33,0.9,0.33,0.34,0.05,0.0,0.2,0.126,0.0225,0.0225,0.066153846,0.028333333,0.048333333,0.000181111,0.204761905,0.047142857,0.016363636,0.03
11149,Vegetables and Vegetable Products,"CHAYOTE,FRUIT,RAW","Chayote, fruit, raw",,,Sechium edule,19,0.82,0.13,4.51,1.66,1.7,0.0,0.076,0.0,7.7,0.12,93,0.47,0.029,0.025,17,0.123,0.34,12,0.189,18,0.2,0.74,0.0,0.044705882,0.0,0.085555556,0.008,0.2325,0.029375,0.022307692,0.020833333,0.014166667,0.000136667,0.028571429,0.025714286,0.003636364,0.067272727
11150,Vegetables and Vegetable Products,"CHAYOTE,FRUIT,CKD,BLD,DRND,WO/SALT","Chayote, fruit, cooked, boiled, drained, without salt",,,,24,0.62,0.48,5.09,0.0,2.8,2.0,0.118,0.0,8.0,0.0,18,0.42,0.04,0.026,13,0.11,0.22,12,0.169,29,0.3,0.31,0.002222222,0.069411765,0.0,0.088888889,0.0,0.045,0.02625,0.030769231,0.021666667,0.010833333,0.000122222,0.028571429,0.041428571,0.005454545,0.028181818
11151,Vegetables and Vegetable Products,"CHICORY,WITLOOF,RAW","Chicory, witloof, raw",,,Cichorium intybus,17,0.9,0.1,4.0,0.0,3.1,1.0,0.042,0.0,2.8,0.0,37,0.16,0.027,0.062,19,0.051,0.24,10,0.1,26,0.2,0.16,0.001111111,0.024705882,0.0,0.031111111,0.0,0.0925,0.01,0.020769231,0.051666667,0.015833333,5.66667e-05,0.023809524,0.037142857,0.003636364,0.014545455
11152,Vegetables and Vegetable Products,"CHICORY GREENS,RAW","Chicory greens, raw",,,Cichorium intybus,23,1.7,0.3,4.7,0.7,4.0,286.0,0.105,0.0,24.0,2.26,110,0.5,0.1,0.06,100,0.295,0.9,30,0.429,47,0.3,0.42,0.317777778,0.061764706,0.0,0.266666667,0.150666667,0.275,0.03125,0.076923077,0.05,0.083333333,0.000327778,0.071428571,0.067142857,0.005454545,0.038181818
11154,Vegetables and Vegetable Products,"CHICORY ROOTS,RAW","Chicory roots, raw",,,Cichorium intybus,72,1.4,0.2,17.51,8.73,1.5,0.0,0.241,0.0,5.0,0.0,23,0.4,0.03,0.04,41,0.077,0.8,22,0.233,61,0.7,0.33,0.0,0.141764706,0.0,0.055555556,0.0,0.0575,0.025,0.023076923,0.033333333,0.034166667,8.55556e-05,0.052380952,0.087142857,0.012727273,0.03
11156,Vegetables and Vegetable Products,"CHIVES,RAW","Chives, raw",,,Allium schoenoprasum,30,3.27,0.73,4.35,1.85,2.5,218.0,0.138,0.0,58.1,0.21,105,0.647,0.115,0.078,92,0.157,1.6,42,0.373,58,0.9,0.56,0.242222222,0.081176471,0.0,0.645555556,0.014,0.2625,0.0404375,0.088461538,0.065,0.076666667,0.000174444,0.1,0.082857143,0.016363636,0.050909091
11157,Vegetables and Vegetable Products,"CHRYSANTHEMUM,GARLAND,RAW","Chrysanthemum, garland, raw",,,Chrysanthemum coronarium,24,3.36,0.56,3.02,0.0,3.0,116.0,0.176,0.0,1.4,0.0,177,0.531,0.144,0.13,117,0.137,2.29,32,0.943,54,0.0,0.71,0.128888889,0.103529412,0.0,0.015555556,0.0,0.4425,0.0331875,0.110769231,0.108333333,0.0975,0.000152222,0.076190476,0.077142857,0.0,0.064545455
11158,Vegetables and Vegetable Products,"CHRYSANTHEMUM,GARLAND,CKD,BLD,DRND,WO/SALT","Chrysanthemum, garland, cooked, boiled, drained, without salt",,,,20,1.64,0.09,4.31,2.01,2.3,129.0,0.118,0.0,23.9,2.5,50,0.72,0.16,0.021,69,0.133,3.74,18,0.355,43,0.3,0.2,0.143333333,0.069411765,0.0,0.265555556,0.166666667,0.125,0.045,0.123076923,0.0175,0.0575,0.000147778,0.042857143,0.061428571,0.005454545,0.018181818
11161,Vegetables and Vegetable Products,"COLLARDS,RAW","Collards, raw",,,Brassica oleracea var. viridis,32,3.02,0.61,5.42,0.46,4.0,251.0,0.165,0.0,35.3,2.26,129,0.742,0.13,0.054,232,0.046,0.47,27,0.658,25,1.3,0.21,0.278888889,0.097058824,0.0,0.392222222,0.150666667,0.3225,0.046375,0.1,0.045,0.193333333,5.11111e-05,0.064285714,0.035714286,0.023636364,0.019090909
11162,Vegetables and Vegetable Products,"COLLARDS,CKD,BLD,DRND,WO/SALT","Collards, cooked, boiled, drained, without salt",,,,33,2.71,0.72,5.65,0.4,4.0,380.0,0.128,0.0,18.2,0.88,16,0.575,0.106,0.04,141,0.051,1.13,21,0.51,32,0.5,0.23,0.422222222,0.075294118,0.0,0.202222222,0.058666667,0.04,0.0359375,0.081538462,0.033333333,0.1175,5.66667e-05,0.05,0.045714286,0.009090909,0.020909091
11163,Vegetables and Vegetable Products,"COLLARDS,FRZ,CHOPD,UNPREP","Collards, frozen, chopped, unprepared",,,,33,2.69,0.37,6.46,0.0,3.6,459.0,0.115,0.0,40.0,0.0,73,0.641,0.11,0.05,201,0.053,1.07,29,0.633,27,1.4,0.26,0.51,0.067647059,0.0,0.444444444,0.0,0.1825,0.0400625,0.084615385,0.041666667,0.1675,5.88889e-05,0.069047619,0.038571429,0.025454545,0.023636364
11164,Vegetables and Vegetable Products,"COLLARDS,FRZ,CHOPD,CKD,BLD,DRND,WO/SALT","Collards, frozen, chopped, cooked, boiled, drained, without salt",,,,36,2.97,0.41,7.1,0.57,2.8,575.0,0.114,0.0,26.4,1.25,76,0.635,0.115,0.047,210,0.055,1.12,30,0.663,27,1.5,0.27,0.638888889,0.067058824,0.0,0.293333333,0.083333333,0.19,0.0396875,0.088461538,0.039166667,0.175,6.11111e-05,0.071428571,0.038571429,0.027272727,0.024545455
11165,Vegetables and Vegetable Products,"CORIANDER (CILANTRO) LEAVES,RAW","Coriander (cilantro) leaves, raw","Chinese parsley, raw, Cilantro, raw",,Coriandrum sativum,23,2.13,0.52,3.67,0.87,2.8,337.0,0.149,0.0,27.0,2.5,62,1.114,0.162,0.067,67,0.225,1.77,26,0.426,48,0.9,0.5,0.374444444,0.087647059,0.0,0.3,0.166666667,0.155,0.069625,0.124615385,0.055833333,0.055833333,0.00025,0.061904762,0.068571429,0.016363636,0.045454545
11167,Vegetables and Vegetable Products,"CORN,SWT,YEL,RAW","Corn, sweet, yellow, raw",,,Zea mays,86,3.27,1.35,18.7,6.26,2.0,9.0,0.093,0.0,6.8,0.07,42,1.77,0.055,0.155,2,0.054,0.52,37,0.163,89,0.6,0.46,0.01,0.054705882,0.0,0.075555556,0.004666667,0.105,0.110625,0.042307692,0.129166667,0.001666667,6e-05,0.088095238,0.127142857,0.010909091,0.041818182
11168,Vegetables and Vegetable Products,"CORN,SWT,YEL,CKD,BLD,DRND,WO/SALT","Corn, sweet, yellow, cooked, boiled, drained, without salt",,,,96,3.41,1.5,20.98,4.54,2.4,13.0,0.139,0.0,5.5,0.09,23,1.683,0.057,0.093,3,0.049,0.45,26,0.167,77,0.2,0.62,0.014444444,0.081764706,0.0,0.061111111,0.006,0.0575,0.1051875,0.043846154,0.0775,0.0025,5.44444e-05,0.061904762,0.11,0.003636364,0.056363636
11170,Vegetables and Vegetable Products,"CORN,SWT,YEL,CND,BRINE PK,REG PK,SOL&LIQUIDS","Corn, sweet, yellow, canned, brine pack, regular pack, solids and liquids",,,,61,1.95,0.77,13.86,2.83,1.7,2.0,0.037,0.0,2.6,0.03,38,0.884,0.015,0.015,4,0.028,0.36,15,0.082,46,0.5,0.39,0.002222222,0.021764706,0.0,0.028888889,0.002,0.095,0.05525,0.011538462,0.0125,0.003333333,3.11111e-05,0.035714286,0.065714286,0.009090909,0.035454545
11172,Vegetables and Vegetable Products,"CORN,SWT,YEL,CND,WHL KERNEL,DRND SOL","Corn, sweet, yellow, canned, whole kernel, drained solids",Includes USDA commodity food A119,,,71,2.32,1.37,15.06,2.42,2.3,2.0,0.065,0.0,2.1,0.07,36,0.883,0.016,0.015,3,0.031,0.28,13,0.066,46,0.6,0.31,0.002222222,0.038235294,0.0,0.023333333,0.004666667,0.09,0.0551875,0.012307692,0.0125,0.0025,3.44444e-05,0.030952381,0.065714286,0.010909091,0.028181818
11174,Vegetables and Vegetable Products,"CORN,SWT,YEL,CND,CRM STYLE,REG PK","Corn, sweet, yellow, canned, cream style, regular pack",,,,72,1.74,0.42,18.13,3.23,1.2,4.0,0.063,0.0,4.6,0.07,45,0.96,0.053,0.025,3,0.052,0.38,17,0.068,51,0.4,0.53,0.004444444,0.037058824,0.0,0.051111111,0.004666667,0.1125,0.06,0.040769231,0.020833333,0.0025,5.77778e-05,0.04047619,0.072857143,0.007272727,0.048181818
11176,Vegetables and Vegetable Products,"CORN,SWT,YEL,CND,VACUUM PK,REG PK","Corn, sweet, yellow, canned, vacuum pack, regular pack",,,,79,2.41,0.5,19.44,3.56,2.0,4.0,0.055,0.0,8.1,0.04,49,1.167,0.073,0.041,5,0.048,0.42,23,0.067,64,0.7,0.46,0.004444444,0.032352941,0.0,0.09,0.002666667,0.1225,0.0729375,0.056153846,0.034166667,0.004166667,5.33333e-05,0.054761905,0.091428571,0.012727273,0.041818182
11177,Vegetables and Vegetable Products,"CORN,SWT,YEL,CND,DRND SOL,RINSED W/ TAP H2O","Corn, sweet, yellow, canned, drained solids, rinsed with tap water",,,,74,2.18,1.43,13.02,0.0,0.0,0.0,0.0,0.0,1.7,0.0,29,0.78,0.015,0.015,2,0.031,0.22,11,0.056,41,0.0,0.28,0.0,0.0,0.0,0.018888889,0.0,0.0725,0.04875,0.011538462,0.0125,0.001666667,3.44444e-05,0.026190476,0.058571429,0.0,0.025454545
11178,Vegetables and Vegetable Products,"CORN,SWT,YEL,FRZ,KRNLS CUT OFF COB,UNPREP","Corn, sweet, yellow, frozen, kernels cut off cob, unprepared",,,,88,3.02,0.78,20.71,2.5,2.1,10.0,0.168,0.0,6.4,0.08,36,1.739,0.068,0.083,4,0.036,0.42,18,0.123,70,0.7,0.38,0.011111111,0.098823529,0.0,0.071111111,0.005333333,0.09,0.1086875,0.052307692,0.069166667,0.003333333,4e-05,0.042857143,0.1,0.012727273,0.034545455
11179,Vegetables and Vegetable Products,"CORN,SWT,YEL,FRZ,KRNLS CUT OFF COB,BLD,DRND,WO/SALT","Corn, sweet, yellow, frozen, kernels cut off cob, boiled, drained, without salt",,,,81,2.55,0.67,19.3,3.07,2.4,10.0,0.099,0.0,3.5,0.07,35,1.311,0.062,0.03,3,0.048,0.47,28,0.155,79,0.7,0.63,0.011111111,0.058235294,0.0,0.038888889,0.004666667,0.0875,0.0819375,0.047692308,0.025,0.0025,5.33333e-05,0.066666667,0.112857143,0.012727273,0.057272727
11180,Vegetables and Vegetable Products,"CORN,SWT,YEL,FRZ,KRNLS ON COB,UNPREP","Corn, sweet, yellow, frozen, kernels on cob, unprepared",,,,98,3.28,0.78,23.5,3.78,2.8,12.0,0.179,0.0,7.2,0.09,40,1.681,0.088,0.103,4,0.051,0.68,32,0.158,87,0.8,0.7,0.013333333,0.105294118,0.0,0.08,0.006,0.1,0.1050625,0.067692308,0.085833333,0.003333333,5.66667e-05,0.076190476,0.124285714,0.014545455,0.063636364
11181,Vegetables and Vegetable Products,"CORN,SWT,YEL,FRZ,KRNLS ON COB,CKD,BLD,DRND,WO/SALT","Corn, sweet, yellow, frozen, kernels on cob, cooked, boiled, drained, without salt",,,,94,3.11,0.74,22.33,3.59,2.8,12.0,0.224,0.0,4.8,0.08,31,1.517,0.069,0.174,3,0.046,0.61,29,0.142,75,0.7,0.63,0.013333333,0.131764706,0.0,0.053333333,0.005333333,0.0775,0.0948125,0.053076923,0.145,0.0025,5.11111e-05,0.069047619,0.107142857,0.012727273,0.057272727
11182,Vegetables and Vegetable Products,"CORN,YEL,WHL KERNEL,FRZ,MICROWAVED","Corn, yellow, whole kernel, frozen, microwaved",,,,131,3.62,1.42,25.87,3.36,2.6,12.0,0.12,0.0,0.0,0.1,0,2.07,0.05,0.083,5,0.054,0.39,25,0.129,95,0.0,0.53,0.013333333,0.070588235,0.0,0.0,0.006666667,0.0,0.129375,0.038461538,0.069166667,0.004166667,6e-05,0.05952381,0.135714286,0.0,0.048181818
11184,Vegetables and Vegetable Products,"CORN W/RED&GRN PEPPERS,CND,SOL&LIQUIDS","Corn with red and green peppers, canned, solids and liquids",,,,75,2.33,0.55,18.17,0.0,0.0,12.0,0.097,0.0,8.8,0.0,34,0.95,0.08,0.022,5,0.06,0.79,25,0.043,62,0.6,0.37,0.013333333,0.057058824,0.0,0.097777778,0.0,0.085,0.059375,0.061538462,0.018333333,0.004166667,6.66667e-05,0.05952381,0.088571429,0.010909091,0.033636364
11190,Vegetables and Vegetable Products,"CORNSALAD,RAW","Cornsalad, raw",,,Valerianella locusta,21,2.0,0.4,3.6,0.0,0.0,355.0,0.273,0.0,38.2,0.0,14,0.415,0.087,0.071,38,0.134,2.18,13,0.359,53,0.9,0.59,0.394444444,0.160588235,0.0,0.424444444,0.0,0.035,0.0259375,0.066923077,0.059166667,0.031666667,0.000148889,0.030952381,0.075714286,0.016363636,0.053636364
11191,Vegetables and Vegetable Products,"COWPEAS (BLACKEYES),IMMAT SEEDS,RAW","Cowpeas (blackeyes), immature seeds, raw",,,Vigna unguiculata subsp. unguiculata,90,2.95,0.35,18.83,3.0,5.0,41.0,0.067,0.0,2.5,0.0,168,1.45,0.145,0.11,126,0.13,1.1,51,0.56,53,2.3,1.01,0.045555556,0.039411765,0.0,0.027777778,0.0,0.42,0.090625,0.111538462,0.091666667,0.105,0.000144444,0.121428571,0.075714286,0.041818182,0.091818182
11192,Vegetables and Vegetable Products,"COWPEAS (BLACKEYES),IMMAT SEEDS,CKD,BLD,DRND,WO/ SALT","Cowpeas (blackeyes), immature seeds, cooked, boiled, drained, without salt",,,,97,3.17,0.38,20.32,3.23,5.0,40.0,0.065,0.0,2.2,0.22,127,1.403,0.148,0.101,128,0.133,1.12,52,0.572,51,2.5,1.03,0.044444444,0.038235294,0.0,0.024444444,0.014666667,0.3175,0.0876875,0.113846154,0.084166667,0.106666667,0.000147778,0.123809524,0.072857143,0.045454545,0.093636364
11195,Vegetables and Vegetable Products,"COWPEAS (BLACKEYES),IMMAT SEEDS,FRZ,UNPREP","Cowpeas (blackeyes), immature seeds, frozen, unprepared",,,,139,8.98,0.7,25.13,0.0,5.0,4.0,0.106,0.0,4.0,0.0,187,0.811,0.071,0.245,26,0.205,2.35,55,0.881,122,3.6,1.58,0.004444444,0.062352941,0.0,0.044444444,0.0,0.4675,0.0506875,0.054615385,0.204166667,0.021666667,0.000227778,0.130952381,0.174285714,0.065454545,0.143636364
11196,Vegetables and Vegetable Products,"COWPEAS (BLACKEYES),IMMTRE SEEDS,FRZ,CKD,BLD,DRND,WO/SALT","Cowpeas (blackeyes), immature seeds, frozen, cooked, boiled, drained, without salt",,,,132,8.49,0.66,23.76,4.46,6.4,4.0,0.095,0.0,2.6,0.3,141,0.728,0.064,0.26,23,0.184,2.12,50,0.791,122,3.4,1.42,0.004444444,0.055882353,0.0,0.028888889,0.02,0.3525,0.0455,0.049230769,0.216666667,0.019166667,0.000204444,0.119047619,0.174285714,0.061818182,0.129090909
11197,Vegetables and Vegetable Products,"COWPEAS,YOUNG PODS W/SEEDS,RAW","Cowpeas, young pods with seeds, raw",,,Vigna unguiculata subsp. unguiculata,44,3.3,0.3,9.5,5.04,3.3,68.0,0.173,0.0,33.0,0.49,53,1.2,0.14,0.15,65,0.1,1.0,58,0.308,65,0.9,0.34,0.075555556,0.101764706,0.0,0.366666667,0.032666667,0.1325,0.075,0.107692308,0.125,0.054166667,0.000111111,0.138095238,0.092857143,0.016363636,0.030909091
11198,Vegetables and Vegetable Products,"COWPEAS,YOUNG PODS W/SEEDS,CKD,BLD,DRND,WO/SALT","Cowpeas, young pods with seeds, cooked, boiled, drained, without salt",,,,34,2.6,0.3,7.0,0.0,0.0,70.0,0.123,0.0,17.0,0.0,26,0.8,0.09,0.09,55,0.071,0.7,41,0.219,49,0.7,0.24,0.077777778,0.072352941,0.0,0.188888889,0.0,0.065,0.05,0.069230769,0.075,0.045833333,7.88889e-05,0.097619048,0.07,0.012727273,0.021818182
11199,Vegetables and Vegetable Products,"YARDLONG BEAN,RAW","Yardlong bean, raw",,,Vigna unguiculata subsp. sesquipedalis,47,2.8,0.4,8.35,0.0,0.0,43.0,0.024,0.0,18.8,0.0,62,0.41,0.11,0.107,50,0.048,0.47,44,0.205,59,1.5,0.37,0.047777778,0.014117647,0.0,0.208888889,0.0,0.155,0.025625,0.084615385,0.089166667,0.041666667,5.33333e-05,0.104761905,0.084285714,0.027272727,0.033636364
11200,Vegetables and Vegetable Products,"YARDLONG BEAN,CKD,BLD,DRND,WO/SALT","Yardlong bean, cooked, boiled, drained, without salt",,,,47,2.53,0.1,9.18,0.0,0.0,23.0,0.024,0.0,16.2,0.0,45,0.63,0.099,0.085,44,0.047,0.98,42,0.201,57,1.5,0.36,0.025555556,0.014117647,0.0,0.18,0.0,0.1125,0.039375,0.076153846,0.070833333,0.036666667,5.22222e-05,0.1,0.081428571,0.027272727,0.032727273
11201,Vegetables and Vegetable Products,"COWPEAS,LEAFY TIPS,RAW","Cowpeas, leafy tips, raw",,,Vigna unguiculata subsp. unguiculata,29,4.1,0.25,4.82,0.0,0.0,36.0,0.177,0.0,36.0,0.0,101,1.12,0.175,0.354,63,0.191,1.92,43,0.509,9,0.9,0.29,0.04,0.104117647,0.0,0.4,0.0,0.2525,0.07,0.134615385,0.295,0.0525,0.000212222,0.102380952,0.012857143,0.016363636,0.026363636
11202,Vegetables and Vegetable Products,"COWPEAS,LEAFY TIPS,CKD,BLD,DRND,WO/SALT","Cowpeas, leafy tips, cooked, boiled, drained, without salt",,,,22,4.67,0.1,2.8,0.0,0.0,29.0,0.135,0.0,18.4,0.0,60,1.008,0.142,0.256,69,0.154,1.09,62,0.412,42,0.9,0.24,0.032222222,0.079411765,0.0,0.204444444,0.0,0.15,0.063,0.109230769,0.213333333,0.0575,0.000171111,0.147619048,0.06,0.016363636,0.021818182
11203,Vegetables and Vegetable Products,"CRESS,GARDEN,RAW","Cress, garden, raw",,,Lepidium sativum,32,2.6,0.7,5.5,4.4,1.1,346.0,0.247,0.0,69.0,0.7,80,1.0,0.26,0.08,81,0.17,1.3,38,0.553,76,0.9,0.23,0.384444444,0.145294118,0.0,0.766666667,0.046666667,0.2,0.0625,0.2,0.066666667,0.0675,0.000188889,0.09047619,0.108571429,0.016363636,0.020909091
11204,Vegetables and Vegetable Products,"CRESS,GARDEN,CKD,BLD,DRND,WO/SALT","Cress, garden, cooked, boiled, drained, without salt",,,,23,1.9,0.6,3.8,3.11,0.7,232.0,0.157,0.0,23.0,0.5,37,0.8,0.16,0.06,61,0.114,0.8,26,0.372,48,0.9,0.15,0.257777778,0.092352941,0.0,0.255555556,0.033333333,0.0925,0.05,0.123076923,0.05,0.050833333,0.000126667,0.061904762,0.068571429,0.016363636,0.013636364
11205,Vegetables and Vegetable Products,"CUCUMBER,WITH PEEL,RAW","Cucumber, with peel, raw",,,Cucumis sativus,15,0.65,0.11,3.63,1.67,0.5,5.0,0.04,0.0,2.8,0.03,7,0.098,0.033,0.027,16,0.041,0.28,13,0.079,24,0.3,0.2,0.005555556,0.023529412,0.0,0.031111111,0.002,0.0175,0.006125,0.025384615,0.0225,0.013333333,4.55556e-05,0.030952381,0.034285714,0.005454545,0.018181818
11206,Vegetables and Vegetable Products,"CUCUMBER,PEELED,RAW","Cucumber, peeled, raw",,,,12,0.59,0.16,2.16,1.38,0.7,4.0,0.051,0.0,3.2,0.03,14,0.037,0.025,0.031,14,0.071,0.22,12,0.073,21,0.1,0.17,0.004444444,0.03,0.0,0.035555556,0.002,0.035,0.0023125,0.019230769,0.025833333,0.011666667,7.88889e-05,0.028571429,0.03,0.001818182,0.015454545
11207,Vegetables and Vegetable Products,"DANDELION GREENS,RAW","Dandelion greens, raw",,,Taraxacum officinale,45,2.7,0.7,9.2,0.71,3.5,508.0,0.251,0.0,35.0,3.44,27,0.806,0.26,0.19,187,0.171,3.1,36,0.342,66,0.5,0.41,0.564444444,0.147647059,0.0,0.388888889,0.229333333,0.0675,0.050375,0.2,0.158333333,0.155833333,0.00019,0.085714286,0.094285714,0.009090909,0.037272727
11208,Vegetables and Vegetable Products,"DANDELION GRNS,CKD,BLD,DRND,WO/SALT","Dandelion greens, cooked, boiled, drained, without salt",,,,33,2.0,0.6,6.4,0.5,2.9,342.0,0.16,0.0,18.0,2.44,13,0.514,0.175,0.13,140,0.115,1.8,24,0.23,42,0.3,0.28,0.38,0.094117647,0.0,0.2,0.162666667,0.0325,0.032125,0.134615385,0.108333333,0.116666667,0.000127778,0.057142857,0.06,0.005454545,0.025454545
11209,Vegetables and Vegetable Products,"EGGPLANT,RAW","Eggplant, raw",,,Solanum melongena,25,0.98,0.18,5.88,3.53,3.0,1.0,0.084,0.0,2.2,0.3,22,0.649,0.037,0.039,9,0.081,0.23,14,0.232,24,0.3,0.16,0.001111111,0.049411765,0.0,0.024444444,0.02,0.055,0.0405625,0.028461538,0.0325,0.0075,9e-05,0.033333333,0.034285714,0.005454545,0.014545455
11210,Vegetables and Vegetable Products,"EGGPLANT,CKD,BLD,DRND,WO/SALT","Eggplant, cooked, boiled, drained, without salt",,,,35,0.83,0.23,8.73,3.2,2.5,2.0,0.086,0.0,1.3,0.41,14,0.6,0.02,0.076,6,0.059,0.25,11,0.113,15,0.1,0.12,0.002222222,0.050588235,0.0,0.014444444,0.027333333,0.035,0.0375,0.015384615,0.063333333,0.005,6.55556e-05,0.026190476,0.021428571,0.001818182,0.010909091
11211,Vegetables and Vegetable Products,"EDAMAME,FRZ,UNPREP","Edamame, frozen, unprepared",,,,110,10.25,4.73,8.58,2.48,4.8,0.0,0.135,0.0,9.7,0.72,303,0.925,0.265,0.15,60,0.324,2.11,61,1.01,161,0.0,1.32,0.0,0.079411765,0.0,0.107777778,0.048,0.7575,0.0578125,0.203846154,0.125,0.05,0.00036,0.145238095,0.23,0.0,0.12
11212,Vegetables and Vegetable Products,"EDAMAME,FRZ,PREP","Edamame, frozen, prepared",,,,122,10.88,5.2,9.94,2.18,5.2,0.0,0.1,0.0,6.1,0.68,311,0.915,0.155,0.2,63,0.345,2.27,64,1.024,169,0.0,1.37,0.0,0.058823529,0.0,0.067777778,0.045333333,0.7775,0.0571875,0.119230769,0.166666667,0.0525,0.000383333,0.152380952,0.241428571,0.0,0.124545455
11213,Vegetables and Vegetable Products,"ENDIVE,RAW","Endive, raw",,,Cichorium endivia,17,1.25,0.2,3.35,0.25,3.1,108.0,0.02,0.0,6.5,0.44,142,0.4,0.075,0.08,52,0.099,0.83,15,0.42,28,0.2,0.79,0.12,0.011764706,0.0,0.072222222,0.029333333,0.355,0.025,0.057692308,0.066666667,0.043333333,0.00011,0.035714286,0.04,0.003636364,0.071818182
11215,Vegetables and Vegetable Products,"GARLIC,RAW","Garlic, raw",,,Allium sativum,149,6.36,0.5,33.06,1.0,2.1,0.0,1.235,0.0,31.2,0.08,3,0.7,0.11,0.2,181,0.299,1.7,25,1.672,153,14.2,1.16,0.0,0.726470588,0.0,0.346666667,0.005333333,0.0075,0.04375,0.084615385,0.166666667,0.150833333,0.000332222,0.05952381,0.218571429,0.258181818,0.105454545
11216,Vegetables and Vegetable Products,"GINGER ROOT,RAW","Ginger root, raw",,,Zingiber officinale,80,1.82,0.75,17.77,1.7,2.0,0.0,0.16,0.0,5.0,0.26,11,0.75,0.034,0.025,16,0.226,0.6,43,0.229,34,0.7,0.34,0.0,0.094117647,0.0,0.055555556,0.017333333,0.0275,0.046875,0.026153846,0.020833333,0.013333333,0.000251111,0.102380952,0.048571429,0.012727273,0.030909091
11218,Vegetables and Vegetable Products,"GOURD,WHITE-FLOWERED (CALABASH),RAW","Gourd, white-flowered (calabash), raw",,,Lagenaria siceraria,14,0.62,0.02,3.39,0.0,0.5,0.0,0.04,0.0,10.1,0.0,6,0.32,0.022,0.029,26,0.026,0.2,11,0.066,13,0.2,0.7,0.0,0.023529412,0.0,0.112222222,0.0,0.015,0.02,0.016923077,0.024166667,0.021666667,2.88889e-05,0.026190476,0.018571429,0.003636364,0.063636364
11219,Vegetables and Vegetable Products,"GOURD,WHITE-FLOWERED (CALABASH),CKD,BLD,DRND,WO/SALT","Gourd, white-flowered (calabash), cooked, boiled, drained, without salt",,,,15,0.6,0.02,3.69,0.0,1.2,0.0,0.038,0.0,8.5,0.0,4,0.39,0.022,0.029,24,0.026,0.25,11,0.066,13,0.2,0.7,0.0,0.022352941,0.0,0.094444444,0.0,0.01,0.024375,0.016923077,0.024166667,0.02,2.88889e-05,0.026190476,0.018571429,0.003636364,0.063636364
11220,Vegetables and Vegetable Products,"GOURD,DISHCLOTH (TOWELGOURD),RAW","Gourd, dishcloth (towelgourd), raw",,,Luffa aegyptiaca,20,1.2,0.2,4.35,2.02,1.1,0.0,0.043,0.0,12.0,0.1,7,0.4,0.06,0.05,20,0.035,0.36,14,0.092,32,0.2,0.07,0.0,0.025294118,0.0,0.133333333,0.006666667,0.0175,0.025,0.046153846,0.041666667,0.016666667,3.88889e-05,0.033333333,0.045714286,0.003636364,0.006363636
11221,Vegetables and Vegetable Products,"GOURD,DISHCLOTH (TOWELGOURD),CKD,BLD,DRND,WO/SALT","Gourd, dishcloth (towelgourd), cooked, boiled, drained, without salt",,,,56,0.66,0.34,14.34,5.17,2.9,0.0,0.099,0.0,5.7,0.24,12,0.26,0.042,0.046,9,0.085,0.36,20,0.223,31,0.2,0.17,0.0,0.058235294,0.0,0.063333333,0.016,0.03,0.01625,0.032307692,0.038333333,0.0075,9.44444e-05,0.047619048,0.044285714,0.003636364,0.015454545
11222,Vegetables and Vegetable Products,"DRUMSTICK LEAVES,RAW","Drumstick leaves, raw",Harseradish tree leaves,,Moringa oleifera,64,9.4,1.4,8.28,0.0,2.0,378.0,1.2,0.0,51.7,0.0,40,2.22,0.66,0.257,185,0.105,4.0,147,1.063,112,0.9,0.6,0.42,0.705882353,0.0,0.574444444,0.0,0.1,0.13875,0.507692308,0.214166667,0.154166667,0.000116667,0.35,0.16,0.016363636,0.054545455
11223,Vegetables and Vegetable Products,"DRUMSTICK LEAVES,CKD,BLD,DRND,WO/ SALT","Drumstick leaves, cooked, boiled, drained, without salt",Horseradish-tree,,,60,5.27,0.93,11.15,1.0,2.0,351.0,0.929,0.0,31.0,0.1,23,1.995,0.509,0.222,151,0.086,2.32,151,0.868,67,0.9,0.49,0.39,0.546470588,0.0,0.344444444,0.006666667,0.0575,0.1246875,0.391538462,0.185,0.125833333,9.55556e-05,0.35952381,0.095714286,0.016363636,0.044545455
11224,Vegetables and Vegetable Products,"HYACINTH-BEANS,IMMAT SEEDS,RAW","Hyacinth-beans, immature seeds, raw",,,Dolichos lablab,46,2.1,0.2,9.19,4.08,3.3,43.0,0.024,0.0,12.9,0.51,62,0.52,0.092,0.077,50,0.047,0.74,40,0.205,49,1.5,0.37,0.047777778,0.014117647,0.0,0.143333333,0.034,0.155,0.0325,0.070769231,0.064166667,0.041666667,5.22222e-05,0.095238095,0.07,0.027272727,0.033636364
11225,Vegetables and Vegetable Products,"HYACINTH-BEANS,IMMAT SEEDS,CKD,BLD,DRND,WO/SALT","Hyacinth-beans, immature seeds, cooked, boiled, drained, without salt",,,,50,2.95,0.27,9.2,0.0,0.0,7.0,0.023,0.0,5.1,0.0,47,0.48,0.088,0.056,41,0.048,0.76,42,0.21,49,1.6,0.38,0.007777778,0.013529412,0.0,0.056666667,0.0,0.1175,0.03,0.067692308,0.046666667,0.034166667,5.33333e-05,0.1,0.07,0.029090909,0.034545455
11226,Vegetables and Vegetable Products,"JERUSALEM-ARTICHOKES,RAW","Jerusalem-artichokes, raw",Sunchokes,,Helianthus tuberosus,73,2.0,0.01,17.44,9.6,1.6,1.0,0.077,0.0,4.0,0.19,13,1.3,0.06,0.2,14,0.14,3.4,17,0.06,78,0.7,0.12,0.001111111,0.045294118,0.0,0.044444444,0.012666667,0.0325,0.08125,0.046153846,0.166666667,0.011666667,0.000155556,0.04047619,0.111428571,0.012727273,0.010909091
11228,Vegetables and Vegetable Products,"JEWS EAR,(PEPEAO),RAW","Jews ear, (pepeao), raw",,,Auricularia polytricha,25,0.48,0.04,6.75,0.0,0.0,0.0,0.088,0.0,0.6,0.0,19,0.07,0.204,0.081,16,0.445,0.56,25,0.101,14,11.1,0.66,0.0,0.051764706,0.0,0.006666667,0.0,0.0475,0.004375,0.156923077,0.0675,0.013333333,0.000494444,0.05952381,0.02,0.201818182,0.06
11230,Vegetables and Vegetable Products,"PEPEAO,DRIED","Pepeao, dried",,,,298,4.82,0.44,81.03,0.0,0.0,0.0,0.95,0.0,1.4,0.0,160,3.0,0.35,0.826,113,5.07,6.14,146,1.151,116,45.3,7.52,0.0,0.558823529,0.0,0.015555556,0.0,0.4,0.1875,0.269230769,0.688333333,0.094166667,0.005633333,0.347619048,0.165714286,0.823636364,0.683636364
11231,Vegetables and Vegetable Products,"JUTE,POTHERB,RAW","Jute, potherb, raw",,,Corchorus olitorius,34,4.65,0.25,5.8,0.0,0.0,278.0,0.6,0.0,37.0,0.0,123,1.26,0.546,0.133,208,0.255,4.76,64,0.123,83,0.9,0.79,0.308888889,0.352941176,0.0,0.411111111,0.0,0.3075,0.07875,0.42,0.110833333,0.173333333,0.000283333,0.152380952,0.118571429,0.016363636,0.071818182
11232,Vegetables and Vegetable Products,"JUTE,POTHERB,CKD,BLD,DRND,WO/SALT","Jute, potherb, cooked, boiled, drained, without salt",,,,37,3.68,0.2,7.29,1.0,2.0,259.0,0.57,0.0,33.0,0.7,104,0.89,0.192,0.091,211,0.255,3.14,62,0.123,72,0.9,0.79,0.287777778,0.335294118,0.0,0.366666667,0.046666667,0.26,0.055625,0.147692308,0.075833333,0.175833333,0.000283333,0.147619048,0.102857143,0.016363636,0.071818182
11233,Vegetables and Vegetable Products,"KALE,RAW","Kale, raw",,,Brassica oleracea (Acephala Group),49,4.28,0.93,8.75,2.26,3.6,500.0,0.271,0.0,120.0,1.54,141,1.0,0.13,0.11,150,1.499,1.47,47,0.659,92,0.9,0.56,0.555555556,0.159411765,0.0,1.333333333,0.102666667,0.3525,0.0625,0.1,0.091666667,0.125,0.001665556,0.111904762,0.131428571,0.016363636,0.050909091
11234,Vegetables and Vegetable Products,"KALE,CKD,BLD,DRND,WO/SALT","Kale, cooked, boiled, drained, without salt",,,,28,1.9,0.4,5.63,1.25,2.0,681.0,0.138,0.0,41.0,0.85,13,0.5,0.07,0.053,72,0.156,0.9,18,0.416,28,0.9,0.24,0.756666667,0.081176471,0.0,0.455555556,0.056666667,0.0325,0.03125,0.053846154,0.044166667,0.06,0.000173333,0.042857143,0.04,0.016363636,0.021818182
11235,Vegetables and Vegetable Products,"KALE,FROZEN,UNPREPARED","Kale, frozen, unprepared",,,,28,2.66,0.46,4.9,0.0,2.0,313.0,0.09,0.0,39.3,0.0,17,0.698,0.112,0.056,136,0.046,0.93,18,0.443,29,0.9,0.18,0.347777778,0.052941176,0.0,0.436666667,0.0,0.0425,0.043625,0.086153846,0.046666667,0.113333333,5.11111e-05,0.042857143,0.041428571,0.016363636,0.016363636
11236,Vegetables and Vegetable Products,"KALE,FRZ,CKD,BLD,DRND,WO/SALT","Kale, frozen, cooked, boiled, drained, without salt",,,,30,2.84,0.49,5.23,1.34,2.0,735.0,0.086,0.0,25.2,0.92,14,0.672,0.114,0.043,138,0.047,0.94,18,0.45,28,0.9,0.18,0.816666667,0.050588235,0.0,0.28,0.061333333,0.035,0.042,0.087692308,0.035833333,0.115,5.22222e-05,0.042857143,0.04,0.016363636,0.016363636
11237,Vegetables and Vegetable Products,"KANPYO,(DRIED GOURD STRIPS)","Kanpyo, (dried gourd strips)",,,,258,8.58,0.56,65.03,0.0,9.8,0.0,0.532,0.0,0.2,0.0,61,2.9,0.044,0.0,280,0.433,5.12,125,1.137,188,2.6,5.86,0.0,0.312941176,0.0,0.002222222,0.0,0.1525,0.18125,0.033846154,0.0,0.233333333,0.000481111,0.297619048,0.268571429,0.047272727,0.532727273
11238,Vegetables and Vegetable Products,"MUSHROOMS,SHIITAKE,RAW","Mushrooms, shiitake, raw",,,Lentinus edodes,34,2.24,0.49,6.79,2.38,2.5,0.0,0.293,0.0,0.0,0.0,13,3.877,0.217,0.015,2,0.142,0.41,20,0.23,112,5.7,1.03,0.0,0.172352941,0.0,0.0,0.0,0.0325,0.2423125,0.166923077,0.0125,0.001666667,0.000157778,0.047619048,0.16,0.103636364,0.093636364
11239,Vegetables and Vegetable Products,"MUSHROOMS,CHANTERELLE,RAW","Mushrooms, Chanterelle, raw",,,Cantharellus californicus or Cantharellus cibarius,38,1.49,0.53,6.86,1.16,3.8,0.0,0.044,0.0,0.0,0.0,2,4.085,0.215,0.015,15,0.353,3.47,13,0.286,57,2.2,0.71,0.0,0.025882353,0.0,0.0,0.0,0.005,0.2553125,0.165384615,0.0125,0.0125,0.000392222,0.030952381,0.081428571,0.04,0.064545455
11240,Vegetables and Vegetable Products,"MUSHROOMS,MOREL,RAW","Mushrooms, morel, raw",,,Morchella spp.,31,3.12,0.57,5.1,0.6,2.8,0.0,0.136,0.0,0.0,0.0,9,2.252,0.205,0.069,43,0.625,12.18,19,0.587,194,2.2,2.03,0.0,0.08,0.0,0.0,0.0,0.0225,0.14075,0.157692308,0.0575,0.035833333,0.000694444,0.045238095,0.277142857,0.04,0.184545455
11241,Vegetables and Vegetable Products,"KOHLRABI,RAW","Kohlrabi, raw",,,Brassica oleracea (Gongylodes Group),27,1.7,0.1,6.2,2.6,3.6,2.0,0.15,0.0,62.0,0.48,16,0.4,0.02,0.05,24,0.129,0.4,19,0.139,46,0.7,0.03,0.002222222,0.088235294,0.0,0.688888889,0.032,0.04,0.025,0.015384615,0.041666667,0.02,0.000143333,0.045238095,0.065714286,0.012727273,0.002727273
11242,Vegetables and Vegetable Products,"KOHLRABI,CKD,BLD,DRND,WO/SALT","Kohlrabi, cooked, boiled, drained, without salt",,,,29,1.8,0.11,6.69,2.8,1.1,2.0,0.154,0.0,54.0,0.52,12,0.39,0.02,0.04,25,0.132,0.4,19,0.142,45,0.8,0.31,0.002222222,0.090588235,0.0,0.6,0.034666667,0.03,0.024375,0.015384615,0.033333333,0.020833333,0.000146667,0.045238095,0.064285714,0.014545455,0.028181818
11243,Vegetables and Vegetable Products,"MUSHROOMS,PORTABELLA,GRILLED","Mushrooms, portabella, grilled",Portobello,,Agaricus bisporus,29,3.28,0.58,4.44,2.26,2.2,0.0,0.122,0.0,0.0,0.0,19,6.255,0.403,0.072,3,0.389,0.4,13,0.067,135,21.9,0.65,0.0,0.071764706,0.0,0.0,0.0,0.0475,0.3909375,0.31,0.06,0.0025,0.000432222,0.030952381,0.192857143,0.398181818,0.059090909
11244,Vegetables and Vegetable Products,"LAMBSQUARTERS,RAW","Lambsquarters, raw",,,Chenopodium album,43,4.2,0.8,7.3,0.0,4.0,580.0,0.274,0.0,80.0,0.0,30,1.2,0.44,0.16,309,0.293,1.2,34,0.782,72,0.9,0.44,0.644444444,0.161176471,0.0,0.888888889,0.0,0.075,0.075,0.338461538,0.133333333,0.2575,0.000325556,0.080952381,0.102857143,0.016363636,0.04
11245,Vegetables and Vegetable Products,"LAMBSQUARTERS,CKD,BLD,DRND,WO/SALT","Lambsquarters, cooked, boiled, drained, without salt",,,,32,3.2,0.7,5.0,0.62,2.1,391.0,0.174,0.0,37.0,1.85,14,0.9,0.26,0.1,258,0.197,0.7,23,0.525,45,0.9,0.3,0.434444444,0.102352941,0.0,0.411111111,0.123333333,0.035,0.05625,0.2,0.083333333,0.215,0.000218889,0.054761905,0.064285714,0.016363636,0.027272727
11246,Vegetables and Vegetable Products,"LEEKS,(BULB&LOWER LEAF-PORTION),RAW","Leeks, (bulb and lower leaf-portion), raw",,,Allium ampeloprasum,61,1.5,0.3,14.15,3.9,1.8,83.0,0.233,0.0,12.0,0.92,64,0.4,0.03,0.06,59,0.12,2.1,28,0.481,35,1.0,0.12,0.092222222,0.137058824,0.0,0.133333333,0.061333333,0.16,0.025,0.023076923,0.05,0.049166667,0.000133333,0.066666667,0.05,0.018181818,0.010909091
11247,Vegetables and Vegetable Products,"LEEKS,(BULB&LOWER LEAF-PORTION),CKD,BLD,DRND,WO/SALT","Leeks, (bulb and lower leaf-portion), cooked, boiled, drained, without salt",,,,31,0.81,0.2,7.62,2.11,1.0,41.0,0.113,0.0,4.2,0.5,24,0.2,0.02,0.026,30,0.062,1.1,14,0.247,17,0.5,0.06,0.045555556,0.066470588,0.0,0.046666667,0.033333333,0.06,0.0125,0.015384615,0.021666667,0.025,6.88889e-05,0.033333333,0.024285714,0.009090909,0.005454545
11248,Vegetables and Vegetable Products,"LENTILS,SPROUTED,RAW","Lentils, sprouted, raw",,,Lens culinaris,106,8.96,0.55,22.14,0.0,0.0,2.0,0.19,0.0,16.5,0.0,100,1.128,0.128,0.228,25,0.352,3.21,37,0.506,173,0.6,1.51,0.002222222,0.111764706,0.0,0.183333333,0.0,0.25,0.0705,0.098461538,0.19,0.020833333,0.000391111,0.088095238,0.247142857,0.010909091,0.137272727
11249,Vegetables and Vegetable Products,"LENTILS,SPROUTED,CKD,STIR-FRIED,WO/SALT","Lentils, sprouted, cooked, stir-fried, without salt",,,,101,8.8,0.45,21.25,0.0,0.0,2.0,0.164,0.0,12.6,0.0,67,1.2,0.09,0.22,14,0.337,3.1,35,0.502,153,0.6,1.6,0.002222222,0.096470588,0.0,0.14,0.0,0.1675,0.075,0.069230769,0.183333333,0.011666667,0.000374444,0.083333333,0.218571429,0.010909091,0.145454545
11250,Vegetables and Vegetable Products,"LETTUCE,BUTTERHEAD (INCL BOSTON&BIBB TYPES),RAW","Lettuce, butterhead (includes boston and bibb types), raw",,,Lactuca sativa var. capitata,13,1.35,0.22,2.23,0.94,1.1,166.0,0.082,0.0,3.7,0.18,73,0.357,0.062,0.057,35,0.016,1.24,13,0.179,33,0.6,0.2,0.184444444,0.048235294,0.0,0.041111111,0.012,0.1825,0.0223125,0.047692308,0.0475,0.029166667,1.77778e-05,0.030952381,0.047142857,0.010909091,0.018181818
11251,Vegetables and Vegetable Products,"LETTUCE,COS OR ROMAINE,RAW","Lettuce, cos or romaine, raw",,,Lactuca sativa var. logifolia,17,1.23,0.3,3.29,1.19,2.1,436.0,0.074,0.0,4.0,0.13,136,0.313,0.067,0.072,33,0.048,0.97,14,0.155,30,0.4,0.23,0.484444444,0.043529412,0.0,0.044444444,0.008666667,0.34,0.0195625,0.051538462,0.06,0.0275,5.33333e-05,0.033333333,0.042857143,0.007272727,0.020909091
11252,Vegetables and Vegetable Products,"LETTUCE,ICEBERG (INCL CRISPHEAD TYPES),RAW","Lettuce, iceberg (includes crisphead types), raw",,,Lactuca sativa var. capitata,14,0.9,0.14,2.97,1.97,1.2,25.0,0.042,0.0,2.8,0.18,29,0.123,0.025,0.041,18,0.025,0.41,7,0.125,20,0.1,0.15,0.027777778,0.024705882,0.0,0.031111111,0.012,0.0725,0.0076875,0.019230769,0.034166667,0.015,2.77778e-05,0.016666667,0.028571429,0.001818182,0.013636364
11253,Vegetables and Vegetable Products,"LETTUCE,GRN LEAF,RAW","Lettuce, green leaf, raw",,,Lactuca sativa var. crispa,15,1.36,0.15,2.87,0.78,1.3,370.0,0.09,0.0,9.2,0.22,38,0.375,0.08,0.07,36,0.029,0.86,13,0.25,29,0.6,0.18,0.411111111,0.052941176,0.0,0.102222222,0.014666667,0.095,0.0234375,0.061538462,0.058333333,0.03,3.22222e-05,0.030952381,0.041428571,0.010909091,0.016363636
11254,Vegetables and Vegetable Products,"LOTUS ROOT,RAW","Lotus root, raw",,,Nelumbo nucifera,74,2.6,0.1,17.23,0.0,4.9,0.0,0.258,0.0,44.0,0.0,13,0.4,0.22,0.16,45,0.257,1.16,23,0.261,100,0.7,0.39,0.0,0.151764706,0.0,0.488888889,0.0,0.0325,0.025,0.169230769,0.133333333,0.0375,0.000285556,0.054761905,0.142857143,0.012727273,0.035454545
11255,Vegetables and Vegetable Products,"LOTUS ROOT,CKD,BLD,DRND,WO/SALT","Lotus root, cooked, boiled, drained, without salt",,,,66,1.58,0.07,16.02,0.5,3.1,0.0,0.218,0.0,27.4,0.01,8,0.3,0.01,0.127,26,0.217,0.9,22,0.22,78,0.6,0.33,0.0,0.128235294,0.0,0.304444444,0.000666667,0.02,0.01875,0.007692308,0.105833333,0.021666667,0.000241111,0.052380952,0.111428571,0.010909091,0.03
11257,Vegetables and Vegetable Products,"LETTUCE,RED LEAF,RAW","Lettuce, red leaf, raw",,,Lactuca sativa var. crispa,16,1.33,0.22,2.26,0.48,0.9,375.0,0.1,0.0,3.7,0.15,36,0.321,0.077,0.064,33,0.028,1.2,12,0.203,28,1.5,0.2,0.416666667,0.058823529,0.0,0.041111111,0.01,0.09,0.0200625,0.059230769,0.053333333,0.0275,3.11111e-05,0.028571429,0.04,0.027272727,0.018181818
11258,Vegetables and Vegetable Products,"MOUNTAIN YAM,HAWAII,RAW","Mountain yam, hawaii, raw",,,Dioscorea pentaphylla,67,1.34,0.1,16.3,0.31,2.5,0.0,0.179,0.0,2.6,0.21,14,0.481,0.019,0.102,26,0.11,0.44,12,0.242,34,0.7,0.27,0.0,0.105294118,0.0,0.028888889,0.014,0.035,0.0300625,0.014615385,0.085,0.021666667,0.000122222,0.028571429,0.048571429,0.012727273,0.024545455
11259,Vegetables and Vegetable Products,"MOUNTAIN YAM,HAWAII,CKD,STMD,WO/SALT","Mountain yam, hawaii, cooked, steamed, without salt",,,,82,1.73,0.08,20.0,0.0,0.0,0.0,0.209,0.0,0.0,0.0,12,0.13,0.014,0.086,8,0.129,0.43,10,0.283,40,0.9,0.32,0.0,0.122941176,0.0,0.0,0.0,0.03,0.008125,0.010769231,0.071666667,0.006666667,0.000143333,0.023809524,0.057142857,0.016363636,0.029090909
11260,Vegetables and Vegetable Products,"MUSHROOMS,WHITE,RAW","Mushrooms, white, raw",,,Agaricus bisporus,22,3.09,0.34,3.26,1.98,1.0,0.0,0.104,0.04,2.1,0.01,17,3.607,0.402,0.081,3,0.318,0.5,9,0.047,86,9.3,0.52,0.0,0.061176471,0.016666667,0.023333333,0.000666667,0.0425,0.2254375,0.309230769,0.0675,0.0025,0.000353333,0.021428571,0.122857143,0.169090909,0.047272727
11261,Vegetables and Vegetable Products,"MUSHROOMS,WHITE,CKD,BLD,DRND,WO/ SALT","Mushrooms, white, cooked, boiled, drained, without salt",,,Agaricus bisporus,28,2.17,0.47,5.29,2.34,2.2,0.0,0.095,0.0,4.0,0.01,18,4.46,0.3,0.073,6,0.504,1.74,12,0.115,87,11.9,0.87,0.0,0.055882353,0.0,0.044444444,0.000666667,0.045,0.27875,0.230769231,0.060833333,0.005,0.00056,0.028571429,0.124285714,0.216363636,0.079090909
11263,Vegetables and Vegetable Products,"MUSHROOMS,WHITE,STIR-FRIED","Mushrooms, white, stir-fried",,,Agaricus bisporus,26,3.58,0.33,4.04,0.0,1.8,0.0,0.042,0.0,0.0,0.0,20,3.987,0.463,0.096,4,0.291,0.25,11,0.047,105,13.9,0.57,0.0,0.024705882,0.0,0.0,0.0,0.05,0.2491875,0.356153846,0.08,0.003333333,0.000323333,0.026190476,0.15,0.252727273,0.051818182
11264,Vegetables and Vegetable Products,"MUSHROOMS,CND,DRND SOL","Mushrooms, canned, drained solids",,,,25,1.87,0.29,5.09,2.34,2.4,0.0,0.061,0.0,0.0,0.01,12,1.593,0.021,0.085,11,0.235,0.79,15,0.086,66,4.1,0.72,0.0,0.035882353,0.0,0.0,0.000666667,0.03,0.0995625,0.016153846,0.070833333,0.009166667,0.000261111,0.035714286,0.094285714,0.074545455,0.065454545
11265,Vegetables and Vegetable Products,"MUSHROOMS,PORTABELLA,RAW","Mushrooms, portabella, raw",Portabello,,Agaricus bisporus,22,2.11,0.35,3.87,2.5,1.3,0.0,0.148,0.05,0.0,0.02,28,4.494,0.13,0.059,3,0.286,0.31,0,0.069,108,18.6,0.53,0.0,0.087058824,0.020833333,0.0,0.001333333,0.07,0.280875,0.1,0.049166667,0.0025,0.000317778,0.0,0.154285714,0.338181818,0.048181818
11266,Vegetables and Vegetable Products,"MUSHROOMS,BROWN,ITALIAN,OR CRIMINI,RAW","Mushrooms, brown, italian, or crimini, raw",,,Agaricus bisporus,22,2.5,0.1,4.3,1.72,0.6,0.0,0.11,0.1,0.0,0.01,25,3.8,0.49,0.095,18,0.5,0.4,9,0.142,120,26.0,1.1,0.0,0.064705882,0.041666667,0.0,0.000666667,0.0625,0.2375,0.376923077,0.079166667,0.015,0.000555556,0.021428571,0.171428571,0.472727273,0.1
11267,Vegetables and Vegetable Products,"MUSHROOMS,SHIITAKE,STIR-FRIED","Mushrooms, shiitake, stir-fried",,,Lentinus edodes,39,3.45,0.35,7.68,0.3,3.6,0.0,0.174,0.0,0.0,0.0,14,3.87,0.274,0.099,2,0.163,0.53,19,0.223,111,6.3,0.96,0.0,0.102352941,0.0,0.0,0.0,0.035,0.241875,0.210769231,0.0825,0.001666667,0.000181111,0.045238095,0.158571429,0.114545455,0.087272727
11268,Vegetables and Vegetable Products,"MUSHROOMS,SHIITAKE,DRIED","Mushrooms, shiitake, dried",,,Lentinus edodes,296,9.58,0.99,75.37,2.21,11.5,0.0,0.965,0.0,3.5,0.0,163,14.1,1.27,0.3,11,5.165,1.72,132,1.176,294,46.1,7.66,0.0,0.567647059,0.0,0.038888889,0.0,0.4075,0.88125,0.976923077,0.25,0.009166667,0.005738889,0.314285714,0.42,0.838181818,0.696363636
11269,Vegetables and Vegetable Products,"MUSHROOMS,SHIITAKE,CKD,WO/SALT","Mushrooms, shiitake, cooked, without salt",,,,56,1.56,0.22,14.39,3.84,2.1,0.0,0.159,0.0,0.3,0.0,21,1.5,0.17,0.037,3,0.896,0.44,14,0.204,29,24.8,1.33,0.0,0.093529412,0.0,0.003333333,0.0,0.0525,0.09375,0.130769231,0.030833333,0.0025,0.000995556,0.033333333,0.041428571,0.450909091,0.120909091
11270,Vegetables and Vegetable Products,"MUSTARD GREENS,RAW","Mustard greens, raw",,,Brassica juncea,27,2.86,0.42,4.67,1.32,3.2,151.0,0.18,0.0,70.0,2.01,12,0.8,0.11,0.08,115,0.165,1.64,32,0.0,58,0.9,0.25,0.167777778,0.105882353,0.0,0.777777778,0.134,0.03,0.05,0.084615385,0.066666667,0.095833333,0.000183333,0.076190476,0.082857143,0.016363636,0.022727273
11271,Vegetables and Vegetable Products,"MUSTARD GRNS,CKD,BLD,DRND,WO/SALT","Mustard greens, cooked, boiled, drained, without salt",,,,26,2.56,0.47,4.51,1.41,2.0,618.0,0.098,0.0,25.3,1.78,9,0.433,0.063,0.041,118,0.146,0.87,13,0.0,42,0.6,0.22,0.686666667,0.057647059,0.0,0.281111111,0.118666667,0.0225,0.0270625,0.048461538,0.034166667,0.098333333,0.000162222,0.030952381,0.06,0.010909091,0.02
11272,Vegetables and Vegetable Products,"MUSTARD GRNS,FRZ,UNPREP","Mustard greens, frozen, unprepared",,,,20,2.49,0.27,3.41,0.0,3.3,258.0,0.131,0.0,25.3,0.0,138,0.314,0.061,0.048,116,0.067,1.29,15,0.339,30,0.7,0.23,0.286666667,0.077058824,0.0,0.281111111,0.0,0.345,0.019625,0.046923077,0.04,0.096666667,7.44444e-05,0.035714286,0.042857143,0.012727273,0.020909091
11273,Vegetables and Vegetable Products,"MUSTARD GRNS,FRZ,CKD,BLD,DRND,WO/SALT","Mustard greens, frozen, cooked, boiled, drained, without salt",,,,19,2.27,0.25,3.11,0.32,2.8,354.0,0.108,0.0,13.8,1.35,70,0.258,0.053,0.04,101,0.058,1.12,13,0.294,24,0.6,0.2,0.393333333,0.063529412,0.0,0.153333333,0.09,0.175,0.016125,0.040769231,0.033333333,0.084166667,6.44444e-05,0.030952381,0.034285714,0.010909091,0.018181818
11274,Vegetables and Vegetable Products,"MUSTARD SPINACH,(TENDERGREEN),RAW","Mustard spinach, (tendergreen), raw",,,Brassica rapa (Perviridis Group),22,2.2,0.3,3.9,0.0,2.8,495.0,0.153,0.0,130.0,0.0,159,0.678,0.093,0.068,210,0.075,1.5,11,0.407,28,0.8,0.17,0.55,0.09,0.0,1.444444444,0.0,0.3975,0.042375,0.071538462,0.056666667,0.175,8.33333e-05,0.026190476,0.04,0.014545455,0.015454545
11275,Vegetables and Vegetable Products,"MUSTARD SPINACH,(TENDERGREEN),CKD,BLD,DRND,WO/SALT","Mustard spinach, (tendergreen), cooked, boiled, drained, without salt",,,,16,1.7,0.2,2.8,0.0,2.0,410.0,0.097,0.0,65.0,0.0,73,0.43,0.062,0.041,158,0.05,0.8,7,0.27,18,0.6,0.11,0.455555556,0.057058824,0.0,0.722222222,0.0,0.1825,0.026875,0.047692308,0.034166667,0.131666667,5.55556e-05,0.016666667,0.025714286,0.010909091,0.01
11276,Vegetables and Vegetable Products,"NEW ZEALAND SPINACH,RAW","New Zealand spinach, raw",,,Tetragonia tetragonioides,14,1.5,0.2,2.5,0.29,1.5,0.0,0.304,0.0,30.0,1.42,15,0.5,0.13,0.04,58,0.093,0.8,39,0.639,28,0.7,0.38,0.0,0.178823529,0.0,0.333333333,0.094666667,0.0375,0.03125,0.1,0.033333333,0.048333333,0.000103333,0.092857143,0.04,0.012727273,0.034545455
11277,Vegetables and Vegetable Products,"NEW ZEALAND SPINACH,CKD,BLD,DRND,WO/SALT","New Zealand spinach, cooked, boiled, drained, without salt",,,,12,1.3,0.17,2.13,0.25,1.4,0.0,0.237,0.0,16.0,1.23,8,0.39,0.107,0.03,48,0.077,0.66,32,0.526,22,0.9,0.31,0.0,0.139411765,0.0,0.177777778,0.082,0.02,0.024375,0.082307692,0.025,0.04,8.55556e-05,0.076190476,0.031428571,0.016363636,0.028181818
11278,Vegetables and Vegetable Products,"OKRA,RAW","Okra, raw",,,Abelmoschus esculentus,33,1.93,0.19,7.45,1.48,3.2,36.0,0.215,0.0,23.0,0.27,60,1.0,0.06,0.2,82,0.109,0.62,57,0.788,61,0.7,0.58,0.04,0.126470588,0.0,0.255555556,0.018,0.15,0.0625,0.046153846,0.166666667,0.068333333,0.000121111,0.135714286,0.087142857,0.012727273,0.052727273
11279,Vegetables and Vegetable Products,"OKRA,CKD,BLD,DRND,WO/SALT","Okra, cooked, boiled, drained, without salt",,,,22,1.87,0.21,4.51,2.4,2.5,14.0,0.187,0.0,16.3,0.27,46,0.871,0.055,0.132,77,0.085,0.28,36,0.294,32,0.4,0.43,0.015555556,0.11,0.0,0.181111111,0.018,0.115,0.0544375,0.042307692,0.11,0.064166667,9.44444e-05,0.085714286,0.045714286,0.007272727,0.039090909
11280,Vegetables and Vegetable Products,"OKRA,FROZEN,UNPREPARED","Okra, frozen, unprepared",,,,30,1.69,0.25,6.63,2.97,2.2,18.0,0.042,0.0,12.4,0.33,148,0.708,0.105,0.089,81,0.083,0.57,43,0.873,42,0.6,0.53,0.02,0.024705882,0.0,0.137777778,0.022,0.37,0.04425,0.080769231,0.074166667,0.0675,9.22222e-05,0.102380952,0.06,0.010909091,0.048181818
11281,Vegetables and Vegetable Products,"OKRA,FRZ,CKD,BLD,DRND,WO/SALT","Okra, frozen, cooked, boiled, drained, without salt",,,,29,1.63,0.24,6.41,2.87,2.1,15.0,0.037,0.0,9.6,0.32,100,0.616,0.096,0.073,74,0.076,0.52,40,0.844,37,0.6,0.49,0.016666667,0.021764706,0.0,0.106666667,0.021333333,0.25,0.0385,0.073846154,0.060833333,0.061666667,8.44444e-05,0.095238095,0.052857143,0.010909091,0.044545455
11282,Vegetables and Vegetable Products,"ONIONS,RAW","Onions, raw",,,Allium cepa,40,1.1,0.1,9.34,4.24,1.7,0.0,0.12,0.0,7.4,0.02,19,0.116,0.027,0.046,23,0.039,0.21,10,0.129,29,0.5,0.17,0.0,0.070588235,0.0,0.082222222,0.001333333,0.0475,0.00725,0.020769231,0.038333333,0.019166667,4.33333e-05,0.023809524,0.041428571,0.009090909,0.015454545
11283,Vegetables and Vegetable Products,"ONIONS,CKD,BLD,DRND,WO/SALT","Onions, cooked, boiled, drained, without salt",,,,44,1.36,0.19,10.15,4.73,1.4,0.0,0.129,0.0,5.2,0.02,15,0.165,0.023,0.042,22,0.067,0.24,11,0.153,35,0.6,0.21,0.0,0.075882353,0.0,0.057777778,0.001333333,0.0375,0.0103125,0.017692308,0.035,0.018333333,7.44444e-05,0.026190476,0.05,0.010909091,0.019090909
11284,Vegetables and Vegetable Products,"ONIONS,DEHYDRATED FLAKES","Onions, dehydrated flakes",,,,349,8.95,0.46,83.28,37.41,9.2,1.0,1.6,0.0,75.0,0.18,166,0.99,0.1,0.5,257,0.416,1.55,92,1.389,303,5.0,1.89,0.001111111,0.941176471,0.0,0.833333333,0.012,0.415,0.061875,0.076923077,0.416666667,0.214166667,0.000462222,0.219047619,0.432857143,0.090909091,0.171818182
11285,Vegetables and Vegetable Products,"ONIONS,CND,SOL&LIQUIDS","Onions, canned, solids and liquids",,,,19,0.85,0.09,4.02,2.2,1.2,0.0,0.137,0.0,4.3,0.07,10,0.061,0.006,0.032,45,0.055,0.13,6,0.102,28,0.3,0.29,0.0,0.080588235,0.0,0.047777778,0.004666667,0.025,0.0038125,0.004615385,0.026666667,0.0375,6.11111e-05,0.014285714,0.04,0.005454545,0.026363636
11286,Vegetables and Vegetable Products,"ONIONS,YEL,SAUTEED","Onions, yellow, sauteed",,,,132,0.95,10.8,7.86,0.0,1.7,0.0,0.207,0.0,1.8,0.68,0,0.037,0.041,0.049,20,0.017,0.27,9,0.102,33,0.0,0.21,0.0,0.121764706,0.0,0.02,0.045333333,0.0,0.0023125,0.031538462,0.040833333,0.016666667,1.88889e-05,0.021428571,0.047142857,0.0,0.019090909
11287,Vegetables and Vegetable Products,"ONIONS,FRZ,CHOPD,UNPREP","Onions, frozen, chopped, unprepared",,,,29,0.79,0.1,6.82,0.0,1.8,2.0,0.075,0.0,3.3,0.0,17,0.151,0.027,0.03,17,0.019,0.33,7,0.074,22,0.4,0.07,0.002222222,0.044117647,0.0,0.036666667,0.0,0.0425,0.0094375,0.020769231,0.025,0.014166667,2.11111e-05,0.016666667,0.031428571,0.007272727,0.006363636
11288,Vegetables and Vegetable Products,"ONIONS,FRZ,CHOPD,CKD,BLD,DRND,WO/SALT","Onions, frozen, chopped, cooked, boiled, drained, without salt",,,,28,0.77,0.1,6.59,2.9,1.8,0.0,0.069,0.0,2.6,0.01,13,0.139,0.025,0.023,16,0.019,0.3,6,0.071,19,0.4,0.07,0.0,0.040588235,0.0,0.028888889,0.000666667,0.0325,0.0086875,0.019230769,0.019166667,0.013333333,2.11111e-05,0.014285714,0.027142857,0.007272727,0.006363636
11289,Vegetables and Vegetable Products,"ONIONS,FRZ,WHL,UNPREP","Onions, frozen, whole, unprepared",,,,35,0.89,0.06,8.45,3.81,1.7,0.0,0.093,0.0,8.0,0.02,21,0.175,0.024,0.026,36,0.05,0.46,10,0.125,23,0.4,0.12,0.0,0.054705882,0.0,0.088888889,0.001333333,0.0525,0.0109375,0.018461538,0.021666667,0.03,5.55556e-05,0.023809524,0.032857143,0.007272727,0.010909091
11290,Vegetables and Vegetable Products,"ONIONS,FRZ,WHL,CKD,BLD,DRND,WO/SALT","Onions, frozen, whole, cooked, boiled, drained, without salt",,,,28,0.71,0.05,6.7,2.9,1.4,0.0,0.07,0.0,5.1,0.01,13,0.132,0.018,0.016,27,0.024,0.34,8,0.04,2,0.4,0.09,0.0,0.041176471,0.0,0.056666667,0.000666667,0.0325,0.00825,0.013846154,0.013333333,0.0225,2.66667e-05,0.019047619,0.002857143,0.007272727,0.008181818
11291,Vegetables and Vegetable Products,"ONIONS,SPRING OR SCALLIONS (INCL TOPS&BULB),RAW","Onions, spring or scallions (includes tops and bulb), raw",,,Allium cepa or Allium fistulosum,32,1.83,0.19,7.34,2.33,2.6,50.0,0.061,0.0,18.8,0.55,64,0.525,0.08,0.055,72,0.083,1.48,20,0.16,37,0.6,0.39,0.055555556,0.035882353,0.0,0.208888889,0.036666667,0.16,0.0328125,0.061538462,0.045833333,0.06,9.22222e-05,0.047619048,0.052857143,0.010909091,0.035454545
11292,Vegetables and Vegetable Products,"ONIONS,YOUNG GRN,TOPS ONLY","Onions, young green, tops only",,,Allium cepa,27,0.97,0.47,5.74,3.91,1.8,200.0,0.088,0.0,13.4,0.21,30,0.33,0.026,0.03,52,0.031,0.51,16,0.15,25,0.5,0.2,0.222222222,0.051764706,0.0,0.148888889,0.014,0.075,0.020625,0.02,0.025,0.043333333,3.44444e-05,0.038095238,0.035714286,0.009090909,0.018181818
11293,Vegetables and Vegetable Products,"ONIONS,WELSH,RAW","Onions, welsh, raw",,,Allium fistulosum,34,1.9,0.4,6.5,2.18,2.4,0.0,0.072,0.0,27.0,0.51,16,0.4,0.09,0.05,18,0.07,1.22,23,0.137,49,0.6,0.52,0.0,0.042352941,0.0,0.3,0.034,0.04,0.025,0.069230769,0.041666667,0.015,7.77778e-05,0.054761905,0.07,0.010909091,0.047272727
11294,Vegetables and Vegetable Products,"ONIONS,SWT,RAW","Onions, sweet, raw",,,Allium cepa,32,0.8,0.08,7.55,5.02,0.9,0.0,0.13,0.0,4.8,0.02,0,0.133,0.02,0.041,20,0.056,0.26,9,0.076,27,0.5,0.13,0.0,0.076470588,0.0,0.053333333,0.001333333,0.0,0.0083125,0.015384615,0.034166667,0.016666667,6.22222e-05,0.021428571,0.038571429,0.009090909,0.011818182
11295,Vegetables and Vegetable Products,"ONION RINGS,BREADED,PAR FR,FRZ,UNPREP","Onion rings, breaded, par fried, frozen, unprepared",,,,258,3.15,14.1,30.53,0.0,1.8,0.0,0.132,0.0,4.6,0.0,68,0.693,0.079,0.1,46,0.074,0.93,14,0.299,49,2.4,0.36,0.0,0.077647059,0.0,0.051111111,0.0,0.17,0.0433125,0.060769231,0.083333333,0.038333333,8.22222e-05,0.033333333,0.07,0.043636364,0.032727273
11296,Vegetables and Vegetable Products,"ONION RINGS,BREADED,PAR FR,FRZ,PREP,HTD IN OVEN","Onion rings, breaded, par fried, frozen, prepared, heated in oven",,,,276,4.14,14.3,33.79,5.1,2.2,0.0,0.117,0.0,1.6,0.46,33,1.349,0.116,0.185,31,0.073,1.25,17,0.348,71,5.6,0.42,0.0,0.068823529,0.0,0.017777778,0.030666667,0.0825,0.0843125,0.089230769,0.154166667,0.025833333,8.11111e-05,0.04047619,0.101428571,0.101818182,0.038181818
11297,Vegetables and Vegetable Products,"PARSLEY,FRSH","Parsley, fresh",,,Petroselinum crispum,36,2.97,0.79,6.33,0.85,3.3,421.0,0.09,0.0,133.0,0.75,152,1.313,0.098,0.086,138,0.149,6.2,50,0.16,58,0.1,1.07,0.467777778,0.052941176,0.0,1.477777778,0.05,0.38,0.0820625,0.075384615,0.071666667,0.115,0.000165556,0.119047619,0.082857143,0.001818182,0.097272727
11298,Vegetables and Vegetable Products,"PARSNIPS,RAW","Parsnips, raw",,,Pastinaca sativa,75,1.2,0.3,17.99,4.8,4.9,0.0,0.09,0.0,17.0,1.49,67,0.7,0.05,0.09,36,0.12,0.59,29,0.56,71,1.8,0.59,0.0,0.052941176,0.0,0.188888889,0.099333333,0.1675,0.04375,0.038461538,0.075,0.03,0.000133333,0.069047619,0.101428571,0.032727273,0.053636364
11299,Vegetables and Vegetable Products,"PARSNIPS,CKD,BLD,DRND,WO/SALT","Parsnips, cooked, boiled, drained, without salt",,,,71,1.32,0.3,17.01,4.8,3.6,0.0,0.093,0.0,13.0,1.0,58,0.724,0.051,0.083,37,0.138,0.58,29,0.294,69,1.7,0.26,0.0,0.054705882,0.0,0.144444444,0.066666667,0.145,0.04525,0.039230769,0.069166667,0.030833333,0.000153333,0.069047619,0.098571429,0.030909091,0.023636364
11300,Vegetables and Vegetable Products,"PEAS,EDIBLE-PODDED,RAW","Peas, edible-podded, raw","Snowpeas, Sugar snap peas",,Pisum sativum,42,2.8,0.2,7.55,4.0,2.6,54.0,0.16,0.0,60.0,0.39,42,0.6,0.08,0.15,43,0.079,2.08,24,0.244,53,0.7,0.27,0.06,0.094117647,0.0,0.666666667,0.026,0.105,0.0375,0.061538462,0.125,0.035833333,8.77778e-05,0.057142857,0.075714286,0.012727273,0.024545455
11301,Vegetables and Vegetable Products,"PEAS,EDIBLE-PODDED,BLD,DRND,WO/ SALT","Peas, edible-podded, boiled, drained, without salt","Sugar snap peas, Snowpeas",,,42,3.27,0.23,7.05,3.99,2.8,52.0,0.144,0.0,47.9,0.39,29,0.539,0.076,0.128,42,0.077,1.97,26,0.168,55,0.7,0.37,0.057777778,0.084705882,0.0,0.532222222,0.026,0.0725,0.0336875,0.058461538,0.106666667,0.035,8.55556e-05,0.061904762,0.078571429,0.012727273,0.033636364
11302,Vegetables and Vegetable Products,"PEAS,EDIBLE-PODDED,FRZ,UNPREP","Peas, edible-podded, frozen, unprepared","Sugar snap peas, Snowpeas",,,42,2.8,0.3,7.2,0.0,3.1,7.0,0.154,0.0,22.0,0.0,40,0.5,0.1,0.06,50,0.076,2.0,23,0.235,51,0.7,0.41,0.007777778,0.090588235,0.0,0.244444444,0.0,0.1,0.03125,0.076923077,0.05,0.041666667,8.44444e-05,0.054761905,0.072857143,0.012727273,0.037272727
11303,Vegetables and Vegetable Products,"PEAS,EDIBLE-PODDED,FRZ,CKD,BLD,DRND,WO/SALT","Peas, edible-podded, frozen, cooked, boiled, drained, without salt","Sugar snap peas, Snowpeas",,,52,3.5,0.38,9.02,4.82,3.1,66.0,0.174,0.0,22.0,0.47,35,0.563,0.119,0.064,59,0.09,2.4,28,0.28,58,0.8,0.49,0.073333333,0.102352941,0.0,0.244444444,0.031333333,0.0875,0.0351875,0.091538462,0.053333333,0.049166667,0.0001,0.066666667,0.082857143,0.014545455,0.044545455
11304,Vegetables and Vegetable Products,"PEAS,GREEN,RAW","Peas, green, raw",,,Pisum sativum,81,5.42,0.4,14.45,5.67,5.1,38.0,0.169,0.0,40.0,0.13,65,2.09,0.132,0.266,25,0.176,1.47,33,0.41,108,1.8,1.24,0.042222222,0.099411765,0.0,0.444444444,0.008666667,0.1625,0.130625,0.101538462,0.221666667,0.020833333,0.000195556,0.078571429,0.154285714,0.032727273,0.112727273
11305,Vegetables and Vegetable Products,"PEAS,GRN,CKD,BLD,DRND,WO/SALT","Peas, green, cooked, boiled, drained, without salt",,,,84,5.36,0.22,15.63,5.93,5.5,40.0,0.216,0.0,14.2,0.14,63,2.021,0.149,0.259,27,0.173,1.54,39,0.525,117,1.9,1.19,0.044444444,0.127058824,0.0,0.157777778,0.009333333,0.1575,0.1263125,0.114615385,0.215833333,0.0225,0.000192222,0.092857143,0.167142857,0.034545455,0.108181818
11306,Vegetables and Vegetable Products,"PEAS,GRN,CND,REG PK,SOL&LIQUIDS","Peas, green, canned, regular pack, solids and liquids",,,,58,3.01,0.48,10.6,3.2,3.3,76.0,0.065,0.0,7.8,0.02,24,0.995,0.024,0.077,20,0.099,1.29,19,0.211,63,1.3,0.72,0.084444444,0.038235294,0.0,0.086666667,0.001333333,0.06,0.0621875,0.018461538,0.064166667,0.016666667,0.00011,0.045238095,0.09,0.023636364,0.065454545
11308,Vegetables and Vegetable Products,"PEAS,GRN (INCLUDES BABY & LESUER TYPES),CND,DRND SOL,UNPREP","Peas, green (includes baby and lesuer types), canned, drained solids, unprepared",,,,68,4.47,0.8,11.36,2.99,4.9,43.0,0.056,0.0,4.2,0.38,31,0.979,0.053,0.107,23,0.106,1.18,18,0.213,67,1.7,0.66,0.047777778,0.032941176,0.0,0.046666667,0.025333333,0.0775,0.0611875,0.040769231,0.089166667,0.019166667,0.000117778,0.042857143,0.095714286,0.030909091,0.06
11310,Vegetables and Vegetable Products,"PEAS,GRN,CND,SEASONED,SOL&LIQUIDS","Peas, green, canned, seasoned, solids and liquids",,,,50,3.09,0.27,9.25,0.0,2.0,22.0,0.098,0.0,11.5,0.0,29,0.69,0.071,0.096,15,0.099,1.2,15,0.268,54,1.3,0.65,0.024444444,0.057647059,0.0,0.127777778,0.0,0.0725,0.043125,0.054615385,0.08,0.0125,0.00011,0.035714286,0.077142857,0.023636364,0.059090909
11311,Vegetables and Vegetable Products,"PEAS,GRN,CND,DRND SOL,RINSED IN TAP H2O","Peas, green, canned, drained solids, rinsed in tap water",,,,71,4.33,0.95,11.82,0.0,0.0,0.0,0.0,0.0,9.3,0.0,30,1.012,0.04,0.067,24,0.108,1.09,18,0.222,65,0.0,0.68,0.0,0.0,0.0,0.103333333,0.0,0.075,0.06325,0.030769231,0.055833333,0.02,0.00012,0.042857143,0.092857143,0.0,0.061818182
11312,Vegetables and Vegetable Products,"PEAS,GRN,FRZ,UNPREP","Peas, green, frozen, unprepared",,,,77,5.22,0.4,13.62,5.0,4.5,103.0,0.083,0.0,18.0,0.02,53,1.723,0.1,0.259,22,0.124,1.53,26,0.336,82,1.9,0.82,0.114444444,0.048823529,0.0,0.2,0.001333333,0.1325,0.1076875,0.076923077,0.215833333,0.018333333,0.000137778,0.061904762,0.117142857,0.034545455,0.074545455
11313,Vegetables and Vegetable Products,"PEAS,GRN,FRZ,CKD,BLD,DRND,WO/SALT","Peas, green, frozen, cooked, boiled, drained, without salt",,,,78,5.15,0.27,14.26,4.65,5.5,105.0,0.113,0.0,9.9,0.03,59,1.48,0.1,0.283,24,0.105,1.52,22,0.279,77,1.0,0.67,0.116666667,0.066470588,0.0,0.11,0.002,0.1475,0.0925,0.076923077,0.235833333,0.02,0.000116667,0.052380952,0.11,0.018181818,0.060909091
11316,Vegetables and Vegetable Products,"PEAS,MATURE SEEDS,SPROUTED,RAW","Peas, mature seeds, sprouted, raw",,,,124,8.8,0.68,27.11,0.0,0.0,0.0,0.265,0.0,10.4,0.0,144,3.088,0.155,0.225,36,0.272,2.26,56,0.438,165,0.6,1.05,0.0,0.155882353,0.0,0.115555556,0.0,0.36,0.193,0.119230769,0.1875,0.03,0.000302222,0.133333333,0.235714286,0.010909091,0.095454545
11317,Vegetables and Vegetable Products,"PEAS,MATURE SEEDS,SPROUTED,CKD,BLD,DRND,WO/SALT","Peas, mature seeds, sprouted, cooked, boiled, drained, without salt",,,,98,7.05,0.51,17.08,0.0,0.0,5.0,0.128,0.0,6.6,0.0,36,1.072,0.285,0.216,26,0.02,1.67,41,0.325,24,0.6,0.78,0.005555556,0.075294118,0.0,0.073333333,0.0,0.09,0.067,0.219230769,0.18,0.021666667,2.22222e-05,0.097619048,0.034285714,0.010909091,0.070909091
11318,Vegetables and Vegetable Products,"PEAS&CARROTS,CND,REG PK,SOL&LIQUIDS","Peas and carrots, canned, regular pack, solids and liquids",,,,38,2.17,0.27,8.48,0.0,2.0,289.0,0.088,0.0,6.6,0.0,18,0.581,0.053,0.074,23,0.103,0.75,14,0.357,46,0.9,0.58,0.321111111,0.051764706,0.0,0.073333333,0.0,0.045,0.0363125,0.040769231,0.061666667,0.019166667,0.000114444,0.033333333,0.065714286,0.016363636,0.052727273
11322,Vegetables and Vegetable Products,"PEAS&CARROTS,FRZ,UNPREP","Peas and carrots, frozen, unprepared",,,,53,3.4,0.47,11.15,0.0,3.4,475.0,0.101,0.0,11.2,0.0,36,1.412,0.081,0.19,27,0.089,1.09,18,0.235,60,1.2,0.52,0.527777778,0.059411765,0.0,0.124444444,0.0,0.09,0.08825,0.062307692,0.158333333,0.0225,9.88889e-05,0.042857143,0.085714286,0.021818182,0.047272727
11323,Vegetables and Vegetable Products,"PEAS&CARROTS,FRZ,CKD,BLD,DRND,WO/SALT","Peas and carrots, frozen, cooked, boiled, drained, without salt",,,,48,3.09,0.42,10.12,4.36,3.1,476.0,0.087,0.0,8.1,0.52,26,1.154,0.064,0.225,23,0.076,0.94,16,0.202,49,1.1,0.45,0.528888889,0.051176471,0.0,0.09,0.034666667,0.065,0.072125,0.049230769,0.1875,0.019166667,8.44444e-05,0.038095238,0.07,0.02,0.040909091
11324,Vegetables and Vegetable Products,"PEAS&ONIONS,CND,SOL&LIQUIDS","Peas and onions, canned, solids and liquids",,,,51,3.28,0.38,8.57,0.0,2.3,8.0,0.192,0.0,3.0,0.0,27,1.28,0.07,0.1,17,0.1,0.87,16,0.255,51,0.4,0.58,0.008888889,0.112941176,0.0,0.033333333,0.0,0.0675,0.08,0.053846154,0.083333333,0.014166667,0.000111111,0.038095238,0.072857143,0.007272727,0.052727273
11326,Vegetables and Vegetable Products,"PEAS&ONIONS,FRZ,UNPREP","Peas and onions, frozen, unprepared",,,,70,3.98,0.32,13.51,0.0,3.5,27.0,0.144,0.0,14.0,0.0,45,1.72,0.114,0.297,23,0.103,1.54,21,0.274,59,0.6,0.48,0.03,0.084705882,0.0,0.155555556,0.0,0.1125,0.1075,0.087692308,0.2475,0.019166667,0.000114444,0.05,0.084285714,0.010909091,0.043636364
11327,Vegetables and Vegetable Products,"PEAS&ONIONS,FRZ,CKD,BLD,DRND,WO/SALT","Peas and onions, frozen, cooked, boiled, drained, without salt",,,,45,2.54,0.2,8.63,3.77,2.2,53.0,0.087,0.0,6.9,0.02,20,1.044,0.069,0.15,14,0.063,0.94,13,0.166,34,0.4,0.29,0.058888889,0.051176471,0.0,0.076666667,0.001333333,0.05,0.06525,0.053076923,0.125,0.011666667,7e-05,0.030952381,0.048571429,0.007272727,0.026363636
11329,Vegetables and Vegetable Products,"PEPPERS,HOT CHILI,GRN,CND,PODS,EXCLUDING SEEDS,SOL&LIQUIDS","Peppers, hot chili, green, canned, pods, excluding seeds, solids and liquids",,,,21,0.9,0.1,5.1,3.12,1.3,36.0,0.153,0.0,68.0,0.69,10,0.8,0.05,0.02,7,0.101,0.5,14,0.138,17,0.3,0.17,0.04,0.09,0.0,0.755555556,0.046,0.025,0.05,0.038461538,0.016666667,0.005833333,0.000112222,0.033333333,0.024285714,0.005454545,0.015454545
11333,Vegetables and Vegetable Products,"PEPPERS,SWT,GRN,RAW","Peppers, sweet, green, raw",,,Capsicum annuum,20,0.86,0.17,4.64,2.4,1.7,18.0,0.224,0.0,80.4,0.37,10,0.48,0.028,0.057,10,0.066,0.34,10,0.122,20,0.0,0.13,0.02,0.131764706,0.0,0.893333333,0.024666667,0.025,0.03,0.021538462,0.0475,0.008333333,7.33333e-05,0.023809524,0.028571429,0.0,0.011818182
11334,Vegetables and Vegetable Products,"PEPPERS,SWT,GRN,CKD,BLD,DRND,WO/SALT","Peppers, sweet, green, cooked, boiled, drained, without salt",,,,28,0.92,0.2,6.7,3.19,1.2,23.0,0.233,0.0,74.4,0.5,16,0.477,0.03,0.059,9,0.065,0.46,10,0.115,18,0.3,0.12,0.025555556,0.137058824,0.0,0.826666667,0.033333333,0.04,0.0298125,0.023076923,0.049166667,0.0075,7.22222e-05,0.023809524,0.025714286,0.005454545,0.010909091
11335,Vegetables and Vegetable Products,"PEPPERS,SWT,GRN,CND,SOL&LIQUIDS","Peppers, sweet, green, canned, solids and liquids",,,,18,0.8,0.3,3.9,0.0,1.2,8.0,0.178,0.0,46.5,0.0,16,0.55,0.03,0.025,41,0.13,0.8,11,0.16,20,0.3,0.18,0.008888889,0.104705882,0.0,0.516666667,0.0,0.04,0.034375,0.023076923,0.020833333,0.034166667,0.000144444,0.026190476,0.028571429,0.005454545,0.016363636
11337,Vegetables and Vegetable Products,"PEPPERS,SWT,GRN,FRZ,CHOPD,UNPREP","Peppers, sweet, green, frozen, chopped, unprepared",,,,20,1.08,0.21,4.45,0.0,1.6,18.0,0.137,0.0,58.7,0.0,14,1.37,0.038,0.069,9,0.053,0.62,8,0.117,17,0.2,0.06,0.02,0.080588235,0.0,0.652222222,0.0,0.035,0.085625,0.029230769,0.0575,0.0075,5.88889e-05,0.019047619,0.024285714,0.003636364,0.005454545
11338,Vegetables and Vegetable Products,"PEPPERS,SWT,GRN,FRZ,CHOPD,BLD,DRND,WO/SALT","Peppers, sweet, green, frozen, chopped, boiled, drained, without salt",,,,18,0.95,0.18,3.9,0.0,0.9,15.0,0.108,0.0,41.2,0.0,10,1.082,0.031,0.051,8,0.044,0.52,7,0.097,13,0.2,0.05,0.016666667,0.063529412,0.0,0.457777778,0.0,0.025,0.067625,0.023846154,0.0425,0.006666667,4.88889e-05,0.016666667,0.018571429,0.003636364,0.004545455
11339,Vegetables and Vegetable Products,"PEPPERS,SWT,GRN,SAUTEED","Peppers, sweet, green, sauteed",,,,127,0.78,11.85,4.22,2.17,1.8,14.0,0.196,0.0,177.0,1.4,0,0.582,0.048,0.042,8,0.017,0.3,8,0.062,15,0.6,0.06,0.015555556,0.115294118,0.0,1.966666667,0.093333333,0.0,0.036375,0.036923077,0.035,0.006666667,1.88889e-05,0.019047619,0.021428571,0.010909091,0.005454545
11344,Vegetables and Vegetable Products,"PIGEONPEAS,IMMAT SEEDS,RAW","Pigeonpeas, immature seeds, raw",,,Cajanus cajan,136,7.2,1.64,23.88,3.0,5.1,3.0,0.068,0.0,39.0,0.39,173,2.2,0.17,0.4,42,0.134,1.6,68,0.574,127,1.5,1.04,0.003333333,0.04,0.0,0.433333333,0.026,0.4325,0.1375,0.130769231,0.333333333,0.035,0.000148889,0.161904762,0.181428571,0.027272727,0.094545455
11345,Vegetables and Vegetable Products,"PIGEONPEAS,IMMAT SEEDS,CKD,BLD,DRND,WO/SALT","Pigeonpeas, immature seeds, cooked, boiled, drained, without salt",,,,111,5.96,1.36,19.49,2.48,6.2,2.0,0.053,0.0,28.1,0.32,100,2.153,0.166,0.35,41,0.105,1.57,40,0.451,118,1.2,0.82,0.002222222,0.031176471,0.0,0.312222222,0.021333333,0.25,0.1345625,0.127692308,0.291666667,0.034166667,0.000116667,0.095238095,0.168571429,0.021818182,0.074545455
11349,Vegetables and Vegetable Products,POI,Poi,,,,112,0.38,0.14,27.23,0.39,0.4,3.0,0.273,0.0,4.0,2.3,21,1.1,0.04,0.13,16,0.166,0.88,24,0.37,39,0.7,0.22,0.003333333,0.160588235,0.0,0.044444444,0.153333333,0.0525,0.06875,0.030769231,0.108333333,0.013333333,0.000184444,0.057142857,0.055714286,0.012727273,0.02
11350,Vegetables and Vegetable Products,"POKEBERRY SHOOTS,(POKE),RAW","Pokeberry shoots, (poke), raw",,,Phytolacca americana,23,2.6,0.4,3.7,0.0,1.7,435.0,0.146,0.0,136.0,0.0,16,1.2,0.33,0.08,53,0.157,1.7,18,0.418,44,0.9,0.24,0.483333333,0.085882353,0.0,1.511111111,0.0,0.04,0.075,0.253846154,0.066666667,0.044166667,0.000174444,0.042857143,0.062857143,0.016363636,0.021818182
11351,Vegetables and Vegetable Products,"POKEBERRY SHOOTS,(POKE),CKD,BLD,DRND,WO/SALT","Pokeberry shoots, (poke), cooked, boiled, drained, without salt",,,,20,2.3,0.4,3.1,1.6,1.5,435.0,0.111,0.0,82.0,0.85,9,1.1,0.25,0.07,53,0.126,1.2,14,0.336,33,0.9,0.19,0.483333333,0.065294118,0.0,0.911111111,0.056666667,0.0225,0.06875,0.192307692,0.058333333,0.044166667,0.00014,0.033333333,0.047142857,0.016363636,0.017272727
11352,Vegetables and Vegetable Products,"POTATOES,FLESH & SKN,RAW","Potatoes, flesh and skin, raw",,,Solanum tuberosum,77,2.02,0.09,17.47,0.78,2.2,0.0,0.295,0.0,19.7,0.01,16,1.054,0.032,0.08,12,0.108,0.78,23,0.153,57,0.3,0.29,0.0,0.173529412,0.0,0.218888889,0.000666667,0.04,0.065875,0.024615385,0.066666667,0.01,0.00012,0.054761905,0.081428571,0.005454545,0.026363636
11353,Vegetables and Vegetable Products,"POTATOES,RUSSET,FLESH & SKN,RAW","Potatoes, russet, flesh and skin, raw",Includes USDA commodity food A214,,Solanum tuberosum,79,2.14,0.08,18.07,0.62,1.3,0.0,0.345,0.0,5.7,0.01,14,1.035,0.033,0.082,13,0.103,0.86,23,0.157,55,0.4,0.29,0.0,0.202941176,0.0,0.063333333,0.000666667,0.035,0.0646875,0.025384615,0.068333333,0.010833333,0.000114444,0.054761905,0.078571429,0.007272727,0.026363636
11354,Vegetables and Vegetable Products,"POTATOES,WHITE,FLESH & SKN,RAW","Potatoes, white, flesh and skin, raw",Includes USDA commodity food A215,,Solanum tuberosum,69,1.68,0.1,15.71,1.15,2.4,0.0,0.203,0.0,9.1,0.01,18,1.066,0.034,0.071,9,0.116,0.52,21,0.145,62,0.3,0.29,0.0,0.119411765,0.0,0.101111111,0.000666667,0.045,0.066625,0.026153846,0.059166667,0.0075,0.000128889,0.05,0.088571429,0.005454545,0.026363636
11355,Vegetables and Vegetable Products,"POTATOES,RED,FLESH & SKN,RAW","Potatoes, red, flesh and skin, raw",,,Solanum tuberosum,70,1.89,0.14,15.9,1.29,1.7,0.0,0.17,0.0,8.6,0.01,18,1.149,0.031,0.081,10,0.134,0.73,22,0.141,61,0.5,0.33,0.0,0.1,0.0,0.095555556,0.000666667,0.045,0.0718125,0.023846154,0.0675,0.008333333,0.000148889,0.052380952,0.087142857,0.009090909,0.03
11356,Vegetables and Vegetable Products,"POTATOES,RUSSET,FLESH & SKN,BKD","Potatoes, Russet, flesh and skin, baked",,,,97,2.63,0.13,21.44,1.08,2.3,1.0,0.354,0.0,8.3,0.07,26,1.348,0.048,0.067,18,0.107,1.07,30,0.228,71,0.5,0.35,0.001111111,0.208235294,0.0,0.092222222,0.004666667,0.065,0.08425,0.036923077,0.055833333,0.015,0.000118889,0.071428571,0.101428571,0.009090909,0.031818182
11357,Vegetables and Vegetable Products,"POTATOES,WHITE,FLESH & SKN,BKD","Potatoes, white, flesh and skin, baked",,,,94,2.1,0.15,21.08,1.53,2.1,1.0,0.211,0.0,12.6,0.04,38,1.528,0.043,0.048,10,0.127,0.64,27,0.189,75,0.5,0.35,0.001111111,0.124117647,0.0,0.14,0.002666667,0.095,0.0955,0.033076923,0.04,0.008333333,0.000141111,0.064285714,0.107142857,0.009090909,0.031818182
11358,Vegetables and Vegetable Products,"POTATOES,RED,FLESH & SKN,BKD","Potatoes, red, flesh and skin, baked",,,,89,2.3,0.15,19.59,1.43,1.8,1.0,0.212,0.0,12.6,0.08,27,1.595,0.05,0.072,9,0.174,0.7,28,0.173,72,0.0,0.4,0.001111111,0.124705882,0.0,0.14,0.005333333,0.0675,0.0996875,0.038461538,0.06,0.0075,0.000193333,0.066666667,0.102857143,0.0,0.036363636
11359,Vegetables and Vegetable Products,"POTATOES,FR FR,CRNKL OR REG,SALT ADDED IN PROC,FRZ,AS PURCH","Potatoes, french fried, crinkle or regular cut, salt added in processing, frozen, as purchased",,,,150,2.34,4.99,23.96,0.21,2.0,0.0,0.196,0.0,7.7,0.1,31,2.14,0.037,0.106,13,0.077,0.62,21,0.157,81,0.5,0.34,0.0,0.115294118,0.0,0.085555556,0.006666667,0.0775,0.13375,0.028461538,0.088333333,0.010833333,8.55556e-05,0.05,0.115714286,0.009090909,0.030909091
11360,Vegetables and Vegetable Products,"POTATOES,FR FR,CRNKL/REG CUT,SALT ADDED IN PROC,FRZ,OVEN-HTD","Potatoes, french fried, crinkle or regular cut, salt added in processing, frozen, oven-heated",,,,166,2.51,5.13,27.5,0.29,2.3,0.0,0.172,0.0,11.8,0.1,0,2.135,0.031,0.122,13,0.145,0.75,28,0.219,97,0.1,0.4,0.0,0.101176471,0.0,0.131111111,0.006666667,0.0,0.1334375,0.023846154,0.101666667,0.010833333,0.000161111,0.066666667,0.138571429,0.001818182,0.036363636
11361,Vegetables and Vegetable Products,"POTATOES,RSTD,SALT ADDED IN PROCESSING,FRZ,UNPREP","Potatoes, roasted, salt added in processing, frozen, unprepared",,,,130,2.22,1.81,26.15,0.69,2.6,0.0,0.0,0.0,1.7,0.0,0,0.0,0.0,0.0,15,0.0,0.5,0,0.0,0,0.0,0.0,0.0,0.0,0.0,0.018888889,0.0,0.0,0.0,0.0,0.0,0.0125,0.0,0.0,0.0,0.0,0.0
11362,Vegetables and Vegetable Products,"POTATOES,RAW,SKIN","Potatoes, raw, skin",,,Solanum tuberosum,58,2.57,0.1,12.44,0.0,2.5,0.0,0.239,0.0,11.4,0.0,17,1.033,0.038,0.021,30,0.423,3.24,23,0.602,38,0.3,0.35,0.0,0.140588235,0.0,0.126666667,0.0,0.0425,0.0645625,0.029230769,0.0175,0.025,0.00047,0.054761905,0.054285714,0.005454545,0.031818182
11363,Vegetables and Vegetable Products,"POTATOES,BKD,FLESH,WO/SALT","Potatoes, baked, flesh, without salt",,,,93,1.96,0.1,21.55,1.7,1.5,0.0,0.301,0.0,12.8,0.04,9,1.395,0.021,0.105,5,0.215,0.35,25,0.161,50,0.3,0.29,0.0,0.177058824,0.0,0.142222222,0.002666667,0.0225,0.0871875,0.016153846,0.0875,0.004166667,0.000238889,0.05952381,0.071428571,0.005454545,0.026363636
11364,Vegetables and Vegetable Products,"POTATOES,BKD,SKN,WO/SALT","Potatoes, baked, skin, without salt",,,,198,4.29,0.1,46.06,1.4,7.9,1.0,0.614,0.0,13.5,0.04,22,3.065,0.106,0.122,34,0.817,7.04,43,0.616,101,0.7,0.49,0.001111111,0.361176471,0.0,0.15,0.002666667,0.055,0.1915625,0.081538462,0.101666667,0.028333333,0.000907778,0.102380952,0.144285714,0.012727273,0.044545455
11365,Vegetables and Vegetable Products,"POTATOES,BLD,CKD IN SKN,FLESH,WO/SALT","Potatoes, boiled, cooked in skin, flesh, without salt",,,,87,1.87,0.1,20.13,0.87,1.8,0.0,0.299,0.0,13.0,0.01,10,1.439,0.02,0.106,5,0.188,0.31,22,0.138,44,0.3,0.3,0.0,0.175882353,0.0,0.144444444,0.000666667,0.025,0.0899375,0.015384615,0.088333333,0.004166667,0.000208889,0.052380952,0.062857143,0.005454545,0.027272727
11366,Vegetables and Vegetable Products,"POTATOES,BLD,CKD IN SKN,SKN,WO/SALT","Potatoes, boiled, cooked in skin, skin, without salt",,,,78,2.86,0.1,17.21,0.0,3.3,0.0,0.239,0.0,5.2,0.0,10,1.222,0.036,0.032,45,0.878,6.07,30,1.338,54,0.3,0.44,0.0,0.140588235,0.0,0.057777778,0.0,0.025,0.076375,0.027692308,0.026666667,0.0375,0.000975556,0.071428571,0.077142857,0.005454545,0.04
11367,Vegetables and Vegetable Products,"POTATOES,BLD,CKD WO/ SKN,FLESH,WO/ SALT","Potatoes, boiled, cooked without skin, flesh, without salt",,,,86,1.71,0.1,20.01,0.85,1.8,0.0,0.269,0.0,7.4,0.01,9,1.312,0.019,0.098,8,0.167,0.31,20,0.14,40,0.3,0.27,0.0,0.158235294,0.0,0.082222222,0.000666667,0.0225,0.082,0.014615385,0.081666667,0.006666667,0.000185556,0.047619048,0.057142857,0.005454545,0.024545455
11368,Vegetables and Vegetable Products,"POTATOES,MICROWAVED,CKD IN SKN,FLESH,WO/SALT","Potatoes, microwaved, cooked in skin, flesh, without salt",,,,100,2.1,0.1,23.28,0.0,1.6,0.0,0.319,0.0,15.1,0.0,12,1.625,0.025,0.129,5,0.237,0.41,25,0.17,109,0.4,0.33,0.0,0.187647059,0.0,0.167777778,0.0,0.03,0.1015625,0.019230769,0.1075,0.004166667,0.000263333,0.05952381,0.155714286,0.007272727,0.03
11369,Vegetables and Vegetable Products,"POTATOES,MICROWAVED,CKD IN SKN,SKN,WO/SALT","Potatoes, microwaved, cooked in skin, skin, without salt",,,,132,4.39,0.1,29.63,0.0,5.5,0.0,0.492,0.0,15.3,0.0,17,2.22,0.075,0.071,46,0.882,5.94,37,0.98,82,0.5,0.51,0.0,0.289411765,0.0,0.17,0.0,0.0425,0.13875,0.057692308,0.059166667,0.038333333,0.00098,0.088095238,0.117142857,0.009090909,0.046363636
11370,Vegetables and Vegetable Products,"POTATOES,HASH BROWN,HOME-PREPARED","Potatoes, hash brown, home-prepared","Potatoes, hashed brown",,,265,3.0,12.52,35.11,1.49,3.2,0.0,0.472,0.0,13.0,0.01,16,2.302,0.033,0.172,14,0.293,0.55,35,0.247,70,0.5,0.47,0.0,0.277647059,0.0,0.144444444,0.000666667,0.04,0.143875,0.025384615,0.143333333,0.011666667,0.000325556,0.083333333,0.1,0.009090909,0.042727273
11371,Vegetables and Vegetable Products,"POTATOES,MSHD,HOME-PREPARED,WHL MILK & MARGARINE ADDED","Potatoes, mashed, home-prepared, whole milk and margarine added",,,,113,1.96,4.2,16.94,1.41,1.5,44.0,0.247,0.07,10.5,0.42,9,1.174,0.042,0.092,21,0.155,0.26,19,0.113,48,0.8,0.3,0.048888889,0.145294118,0.029166667,0.116666667,0.028,0.0225,0.073375,0.032307692,0.076666667,0.0175,0.000172222,0.045238095,0.068571429,0.014545455,0.027272727
11372,Vegetables and Vegetable Products,"POTATOES,SCALLPD,HOME-PREPARED W/BUTTER","Potatoes, scalloped, home-prepared with butter",,,,88,2.87,3.68,10.78,0.0,1.9,0.0,0.178,0.0,10.6,0.0,13,1.053,0.092,0.069,57,0.163,0.57,19,0.166,63,1.6,0.4,0.0,0.104705882,0.0,0.117777778,0.0,0.0325,0.0658125,0.070769231,0.0575,0.0475,0.000181111,0.045238095,0.09,0.029090909,0.036363636
11373,Vegetables and Vegetable Products,"POTATOES,AU GRATIN,HOME-PREPARED FROM RECIPE USING BUTTER","Potatoes, au gratin, home-prepared from recipe using butter",,,,132,5.06,7.59,11.27,0.0,1.8,64.0,0.174,0.0,9.9,0.0,13,0.993,0.116,0.064,119,0.16,0.64,20,0.161,113,2.7,0.69,0.071111111,0.102352941,0.0,0.11,0.0,0.0325,0.0620625,0.089230769,0.053333333,0.099166667,0.000177778,0.047619048,0.161428571,0.049090909,0.062727273
11374,Vegetables and Vegetable Products,"POTATOES,CND,SOL&LIQUIDS","Potatoes, canned, solids and liquids",,,,44,1.2,0.11,9.89,0.0,1.4,0.0,0.137,0.0,7.6,0.0,5,0.889,0.02,0.034,39,0.07,0.72,14,0.071,22,0.7,0.39,0.0,0.080588235,0.0,0.084444444,0.0,0.0125,0.0555625,0.015384615,0.028333333,0.0325,7.77778e-05,0.033333333,0.031428571,0.012727273,0.035454545
11376,Vegetables and Vegetable Products,"POTATOES,CND,DRND SOL","Potatoes, canned, drained solids",,,,60,1.41,0.21,13.61,0.0,2.3,0.0,0.188,0.0,5.1,0.0,6,0.915,0.013,0.068,5,0.057,1.26,14,0.097,28,0.9,0.28,0.0,0.110588235,0.0,0.056666667,0.0,0.015,0.0571875,0.01,0.056666667,0.004166667,6.33333e-05,0.033333333,0.04,0.016363636,0.025454545
11378,Vegetables and Vegetable Products,"POTATOES,MSHD,DEHYD,FLAKES WO/MILK,DRY FORM","Potatoes, mashed, dehydrated, flakes without milk, dry form",Include USDA Commodity food A200,,,354,8.34,0.41,81.17,3.36,6.6,1.0,0.748,0.0,81.0,0.03,46,6.264,0.11,0.988,27,0.161,1.21,66,0.161,156,13.4,0.7,0.001111111,0.44,0.0,0.9,0.002,0.115,0.3915,0.084615385,0.823333333,0.0225,0.000178889,0.157142857,0.222857143,0.243636364,0.063636364
11379,Vegetables and Vegetable Products,"POTATOES,MSHD,DEHYD,PREP FROM FLAKES WO/ MILK,WHL MILK & BUT","Potatoes, mashed, dehydrated, prepared from flakes without milk, whole milk and butter added",,,,97,1.77,5.13,10.87,1.61,0.8,47.0,0.098,0.11,9.7,0.14,7,0.776,0.054,0.13,32,0.031,0.16,11,0.021,39,2.5,0.18,0.052222222,0.057647059,0.045833333,0.107777778,0.009333333,0.0175,0.0485,0.041538462,0.108333333,0.026666667,3.44444e-05,0.026190476,0.055714286,0.045454545,0.016363636
11380,Vegetables and Vegetable Products,"POTATOES,MSHD,DEHYD,GRANULES WO/MILK,DRY FORM","Potatoes, mashed, dehydrated, granules without milk, dry form",,,,372,8.22,0.54,85.51,3.47,7.1,1.0,0.861,0.0,37.0,0.27,40,4.765,0.253,0.453,41,0.102,1.09,98,1.121,245,27.1,0.91,0.001111111,0.506470588,0.0,0.411111111,0.018,0.1,0.2978125,0.194615385,0.3775,0.034166667,0.000113333,0.233333333,0.35,0.492727273,0.082727273
11381,Vegetables and Vegetable Products,"POTATOES,MSHD,DEHYD,PREP FR GRNLS WO/MILK,WHL MILK&BUTTER","Potatoes, mashed, dehydrated, prepared from granules without milk, whole milk and butter added",,,,108,2.05,4.96,14.36,0.0,2.2,43.0,0.009,0.0,6.0,0.0,8,0.764,0.077,0.079,35,0.022,0.19,19,0.003,60,1.3,0.25,0.047777778,0.005294118,0.0,0.066666667,0.0,0.02,0.04775,0.059230769,0.065833333,0.029166667,2.44444e-05,0.045238095,0.085714286,0.023636364,0.022727273
11382,Vegetables and Vegetable Products,"POTATOES,MSHD,DEHYD,GRANULES W/MILK,DRY FORM","Potatoes, mashed, dehydrated, granules with milk, dry form",,,,357,10.9,1.1,77.7,3.37,6.6,18.0,0.887,0.0,16.0,0.03,30,4.2,0.3,0.19,142,0.578,3.5,74,0.488,237,26.3,1.2,0.02,0.521764706,0.0,0.177777778,0.002,0.075,0.2625,0.230769231,0.158333333,0.118333333,0.000642222,0.176190476,0.338571429,0.478181818,0.109090909
11383,Vegetables and Vegetable Products,"POTATOES,MSHD,DEHYD,PREP FROM GRAN W/ MILK,H2O & MARG ADDED","Potatoes, mashed, dehydrated, prepared from granules with milk, water and margarine added",,,,116,2.13,4.8,16.13,1.74,1.3,51.0,0.16,0.1,6.5,0.51,8,0.86,0.083,0.09,35,0.029,0.2,20,0.199,62,5.6,0.24,0.056666667,0.094117647,0.041666667,0.072222222,0.034,0.02,0.05375,0.063846154,0.075,0.029166667,3.22222e-05,0.047619048,0.088571429,0.101818182,0.021818182
11384,Vegetables and Vegetable Products,"POTATOES,AU GRATIN,DRY MIX,UNPREP","Potatoes, au gratin, dry mix, unprepared",,,,314,8.9,3.7,74.31,0.0,4.1,54.0,0.15,0.0,15.5,0.0,40,4.063,0.253,0.07,311,0.24,1.63,64,0.59,404,10.0,0.9,0.06,0.088235294,0.0,0.172222222,0.0,0.1,0.2539375,0.194615385,0.058333333,0.259166667,0.000266667,0.152380952,0.577142857,0.181818182,0.081818182
11385,Vegetables and Vegetable Products,"POTATOES,AU GRATIN,DRY MIX,PREP W/H2O,WHL MILK&BUTTER","Potatoes, au gratin, dry mix, prepared with water, whole milk and butter",,,,93,2.3,4.12,12.84,0.0,0.9,52.0,0.04,0.0,3.1,0.0,7,0.939,0.081,0.02,83,0.046,0.32,15,0.13,95,2.7,0.24,0.057777778,0.023529412,0.0,0.034444444,0.0,0.0175,0.0586875,0.062307692,0.016666667,0.069166667,5.11111e-05,0.035714286,0.135714286,0.049090909,0.021818182
11386,Vegetables and Vegetable Products,"POTATOES,SCALLPD,DRY MIX,UNPREP","Potatoes, scalloped, dry mix, unprepared",,,,358,7.77,4.59,73.93,0.0,8.6,0.0,0.18,0.0,16.5,0.0,32,4.533,0.123,0.06,62,0.26,2.01,59,0.622,197,7.9,0.92,0.0,0.105882353,0.0,0.183333333,0.0,0.08,0.2833125,0.094615385,0.05,0.051666667,0.000288889,0.14047619,0.281428571,0.143636364,0.083636364
11387,Vegetables and Vegetable Products,"POTATOES,SCALLPD,DRY MIX,PREP W/H2O,WHL MILK&BUTTER","Potatoes, scalloped, dry mix, prepared with water, whole milk and butter",,,,93,2.12,4.3,12.77,0.0,1.1,35.0,0.042,0.0,3.3,0.0,10,1.029,0.056,0.019,36,0.049,0.38,14,0.181,56,1.6,0.25,0.038888889,0.024705882,0.0,0.036666667,0.0,0.025,0.0643125,0.043076923,0.015833333,0.03,5.44444e-05,0.033333333,0.08,0.029090909,0.022727273
11390,Vegetables and Vegetable Products,"POTATOES,HASH BROWN,FRZ,PLN,UNPREP","Potatoes, hash brown, frozen, plain, unprepared","Potatoes, hashed brown",,,82,2.06,0.62,17.72,0.0,1.4,0.0,0.087,0.0,8.2,0.0,4,1.664,0.014,0.097,10,0.099,0.98,11,0.146,47,0.3,0.21,0.0,0.051176471,0.0,0.091111111,0.0,0.01,0.104,0.010769231,0.080833333,0.008333333,0.00011,0.026190476,0.067142857,0.005454545,0.019090909
11391,Vegetables and Vegetable Products,"POTATOES,HASH BROWN,FRZ,PLN,PREP,PAN FRIED IN CANOLA OIL","Potatoes, hash brown, frozen, plain, prepared, pan fried in canola oil","Potatoes, hashed brown",,,219,2.65,11.59,28.51,0.27,3.2,0.0,0.236,0.0,6.7,2.19,16,2.314,0.033,0.134,17,0.115,0.54,28,0.184,79,0.5,0.38,0.0,0.138823529,0.0,0.074444444,0.146,0.04,0.144625,0.025384615,0.111666667,0.014166667,0.000127778,0.066666667,0.112857143,0.009090909,0.034545455
11392,Vegetables and Vegetable Products,"POTATOES,HASH BROWN,FRZ,W/ BUTTER SAU,UNPREP","Potatoes, hash brown, frozen, with butter sauce, unprepared","Potatoes, hashed brown",,,135,1.87,6.66,18.28,0.0,2.9,19.0,0.212,0.0,5.7,0.0,12,1.133,0.025,0.053,25,0.077,0.75,11,0.185,29,0.3,0.25,0.021111111,0.124705882,0.0,0.063333333,0.0,0.03,0.0708125,0.019230769,0.044166667,0.020833333,8.55556e-05,0.026190476,0.041428571,0.005454545,0.022727273
11393,Vegetables and Vegetable Products,"POTATOES,HASH BROWN,FRZ,W/ BUTTER SAU,PREP","Potatoes, hash brown, frozen, with butter sauce, prepared","Potatoes, hashed brown",,,178,2.46,8.79,24.13,0.0,3.8,26.0,0.266,0.0,3.8,0.0,13,1.421,0.031,0.052,33,0.102,0.99,15,0.244,38,0.3,0.33,0.028888889,0.156470588,0.0,0.042222222,0.0,0.0325,0.0888125,0.023846154,0.043333333,0.0275,0.000113333,0.035714286,0.054285714,0.005454545,0.03
11394,Vegetables and Vegetable Products,"POTATOES,FRENCH FR,SHOESTRING,SALT ADDED IN PROC,FRZ,AS PRCH","Potatoes, french fried, shoestring, salt added in processing, frozen, as purchased",,,,167,2.16,6.24,25.59,0.2,2.3,0.0,0.17,0.0,12.3,0.12,36,1.97,0.034,0.09,11,0.11,0.72,21,0.155,90,0.5,0.36,0.0,0.1,0.0,0.136666667,0.008,0.09,0.123125,0.026153846,0.075,0.009166667,0.000122222,0.05,0.128571429,0.009090909,0.032727273
11395,Vegetables and Vegetable Products,"POTATOES,FRENCH FR,SHOESTRNG,SALT ADDED IN PROC,FRZ,OVEN-HTD","Potatoes, french fried, shoestring, salt added in processing, frozen, oven-heated",,,,199,2.9,6.76,31.66,0.31,2.8,0.0,0.192,0.0,14.2,0.16,0,2.28,0.034,0.129,12,0.114,0.8,25,0.187,112,0.6,0.43,0.0,0.112941176,0.0,0.157777778,0.010666667,0.0,0.1425,0.026153846,0.1075,0.01,0.000126667,0.05952381,0.16,0.010909091,0.039090909
11396,Vegetables and Vegetable Products,"POTATOES,OBRIEN,FRZ,UNPREP","Potatoes, obrien, frozen, unprepared",,,,76,1.83,0.14,17.47,0.0,1.9,7.0,0.209,0.0,11.3,0.0,8,1.129,0.045,0.054,13,0.127,1.03,18,0.119,49,1.2,0.29,0.007777778,0.122941176,0.0,0.125555556,0.0,0.02,0.0705625,0.034615385,0.045,0.010833333,0.000141111,0.042857143,0.07,0.021818182,0.026363636
11397,Vegetables and Vegetable Products,"POTATOES,OBRIEN,FRZ,PREP","Potatoes, obrien, frozen, prepared",,,,204,2.22,13.21,21.86,0.0,1.7,9.0,0.377,0.0,10.4,0.0,12,1.448,0.135,0.052,20,0.241,0.96,34,0.226,93,1.2,0.55,0.01,0.221764706,0.0,0.115555556,0.0,0.03,0.0905,0.103846154,0.043333333,0.016666667,0.000267778,0.080952381,0.132857143,0.021818182,0.05
11398,Vegetables and Vegetable Products,"POTATO PUFFS,FRZ,UNPREP","Potato puffs, frozen, unprepared",,,,185,1.93,8.71,24.8,0.28,2.3,0.0,0.194,0.0,6.9,0.11,17,1.815,0.061,0.184,13,0.075,0.47,16,0.111,64,0.3,0.26,0.0,0.114117647,0.0,0.076666667,0.007333333,0.0425,0.1134375,0.046923077,0.153333333,0.010833333,8.33333e-05,0.038095238,0.091428571,0.005454545,0.023636364
11399,Vegetables and Vegetable Products,"POTATO PUFFS,FRZ,OVEN-HEATED","Potato puffs, frozen, oven-heated",,,,192,2.13,9.05,27.29,0.27,2.0,0.0,0.121,0.0,4.0,0.26,23,1.449,0.037,0.069,14,0.079,0.58,17,0.127,84,0.4,0.3,0.0,0.071176471,0.0,0.044444444,0.017333333,0.0575,0.0905625,0.028461538,0.0575,0.011666667,8.77778e-05,0.04047619,0.12,0.007272727,0.027272727
11400,Vegetables and Vegetable Products,"POTATOES,FRZ,WHL,UNPREP","Potatoes, frozen, whole, unprepared",,,,78,2.38,0.16,17.47,0.78,1.2,0.0,0.256,0.0,14.2,0.01,13,1.68,0.031,0.154,8,0.094,1.01,13,0.223,32,0.3,0.3,0.0,0.150588235,0.0,0.157777778,0.000666667,0.0325,0.105,0.023846154,0.128333333,0.006666667,0.000104444,0.030952381,0.045714286,0.005454545,0.027272727
11401,Vegetables and Vegetable Products,"POTATOES,FRZ,WHL,CKD,BLD,DRND,WO/SALT","Potatoes, frozen, whole, cooked, boiled, drained, without salt",,,,65,1.98,0.13,14.52,0.0,1.4,0.0,0.202,0.0,9.4,0.0,8,1.326,0.025,0.102,7,0.078,0.84,11,0.185,26,0.2,0.25,0.0,0.118823529,0.0,0.104444444,0.0,0.02,0.082875,0.019230769,0.085,0.005833333,8.66667e-05,0.026190476,0.037142857,0.003636364,0.022727273
11402,Vegetables and Vegetable Products,"POTATOES,FRENCH FR,ALL TYPES,SALT ADDED IN PROC,FRZ,UNPREP","Potatoes, french fried, all types, salt added in processing, frozen, unprepared",,,,147,2.24,4.66,24.81,0.2,1.9,0.0,0.178,0.0,17.3,0.1,35,2.038,0.048,0.098,9,0.093,0.62,21,0.158,83,0.0,0.35,0.0,0.104705882,0.0,0.192222222,0.006666667,0.0875,0.127375,0.036923077,0.081666667,0.0075,0.000103333,0.05,0.118571429,0.0,0.031818182
11403,Vegetables and Vegetable Products,"POTATOES,FRENCH FR,ALL TYPES,SALT ADDED IN PROC,FRZ,OVEN HTD","Potatoes, french fried, all types, salt added in processing, frozen, home-prepared, oven heated",,,,158,2.75,5.48,25.55,0.37,2.0,0.0,0.261,0.0,8.6,0.39,23,2.077,0.032,0.13,12,0.104,0.57,24,0.154,87,0.4,0.35,0.0,0.153529412,0.0,0.095555556,0.026,0.0575,0.1298125,0.024615385,0.108333333,0.01,0.000115556,0.057142857,0.124285714,0.007272727,0.031818182
11406,Vegetables and Vegetable Products,"POTATOES,FRNCH FR,CTTG-CUT,SALT NOT ADDED,FRZ,AS PRCH","Potatoes, french fried, cottage-cut, salt not added in processing, frozen, as purchased",,,,153,2.42,5.78,23.98,0.0,3.0,0.0,0.18,0.0,8.4,0.0,15,1.789,0.023,0.099,7,0.141,1.05,16,0.214,46,0.3,0.29,0.0,0.105882353,0.0,0.093333333,0.0,0.0375,0.1118125,0.017692308,0.0825,0.005833333,0.000156667,0.038095238,0.065714286,0.005454545,0.026363636
11407,Vegetables and Vegetable Products,"POTATOES,FRENCH FR,COTTAGE-CUT,SALT NOT ADDED,FRZ,OVEN-HTD","Potatoes, french fried, cottage-cut, salt not added in processing, frozen, oven-heated",,,,218,3.44,8.2,34.03,0.0,3.2,0.0,0.243,0.0,9.5,0.0,17,2.413,0.031,0.119,10,0.2,1.49,22,0.304,65,0.4,0.41,0.0,0.142941176,0.0,0.105555556,0.0,0.0425,0.1508125,0.023846154,0.099166667,0.008333333,0.000222222,0.052380952,0.092857143,0.007272727,0.037272727
11408,Vegetables and Vegetable Products,"POTATOES,FRZ,FRENCH FR,PAR FR,EXTRUDED,UNPREP","Potatoes, frozen, french fried, par fried, extruded, unprepared",,,,260,2.83,14.95,30.15,0.0,4.5,0.0,0.18,0.0,6.3,0.0,22,2.241,0.031,0.074,9,0.032,1.32,18,0.227,77,0.5,0.33,0.0,0.105882353,0.0,0.07,0.0,0.055,0.1400625,0.023846154,0.061666667,0.0075,3.55556e-05,0.042857143,0.11,0.009090909,0.03
11409,Vegetables and Vegetable Products,"POTATOES,FRZ,FRCH FR,PAR FR,EXTRUDED,PREP,HTD OVEN,WO/SALT","Potatoes, frozen, french fried, par fried, extruded, prepared, heated in oven, without salt",,,,333,3.55,18.71,39.68,0.0,3.2,0.0,0.213,0.0,6.2,0.0,22,2.665,0.037,0.08,12,0.04,1.66,23,0.285,96,0.6,0.41,0.0,0.125294118,0.0,0.068888889,0.0,0.055,0.1665625,0.028461538,0.066666667,0.01,4.44444e-05,0.054761905,0.137142857,0.010909091,0.037272727
11410,Vegetables and Vegetable Products,"USDA COMMODITY,POTATO WEDGES,FRZ","USDA Commodity, Potato wedges, frozen",,,,123,2.7,2.2,25.5,0.3,2.0,0.0,0.35,0.0,11.2,0.0,0,1.54,0.04,0.1,15,0.0,0.7,19,0.0,87,0.0,0.37,0.0,0.205882353,0.0,0.124444444,0.0,0.0,0.09625,0.030769231,0.083333333,0.0125,0.0,0.045238095,0.124285714,0.0,0.033636364
11411,Vegetables and Vegetable Products,"POTATOES,FRENCH FR,STK FRIES,SALT ADDED IN PROC,FRZ,AS PRCH","Potatoes, french fried, steak fries, salt added in processing, frozen, as purchased",,,,133,2.19,3.39,23.51,0.2,1.9,0.0,0.168,0.0,18.4,0.08,0,2.005,0.072,0.098,9,0.092,0.65,21,0.161,78,0.4,0.36,0.0,0.098823529,0.0,0.204444444,0.005333333,0.0,0.1253125,0.055384615,0.081666667,0.0075,0.000102222,0.05,0.111428571,0.007272727,0.032727273
11412,Vegetables and Vegetable Products,"POTATOES,FRENCH FR,STK FRIES,SALT ADDED IN PROC,FRZ,OVEN-HTD","Potatoes, french fried, steak fries, salt added in processing, frozen, oven-heated",,,,152,2.57,3.76,26.98,0.25,2.6,0.0,0.192,0.0,14.0,0.08,0,2.24,0.029,0.132,10,0.095,0.64,23,0.189,90,0.0,0.41,0.0,0.112941176,0.0,0.155555556,0.005333333,0.0,0.14,0.022307692,0.11,0.008333333,0.000105556,0.054761905,0.128571429,0.0,0.037272727
11413,Vegetables and Vegetable Products,POTATO FLOUR,Potato flour,,,,357,6.9,0.34,83.1,3.52,5.9,0.0,0.769,0.0,3.8,0.25,25,3.507,0.051,0.228,65,0.197,1.38,65,0.313,168,1.1,0.54,0.0,0.452352941,0.0,0.042222222,0.016666667,0.0625,0.2191875,0.039230769,0.19,0.054166667,0.000218889,0.154761905,0.24,0.02,0.049090909
11414,Vegetables and Vegetable Products,"POTATO SALAD,HOME-PREPARED","Potato salad, home-prepared",,,,143,2.68,8.2,11.17,0.0,1.3,32.0,0.141,0.0,10.0,0.0,7,0.89,0.06,0.077,19,0.118,0.65,15,0.101,52,4.1,0.31,0.035555556,0.082941176,0.0,0.111111111,0.0,0.0175,0.055625,0.046153846,0.064166667,0.015833333,0.000131111,0.035714286,0.074285714,0.074545455,0.028181818
11416,Vegetables and Vegetable Products,"PUMPKIN FLOWERS,RAW","Pumpkin flowers, raw",,,Cucurbita spp.,15,1.03,0.07,3.28,0.0,0.0,97.0,0.0,0.0,28.0,0.0,59,0.69,0.075,0.042,39,0.0,0.7,24,0.0,49,0.7,0.0,0.107777778,0.0,0.0,0.311111111,0.0,0.1475,0.043125,0.057692308,0.035,0.0325,0.0,0.057142857,0.07,0.012727273,0.0
11417,Vegetables and Vegetable Products,"PUMPKIN FLOWERS,CKD,BLD,DRND,WO/SALT","Pumpkin flowers, cooked, boiled, drained, without salt",,,,15,1.09,0.08,3.3,2.4,0.9,87.0,0.05,0.0,5.0,0.04,41,0.31,0.032,0.018,37,0.1,0.88,25,0.0,34,0.7,0.1,0.096666667,0.029411765,0.0,0.055555556,0.002666667,0.1025,0.019375,0.024615385,0.015,0.030833333,0.000111111,0.05952381,0.048571429,0.012727273,0.009090909
11418,Vegetables and Vegetable Products,"PUMPKIN LEAVES,RAW","Pumpkin leaves, raw",,,Cucurbita spp.,19,3.15,0.4,2.33,0.0,0.0,97.0,0.207,0.0,11.0,0.0,36,0.92,0.128,0.094,39,0.133,2.22,38,0.355,104,0.9,0.2,0.107777778,0.121764706,0.0,0.122222222,0.0,0.09,0.0575,0.098461538,0.078333333,0.0325,0.000147778,0.09047619,0.148571429,0.016363636,0.018181818
11419,Vegetables and Vegetable Products,"PUMPKIN LEAVES,CKD,BLD,DRND,WO/SALT","Pumpkin leaves, cooked, boiled, drained, without salt",,,,21,2.72,0.22,3.39,0.69,2.7,80.0,0.196,0.0,1.0,0.96,25,0.85,0.136,0.068,43,0.133,3.2,38,0.355,79,0.9,0.2,0.088888889,0.115294118,0.0,0.011111111,0.064,0.0625,0.053125,0.104615385,0.056666667,0.035833333,0.000147778,0.09047619,0.112857143,0.016363636,0.018181818
11422,Vegetables and Vegetable Products,"PUMPKIN,RAW","Pumpkin, raw",,,Cucurbita spp.,26,1.0,0.1,6.5,2.76,0.5,426.0,0.061,0.0,9.0,1.06,16,0.6,0.11,0.05,21,0.127,0.8,12,0.125,44,0.3,0.32,0.473333333,0.035882353,0.0,0.1,0.070666667,0.04,0.0375,0.084615385,0.041666667,0.0175,0.000141111,0.028571429,0.062857143,0.005454545,0.029090909
11423,Vegetables and Vegetable Products,"PUMPKIN,CKD,BLD,DRND,WO/SALT","Pumpkin, cooked, boiled, drained, without salt",,,,20,0.72,0.07,4.9,2.08,1.1,288.0,0.044,0.0,4.7,0.8,9,0.413,0.078,0.031,15,0.091,0.57,9,0.089,30,0.2,0.23,0.32,0.025882353,0.0,0.052222222,0.053333333,0.0225,0.0258125,0.06,0.025833333,0.0125,0.000101111,0.021428571,0.042857143,0.003636364,0.020909091
11424,Vegetables and Vegetable Products,"PUMPKIN,CND,WO/SALT","Pumpkin, canned, without salt",,,,34,1.1,0.28,8.09,3.3,2.9,778.0,0.056,0.0,4.2,1.06,12,0.367,0.054,0.024,26,0.107,1.39,23,0.149,35,0.4,0.17,0.864444444,0.032941176,0.0,0.046666667,0.070666667,0.03,0.0229375,0.041538462,0.02,0.021666667,0.000118889,0.054761905,0.05,0.007272727,0.015454545
11426,Vegetables and Vegetable Products,"PUMPKIN PIE MIX,CANNED","Pumpkin pie mix, canned",,,,104,1.09,0.13,26.39,0.0,8.3,415.0,0.159,0.0,3.5,0.0,35,0.374,0.118,0.016,37,0.068,1.06,16,0.401,45,1.1,0.27,0.461111111,0.093529412,0.0,0.038888889,0.0,0.0875,0.023375,0.090769231,0.013333333,0.030833333,7.55556e-05,0.038095238,0.064285714,0.02,0.024545455
11427,Vegetables and Vegetable Products,"PURSLANE,RAW","Purslane, raw",,,Portulaca oleracea,20,2.03,0.36,3.39,0.0,0.0,0.0,0.073,0.0,21.0,0.0,12,0.48,0.112,0.047,65,0.113,1.99,68,0.303,44,0.9,0.17,0.0,0.042941176,0.0,0.233333333,0.0,0.03,0.03,0.086153846,0.039166667,0.054166667,0.000125556,0.161904762,0.062857143,0.016363636,0.015454545
11428,Vegetables and Vegetable Products,"PURSLANE,CKD,BLD,DRND,WO/SALT","Purslane, cooked, boiled, drained, without salt",,,,18,1.49,0.19,3.55,0.0,0.0,93.0,0.07,0.0,10.5,0.0,9,0.46,0.09,0.031,78,0.114,0.77,67,0.307,37,0.9,0.17,0.103333333,0.041176471,0.0,0.116666667,0.0,0.0225,0.02875,0.069230769,0.025833333,0.065,0.000126667,0.15952381,0.052857143,0.016363636,0.015454545
11429,Vegetables and Vegetable Products,"RADISHES,RAW","Radishes, raw",,,Raphanus sativus,16,0.68,0.1,3.4,1.86,1.6,0.0,0.071,0.0,14.8,0.0,25,0.254,0.039,0.012,25,0.05,0.34,10,0.069,20,0.6,0.28,0.0,0.041764706,0.0,0.164444444,0.0,0.0625,0.015875,0.03,0.01,0.020833333,5.55556e-05,0.023809524,0.028571429,0.010909091,0.025454545
11430,Vegetables and Vegetable Products,"RADISHES,ORIENTAL,RAW","Radishes, oriental, raw",,,Raphanus sativus (Longipinratus Group),18,0.6,0.1,4.1,2.5,1.6,0.0,0.046,0.0,22.0,0.0,28,0.2,0.02,0.02,27,0.115,0.4,16,0.038,23,0.7,0.15,0.0,0.027058824,0.0,0.244444444,0.0,0.07,0.0125,0.015384615,0.016666667,0.0225,0.000127778,0.038095238,0.032857143,0.012727273,0.013636364
11431,Vegetables and Vegetable Products,"RADISHES,ORIENTAL,CKD,BLD,DRND,WO/SALT","Radishes, oriental, cooked, boiled, drained, without salt",,,,17,0.67,0.24,3.43,1.83,1.6,0.0,0.038,0.0,15.1,0.0,17,0.15,0.023,0.0,17,0.101,0.15,9,0.033,24,0.7,0.13,0.0,0.022352941,0.0,0.167777778,0.0,0.0425,0.009375,0.017692308,0.0,0.014166667,0.000112222,0.021428571,0.034285714,0.012727273,0.011818182
11432,Vegetables and Vegetable Products,"RADISHES,ORIENTAL,DRIED","Radishes, oriental, dried",,,,271,7.9,0.72,63.37,37.32,23.9,0.0,0.618,0.0,0.0,0.01,295,3.4,0.68,0.27,629,1.631,6.73,170,0.539,204,0.7,2.13,0.0,0.363529412,0.0,0.0,0.000666667,0.7375,0.2125,0.523076923,0.225,0.524166667,0.001812222,0.404761905,0.291428571,0.012727273,0.193636364
11435,Vegetables and Vegetable Products,"RUTABAGAS,RAW","Rutabagas, raw",,,Brassica napus var. napobrassica,37,1.08,0.16,8.62,4.46,2.3,0.0,0.1,0.0,25.0,0.3,21,0.7,0.04,0.09,43,0.032,0.44,20,0.131,53,0.7,0.24,0.0,0.058823529,0.0,0.277777778,0.02,0.0525,0.04375,0.030769231,0.075,0.035833333,3.55556e-05,0.047619048,0.075714286,0.012727273,0.021818182
11436,Vegetables and Vegetable Products,"RUTABAGAS,CKD,BLD,DRND,WO/SALT","Rutabagas, cooked, boiled, drained, without salt",,,,30,0.93,0.18,6.84,3.95,1.8,0.0,0.102,0.0,18.8,0.24,15,0.715,0.041,0.082,18,0.029,0.18,10,0.097,41,0.7,0.12,0.0,0.06,0.0,0.208888889,0.016,0.0375,0.0446875,0.031538462,0.068333333,0.015,3.22222e-05,0.023809524,0.058571429,0.012727273,0.010909091
11437,Vegetables and Vegetable Products,"SALSIFY,(VEG OYSTER),RAW","Salsify, (vegetable oyster), raw",,,Tragopogon porrifolius,82,3.3,0.2,18.6,0.0,3.3,0.0,0.277,0.0,8.0,0.0,26,0.5,0.22,0.08,60,0.089,0.7,23,0.268,75,0.8,0.38,0.0,0.162941176,0.0,0.088888889,0.0,0.065,0.03125,0.169230769,0.066666667,0.05,9.88889e-05,0.054761905,0.107142857,0.014545455,0.034545455
11438,Vegetables and Vegetable Products,"SALSIFY,CKD,BLD,DRND,WO/SALT","Salsify, cooked, boiled, drained, without salt",,,,68,2.73,0.17,15.36,2.9,3.1,0.0,0.218,0.0,4.6,0.19,15,0.392,0.173,0.056,47,0.07,0.55,18,0.21,56,0.6,0.3,0.0,0.128235294,0.0,0.051111111,0.012666667,0.0375,0.0245,0.133076923,0.046666667,0.039166667,7.77778e-05,0.042857143,0.08,0.010909091,0.027272727
11439,Vegetables and Vegetable Products,"SAUERKRAUT,CND,SOL&LIQUIDS","Sauerkraut, canned, solids and liquids",,,,19,0.91,0.14,4.28,1.78,2.9,1.0,0.13,0.0,14.7,0.14,24,0.143,0.022,0.021,30,0.096,1.47,13,0.151,20,0.6,0.19,0.001111111,0.076470588,0.0,0.163333333,0.009333333,0.06,0.0089375,0.016923077,0.0175,0.025,0.000106667,0.030952381,0.028571429,0.010909091,0.017272727
11442,Vegetables and Vegetable Products,"SEAWEED,AGAR,RAW","Seaweed, agar, raw",,,Eucheuma spp.,26,0.54,0.03,6.75,0.28,0.5,0.0,0.032,0.0,0.0,0.87,85,0.055,0.022,0.005,54,0.061,1.86,67,0.373,5,0.7,0.58,0.0,0.018823529,0.0,0.0,0.058,0.2125,0.0034375,0.016923077,0.004166667,0.045,6.77778e-05,0.15952381,0.007142857,0.012727273,0.052727273
11444,Vegetables and Vegetable Products,"SEAWEED,IRISHMOSS,RAW","Seaweed, irishmoss, raw",,,Chondrus crispus,49,1.51,0.16,12.29,0.61,1.3,6.0,0.069,0.0,3.0,0.87,182,0.593,0.466,0.015,72,0.149,8.9,144,0.37,157,0.7,1.95,0.006666667,0.040588235,0.0,0.033333333,0.058,0.455,0.0370625,0.358461538,0.0125,0.06,0.000165556,0.342857143,0.224285714,0.012727273,0.177272727
11445,Vegetables and Vegetable Products,"SEAWEED,KELP,RAW","Seaweed, kelp, raw",,,Laminaria spp.,43,1.68,0.56,9.57,0.6,1.3,6.0,0.002,0.0,3.0,0.87,180,0.47,0.15,0.05,168,0.13,2.85,121,0.2,42,0.7,1.23,0.006666667,0.001176471,0.0,0.033333333,0.058,0.45,0.029375,0.115384615,0.041666667,0.14,0.000144444,0.288095238,0.06,0.012727273,0.111818182
11446,Vegetables and Vegetable Products,"SEAWEED,LAVER,RAW","Seaweed, laver, raw",,,Porphyra laciniata,35,5.81,0.28,5.11,0.49,0.3,260.0,0.159,0.0,39.0,1.0,146,1.47,0.446,0.098,70,0.264,1.8,2,0.988,58,0.7,1.05,0.288888889,0.093529412,0.0,0.433333333,0.066666667,0.365,0.091875,0.343076923,0.081666667,0.058333333,0.000293333,0.004761905,0.082857143,0.012727273,0.095454545
11447,Vegetables and Vegetable Products,"SESBANIA FLOWER,RAW","Sesbania flower, raw",,,Sesbania spp.,27,1.28,0.04,6.73,0.0,0.0,0.0,0.0,0.0,73.0,0.0,102,0.43,0.081,0.083,19,0.0,0.84,12,0.0,30,0.9,0.0,0.0,0.0,0.0,0.811111111,0.0,0.255,0.026875,0.062307692,0.069166667,0.015833333,0.0,0.028571429,0.042857143,0.016363636,0.0
11448,Vegetables and Vegetable Products,"SESBANIA FLOWER,CKD,STMD,WO/SALT","Sesbania flower, cooked, steamed, without salt",,,,22,1.14,0.05,5.23,0.0,0.0,0.0,0.0,0.0,37.0,0.0,57,0.25,0.043,0.048,22,0.0,0.56,12,0.0,21,0.7,0.0,0.0,0.0,0.0,0.411111111,0.0,0.1425,0.015625,0.033076923,0.04,0.018333333,0.0,0.028571429,0.03,0.012727273,0.0
11450,Vegetables and Vegetable Products,"SOYBEANS,GREEN,RAW","Soybeans, green, raw",,,Glycine max,147,12.95,6.8,11.05,0.0,4.2,9.0,0.065,0.0,29.0,0.0,165,1.65,0.175,0.435,197,0.128,3.55,65,0.547,194,1.5,0.99,0.01,0.038235294,0.0,0.322222222,0.0,0.4125,0.103125,0.134615385,0.3625,0.164166667,0.000142222,0.154761905,0.277142857,0.027272727,0.09
11451,Vegetables and Vegetable Products,"SOYBEANS,GRN,CKD,BLD,DRND,WO/SALT","Soybeans, green, cooked, boiled, drained, without salt",,,,141,12.35,6.4,11.05,0.0,4.2,8.0,0.06,0.0,17.0,0.0,111,1.25,0.155,0.26,145,0.117,2.5,60,0.502,158,1.4,0.91,0.008888889,0.035294118,0.0,0.188888889,0.0,0.2775,0.078125,0.119230769,0.216666667,0.120833333,0.00013,0.142857143,0.225714286,0.025454545,0.082727273
11452,Vegetables and Vegetable Products,"SOYBEANS,MATURE SEEDS,SPROUTED,RAW","Soybeans, mature seeds, sprouted, raw",,,Glycine max,122,13.09,6.7,9.57,0.0,1.1,1.0,0.176,0.0,15.3,0.0,172,1.148,0.118,0.34,67,0.427,2.1,72,0.702,164,0.6,1.17,0.001111111,0.103529412,0.0,0.17,0.0,0.43,0.07175,0.090769231,0.283333333,0.055833333,0.000474444,0.171428571,0.234285714,0.010909091,0.106363636
11453,Vegetables and Vegetable Products,"SOYBEANS,MATURE SEEDS,SPROUTED,CKD,STMD","Soybeans, mature seeds, sprouted, cooked, steamed",,,,81,8.47,4.45,6.53,0.52,0.8,2.0,0.105,0.0,8.3,0.21,80,1.092,0.053,0.205,59,0.33,1.31,60,0.71,135,0.6,1.04,0.002222222,0.061764706,0.0,0.092222222,0.014,0.2,0.06825,0.040769231,0.170833333,0.049166667,0.000366667,0.142857143,0.192857143,0.010909091,0.094545455
11454,Vegetables and Vegetable Products,"SOYBEANS,MATURE SEEDS,SPROUTED,CKD,STIR-FRIED","Soybeans, mature seeds, sprouted, cooked, stir-fried",,,,125,13.1,7.1,9.4,0.0,0.8,1.0,0.168,0.0,12.0,0.0,127,1.1,0.19,0.42,82,0.527,0.4,96,1.133,216,0.6,2.1,0.001111111,0.098823529,0.0,0.133333333,0.0,0.3175,0.06875,0.146153846,0.35,0.068333333,0.000585556,0.228571429,0.308571429,0.010909091,0.190909091
11457,Vegetables and Vegetable Products,"SPINACH,RAW","Spinach, raw",,,Spinacia oleracea,23,2.86,0.39,3.63,0.42,2.2,469.0,0.195,0.0,28.1,2.03,194,0.724,0.189,0.078,99,0.13,2.71,79,0.897,49,1.0,0.53,0.521111111,0.114705882,0.0,0.312222222,0.135333333,0.485,0.04525,0.145384615,0.065,0.0825,0.000144444,0.188095238,0.07,0.018181818,0.048181818
11458,Vegetables and Vegetable Products,"SPINACH,CKD,BLD,DRND,WO/ SALT","Spinach, cooked, boiled, drained, without salt",,,,23,2.97,0.26,3.75,0.43,2.4,524.0,0.242,0.0,9.8,2.08,146,0.49,0.236,0.095,136,0.174,3.57,87,0.935,56,1.5,0.76,0.582222222,0.142352941,0.0,0.108888889,0.138666667,0.365,0.030625,0.181538462,0.079166667,0.113333333,0.000193333,0.207142857,0.08,0.027272727,0.069090909
11459,Vegetables and Vegetable Products,"SPINACH,CND,REG PK,SOL&LIQUIDS","Spinach, canned, regular pack, solids and liquids",,,,19,2.11,0.37,2.92,0.0,1.6,322.0,0.08,0.0,13.5,0.0,58,0.271,0.106,0.018,83,0.116,1.58,56,0.493,32,1.2,0.42,0.357777778,0.047058824,0.0,0.15,0.0,0.145,0.0169375,0.081538462,0.015,0.069166667,0.000128889,0.133333333,0.045714286,0.021818182,0.038181818
11461,Vegetables and Vegetable Products,"SPINACH,CND,REG PK,DRND SOL","Spinach, canned, regular pack, drained solids",,,,23,2.81,0.5,3.4,0.4,2.4,490.0,0.1,0.0,14.3,1.94,98,0.388,0.138,0.016,127,0.18,2.3,76,0.597,44,1.4,0.46,0.544444444,0.058823529,0.0,0.158888889,0.129333333,0.245,0.02425,0.106153846,0.013333333,0.105833333,0.0002,0.180952381,0.062857143,0.025454545,0.041818182
11463,Vegetables and Vegetable Products,"SPINACH,FRZ,CHOPD OR LEAF,UNPREP","Spinach, frozen, chopped or leaf, unprepared",,,,29,3.63,0.57,4.21,0.65,2.9,586.0,0.172,0.0,5.5,2.9,145,0.507,0.224,0.094,129,0.144,1.89,75,0.704,49,6.0,0.56,0.651111111,0.101176471,0.0,0.061111111,0.193333333,0.3625,0.0316875,0.172307692,0.078333333,0.1075,0.00016,0.178571429,0.07,0.109090909,0.050909091
11464,Vegetables and Vegetable Products,"SPINACH,FRZ,CHOPD OR LEAF,CKD,BLD,DRND,WO/SALT","Spinach, frozen, chopped or leaf, cooked, boiled, drained, without salt",,,,34,4.01,0.87,4.8,0.51,3.7,603.0,0.136,0.0,2.2,3.54,121,0.439,0.176,0.078,153,0.161,1.96,82,0.717,50,5.5,0.49,0.67,0.08,0.0,0.024444444,0.236,0.3025,0.0274375,0.135384615,0.065,0.1275,0.000178889,0.195238095,0.071428571,0.1,0.044545455
11467,Vegetables and Vegetable Products,"SQUASH,SMMR,CROOKNECK&STRAIGHTNECK,RAW","Squash, summer, crookneck and straightneck, raw",,,Cucurbita spp.,19,1.01,0.27,3.88,2.88,1.0,8.0,0.104,0.0,19.3,0.13,19,0.448,0.041,0.051,21,0.092,0.44,20,0.172,32,0.2,0.29,0.008888889,0.061176471,0.0,0.214444444,0.008666667,0.0475,0.028,0.031538462,0.0425,0.0175,0.000102222,0.047619048,0.045714286,0.003636364,0.026363636
11468,Vegetables and Vegetable Products,"SQUASH,SMMR,CROOKNECK & STRAIGHTNECK,CKD,BLD,DRND,WO/ SALT","Squash, summer, crookneck and straightneck, cooked, boiled, drained, without salt",,,,23,1.04,0.39,3.79,2.48,1.1,56.0,0.078,0.0,11.6,0.12,23,0.507,0.025,0.043,22,0.065,0.37,16,0.157,29,0.2,0.22,0.062222222,0.045882353,0.0,0.128888889,0.008,0.0575,0.0316875,0.019230769,0.035833333,0.018333333,7.22222e-05,0.038095238,0.041428571,0.003636364,0.02
11471,Vegetables and Vegetable Products,"SQUASH,SMMR,CROOKNECK&STRAIGHTNECK,CND,DRND,SOLID,WO/SALT","Squash, summer, crookneck and straightneck, canned, drained, solid, without salt",,,,13,0.61,0.07,2.96,1.19,1.4,5.0,0.042,0.0,2.7,0.12,10,0.418,0.027,0.016,12,0.08,0.71,13,0.097,21,0.2,0.29,0.005555556,0.024705882,0.0,0.03,0.008,0.025,0.026125,0.020769231,0.013333333,0.01,8.88889e-05,0.030952381,0.03,0.003636364,0.026363636
11473,Vegetables and Vegetable Products,"SQUASH,SMMR,CROOKNECK&STRAIGHTNECK,FRZ,UNPREP","Squash, summer, crookneck and straightneck, frozen, unprepared",,,,20,0.83,0.14,4.8,0.0,1.2,14.0,0.088,0.0,6.4,0.0,12,0.4,0.048,0.04,18,0.085,0.48,23,0.162,35,0.2,0.37,0.015555556,0.051764706,0.0,0.071111111,0.0,0.03,0.025,0.036923077,0.033333333,0.015,9.44444e-05,0.054761905,0.05,0.003636364,0.033636364
11474,Vegetables and Vegetable Products,"SQUASH,SMMR,CROOKNECK&STRAIGHTNECK,FRZ,CKD,BLD,DRND,WO/SALT","Squash, summer, crookneck and straightneck, frozen, cooked, boiled, drained, without salt",,,,25,1.28,0.2,5.54,2.33,1.4,10.0,0.099,0.0,6.8,0.15,13,0.44,0.047,0.036,20,0.073,0.52,27,0.263,41,0.3,0.34,0.011111111,0.058235294,0.0,0.075555556,0.01,0.0325,0.0275,0.036153846,0.03,0.016666667,8.11111e-05,0.064285714,0.058571429,0.005454545,0.030909091
11475,Vegetables and Vegetable Products,"SQUASH,SUMMER,SCALLOP,RAW","Squash, summer, scallop, raw",,,Cucurbita spp.,18,1.2,0.2,3.84,2.39,1.2,11.0,0.109,0.0,18.0,0.13,30,0.6,0.03,0.07,19,0.102,0.4,23,0.157,36,0.2,0.29,0.012222222,0.064117647,0.0,0.2,0.008666667,0.075,0.0375,0.023076923,0.058333333,0.015833333,0.000113333,0.054761905,0.051428571,0.003636364,0.026363636
11476,Vegetables and Vegetable Products,"SQUASH,SMMR,SCALLOP,CKD,BLD,DRND,WO/SALT","Squash, summer, scallop, cooked, boiled, drained, without salt",,,,16,1.03,0.17,3.3,1.5,1.9,4.0,0.085,0.0,10.8,0.12,21,0.464,0.025,0.051,15,0.083,0.33,19,0.128,28,0.2,0.24,0.004444444,0.05,0.0,0.12,0.008,0.0525,0.029,0.019230769,0.0425,0.0125,9.22222e-05,0.045238095,0.04,0.003636364,0.021818182
11477,Vegetables and Vegetable Products,"SQUASH,SMMR,ZUCCHINI,INCL SKN,RAW","Squash, summer, zucchini, includes skin, raw",,,,17,1.21,0.32,3.11,2.5,1.0,10.0,0.163,0.0,17.9,0.12,24,0.451,0.094,0.045,16,0.053,0.37,18,0.177,38,0.2,0.32,0.011111111,0.095882353,0.0,0.198888889,0.008,0.06,0.0281875,0.072307692,0.0375,0.013333333,5.88889e-05,0.042857143,0.054285714,0.003636364,0.029090909
11478,Vegetables and Vegetable Products,"SQUASH,SMMR,ZUCCHINI,INCL SKN,CKD,BLD,DRND,WO/SALT","Squash, summer, zucchini, includes skin, cooked, boiled, drained, without salt",,,,15,1.14,0.36,2.69,1.71,1.0,56.0,0.08,0.0,12.9,0.12,28,0.51,0.024,0.035,18,0.052,0.37,19,0.173,37,0.2,0.33,0.062222222,0.047058824,0.0,0.143333333,0.008,0.07,0.031875,0.018461538,0.029166667,0.015,5.77778e-05,0.045238095,0.052857143,0.003636364,0.03
11479,Vegetables and Vegetable Products,"SQUASH,SMMR,ZUCCHINI,INCL SKN,FRZ,UNPREP","Squash, summer, zucchini, includes skin, frozen, unprepared",,,,17,1.16,0.13,3.58,1.71,1.3,10.0,0.05,0.0,5.3,0.12,10,0.433,0.042,0.048,18,0.05,0.51,13,0.244,28,0.2,0.21,0.011111111,0.029411765,0.0,0.058888889,0.008,0.025,0.0270625,0.032307692,0.04,0.015,5.55556e-05,0.030952381,0.04,0.003636364,0.019090909
11480,Vegetables and Vegetable Products,"SQUASH,SMMR,ZUCCHINI,INCL SKN,FRZ,CKD,BLD,DRND,WO/SALT","Squash, summer, zucchini, includes skin, frozen, cooked, boiled, drained, without salt",,,,17,1.15,0.13,3.56,1.69,1.3,9.0,0.045,0.0,3.7,0.12,8,0.386,0.04,0.041,17,0.047,0.48,13,0.23,25,0.2,0.2,0.01,0.026470588,0.0,0.041111111,0.008,0.02,0.024125,0.030769231,0.034166667,0.014166667,5.22222e-05,0.030952381,0.035714286,0.003636364,0.018181818
11481,Vegetables and Vegetable Products,"SQUASH,SMMR,ZUCCHINI,ITALIAN STYLE,CND","Squash, summer, zucchini, italian style, canned",,,,29,1.03,0.11,6.85,0.0,0.0,27.0,0.152,0.0,2.3,0.0,30,0.528,0.04,0.042,17,0.098,0.68,14,0.24,29,0.4,0.26,0.03,0.089411765,0.0,0.025555556,0.0,0.075,0.033,0.030769231,0.035,0.014166667,0.000108889,0.033333333,0.041428571,0.007272727,0.023636364
11482,Vegetables and Vegetable Products,"SQUASH,WINTER,ACORN,RAW","Squash, winter, acorn, raw",,,Cucurbita maxima,40,0.8,0.1,10.42,0.0,1.5,18.0,0.154,0.0,11.0,0.0,17,0.7,0.01,0.14,33,0.065,0.7,32,0.167,36,0.5,0.13,0.02,0.090588235,0.0,0.122222222,0.0,0.0425,0.04375,0.007692308,0.116666667,0.0275,7.22222e-05,0.076190476,0.051428571,0.009090909,0.011818182
11483,Vegetables and Vegetable Products,"SQUASH,WNTR,ACORN,CKD,BKD,WO/SALT","Squash, winter, acorn, cooked, baked, without salt",,,,56,1.12,0.14,14.58,0.0,4.4,21.0,0.194,0.0,10.8,0.0,19,0.881,0.013,0.167,44,0.086,0.93,43,0.242,45,0.7,0.17,0.023333333,0.114117647,0.0,0.12,0.0,0.0475,0.0550625,0.01,0.139166667,0.036666667,9.55556e-05,0.102380952,0.064285714,0.012727273,0.015454545
11484,Vegetables and Vegetable Products,"SQUASH,WNTR,ACORN,CKD,BLD,MSHD,WO/SALT","Squash, winter, acorn, cooked, boiled, mashed, without salt",,,,34,0.67,0.08,8.79,0.0,2.6,41.0,0.117,0.0,6.5,0.0,11,0.531,0.008,0.1,26,0.052,0.56,26,0.146,27,0.4,0.11,0.045555556,0.068823529,0.0,0.072222222,0.0,0.0275,0.0331875,0.006153846,0.083333333,0.021666667,5.77778e-05,0.061904762,0.038571429,0.007272727,0.01
11485,Vegetables and Vegetable Products,"SQUASH,WNTR,BUTTERNUT,RAW","Squash, winter, butternut, raw",,,Cucurbita moschata,45,1.0,0.1,11.69,2.2,2.0,532.0,0.154,0.0,21.0,1.44,27,1.2,0.02,0.1,48,0.072,0.7,34,0.202,33,0.5,0.15,0.591111111,0.090588235,0.0,0.233333333,0.096,0.0675,0.075,0.015384615,0.083333333,0.04,8e-05,0.080952381,0.047142857,0.009090909,0.013636364
11486,Vegetables and Vegetable Products,"SQUASH,WNTR,BUTTERNUT,CKD,BKD,WO/SALT","Squash, winter, butternut, cooked, baked, without salt",,,,40,0.9,0.09,10.49,1.97,3.2,558.0,0.124,0.0,15.1,1.29,19,0.969,0.017,0.072,41,0.065,0.6,29,0.172,27,0.5,0.13,0.62,0.072941176,0.0,0.167777778,0.086,0.0475,0.0605625,0.013076923,0.06,0.034166667,7.22222e-05,0.069047619,0.038571429,0.009090909,0.011818182
11487,Vegetables and Vegetable Products,"SQUASH,WNTR,BUTTERNUT,FRZ,UNPREP","Squash, winter, butternut, frozen, unprepared",,,,57,1.76,0.1,14.41,2.83,1.3,240.0,0.11,0.0,6.2,1.85,24,0.74,0.059,0.09,29,0.051,0.88,14,0.248,22,0.7,0.17,0.266666667,0.064705882,0.0,0.068888889,0.123333333,0.06,0.04625,0.045384615,0.075,0.024166667,5.66667e-05,0.033333333,0.031428571,0.012727273,0.015454545
11488,Vegetables and Vegetable Products,"SQUASH,WNTR,BUTTERNUT,FRZ,CKD,BLD,WO/SALT","Squash, winter, butternut, frozen, cooked, boiled, without salt",,,,39,1.23,0.07,10.05,0.0,0.0,167.0,0.069,0.0,3.5,0.0,16,0.464,0.039,0.05,19,0.036,0.58,9,0.173,14,0.5,0.12,0.185555556,0.040588235,0.0,0.038888889,0.0,0.04,0.029,0.03,0.041666667,0.015833333,4e-05,0.021428571,0.02,0.009090909,0.010909091
11489,Vegetables and Vegetable Products,"SQUASH,WINTER,HUBBARD,RAW","Squash, winter, hubbard, raw",,,Cucurbita maxima,40,2.0,0.5,8.7,3.95,3.9,68.0,0.154,0.0,11.0,0.16,16,0.5,0.04,0.07,14,0.064,0.4,19,0.179,21,0.5,0.13,0.075555556,0.090588235,0.0,0.122222222,0.010666667,0.04,0.03125,0.030769231,0.058333333,0.011666667,7.11111e-05,0.045238095,0.03,0.009090909,0.011818182
11490,Vegetables and Vegetable Products,"SQUASH,WNTR,HUBBARD,BKD,WO/ SALT","Squash, winter, hubbard, baked, without salt",,,,50,2.48,0.62,10.81,4.9,4.9,335.0,0.172,0.0,9.5,0.2,16,0.558,0.047,0.074,17,0.045,0.47,22,0.17,23,0.6,0.15,0.372222222,0.101176471,0.0,0.105555556,0.013333333,0.04,0.034875,0.036153846,0.061666667,0.014166667,5e-05,0.052380952,0.032857143,0.010909091,0.013636364
11491,Vegetables and Vegetable Products,"SQUASH,WNTR,HUBBARD,CKD,BLD,MSHD,WO/SALT","Squash, winter, hubbard, cooked, boiled, mashed, without salt",,,,30,1.48,0.37,6.46,2.93,2.9,200.0,0.103,0.0,6.5,0.12,10,0.334,0.028,0.042,10,0.047,0.28,13,0.126,14,0.3,0.1,0.222222222,0.060588235,0.0,0.072222222,0.008,0.025,0.020875,0.021538462,0.035,0.008333333,5.22222e-05,0.030952381,0.02,0.005454545,0.009090909
11492,Vegetables and Vegetable Products,"SQUASH,WNTR,SPAGHETTI,RAW","Squash, winter, spaghetti, raw",,,Cucurbita spp.,31,0.64,0.57,6.91,2.76,1.5,6.0,0.101,0.0,2.1,0.13,12,0.95,0.018,0.037,23,0.037,0.31,12,0.125,12,0.3,0.19,0.006666667,0.059411765,0.0,0.023333333,0.008666667,0.03,0.059375,0.013846154,0.030833333,0.019166667,4.11111e-05,0.028571429,0.017142857,0.005454545,0.017272727
11493,Vegetables and Vegetable Products,"SQUASH,WNTR,SPAGHETTI,CKD,BLD,DRND,OR BKD,WO/SALT","Squash, winter, spaghetti, cooked, boiled, drained, or baked, without salt",,,,27,0.66,0.26,6.46,2.53,1.4,6.0,0.099,0.0,3.5,0.12,8,0.81,0.022,0.038,21,0.035,0.34,11,0.109,14,0.3,0.2,0.006666667,0.058235294,0.0,0.038888889,0.008,0.02,0.050625,0.016923077,0.031666667,0.0175,3.88889e-05,0.026190476,0.02,0.005454545,0.018181818
11495,Vegetables and Vegetable Products,"SUCCOTASH,(CORN&LIMAS),RAW","Succotash, (corn and limas), raw",,,,99,5.03,1.02,19.59,0.0,3.8,15.0,0.13,0.0,15.1,0.0,40,1.587,0.082,0.208,18,0.186,1.83,48,0.688,113,0.6,0.61,0.016666667,0.076470588,0.0,0.167777778,0.0,0.1,0.0991875,0.063076923,0.173333333,0.015,0.000206667,0.114285714,0.161428571,0.010909091,0.055454545
11496,Vegetables and Vegetable Products,"SUCCOTASH,(CORN&LIMAS),CKD,BLD,DRND,WO/SALT","Succotash, (corn and limas), cooked, boiled, drained, without salt",,,,115,5.07,0.8,24.38,0.0,4.5,15.0,0.116,0.0,8.2,0.0,33,1.327,0.096,0.168,17,0.179,1.52,53,0.769,117,0.6,0.63,0.016666667,0.068235294,0.0,0.091111111,0.0,0.0825,0.0829375,0.073846154,0.14,0.014166667,0.000198889,0.126190476,0.167142857,0.010909091,0.057272727
11497,Vegetables and Vegetable Products,"SUCCOTASH,(CORN&LIMAS),CND,W/CRM STYLE CORN","Succotash, (corn and limas), canned, with cream style corn",,,,77,2.64,0.54,17.61,0.0,3.0,7.0,0.128,0.0,6.4,0.0,44,0.607,0.065,0.027,11,0.178,0.55,1,0.645,59,0.6,0.43,0.007777778,0.075294118,0.0,0.071111111,0.0,0.11,0.0379375,0.05,0.0225,0.009166667,0.000197778,0.002380952,0.084285714,0.010909091,0.039090909
11499,Vegetables and Vegetable Products,"SUCCOTASH,(CORN&LIMAS),CND,W/WHL KERNEL CORN,SOL&LIQUIDS","Succotash, (corn and limas), canned, with whole kernel corn, solids and liquids",,,,63,2.6,0.49,13.98,0.0,2.6,7.0,0.049,0.0,4.6,0.0,32,0.64,0.058,0.029,11,0.109,0.53,19,0.366,55,0.6,0.5,0.007777778,0.028823529,0.0,0.051111111,0.0,0.08,0.04,0.044615385,0.024166667,0.009166667,0.000121111,0.045238095,0.078571429,0.010909091,0.045454545
11501,Vegetables and Vegetable Products,"SUCCOTASH,(CORN&LIMAS),FRZ,UNPREP","Succotash, (corn and limas), frozen, unprepared",,,,93,4.31,0.89,19.94,0.0,4.0,13.0,0.1,0.0,8.5,0.0,42,1.375,0.072,0.087,16,0.063,0.94,24,0.295,78,0.6,0.47,0.014444444,0.058823529,0.0,0.094444444,0.0,0.105,0.0859375,0.055384615,0.0725,0.013333333,7e-05,0.057142857,0.111428571,0.010909091,0.042727273
11502,Vegetables and Vegetable Products,"SUCCOTASH,(CORN&LIMAS),FRZ,CKD,BLD,DRND,WO/SALT","Succotash, (corn and limas), frozen, cooked, boiled, drained, without salt",,,,93,4.31,0.89,19.95,2.21,4.1,10.0,0.095,0.0,5.9,0.18,33,1.306,0.068,0.074,15,0.06,0.89,23,0.28,70,0.6,0.45,0.011111111,0.055882353,0.0,0.065555556,0.012,0.0825,0.081625,0.052307692,0.061666667,0.0125,6.66667e-05,0.054761905,0.1,0.010909091,0.040909091
11503,Vegetables and Vegetable Products,"SWAMP CABBAGE,(SKUNK CABBAGE),RAW","Swamp cabbage, (skunk cabbage), raw",,,Ipomoea aquatica,19,2.6,0.2,3.14,0.0,2.1,315.0,0.096,0.0,55.0,0.0,57,0.9,0.1,0.03,77,0.023,1.67,71,0.16,39,0.9,0.18,0.35,0.056470588,0.0,0.611111111,0.0,0.1425,0.05625,0.076923077,0.025,0.064166667,2.55556e-05,0.169047619,0.055714286,0.016363636,0.016363636
11504,Vegetables and Vegetable Products,"SWAMP CABBAGE,CKD,BLD,DRND,WO/SALT","Swamp cabbage, cooked, boiled, drained, without salt",,,,20,2.08,0.24,3.71,0.0,1.9,260.0,0.081,0.0,16.0,0.0,35,0.5,0.08,0.05,54,0.021,1.32,30,0.143,42,0.9,0.16,0.288888889,0.047647059,0.0,0.177777778,0.0,0.0875,0.03125,0.061538462,0.041666667,0.045,2.33333e-05,0.071428571,0.06,0.016363636,0.014545455
11505,Vegetables and Vegetable Products,"SWEET POTATO LEAVES,RAW","Sweet potato leaves, raw",Sweetpotato leaves,,Ipomoea batatas,42,2.49,0.51,8.82,0.0,5.3,189.0,0.19,0.0,11.0,0.0,1,1.13,0.345,0.156,78,0.0,0.97,70,0.0,81,0.9,0.0,0.21,0.111764706,0.0,0.122222222,0.0,0.0025,0.070625,0.265384615,0.13,0.065,0.0,0.166666667,0.115714286,0.016363636,0.0
11506,Vegetables and Vegetable Products,"SWEET POTATO LEAVES,CKD,STMD,WO/ SALT","Sweet potato leaves, cooked, steamed, without salt",Sweetpotato leaves,,,41,2.18,0.34,7.38,5.48,1.9,147.0,0.16,0.0,1.5,0.96,49,1.003,0.267,0.112,33,0.033,0.63,48,0.229,40,0.9,0.26,0.163333333,0.094117647,0.0,0.016666667,0.064,0.1225,0.0626875,0.205384615,0.093333333,0.0275,3.66667e-05,0.114285714,0.057142857,0.016363636,0.023636364
11507,Vegetables and Vegetable Products,"SWEET POTATO,RAW,UNPREP","Sweet potato, raw, unprepared","Sweetpotato, Includes USDA commodity food A230",,Ipomoea batatas,86,1.57,0.05,20.12,4.18,3.0,709.0,0.209,0.0,2.4,0.26,11,0.557,0.061,0.078,30,0.151,0.61,25,0.258,47,0.6,0.3,0.787777778,0.122941176,0.0,0.026666667,0.017333333,0.0275,0.0348125,0.046923077,0.065,0.025,0.000167778,0.05952381,0.067142857,0.010909091,0.027272727
11508,Vegetables and Vegetable Products,"SWEET POTATO,CKD,BKD IN SKN,FLESH,WO/ SALT","Sweet potato, cooked, baked in skin, flesh, without salt",Sweetpotato,,,90,2.01,0.15,20.71,6.48,3.3,961.0,0.286,0.0,19.6,0.71,6,1.487,0.106,0.107,38,0.161,0.69,27,0.497,54,0.2,0.32,1.067777778,0.168235294,0.0,0.217777778,0.047333333,0.015,0.0929375,0.081538462,0.089166667,0.031666667,0.000178889,0.064285714,0.077142857,0.003636364,0.029090909
11510,Vegetables and Vegetable Products,"SWEET POTATO,CKD,BLD,WO/ SKN","Sweet potato, cooked, boiled, without skin",Sweetpotato,,,76,1.37,0.14,17.72,5.74,2.5,787.0,0.165,0.0,12.8,0.94,6,0.538,0.047,0.056,27,0.094,0.72,18,0.266,32,0.2,0.2,0.874444444,0.097058824,0.0,0.142222222,0.062666667,0.015,0.033625,0.036153846,0.046666667,0.0225,0.000104444,0.042857143,0.045714286,0.003636364,0.018181818
11512,Vegetables and Vegetable Products,"SWEETPOTATO,CND,VACUUM PK","Sweet potato, canned, vacuum pack",Sweetpotato,,,91,1.65,0.2,21.12,5.0,1.8,399.0,0.19,0.0,26.4,1.0,17,0.741,0.057,0.037,22,0.139,0.89,22,0.455,49,0.7,0.18,0.443333333,0.111764706,0.0,0.293333333,0.066666667,0.0425,0.0463125,0.043846154,0.030833333,0.018333333,0.000154444,0.052380952,0.07,0.012727273,0.016363636
11514,Vegetables and Vegetable Products,"SWEET POTATO,CND,MSHD","Sweet potato, canned, mashed",Sweetpotato,,,101,1.98,0.2,23.19,5.45,1.7,435.0,0.235,0.0,5.2,1.09,11,0.955,0.09,0.027,30,0.278,1.33,24,0.988,52,0.8,0.21,0.483333333,0.138235294,0.0,0.057777778,0.072666667,0.0275,0.0596875,0.069230769,0.0225,0.025,0.000308889,0.057142857,0.074285714,0.014545455,0.019090909
11516,Vegetables and Vegetable Products,"SWEET POTATO,FRZ,UNPREP","Sweet potato, frozen, unprepared",Sweetpotato,,,96,1.71,0.18,22.22,0.0,1.7,518.0,0.177,0.0,13.3,0.0,21,0.597,0.051,0.067,37,0.177,0.53,22,0.665,45,0.6,0.31,0.575555556,0.104117647,0.0,0.147777778,0.0,0.0525,0.0373125,0.039230769,0.055833333,0.030833333,0.000196667,0.052380952,0.064285714,0.010909091,0.028181818
11517,Vegetables and Vegetable Products,"SWEET POTATO,FRZ,CKD,BKD,WO/ SALT","Sweet potato, frozen, cooked, baked, without salt",Sweetpotato,,,100,1.71,0.12,23.4,9.17,1.8,1043.0,0.186,0.0,9.1,0.77,22,0.555,0.056,0.066,35,0.183,0.54,21,0.665,44,0.6,0.3,1.158888889,0.109411765,0.0,0.101111111,0.051333333,0.055,0.0346875,0.043076923,0.055,0.029166667,0.000203333,0.05,0.062857143,0.010909091,0.027272727
11518,Vegetables and Vegetable Products,"TARO,RAW","Taro, raw",,,Colocasia esculenta,112,1.5,0.2,26.46,0.4,4.1,4.0,0.283,0.0,4.5,2.38,22,0.6,0.025,0.095,43,0.172,0.55,33,0.383,84,0.7,0.23,0.004444444,0.166470588,0.0,0.05,0.158666667,0.055,0.0375,0.019230769,0.079166667,0.035833333,0.000191111,0.078571429,0.12,0.012727273,0.020909091
11519,Vegetables and Vegetable Products,"TARO,COOKED,WITHOUT SALT","Taro, cooked, without salt",,,,142,0.52,0.11,34.6,0.49,5.1,4.0,0.331,0.0,5.0,2.93,19,0.51,0.028,0.107,18,0.201,0.72,30,0.449,76,0.9,0.27,0.004444444,0.194705882,0.0,0.055555556,0.195333333,0.0475,0.031875,0.021538462,0.089166667,0.015,0.000223333,0.071428571,0.108571429,0.016363636,0.024545455
11520,Vegetables and Vegetable Products,"TARO LEAVES,RAW","Taro leaves, raw",,,Colocasia esculenta,42,4.98,0.74,6.7,3.01,3.7,241.0,0.146,0.0,52.0,2.02,126,1.513,0.456,0.209,107,0.27,2.25,45,0.714,60,0.9,0.41,0.267777778,0.085882353,0.0,0.577777778,0.134666667,0.315,0.0945625,0.350769231,0.174166667,0.089166667,0.0003,0.107142857,0.085714286,0.016363636,0.037272727
11521,Vegetables and Vegetable Products,"TARO LEAVES,CKD,STMD,WO/SALT","Taro leaves, cooked, steamed, without salt",,,,24,2.72,0.41,4.02,0.0,2.0,212.0,0.072,0.0,35.5,0.0,48,1.267,0.38,0.139,86,0.14,1.18,20,0.371,27,0.9,0.21,0.235555556,0.042352941,0.0,0.394444444,0.0,0.12,0.0791875,0.292307692,0.115833333,0.071666667,0.000155556,0.047619048,0.038571429,0.016363636,0.019090909
11522,Vegetables and Vegetable Products,"TARO SHOOTS,RAW","Taro shoots, raw",,,Colocasia esculenta,11,0.92,0.09,2.32,0.0,0.0,3.0,0.111,0.0,21.0,0.0,3,0.8,0.05,0.04,12,0.088,0.6,8,0.122,28,0.9,0.51,0.003333333,0.065294118,0.0,0.233333333,0.0,0.0075,0.05,0.038461538,0.033333333,0.01,9.77778e-05,0.019047619,0.04,0.016363636,0.046363636
11523,Vegetables and Vegetable Products,"TARO SHOOTS,CKD,WO/SALT","Taro shoots, cooked, without salt",,,,14,0.73,0.08,3.2,0.0,0.0,3.0,0.112,0.0,18.9,0.0,3,0.81,0.053,0.038,14,0.094,0.41,8,0.13,26,1.0,0.54,0.003333333,0.065882353,0.0,0.21,0.0,0.0075,0.050625,0.040769231,0.031666667,0.011666667,0.000104444,0.019047619,0.037142857,0.018181818,0.049090909
11525,Vegetables and Vegetable Products,"TARO,TAHITIAN,RAW","Taro, tahitian, raw",,,Colocasia esculenta,44,2.79,0.97,6.91,0.0,0.0,102.0,0.116,0.0,96.0,0.0,9,0.995,0.244,0.062,129,0.071,1.3,47,0.157,45,0.7,0.09,0.113333333,0.068235294,0.0,1.066666667,0.0,0.0225,0.0621875,0.187692308,0.051666667,0.1075,7.88889e-05,0.111904762,0.064285714,0.012727273,0.008181818
11526,Vegetables and Vegetable Products,"TARO,TAHITIAN,CKD,WO/SALT","Taro, tahitian, cooked, without salt",,,,44,4.16,0.68,6.85,0.0,0.0,88.0,0.117,0.0,38.0,0.0,7,0.48,0.198,0.044,149,0.076,1.56,51,0.168,67,0.8,0.1,0.097777778,0.068823529,0.0,0.422222222,0.0,0.0175,0.03,0.152307692,0.036666667,0.124166667,8.44444e-05,0.121428571,0.095714286,0.014545455,0.009090909
11527,Vegetables and Vegetable Products,"TOMATOES,GREEN,RAW","Tomatoes, green, raw",,,Solanum lycopersicum,23,1.2,0.2,5.1,4.0,1.1,32.0,0.081,0.0,23.4,0.38,9,0.5,0.04,0.06,13,0.09,0.51,10,0.1,28,0.4,0.07,0.035555556,0.047647059,0.0,0.26,0.025333333,0.0225,0.03125,0.030769231,0.05,0.010833333,0.0001,0.023809524,0.04,0.007272727,0.006363636
11529,Vegetables and Vegetable Products,"TOMATOES,RED,RIPE,RAW,YEAR RND AVERAGE","Tomatoes, red, ripe, raw, year round average","Includes USDA commodity food A238, A233",,Solanum lycopersicum,18,0.88,0.2,3.89,2.63,1.2,42.0,0.08,0.0,13.7,0.54,15,0.594,0.019,0.037,10,0.059,0.27,11,0.114,24,0.0,0.17,0.046666667,0.047058824,0.0,0.152222222,0.036,0.0375,0.037125,0.014615385,0.030833333,0.008333333,6.55556e-05,0.026190476,0.034285714,0.0,0.015454545
11530,Vegetables and Vegetable Products,"TOMATOES,RED,RIPE,CKD","Tomatoes, red, ripe, cooked",,,,18,0.95,0.11,4.01,2.49,0.7,24.0,0.079,0.0,22.8,0.56,13,0.532,0.022,0.036,11,0.075,0.68,9,0.105,28,0.5,0.14,0.026666667,0.046470588,0.0,0.253333333,0.037333333,0.0325,0.03325,0.016923077,0.03,0.009166667,8.33333e-05,0.021428571,0.04,0.009090909,0.012727273
11531,Vegetables and Vegetable Products,"TOMATOES,RED,RIPE,CND,PACKED IN TOMATO JUC","Tomatoes, red, ripe, canned, packed in tomato juice",,,,16,0.79,0.25,3.47,2.55,1.9,20.0,0.111,0.0,12.6,0.59,8,0.712,0.055,0.575,33,0.052,0.57,10,0.068,17,0.7,0.12,0.022222222,0.065294118,0.0,0.14,0.039333333,0.02,0.0445,0.042307692,0.479166667,0.0275,5.77778e-05,0.023809524,0.024285714,0.012727273,0.010909091
11533,Vegetables and Vegetable Products,"TOMATOES,RED,RIPE,CND,STWD","Tomatoes, red, ripe, canned, stewed",,,,26,0.91,0.19,6.19,3.52,1.0,9.0,0.017,0.0,7.9,0.83,5,0.714,0.035,0.046,34,0.112,1.33,12,0.059,20,0.6,0.17,0.01,0.01,0.0,0.087777778,0.055333333,0.0125,0.044625,0.026923077,0.038333333,0.028333333,0.000124444,0.028571429,0.028571429,0.010909091,0.015454545
11537,Vegetables and Vegetable Products,"TOMATOES,RED,RIPE,CND,W/GRN CHILIES","Tomatoes, red, ripe, canned, with green chilies",,,,15,0.69,0.08,3.62,0.0,0.0,20.0,0.103,0.0,6.2,0.0,9,0.64,0.019,0.034,20,0.09,0.26,11,0.132,14,0.4,0.13,0.022222222,0.060588235,0.0,0.068888889,0.0,0.0225,0.04,0.014615385,0.028333333,0.016666667,0.0001,0.026190476,0.02,0.007272727,0.011818182
11540,Vegetables and Vegetable Products,"TOMATO JUC,CND,W/SALT","Tomato juice, canned, with salt added",,,,17,0.85,0.29,3.53,2.58,0.4,23.0,0.07,0.0,70.1,0.32,20,0.673,0.078,0.1,10,0.042,0.39,11,0.068,19,0.5,0.11,0.025555556,0.041176471,0.0,0.778888889,0.021333333,0.05,0.0420625,0.06,0.083333333,0.008333333,4.66667e-05,0.026190476,0.027142857,0.009090909,0.01
11546,Vegetables and Vegetable Products,"TOMATO PRODUCTS,CND,PASTE,WO/ SALT ADDED","Tomato products, canned, paste, without salt added",,,,82,4.32,0.47,18.91,12.18,4.1,76.0,0.216,0.0,21.9,4.3,12,3.076,0.153,0.06,36,0.365,2.98,42,0.302,83,5.3,0.63,0.084444444,0.127058824,0.0,0.243333333,0.286666667,0.03,0.19225,0.117692308,0.05,0.03,0.000405556,0.1,0.118571429,0.096363636,0.057272727
11547,Vegetables and Vegetable Products,"TOMATO PRODUCTS,CND,PUREE,WO/SALT","Tomato products, canned, puree, without salt added",,,,38,1.65,0.21,8.98,4.83,1.9,26.0,0.126,0.0,10.6,1.97,11,1.466,0.08,0.025,18,0.287,1.78,23,0.169,40,0.7,0.36,0.028888889,0.074117647,0.0,0.117777778,0.131333333,0.0275,0.091625,0.061538462,0.020833333,0.015,0.000318889,0.054761905,0.057142857,0.012727273,0.032727273
11548,Vegetables and Vegetable Products,TOMATO POWDER,Tomato powder,,,,302,12.91,0.44,74.68,43.9,16.5,862.0,0.457,0.0,116.7,12.25,120,9.133,0.761,0.913,166,1.241,4.56,178,1.951,295,5.3,1.71,0.957777778,0.268823529,0.0,1.296666667,0.816666667,0.3,0.5708125,0.585384615,0.760833333,0.138333333,0.001378889,0.423809524,0.421428571,0.096363636,0.155454545
11549,Vegetables and Vegetable Products,"TOMATO PRODUCTS,CND,SAU","Tomato products, canned, sauce",,,,24,1.2,0.3,5.31,3.56,1.5,22.0,0.098,0.0,7.0,1.44,9,0.991,0.065,0.024,14,0.115,0.96,15,0.113,27,0.6,0.22,0.024444444,0.057647059,0.0,0.077777778,0.096,0.0225,0.0619375,0.05,0.02,0.011666667,0.000127778,0.035714286,0.038571429,0.010909091,0.02
11551,Vegetables and Vegetable Products,"TOMATO PRODUCTS,CND,SAU,W/MUSHROOMS","Tomato products, canned, sauce, with mushrooms",,,,35,1.45,0.13,8.43,5.77,1.5,48.0,0.133,0.0,12.4,1.92,9,1.265,0.108,0.072,13,0.199,0.89,19,0.188,32,0.2,0.21,0.053333333,0.078235294,0.0,0.137777778,0.128,0.0225,0.0790625,0.083076923,0.06,0.010833333,0.000221111,0.045238095,0.045714286,0.003636364,0.019090909
11553,Vegetables and Vegetable Products,"TOMATO PRODUCTS,CND,SAU,W/ONIONS","Tomato products, canned, sauce, with onions",,,,42,1.56,0.19,9.94,0.0,1.8,43.0,0.267,0.0,12.7,0.0,22,1.242,0.133,0.073,17,0.181,0.93,19,0.301,39,0.8,0.23,0.047777778,0.157058824,0.0,0.141111111,0.0,0.055,0.077625,0.102307692,0.060833333,0.014166667,0.000201111,0.045238095,0.055714286,0.014545455,0.020909091
11555,Vegetables and Vegetable Products,"TOMATO PRODUCTS,CND,SAU,W/HERBS&CHS","Tomato products, canned, sauce, with herbs and cheese",,,,59,2.13,1.93,10.24,0.0,2.2,49.0,0.019,0.0,10.0,0.0,8,1.209,0.124,0.076,37,0.174,0.87,19,0.188,54,0.9,0.36,0.054444444,0.011176471,0.0,0.111111111,0.0,0.02,0.0755625,0.095384615,0.063333333,0.030833333,0.000193333,0.045238095,0.077142857,0.016363636,0.032727273
11557,Vegetables and Vegetable Products,"TOMATO PRODUCTS,CND,SAU,W/ONIONS,GRN PEPPERS,&CELERY","Tomato products, canned, sauce, with onions, green peppers, and celery",,,,41,0.94,0.74,8.77,7.36,1.4,41.0,0.194,0.0,13.2,1.18,14,1.095,0.12,0.067,13,0.198,0.76,21,0.244,38,0.6,0.28,0.045555556,0.114117647,0.0,0.146666667,0.078666667,0.035,0.0684375,0.092307692,0.055833333,0.010833333,0.00022,0.05,0.054285714,0.010909091,0.025454545
11559,Vegetables and Vegetable Products,"TOMATO PRODUCTS,CND,SAU,W/TOMATO TIDBITS","Tomato products, canned, sauce, with tomato tidbits",,,,32,1.32,0.39,7.09,0.0,1.4,40.0,0.155,0.0,21.5,0.0,9,1.183,0.097,0.073,10,0.014,0.68,20,0.22,42,0.6,0.19,0.044444444,0.091176471,0.0,0.238888889,0.0,0.0225,0.0739375,0.074615385,0.060833333,0.008333333,1.55556e-05,0.047619048,0.06,0.010909091,0.017272727
11563,Vegetables and Vegetable Products,"TREE FERN,CKD,WO/SALT","Tree fern, cooked, without salt",,,,40,0.29,0.07,10.98,0.0,3.7,10.0,0.179,0.0,30.0,0.0,15,3.5,0.3,0.0,8,0.202,0.16,5,0.539,4,0.9,0.31,0.011111111,0.105294118,0.0,0.333333333,0.0,0.0375,0.21875,0.230769231,0.0,0.006666667,0.000224444,0.011904762,0.005714286,0.016363636,0.028181818
11564,Vegetables and Vegetable Products,"TURNIPS,RAW","Turnips, raw",,,Brassica rapa (Rapifera Group),28,0.9,0.1,6.43,3.8,1.8,0.0,0.09,0.0,21.0,0.03,15,0.4,0.03,0.04,30,0.085,0.3,11,0.134,27,0.7,0.27,0.0,0.052941176,0.0,0.233333333,0.002,0.0375,0.025,0.023076923,0.033333333,0.025,9.44444e-05,0.026190476,0.038571429,0.012727273,0.024545455
11565,Vegetables and Vegetable Products,"TURNIPS,CKD,BLD,DRND,WO/SALT","Turnips, cooked, boiled, drained, without salt",,,,22,0.71,0.08,5.06,2.99,2.0,0.0,0.067,0.0,11.6,0.02,9,0.299,0.023,0.027,33,0.002,0.18,9,0.071,26,0.2,0.12,0.0,0.039411765,0.0,0.128888889,0.001333333,0.0225,0.0186875,0.017692308,0.0225,0.0275,2.22222e-06,0.021428571,0.037142857,0.003636364,0.010909091
11566,Vegetables and Vegetable Products,"TURNIPS,FROZEN,UNPREPARED","Turnips, frozen, unprepared",,,,16,1.04,0.16,2.94,0.0,1.8,1.0,0.048,0.0,4.4,0.0,8,0.4,0.02,0.03,23,0.045,0.7,10,0.071,20,0.4,0.14,0.001111111,0.028235294,0.0,0.048888889,0.0,0.02,0.025,0.015384615,0.025,0.019166667,5e-05,0.023809524,0.028571429,0.007272727,0.012727273
11567,Vegetables and Vegetable Products,"TURNIPS,FRZ,CKD,BLD,DRND,WO/SALT","Turnips, frozen, cooked, boiled, drained, without salt",,,,23,1.53,0.24,4.35,2.35,2.0,0.0,0.067,0.0,3.9,0.02,8,0.56,0.028,0.035,32,0.063,0.98,14,0.1,26,0.6,0.2,0.0,0.039411765,0.0,0.043333333,0.001333333,0.02,0.035,0.021538462,0.029166667,0.026666667,7e-05,0.033333333,0.037142857,0.010909091,0.018181818
11568,Vegetables and Vegetable Products,"TURNIP GREENS,RAW","Turnip greens, raw",,,Brassica rapa (Rapifera Group),32,1.5,0.3,7.13,0.81,3.2,579.0,0.263,0.0,60.0,2.86,194,0.6,0.1,0.07,190,0.35,1.1,31,0.466,42,1.2,0.19,0.643333333,0.154705882,0.0,0.666666667,0.190666667,0.485,0.0375,0.076923077,0.058333333,0.158333333,0.000388889,0.073809524,0.06,0.021818182,0.017272727
11569,Vegetables and Vegetable Products,"TURNIP GRNS,CKD,BLD,DRND,WO/SALT","Turnip greens, cooked, boiled, drained, without salt",,,,20,1.14,0.23,4.36,0.53,3.5,381.0,0.18,0.0,27.4,1.88,118,0.411,0.072,0.045,137,0.253,0.8,22,0.337,29,0.9,0.14,0.423333333,0.105882353,0.0,0.304444444,0.125333333,0.295,0.0256875,0.055384615,0.0375,0.114166667,0.000281111,0.052380952,0.041428571,0.016363636,0.012727273
11570,Vegetables and Vegetable Products,"TURNIP GRNS,CND,SOL&LIQUIDS","Turnip greens, canned, solids and liquids",,,,14,1.36,0.3,2.42,0.0,1.7,179.0,0.037,0.0,15.5,0.0,41,0.362,0.063,0.012,118,0.083,1.51,20,0.277,21,0.7,0.23,0.198888889,0.021764706,0.0,0.172222222,0.0,0.1025,0.022625,0.048461538,0.01,0.098333333,9.22222e-05,0.047619048,0.03,0.012727273,0.020909091
11574,Vegetables and Vegetable Products,"TURNIP GRNS,FRZ,UNPREP","Turnip greens, frozen, unprepared",,,,22,2.47,0.31,3.67,0.0,2.5,309.0,0.1,0.0,26.8,0.0,74,0.383,0.091,0.044,118,0.057,1.51,27,0.369,27,0.9,0.17,0.343333333,0.058823529,0.0,0.297777778,0.0,0.185,0.0239375,0.07,0.036666667,0.098333333,6.33333e-05,0.064285714,0.038571429,0.016363636,0.015454545
11575,Vegetables and Vegetable Products,"TURNIP GRNS,FRZ,CKD,BLD,DRND,WO/SALT","Turnip greens, frozen, cooked, boiled, drained, without salt",,,,29,3.35,0.42,4.98,0.75,3.4,538.0,0.067,0.0,21.8,2.66,39,0.468,0.074,0.054,152,0.15,1.94,26,0.475,34,1.2,0.41,0.597777778,0.039411765,0.0,0.242222222,0.177333333,0.0975,0.02925,0.056923077,0.045,0.126666667,0.000166667,0.061904762,0.048571429,0.021818182,0.037272727
11576,Vegetables and Vegetable Products,"TURNIP GRNS&TURNIPS,FRZ,UNPREP","Turnip greens and turnips, frozen, unprepared",,,,21,2.46,0.19,3.39,0.0,2.4,305.0,0.074,0.0,25.8,0.0,41,0.388,0.088,0.044,114,0.051,1.63,18,0.22,24,0.9,0.16,0.338888889,0.043529412,0.0,0.286666667,0.0,0.1025,0.02425,0.067692308,0.036666667,0.095,5.66667e-05,0.042857143,0.034285714,0.016363636,0.014545455
11577,Vegetables and Vegetable Products,"TURNIP GRNS&TURNIPS,FRZ,CKD,BLD,DRND,WO/SALT","Turnip greens and turnips, frozen, cooked, boiled, drained, without salt",,,,35,2.99,0.38,4.85,1.07,3.1,431.0,0.067,0.0,18.2,2.13,33,0.486,0.065,0.05,128,0.133,1.75,24,0.4,32,1.1,0.37,0.478888889,0.039411765,0.0,0.202222222,0.142,0.0825,0.030375,0.05,0.041666667,0.106666667,0.000147778,0.057142857,0.045714286,0.02,0.033636364
11578,Vegetables and Vegetable Products,"VEGETABLE JUC COCKTAIL,CND","Vegetable juice cocktail, canned",,,,19,0.93,0.31,3.87,2.89,0.5,35.0,0.071,0.0,54.3,1.02,21,0.722,0.033,0.05,14,0.068,0.28,11,0.08,19,0.5,0.12,0.038888889,0.041764706,0.0,0.603333333,0.068,0.0525,0.045125,0.025384615,0.041666667,0.011666667,7.55556e-05,0.026190476,0.027142857,0.009090909,0.010909091
11579,Vegetables and Vegetable Products,"VEGETABLES,MXD,CND,SOL&LIQUIDS","Vegetables, mixed, canned, solids and liquids",,,,36,1.42,0.25,7.13,0.0,3.8,0.0,0.077,0.0,3.8,0.0,18,0.482,0.04,0.034,21,0.104,0.65,15,0.427,37,0.2,0.51,0.0,0.045294118,0.0,0.042222222,0.0,0.045,0.030125,0.030769231,0.028333333,0.0175,0.000115556,0.035714286,0.052857143,0.003636364,0.046363636
11581,Vegetables and Vegetable Products,"VEGETABLES,MXD,CND,DRND SOL","Vegetables, mixed, canned, drained solids",,,,49,2.59,0.25,9.26,2.41,3.0,583.0,0.079,0.0,5.0,0.29,24,0.577,0.048,0.046,27,0.073,1.05,16,0.568,42,0.3,0.41,0.647777778,0.046470588,0.0,0.055555556,0.019333333,0.06,0.0360625,0.036923077,0.038333333,0.0225,8.11111e-05,0.038095238,0.06,0.005454545,0.037272727
11583,Vegetables and Vegetable Products,"VEGETABLES,MXD,FRZ,UNPREP","Vegetables, mixed, frozen, unprepared",,,,72,3.33,0.52,13.47,0.0,4.0,254.0,0.096,0.0,10.4,0.0,29,1.252,0.085,0.122,25,0.093,0.95,24,0.244,59,0.4,0.45,0.282222222,0.056470588,0.0,0.115555556,0.0,0.0725,0.07825,0.065384615,0.101666667,0.020833333,0.000103333,0.057142857,0.084285714,0.007272727,0.040909091
11584,Vegetables and Vegetable Products,"VEGETABLES,MXD,FRZ,CKD,BLD,DRND,WO/SALT","Vegetables, mixed, frozen, cooked, boiled, drained, without salt",,,,65,2.86,0.15,13.09,3.12,4.4,214.0,0.074,0.0,3.2,0.38,19,0.851,0.12,0.071,25,0.083,0.82,22,0.379,51,0.3,0.49,0.237777778,0.043529412,0.0,0.035555556,0.025333333,0.0475,0.0531875,0.092307692,0.059166667,0.020833333,9.22222e-05,0.052380952,0.072857143,0.005454545,0.044545455
11585,Vegetables and Vegetable Products,"VEGETABLE JUC COCKTAIL,LO NA,CND","Vegetable juice cocktail, low sodium, canned",,,,19,0.91,0.32,3.83,2.81,0.5,35.0,0.071,0.0,54.3,1.02,0,0.722,0.033,0.05,15,0.068,0.29,12,0.079,19,0.2,0.12,0.038888889,0.041764706,0.0,0.603333333,0.068,0.0,0.045125,0.025384615,0.041666667,0.0125,7.55556e-05,0.028571429,0.027142857,0.003636364,0.010909091
11587,Vegetables and Vegetable Products,"VINESPINACH,(BASELLA),RAW","Vinespinach, (basella), raw",,,Basella alba,19,1.8,0.3,3.4,0.0,0.0,400.0,0.24,0.0,102.0,0.0,140,0.5,0.155,0.05,109,0.107,1.2,65,0.735,52,0.8,0.43,0.444444444,0.141176471,0.0,1.133333333,0.0,0.35,0.03125,0.119230769,0.041666667,0.090833333,0.000118889,0.154761905,0.074285714,0.014545455,0.039090909
11588,Vegetables and Vegetable Products,"WATERCHESTNUTS,CHINESE,(MATAI),RAW","Waterchestnuts, chinese, (matai), raw",,,Eleocharis dulcis,97,1.4,0.1,23.94,4.8,3.0,0.0,0.328,0.0,4.0,1.2,16,1.0,0.2,0.14,11,0.326,0.06,22,0.331,63,0.7,0.5,0.0,0.192941176,0.0,0.044444444,0.08,0.04,0.0625,0.153846154,0.116666667,0.009166667,0.000362222,0.052380952,0.09,0.012727273,0.045454545
11590,Vegetables and Vegetable Products,"WATERCHESTNUTS,CHINESE,CND,SOL&LIQUIDS","Waterchestnuts, chinese, canned, solids and liquids",,,,50,0.88,0.06,12.3,2.46,2.5,0.0,0.159,0.0,1.3,0.5,6,0.36,0.024,0.011,4,0.1,0.87,5,0.161,19,0.7,0.38,0.0,0.093529412,0.0,0.014444444,0.033333333,0.015,0.0225,0.018461538,0.009166667,0.003333333,0.000111111,0.011904762,0.027142857,0.012727273,0.034545455
11591,Vegetables and Vegetable Products,"WATERCRESS,RAW","Watercress, raw",,,Nasturtium officinale,11,2.3,0.1,1.29,0.2,0.5,160.0,0.129,0.0,43.0,1.0,9,0.2,0.12,0.09,120,0.077,0.2,21,0.244,60,0.9,0.11,0.177777778,0.075882353,0.0,0.477777778,0.066666667,0.0225,0.0125,0.092307692,0.075,0.1,8.55556e-05,0.05,0.085714286,0.016363636,0.01
11593,Vegetables and Vegetable Products,"WAXGOURD,(CHINESE PRESERVING MELON),RAW","Waxgourd, (chinese preserving melon), raw",,,Benincasa hispida,13,0.4,0.2,3.0,0.0,2.9,0.0,0.035,0.0,13.0,0.0,5,0.4,0.11,0.04,19,0.023,0.4,10,0.058,19,0.2,0.61,0.0,0.020588235,0.0,0.144444444,0.0,0.0125,0.025,0.084615385,0.033333333,0.015833333,2.55556e-05,0.023809524,0.027142857,0.003636364,0.055454545
11594,Vegetables and Vegetable Products,"WAXGOURD,(CHINESE PRESERVING MELON),CKD,BLD,DRND,WO/SALT","Waxgourd, (chinese preserving melon), cooked, boiled, drained, without salt",,,,14,0.4,0.2,3.04,1.18,1.0,0.0,0.032,0.0,10.5,0.08,4,0.384,0.001,0.034,18,0.022,0.38,10,0.056,17,0.2,0.59,0.0,0.018823529,0.0,0.116666667,0.005333333,0.01,0.024,0.000769231,0.028333333,0.015,2.44444e-05,0.023809524,0.024285714,0.003636364,0.053636364
11595,Vegetables and Vegetable Products,"WINGED BNS,IMMAT SEEDS,RAW","Winged beans, immature seeds, raw",,,Psophocarpus tetragonolobus,49,6.95,0.87,4.31,0.0,0.0,0.0,0.113,0.0,18.3,0.0,66,0.9,0.1,0.14,84,0.051,1.5,34,0.218,37,1.5,0.39,0.0,0.066470588,0.0,0.203333333,0.0,0.165,0.05625,0.076923077,0.116666667,0.07,5.66667e-05,0.080952381,0.052857143,0.027272727,0.035454545
11596,Vegetables and Vegetable Products,"WINGED BNS,IMMAT SEEDS,CKD,BLD,DRND,WO/SALT","Winged beans, immature seeds, cooked, boiled, drained, without salt",,,,38,5.31,0.66,3.21,0.0,0.0,4.0,0.082,0.0,9.8,0.0,35,0.652,0.072,0.086,61,0.037,1.09,30,0.158,25,1.1,0.28,0.004444444,0.048235294,0.0,0.108888889,0.0,0.0875,0.04075,0.055384615,0.071666667,0.050833333,4.11111e-05,0.071428571,0.035714286,0.02,0.025454545
11597,Vegetables and Vegetable Products,"WINGED BEAN LEAVES,RAW","Winged bean leaves, raw",,,Psophocarpus tetragonolobus,74,5.85,1.1,14.1,0.0,0.0,405.0,0.232,0.0,45.0,0.0,16,3.472,0.602,0.833,224,0.456,4.0,8,1.367,63,0.9,1.28,0.45,0.136470588,0.0,0.5,0.0,0.04,0.217,0.463076923,0.694166667,0.186666667,0.000506667,0.019047619,0.09,0.016363636,0.116363636
11599,Vegetables and Vegetable Products,"WINGED BEAN TUBER,RAW","Winged bean tuber, raw",,,Psophocarpus tetragonolobus,148,11.6,0.9,28.1,0.0,0.0,0.0,0.075,0.0,0.0,0.0,19,1.64,0.149,0.379,30,1.386,2.0,24,0.532,45,0.7,1.39,0.0,0.044117647,0.0,0.0,0.0,0.0475,0.1025,0.114615385,0.315833333,0.025,0.00154,0.057142857,0.064285714,0.012727273,0.126363636
11601,Vegetables and Vegetable Products,"YAM,RAW","Yam, raw",,,Dioscorea spp.,118,1.53,0.17,27.88,0.5,4.1,7.0,0.293,0.0,17.1,0.35,23,0.552,0.032,0.112,17,0.178,0.54,21,0.397,55,0.7,0.24,0.007777778,0.172352941,0.0,0.19,0.023333333,0.0575,0.0345,0.024615385,0.093333333,0.014166667,0.000197778,0.05,0.078571429,0.012727273,0.021818182
11602,Vegetables and Vegetable Products,"YAM,CKD,BLD,DRND,OR BKD,WO/SALT","Yam, cooked, boiled, drained, or baked, without salt",,,,116,1.49,0.14,27.48,0.49,3.9,6.0,0.228,0.0,12.1,0.34,16,0.552,0.028,0.095,14,0.152,0.52,18,0.371,49,0.7,0.2,0.006666667,0.134117647,0.0,0.134444444,0.022666667,0.04,0.0345,0.021538462,0.079166667,0.011666667,0.000168889,0.042857143,0.07,0.012727273,0.018181818
11603,Vegetables and Vegetable Products,"YAMBEAN (JICAMA),RAW","Yambean (jicama), raw",,,Pachyrhizus spp.,38,0.72,0.09,8.82,1.8,4.9,1.0,0.042,0.0,20.2,0.46,12,0.2,0.029,0.02,12,0.048,0.6,12,0.06,18,0.7,0.16,0.001111111,0.024705882,0.0,0.224444444,0.030666667,0.03,0.0125,0.022307692,0.016666667,0.01,5.33333e-05,0.028571429,0.025714286,0.012727273,0.014545455
11604,Vegetables and Vegetable Products,"YAMBEAN (JICAMA),CKD,BLD,DRND,WO/SALT","Yambean (jicama), cooked, boiled, drained, without salt",,,,38,0.72,0.09,8.82,0.0,0.0,1.0,0.04,0.0,14.1,0.0,8,0.19,0.028,0.017,11,0.046,0.57,11,0.057,16,0.7,0.15,0.001111111,0.023529412,0.0,0.156666667,0.0,0.02,0.011875,0.021538462,0.014166667,0.009166667,5.11111e-05,0.026190476,0.022857143,0.012727273,0.013636364
11605,Vegetables and Vegetable Products,"BEETS,HARVARD,CND,SOL&LIQUIDS","Beets, harvard, canned, solids and liquids",,,,73,0.84,0.06,18.18,0.0,2.5,1.0,0.055,0.0,2.4,0.0,29,0.084,0.05,0.01,11,0.097,0.36,19,0.241,17,1.1,0.23,0.001111111,0.032352941,0.0,0.026666667,0.0,0.0725,0.00525,0.038461538,0.008333333,0.009166667,0.000107778,0.045238095,0.024285714,0.02,0.020909091
11609,Vegetables and Vegetable Products,"BEETS,PICKLED,CND,SOL&LIQUIDS","Beets, pickled, canned, solids and liquids",,,,65,0.8,0.08,16.28,13.59,2.6,2.0,0.05,0.0,2.3,0.06,27,0.251,0.048,0.01,11,0.116,0.41,15,0.22,17,1.0,0.26,0.002222222,0.029411765,0.0,0.025555556,0.004,0.0675,0.0156875,0.036923077,0.008333333,0.009166667,0.000128889,0.035714286,0.024285714,0.018181818,0.023636364
11613,Vegetables and Vegetable Products,"BORAGE,RAW","Borage, raw",,,Borago officinalis,21,1.8,0.7,3.06,0.0,0.0,210.0,0.084,0.0,35.0,0.0,13,0.9,0.15,0.06,93,0.13,3.3,52,0.349,53,0.9,0.2,0.233333333,0.049411765,0.0,0.388888889,0.0,0.0325,0.05625,0.115384615,0.05,0.0775,0.000144444,0.123809524,0.075714286,0.016363636,0.018181818
11614,Vegetables and Vegetable Products,"BORAGE,CKD,BLD,DRND,WO/SALT","Borage, cooked, boiled, drained, without salt",,,,25,2.09,0.81,3.55,0.0,0.0,219.0,0.088,0.0,32.5,0.0,10,0.94,0.165,0.059,102,0.143,3.64,57,0.385,55,0.9,0.22,0.243333333,0.051764706,0.0,0.361111111,0.0,0.025,0.05875,0.126923077,0.049166667,0.085,0.000158889,0.135714286,0.078571429,0.016363636,0.02
11615,Vegetables and Vegetable Products,"CHIVES,FREEZE-DRIED","Chives, freeze-dried",,,,311,21.2,3.5,64.29,0.0,26.2,3415.0,1.996,0.0,660.0,0.0,108,5.9,1.5,0.9,813,0.686,20.0,640,1.35,518,9.4,5.12,3.794444444,1.174117647,0.0,7.333333333,0.0,0.27,0.36875,1.153846154,0.75,0.6775,0.000762222,1.523809524,0.74,0.170909091,0.465454545
11616,Vegetables and Vegetable Products,"DOCK,RAW","Dock, raw",,,Rumex spp.,22,2.0,0.7,3.2,0.0,2.9,200.0,0.122,0.0,48.0,0.0,13,0.5,0.1,0.04,44,0.131,2.4,103,0.349,63,0.9,0.2,0.222222222,0.071764706,0.0,0.533333333,0.0,0.0325,0.03125,0.076923077,0.033333333,0.036666667,0.000145556,0.245238095,0.09,0.016363636,0.018181818
11617,Vegetables and Vegetable Products,"DOCK,CKD,BLD,DRND,WO/SALT","Dock, cooked, boiled, drained, without salt",,,,20,1.83,0.64,2.93,0.0,2.6,174.0,0.1,0.0,26.3,0.0,8,0.411,0.086,0.034,38,0.114,2.08,89,0.303,52,0.9,0.17,0.193333333,0.058823529,0.0,0.292222222,0.0,0.02,0.0256875,0.066153846,0.028333333,0.031666667,0.000126667,0.211904762,0.074285714,0.016363636,0.015454545
11618,Vegetables and Vegetable Products,"EPPAW,RAW","Eppaw, raw",,,Perideridia oregana,150,4.6,1.8,31.68,0.0,0.0,0.0,0.176,0.0,13.0,0.0,24,0.3,0.12,0.11,110,0.234,1.15,32,1.094,165,0.9,1.15,0.0,0.103529412,0.0,0.144444444,0.0,0.06,0.01875,0.092307692,0.091666667,0.091666667,0.00026,0.076190476,0.235714286,0.016363636,0.104545455
11620,Vegetables and Vegetable Products,"DRUMSTICK PODS,RAW","Drumstick pods, raw",Horseradish tree pods,,Moringa oleifera,37,2.1,0.2,8.53,0.0,3.2,4.0,0.12,0.0,141.0,0.0,44,0.62,0.074,0.053,30,0.084,0.36,45,0.259,50,0.7,0.45,0.004444444,0.070588235,0.0,1.566666667,0.0,0.11,0.03875,0.056923077,0.044166667,0.025,9.33333e-05,0.107142857,0.071428571,0.012727273,0.040909091
11621,Vegetables and Vegetable Products,"DRUMSTICK PODS,CKD,BLD,DRND,WO/ SALT","Drumstick pods, cooked, boiled, drained, without salt",Horseradish tree pods,,,36,2.09,0.19,8.18,0.0,4.2,4.0,0.112,0.0,97.0,0.0,30,0.59,0.068,0.046,20,0.078,0.45,42,0.241,49,0.7,0.42,0.004444444,0.065882353,0.0,1.077777778,0.0,0.075,0.036875,0.052307692,0.038333333,0.016666667,8.66667e-05,0.1,0.07,0.012727273,0.038181818
11622,Vegetables and Vegetable Products,"KALE,SCOTCH,RAW","Kale, scotch, raw",,,Brassica napus (Pabularia Group),42,2.8,0.6,8.32,0.0,1.7,155.0,0.227,0.0,130.0,0.0,28,1.3,0.06,0.07,205,0.243,3.0,88,0.648,62,0.9,0.37,0.172222222,0.133529412,0.0,1.444444444,0.0,0.07,0.08125,0.046153846,0.058333333,0.170833333,0.00027,0.20952381,0.088571429,0.016363636,0.033636364
11623,Vegetables and Vegetable Products,"KALE,SCOTCH,CKD,BLD,DRND,WO/SALT","Kale, scotch, cooked, boiled, drained, without salt",,,,28,1.9,0.41,5.63,0.0,1.2,100.0,0.139,0.0,52.8,0.0,13,0.792,0.039,0.04,132,0.156,1.93,57,0.417,38,0.9,0.24,0.111111111,0.081764706,0.0,0.586666667,0.0,0.0325,0.0495,0.03,0.033333333,0.11,0.000173333,0.135714286,0.054285714,0.016363636,0.021818182
11624,Vegetables and Vegetable Products,"LEEKS,(BULB&LOWER-LEAF PORTION),FREEZE-DRIED","Leeks, (bulb and lower-leaf portion), freeze-dried",,,,321,15.2,2.1,74.65,0.0,10.4,14.0,1.209,0.0,118.0,0.0,366,3.5,0.4,0.8,360,0.657,7.6,161,2.634,346,5.7,0.66,0.015555556,0.711176471,0.0,1.311111111,0.0,0.915,0.21875,0.307692308,0.666666667,0.3,0.00073,0.383333333,0.494285714,0.103636364,0.06
11625,Vegetables and Vegetable Products,"PARSLEY,FREEZE-DRIED","Parsley, freeze-dried",,,,271,31.3,5.2,42.38,0.0,32.7,0.0,1.375,0.0,149.0,0.0,194,10.4,2.26,1.04,176,0.459,53.9,372,1.338,548,32.3,6.11,0.0,0.808823529,0.0,1.655555556,0.0,0.485,0.65,1.738461538,0.866666667,0.146666667,0.00051,0.885714286,0.782857143,0.587272727,0.555454545
11626,Vegetables and Vegetable Products,"BEANS,MUNG,MATURE SEEDS,SPROUTED,CND,DRND SOL","Beans, mung, mature seeds, sprouted, canned, drained solids",,,,12,1.4,0.06,2.14,1.34,0.8,0.0,0.032,0.0,0.3,0.04,10,0.22,0.07,0.03,14,0.157,0.43,9,0.073,32,0.6,0.28,0.0,0.018823529,0.0,0.003333333,0.002666667,0.025,0.01375,0.053846154,0.025,0.011666667,0.000174444,0.021428571,0.045714286,0.010909091,0.025454545
11632,Vegetables and Vegetable Products,"PEPPERS,JALAPENO,CND,SOL&LIQUIDS","Peppers, jalapeno, canned, solids and liquids",,,,27,0.92,0.94,4.74,2.14,2.6,85.0,0.19,0.0,10.0,0.69,14,0.403,0.038,0.043,23,0.146,1.88,15,0.114,18,0.4,0.34,0.094444444,0.111764706,0.0,0.111111111,0.046,0.035,0.0251875,0.029230769,0.035833333,0.019166667,0.000162222,0.035714286,0.025714286,0.007272727,0.030909091
11634,Vegetables and Vegetable Products,"PEPPERS,SWT,GRN,FREEZE-DRIED","Peppers, sweet, green, freeze-dried",,,,314,17.9,3.0,68.7,38.48,21.3,282.0,2.223,0.0,1900.0,4.0,229,7.4,1.2,1.2,134,1.389,10.4,188,1.897,327,3.7,2.41,0.313333333,1.307647059,0.0,21.11111111,0.266666667,0.5725,0.4625,0.923076923,1.0,0.111666667,0.001543333,0.447619048,0.467142857,0.067272727,0.219090909
11637,Vegetables and Vegetable Products,"RADISHES,WHITE ICICLE,RAW","Radishes, white icicle, raw",,,Raphanus sativus,14,1.1,0.1,2.63,0.0,1.4,0.0,0.075,0.0,29.0,0.0,14,0.3,0.02,0.03,27,0.099,0.8,9,0.033,28,0.7,0.13,0.0,0.044117647,0.0,0.322222222,0.0,0.035,0.01875,0.015384615,0.025,0.0225,0.00011,0.021428571,0.04,0.012727273,0.011818182
11640,Vegetables and Vegetable Products,"SHALLOTS,FREEZE-DRIED","Shallots, freeze-dried",,,,348,12.3,0.5,80.7,38.16,15.7,1.0,1.675,0.0,39.0,0.18,116,1.0,0.1,0.3,183,0.425,6.0,104,1.417,296,5.7,1.93,0.001111111,0.985294118,0.0,0.433333333,0.012,0.29,0.0625,0.076923077,0.25,0.1525,0.000472222,0.247619048,0.422857143,0.103636364,0.175454545
11641,Vegetables and Vegetable Products,"SQUASH,SMMR,ALL VAR,RAW","Squash, summer, all varieties, raw",,,Cucurbita spp.,16,1.21,0.18,3.35,2.2,1.1,10.0,0.218,0.0,17.0,0.12,29,0.487,0.142,0.048,15,0.051,0.35,17,0.175,38,0.2,0.29,0.011111111,0.128235294,0.0,0.188888889,0.008,0.0725,0.0304375,0.109230769,0.04,0.0125,5.66667e-05,0.04047619,0.054285714,0.003636364,0.026363636
11642,Vegetables and Vegetable Products,"SQUASH,SMMR,ALL VAR,CKD,BLD,DRND,WO/SALT","Squash, summer, all varieties, cooked, boiled, drained, without salt",,,,20,0.91,0.31,4.31,2.59,1.4,11.0,0.065,0.0,5.5,0.14,20,0.513,0.041,0.044,27,0.103,0.36,24,0.213,39,0.2,0.39,0.012222222,0.038235294,0.0,0.061111111,0.009333333,0.05,0.0320625,0.031538462,0.036666667,0.0225,0.000114444,0.057142857,0.055714286,0.003636364,0.035454545
11643,Vegetables and Vegetable Products,"SQUASH,WNTR,ALL VAR,RAW","Squash, winter, all varieties, raw",,,Cucurbita spp.,34,0.95,0.13,8.59,2.2,1.5,68.0,0.156,0.0,12.3,0.12,24,0.5,0.062,0.03,28,0.071,0.58,14,0.163,23,0.4,0.21,0.075555556,0.091764706,0.0,0.136666667,0.008,0.06,0.03125,0.047692308,0.025,0.023333333,7.88889e-05,0.033333333,0.032857143,0.007272727,0.019090909
11644,Vegetables and Vegetable Products,"SQUASH,WNTR,ALL VAR,CKD,BKD,WO/SALT","Squash, winter, all varieties, cooked, baked, without salt",,,,37,0.89,0.35,8.85,3.3,2.8,261.0,0.161,0.0,9.6,0.12,20,0.495,0.067,0.016,22,0.082,0.44,13,0.187,19,0.4,0.22,0.29,0.094705882,0.0,0.106666667,0.008,0.05,0.0309375,0.051538462,0.013333333,0.018333333,9.11111e-05,0.030952381,0.027142857,0.007272727,0.02
11645,Vegetables and Vegetable Products,"SWEET POTATO,CND,SYRUP PK,SOL & LIQUIDS","Sweet potato, canned, syrup pack, solids and liquids",Sweetpotato,,,89,0.98,0.2,20.93,15.4,2.5,377.0,0.051,0.0,10.5,0.94,7,0.456,0.046,0.024,15,0.124,0.8,13,0.507,27,0.7,0.19,0.418888889,0.03,0.0,0.116666667,0.062666667,0.0175,0.0285,0.035384615,0.02,0.0125,0.000137778,0.030952381,0.038571429,0.012727273,0.017272727
11647,Vegetables and Vegetable Products,"SWEET POTATO,CND,SYRUP PK,DRND SOL","Sweet potato, canned, syrup pack, drained solids",Sweetpotato,,,108,1.28,0.32,25.36,5.74,3.0,458.0,0.062,0.0,10.8,1.15,8,0.34,0.038,0.025,17,0.167,0.95,12,0.615,25,0.8,0.16,0.508888889,0.036470588,0.0,0.12,0.076666667,0.02,0.02125,0.029230769,0.020833333,0.014166667,0.000185556,0.028571429,0.035714286,0.014545455,0.014545455
11649,Vegetables and Vegetable Products,"TOMATO PRODUCTS,CND,SAU,SPANISH STYLE","Tomato products, canned, sauce, spanish style",,,,33,1.44,0.27,7.24,0.0,1.4,49.0,0.177,0.0,8.6,0.0,14,1.292,0.062,0.074,17,0.16,3.48,19,0.216,48,0.6,0.34,0.054444444,0.104117647,0.0,0.095555556,0.0,0.035,0.08075,0.047692308,0.061666667,0.014166667,0.000177778,0.045238095,0.068571429,0.010909091,0.030909091
11653,Vegetables and Vegetable Products,"BEANS,PINTO,MATURE SEEDS,SPROUTED,RAW","Beans, pinto, mature seeds, sprouted, raw",,,Phaseolus vulgaris,62,5.25,0.9,11.6,0.0,0.0,0.0,0.171,0.0,21.7,0.0,118,2.28,0.175,0.23,43,0.32,1.97,53,0.366,94,0.6,0.5,0.0,0.100588235,0.0,0.241111111,0.0,0.295,0.1425,0.134615385,0.191666667,0.035833333,0.000355556,0.126190476,0.134285714,0.010909091,0.045454545
11654,Vegetables and Vegetable Products,"BEANS,PINTO,MATURE SEEDS,SPROUTED,CKD,BLD,DRND,WO/SALT","Beans, pinto, mature seeds, sprouted, cooked, boiled, drained, without salt",,,,22,1.86,0.32,4.1,0.0,0.0,0.0,0.054,0.0,6.1,0.0,29,0.725,0.059,0.067,15,0.107,0.66,18,0.123,30,0.6,0.17,0.0,0.031764706,0.0,0.067777778,0.0,0.0725,0.0453125,0.045384615,0.055833333,0.0125,0.000118889,0.042857143,0.042857143,0.010909091,0.015454545
11655,Vegetables and Vegetable Products,"CARROT JUICE,CANNED","Carrot juice, canned",,,,40,0.95,0.15,9.28,3.91,0.8,956.0,0.217,0.0,8.5,1.16,4,0.386,0.055,0.092,24,0.046,0.46,14,0.13,42,0.6,0.18,1.062222222,0.127647059,0.0,0.094444444,0.077333333,0.01,0.024125,0.042307692,0.076666667,0.02,5.11111e-05,0.033333333,0.06,0.010909091,0.016363636
11656,Vegetables and Vegetable Products,"CORN PUDD,HOME PREP","Corn pudding, home prepared",,,,131,4.42,5.04,16.97,6.59,1.2,57.0,0.127,0.31,3.7,0.27,29,1.033,0.154,0.069,39,0.043,0.53,15,0.079,90,6.1,0.48,0.063333333,0.074705882,0.129166667,0.041111111,0.018,0.0725,0.0645625,0.118461538,0.0575,0.0325,4.77778e-05,0.035714286,0.128571429,0.110909091,0.043636364
11657,Vegetables and Vegetable Products,"POTATOES,MSHD,HOME-PREPARED,WHL MILK ADDED","Potatoes, mashed, home-prepared, whole milk added",,,,83,1.91,0.57,17.57,1.48,1.5,7.0,0.232,0.07,6.2,0.02,8,1.118,0.041,0.089,24,0.145,0.27,18,0.119,46,0.8,0.28,0.007777778,0.136470588,0.029166667,0.068888889,0.001333333,0.02,0.069875,0.031538462,0.074166667,0.02,0.000161111,0.042857143,0.065714286,0.014545455,0.025454545
11658,Vegetables and Vegetable Products,SPINACH SOUFFLE,Spinach souffle,,,,172,7.89,12.95,5.9,1.85,0.7,244.0,0.098,0.4,7.3,0.93,77,0.479,0.263,0.082,165,0.059,1.19,30,0.269,139,11.1,0.85,0.271111111,0.057647059,0.166666667,0.081111111,0.062,0.1925,0.0299375,0.202307692,0.068333333,0.1375,6.55556e-05,0.071428571,0.198571429,0.201818182,0.077272727
11659,Vegetables and Vegetable Products,"SWEET POTATO,CKD,CANDIED,HOME-PREPARED","Sweet potato, cooked, candied, home-prepared",Sweetpotato,,,164,0.89,3.54,32.12,27.25,2.1,349.0,0.05,0.01,9.0,0.9,6,0.406,0.041,0.021,26,0.113,0.79,13,0.442,25,0.8,0.17,0.387777778,0.029411765,0.004166667,0.1,0.06,0.015,0.025375,0.031538462,0.0175,0.021666667,0.000125556,0.030952381,0.035714286,0.014545455,0.015454545
11660,Vegetables and Vegetable Products,"TOMATOES,RED,RIPE,CKD,STWD","Tomatoes, red, ripe, cooked, stewed",,,,79,1.96,2.68,13.05,0.0,1.7,33.0,0.086,0.0,18.2,0.0,11,1.11,0.08,0.108,26,0.095,1.06,15,0.193,38,1.2,0.18,0.036666667,0.050588235,0.0,0.202222222,0.0,0.0275,0.069375,0.061538462,0.09,0.021666667,0.000105556,0.035714286,0.054285714,0.021818182,0.016363636
11663,Vegetables and Vegetable Products,"SEAWEED,AGAR,DRIED","Seaweed, agar, dried",,,,306,6.21,0.3,80.88,2.97,7.7,0.0,0.303,0.0,0.0,5.0,580,0.202,0.222,0.01,625,0.61,21.4,770,4.3,52,7.4,5.8,0.0,0.178235294,0.0,0.0,0.333333333,1.45,0.012625,0.170769231,0.008333333,0.520833333,0.000677778,1.833333333,0.074285714,0.134545455,0.527272727
11666,Vegetables and Vegetable Products,"SEAWEED,SPIRULINA,RAW","Seaweed, spirulina, raw",,,Spirulina spp.,26,5.92,0.39,2.42,0.3,0.4,3.0,0.034,0.0,0.9,0.49,9,1.196,0.342,0.222,12,0.597,2.79,19,0.186,11,0.7,0.2,0.003333333,0.02,0.0,0.01,0.032666667,0.0225,0.07475,0.263076923,0.185,0.01,0.000663333,0.045238095,0.015714286,0.012727273,0.018181818
11667,Vegetables and Vegetable Products,"SEAWEED,SPIRULINA,DRIED","Seaweed, spirulina, dried",,,,290,57.47,7.72,23.9,3.1,3.6,29.0,0.364,0.0,10.1,5.0,94,12.82,3.67,2.38,120,6.1,28.5,195,1.9,118,7.2,2.0,0.032222222,0.214117647,0.0,0.112222222,0.333333333,0.235,0.80125,2.823076923,1.983333333,0.1,0.006777778,0.464285714,0.168571429,0.130909091,0.181818182
11669,Vegetables and Vegetable Products,"SEAWEED,WAKAME,RAW","Seaweed, wakame, raw",,,Undaria spp.,45,3.03,0.64,9.14,0.65,0.5,18.0,0.002,0.0,3.0,1.0,196,1.6,0.23,0.06,150,0.284,2.18,107,1.4,80,0.7,0.38,0.02,0.001176471,0.0,0.033333333,0.066666667,0.49,0.1,0.176923077,0.05,0.125,0.000315556,0.254761905,0.114285714,0.012727273,0.034545455
11670,Vegetables and Vegetable Products,"PEPPERS,HOT CHILI,GRN,RAW","Peppers, hot chili, green, raw",,,Capsicum frutescens,40,2.0,0.2,9.46,5.1,1.5,59.0,0.278,0.0,242.5,0.69,23,0.95,0.09,0.09,18,0.174,1.2,25,0.237,46,0.5,0.3,0.065555556,0.163529412,0.0,2.694444444,0.046,0.0575,0.059375,0.069230769,0.075,0.015,0.000193333,0.05952381,0.065714286,0.009090909,0.027272727
11671,Vegetables and Vegetable Products,"POTATOES,OBRIEN,HOME-PREPARED","Potatoes, obrien, home-prepared",,,,81,2.35,1.28,15.47,0.0,0.0,0.0,0.213,0.0,16.7,0.0,8,1.008,0.056,0.075,36,0.129,0.47,18,0.121,50,1.2,0.3,0.0,0.125294118,0.0,0.185555556,0.0,0.02,0.063,0.043076923,0.0625,0.03,0.000143333,0.042857143,0.071428571,0.021818182,0.027272727
11672,Vegetables and Vegetable Products,POTATO PANCAKES,Potato pancakes,,,,268,6.08,14.76,27.81,1.79,3.3,32.0,0.448,0.29,27.6,0.23,45,1.672,0.173,0.158,32,0.18,1.67,36,0.26,128,8.9,0.7,0.035555556,0.263529412,0.120833333,0.306666667,0.015333333,0.1125,0.1045,0.133076923,0.131666667,0.026666667,0.0002,0.085714286,0.182857143,0.161818182,0.063636364
11674,Vegetables and Vegetable Products,"POTATOES,BKD,FLESH & SKN,WO/ SALT","Potatoes, baked, flesh and skin, without salt",,,,93,2.5,0.13,21.15,1.18,2.2,1.0,0.311,0.0,9.6,0.04,28,1.41,0.048,0.064,15,0.118,1.08,28,0.219,70,0.4,0.36,0.001111111,0.182941176,0.0,0.106666667,0.002666667,0.07,0.088125,0.036923077,0.053333333,0.0125,0.000131111,0.066666667,0.1,0.007272727,0.032727273
11675,Vegetables and Vegetable Products,"POTATOES,MICROWAVED,CKD IN SKN,FLESH&SKN,WO/SALT","Potatoes, microwaved, cooked in skin, flesh and skin, without salt",,,,105,2.44,0.1,24.24,0.0,2.3,0.0,0.344,0.0,15.1,0.0,12,1.714,0.032,0.12,11,0.334,1.24,27,0.292,105,0.4,0.36,0.0,0.202352941,0.0,0.167777778,0.0,0.03,0.107125,0.024615385,0.1,0.009166667,0.000371111,0.064285714,0.15,0.007272727,0.032727273
11676,Vegetables and Vegetable Products,"RADISH SEEDS,SPROUTED,RAW","Radish seeds, sprouted, raw",,,Raphanus sativus,43,3.81,2.53,3.6,0.0,0.0,20.0,0.285,0.0,28.9,0.0,95,2.853,0.103,0.102,51,0.12,0.86,44,0.26,113,0.6,0.56,0.022222222,0.167647059,0.0,0.321111111,0.0,0.2375,0.1783125,0.079230769,0.085,0.0425,0.000133333,0.104761905,0.161428571,0.010909091,0.050909091
11677,Vegetables and Vegetable Products,"SHALLOTS,RAW","Shallots, raw",,,Allium ascalonicum,72,2.5,0.1,16.8,7.87,3.2,0.0,0.345,0.0,8.0,0.04,34,0.2,0.02,0.06,37,0.088,1.2,21,0.292,60,1.2,0.4,0.0,0.202941176,0.0,0.088888889,0.002666667,0.085,0.0125,0.015384615,0.05,0.030833333,9.77778e-05,0.05,0.085714286,0.021818182,0.036363636
11683,Vegetables and Vegetable Products,"CARROT,DEHYDRATED","Carrot, dehydrated",,,,341,8.1,1.49,79.57,38.82,23.6,3423.0,1.04,0.0,14.6,5.45,55,6.567,0.417,0.534,212,0.37,3.93,118,1.116,346,8.6,1.57,3.803333333,0.611764706,0.0,0.162222222,0.363333333,0.1375,0.4104375,0.320769231,0.445,0.176666667,0.000411111,0.280952381,0.494285714,0.156363636,0.142727273
11693,Vegetables and Vegetable Products,"TOMATOES,CRUSHED,CANNED","Tomatoes, crushed, canned",,,,32,1.64,0.28,7.29,4.4,1.9,11.0,0.15,0.0,9.2,1.25,13,1.222,0.052,0.075,34,0.183,1.3,20,0.183,32,0.6,0.27,0.012222222,0.088235294,0.0,0.102222222,0.083333333,0.0325,0.076375,0.04,0.0625,0.028333333,0.000203333,0.047619048,0.045714286,0.010909091,0.024545455
11695,Vegetables and Vegetable Products,"TOMATOES,ORANGE,RAW","Tomatoes, orange, raw",,,Solanum lycopersicum,16,1.16,0.19,3.18,0.0,0.9,75.0,0.06,0.0,16.0,0.0,29,0.593,0.034,0.046,5,0.062,0.47,8,0.088,29,0.4,0.14,0.083333333,0.035294118,0.0,0.177777778,0.0,0.0725,0.0370625,0.026153846,0.038333333,0.004166667,6.88889e-05,0.019047619,0.041428571,0.007272727,0.012727273
11696,Vegetables and Vegetable Products,"TOMATOES,YELLOW,RAW","Tomatoes, yellow, raw",,,Solanum lycopersicum,15,0.98,0.26,2.98,0.0,0.7,0.0,0.056,0.0,9.0,0.0,30,1.179,0.047,0.041,11,0.101,0.49,12,0.12,36,0.4,0.28,0.0,0.032941176,0.0,0.1,0.0,0.075,0.0736875,0.036153846,0.034166667,0.009166667,0.000112222,0.028571429,0.051428571,0.007272727,0.025454545
11697,Vegetables and Vegetable Products,"ARROWROOT,RAW","Arrowroot, raw",,,Maranta arundinacea,65,4.24,0.2,13.39,0.0,1.3,1.0,0.266,0.0,1.9,0.0,338,1.693,0.059,0.143,6,0.121,2.22,25,0.174,98,0.7,0.63,0.001111111,0.156470588,0.0,0.021111111,0.0,0.845,0.1058125,0.045384615,0.119166667,0.005,0.000134444,0.05952381,0.14,0.012727273,0.057272727
11698,Vegetables and Vegetable Products,"CHRYSANTHEMUM LEAVES,RAW","Chrysanthemum leaves, raw",,,Chrysanthemum coronarium,24,3.36,0.56,3.01,0.0,3.0,94.0,0.176,0.0,1.4,0.0,177,0.531,0.144,0.13,117,0.137,2.3,32,0.943,54,0.3,0.71,0.104444444,0.103529412,0.0,0.015555556,0.0,0.4425,0.0331875,0.110769231,0.108333333,0.0975,0.000152222,0.076190476,0.077142857,0.005454545,0.064545455
11700,Vegetables and Vegetable Products,"AMARANTH LEAVES,CKD,BLD,DRND,W/SALT","Amaranth leaves, cooked, boiled, drained, with salt",,,,21,2.11,0.18,4.11,0.0,0.0,139.0,0.177,0.0,41.1,0.0,57,0.559,0.134,0.02,209,0.158,2.26,55,0.861,72,0.9,0.88,0.154444444,0.104117647,0.0,0.456666667,0.0,0.1425,0.0349375,0.103076923,0.016666667,0.174166667,0.000175556,0.130952381,0.102857143,0.016363636,0.08
11701,Vegetables and Vegetable Products,"ARROWHEAD,CKD,BLD,DRND,W/SALT","Arrowhead, cooked, boiled, drained, with salt",,,,78,4.49,0.1,16.14,0.0,0.0,0.0,0.206,0.0,0.3,0.0,9,1.16,0.06,0.144,7,0.135,1.21,49,0.285,197,0.6,0.22,0.0,0.121176471,0.0,0.003333333,0.0,0.0225,0.0725,0.046153846,0.12,0.005833333,0.00015,0.116666667,0.281428571,0.010909091,0.02
11702,Vegetables and Vegetable Products,"ARTICHOKES,(GLOBE OR FRENCH),CKD,BLD,DRND,W/SALT","Artichokes, (globe or french), cooked, boiled, drained, with salt",,,,51,2.89,0.34,11.39,0.99,8.6,1.0,0.081,0.0,7.4,0.19,89,1.11,0.089,0.05,21,0.127,0.61,42,0.225,73,0.2,0.4,0.001111111,0.047647059,0.0,0.082222222,0.012666667,0.2225,0.069375,0.068461538,0.041666667,0.0175,0.000141111,0.1,0.104285714,0.003636364,0.036363636
11703,Vegetables and Vegetable Products,"ARTICHOKES,(GLOBE OR FRENCH),FRZ,CKD,BLD,DRND,W/SALT","Artichokes, (globe or french), frozen, cooked, boiled, drained, with salt",,,,45,3.11,0.5,9.18,0.84,4.6,1.0,0.087,0.0,5.0,0.16,119,0.915,0.158,0.062,21,0.061,0.56,31,0.273,61,0.2,0.36,0.001111111,0.051176471,0.0,0.055555556,0.010666667,0.2975,0.0571875,0.121538462,0.051666667,0.0175,6.77778e-05,0.073809524,0.087142857,0.003636364,0.032727273
11705,Vegetables and Vegetable Products,"ASPARAGUS,CKD,BLD,DRND,W/SALT","Asparagus, cooked, boiled, drained, with salt",,,,22,2.4,0.22,4.11,1.3,2.0,50.0,0.079,0.0,7.7,1.5,149,1.084,0.139,0.162,23,0.165,0.91,14,0.154,54,6.1,0.6,0.055555556,0.046470588,0.0,0.085555556,0.1,0.3725,0.06775,0.106923077,0.135,0.019166667,0.000183333,0.033333333,0.077142857,0.110909091,0.054545455
11707,Vegetables and Vegetable Products,"ASPARAGUS,CND,NO SALT,SOL&LIQUIDS","Asparagus, canned, no salt added, solids and liquids",,,,15,1.8,0.18,2.48,1.0,1.0,39.0,0.098,0.0,16.5,0.29,85,0.851,0.089,0.054,15,0.107,0.6,9,0.152,38,1.6,0.47,0.043333333,0.057647059,0.0,0.183333333,0.019333333,0.2125,0.0531875,0.068461538,0.045,0.0125,0.000118889,0.021428571,0.054285714,0.029090909,0.042727273
11709,Vegetables and Vegetable Products,"ASPARAGUS,FRZ,CKD,BLD,DRND,W/SALT","Asparagus, frozen, cooked, boiled, drained, with salt",,,,18,2.95,0.42,1.92,0.32,1.6,40.0,0.02,0.0,24.4,1.2,135,1.038,0.103,0.065,18,0.105,0.56,10,0.14,49,3.9,0.41,0.044444444,0.011764706,0.0,0.271111111,0.08,0.3375,0.064875,0.079230769,0.054166667,0.015,0.000116667,0.023809524,0.07,0.070909091,0.037272727
11710,Vegetables and Vegetable Products,"BALSAM-PEAR (BITTER GOURD),LEAFY TIPS,CKD,BLD,DRND,W/SALT","Balsam-pear (bitter gourd), leafy tips, cooked, boiled, drained, with salt",,,,32,3.6,0.2,6.16,1.04,1.9,121.0,0.76,0.0,55.6,1.45,88,0.995,0.282,0.147,42,0.201,1.02,94,0.536,77,0.9,0.3,0.134444444,0.447058824,0.0,0.617777778,0.096666667,0.22,0.0621875,0.216923077,0.1225,0.035,0.000223333,0.223809524,0.11,0.016363636,0.027272727
11711,Vegetables and Vegetable Products,"BALSAM-PEAR (BITTER GOURD),PODS,CKD,BLD,DRND,W/SALT","Balsam-pear (bitter gourd), pods, cooked, boiled, drained, with salt",,,,19,0.84,0.18,4.32,1.95,2.0,6.0,0.041,0.0,33.0,0.14,51,0.28,0.053,0.051,9,0.033,0.38,16,0.086,36,0.2,0.77,0.006666667,0.024117647,0.0,0.366666667,0.009333333,0.1275,0.0175,0.040769231,0.0425,0.0075,3.66667e-05,0.038095238,0.051428571,0.003636364,0.07
11712,Vegetables and Vegetable Products,"BAMBOO SHOOTS,CKD,BLD,DRND,W/SALT","Bamboo shoots, cooked, boiled, drained, with salt",,,,11,1.53,0.22,1.52,0.0,1.0,0.0,0.098,0.0,0.0,0.0,2,0.3,0.05,0.02,12,0.082,0.24,3,0.113,20,0.4,0.47,0.0,0.057647059,0.0,0.0,0.0,0.005,0.01875,0.038461538,0.016666667,0.01,9.11111e-05,0.007142857,0.028571429,0.007272727,0.042727273
11713,Vegetables and Vegetable Products,"BEANS,KIDNEY,MATURE SEEDS,SPROUTED,CKD,BLD,DRND,W/SALT","Beans, kidney, mature seeds, sprouted, cooked, boiled, drained, with salt",,,,33,4.83,0.58,4.72,0.0,0.0,0.0,0.093,0.0,35.6,0.0,47,3.024,0.273,0.362,19,0.174,0.89,23,0.199,38,0.6,0.44,0.0,0.054705882,0.0,0.395555556,0.0,0.1175,0.189,0.21,0.301666667,0.015833333,0.000193333,0.054761905,0.054285714,0.010909091,0.04
11714,Vegetables and Vegetable Products,"LIMA BNS,IMMAT SEEDS,CKD,BLD,DRND,W/SALT","Lima beans, immature seeds, cooked, boiled, drained, with salt",,,,123,6.81,0.32,23.64,1.63,5.3,19.0,0.193,0.0,10.1,0.14,26,1.04,0.096,0.14,32,0.305,2.45,74,1.252,130,2.0,0.79,0.021111111,0.113529412,0.0,0.112222222,0.009333333,0.065,0.065,0.073846154,0.116666667,0.026666667,0.000338889,0.176190476,0.185714286,0.036363636,0.071818182
11715,Vegetables and Vegetable Products,"LIMA BNS,IMMAT SEEDS,CND,NO SALT,SOL&LIQUIDS","Lima beans, immature seeds, canned, no salt added, solids and liquids",,,,71,4.07,0.29,13.33,0.93,3.6,8.0,0.062,0.0,8.7,0.29,16,0.532,0.043,0.029,28,0.162,1.61,34,0.7,71,1.1,0.64,0.008888889,0.036470588,0.0,0.096666667,0.019333333,0.04,0.03325,0.033076923,0.024166667,0.023333333,0.00018,0.080952381,0.101428571,0.02,0.058181818
11716,Vegetables and Vegetable Products,"LIMA BNS,IMMAT SEEDS,FRZ,BABY,CKD,BLD,DRND,W/SALT","Lima beans, immature seeds, frozen, baby, cooked, boiled, drained, with salt",,,,105,6.65,0.3,19.45,1.37,6.0,8.0,0.115,0.0,5.8,0.64,16,0.77,0.055,0.07,28,0.197,1.96,56,0.813,112,1.7,0.55,0.008888889,0.067647059,0.0,0.064444444,0.042666667,0.04,0.048125,0.042307692,0.058333333,0.023333333,0.000218889,0.133333333,0.16,0.030909091,0.05
11717,Vegetables and Vegetable Products,"LIMA BNS,IMMAT SEEDS,FRZ,FORDHOOK,CKD,BLD,DRND,W/SALT","Lima beans, immature seeds, frozen, fordhook, cooked, boiled, drained, with salt",,,,103,6.07,0.34,19.32,1.34,5.8,10.0,0.122,0.0,12.8,0.29,21,1.069,0.061,0.074,30,0.17,1.82,42,0.648,97,0.6,0.74,0.011111111,0.071764706,0.0,0.142222222,0.019333333,0.0525,0.0668125,0.046923077,0.061666667,0.025,0.000188889,0.1,0.138571429,0.010909091,0.067272727
11718,Vegetables and Vegetable Products,"MUNG BNS,MATURE SEEDS,SPROUTED,CKD,BLD,DRND,W/SALT","Mung beans, mature seeds, sprouted, cooked, boiled, drained, with salt",,,,19,2.03,0.09,3.6,2.84,0.8,1.0,0.054,0.0,11.4,0.07,29,0.817,0.102,0.05,12,0.122,0.65,14,0.14,28,0.6,0.47,0.001111111,0.031764706,0.0,0.126666667,0.004666667,0.0725,0.0510625,0.078461538,0.041666667,0.01,0.000135556,0.033333333,0.04,0.010909091,0.042727273
11719,Vegetables and Vegetable Products,"BEANS,NAVY,MATURE SEEDS,SPROUTED,CKD,BLD,DRND,W/SALT","Beans, navy, mature seeds, sprouted, cooked, boiled, drained, with salt",,,,78,7.07,0.81,15.01,0.0,0.0,0.0,0.198,0.0,17.3,0.0,106,1.263,0.235,0.381,16,0.389,2.11,111,0.446,103,0.6,0.97,0.0,0.116470588,0.0,0.192222222,0.0,0.265,0.0789375,0.180769231,0.3175,0.013333333,0.000432222,0.264285714,0.147142857,0.010909091,0.088181818
11720,Vegetables and Vegetable Products,"BEANS,PINTO,IMMAT SEEDS,FRZ,CKD,BLD,DRND,W/SALT","Beans, pinto, immature seeds, frozen, cooked, boiled, drained, with salt",,,,162,9.31,0.48,30.88,0.0,8.6,0.0,0.194,0.0,0.7,0.0,34,0.632,0.108,0.274,52,0.088,2.71,54,0.493,100,1.4,0.69,0.0,0.114117647,0.0,0.007777778,0.0,0.085,0.0395,0.083076923,0.228333333,0.043333333,9.77778e-05,0.128571429,0.142857143,0.025454545,0.062727273
11721,Vegetables and Vegetable Products,"BEANS,PINTO,MATURE SEEDS,SPROUTED,CKD,BLD,DRND,W/SALT","Beans, pinto, mature seeds, sprouted, cooked, boiled, drained, with salt",,,,20,1.86,0.32,3.5,0.0,0.0,0.0,0.054,0.0,6.1,0.0,29,0.725,0.059,0.067,15,0.107,0.66,18,0.123,30,0.6,0.17,0.0,0.031764706,0.0,0.067777778,0.0,0.0725,0.0453125,0.045384615,0.055833333,0.0125,0.000118889,0.042857143,0.042857143,0.010909091,0.015454545
11722,Vegetables and Vegetable Products,"BEANS,SNAP,YELLOW,RAW","Beans, snap, yellow, raw",,,Phaseolus vulgaris,31,1.82,0.12,7.13,0.0,3.4,5.0,0.074,0.0,16.3,0.0,37,0.752,0.105,0.084,37,0.069,1.04,25,0.214,38,0.6,0.24,0.005555556,0.043529412,0.0,0.181111111,0.0,0.0925,0.047,0.080769231,0.07,0.030833333,7.66667e-05,0.05952381,0.054285714,0.010909091,0.021818182
11723,Vegetables and Vegetable Products,"BEANS,SNAP,GRN,CKD,BLD,DRND,W/SALT","Beans, snap, green, cooked, boiled, drained, with salt",,,,35,1.89,0.28,7.88,1.55,3.2,35.0,0.056,0.0,9.7,0.45,33,0.614,0.097,0.074,44,0.057,0.65,18,0.285,29,0.2,0.25,0.038888889,0.032941176,0.0,0.107777778,0.03,0.0825,0.038375,0.074615385,0.061666667,0.036666667,6.33333e-05,0.042857143,0.041428571,0.003636364,0.022727273
11724,Vegetables and Vegetable Products,"BEANS,SNAP,YEL,CKD,BLD,DRND,WO/SALT","Beans, snap, yellow, cooked, boiled, drained, without salt",,,,35,1.89,0.28,7.88,1.55,3.3,4.0,0.056,0.0,9.7,0.45,33,0.614,0.097,0.074,46,0.103,1.28,25,0.294,39,0.4,0.36,0.004444444,0.032941176,0.0,0.107777778,0.03,0.0825,0.038375,0.074615385,0.061666667,0.038333333,0.000114444,0.05952381,0.055714286,0.007272727,0.032727273
11725,Vegetables and Vegetable Products,"BEANS,SNAP,YEL,CKD,BLD,DRND,W/SALT","Beans, snap, yellow, cooked, boiled, drained, with salt",,,,35,1.89,0.28,7.88,1.55,3.3,4.0,0.056,0.0,9.7,0.45,33,0.614,0.097,0.074,46,0.103,1.28,25,0.294,39,0.4,0.36,0.004444444,0.032941176,0.0,0.107777778,0.03,0.0825,0.038375,0.074615385,0.061666667,0.038333333,0.000114444,0.05952381,0.055714286,0.007272727,0.032727273
11726,Vegetables and Vegetable Products,"BEANS,SNAP,GRN,CND,NO SALT,SOL&LIQUIDS","Beans, snap, green, canned, no salt added, solids and liquids",,,,15,0.8,0.1,3.5,0.0,1.5,16.0,0.03,0.0,3.4,0.14,18,0.2,0.051,0.025,24,0.07,0.9,13,0.335,19,0.2,0.2,0.017777778,0.017647059,0.0,0.037777778,0.009333333,0.045,0.0125,0.039230769,0.020833333,0.02,7.77778e-05,0.030952381,0.027142857,0.003636364,0.018181818
11727,Vegetables and Vegetable Products,"BEANS,SNAP,YEL,CND,REG PK,SOL&LIQUIDS","Beans, snap, yellow, canned, regular pack, solids and liquids",,,,15,0.8,0.1,3.5,0.0,1.5,0.0,0.03,0.0,3.4,0.0,18,0.2,0.051,0.025,24,0.07,0.9,13,0.335,19,0.2,0.2,0.0,0.017647059,0.0,0.037777778,0.0,0.045,0.0125,0.039230769,0.020833333,0.02,7.77778e-05,0.030952381,0.027142857,0.003636364,0.018181818
11728,Vegetables and Vegetable Products,"BEANS,SNAP,YEL,CND,NO SALT,SOL&LIQUIDS","Beans, snap, yellow, canned, no salt added, solids and liquids",,,,15,0.8,0.1,3.5,0.0,1.5,3.0,0.03,0.0,4.0,0.0,18,0.2,0.051,0.025,24,0.07,0.9,13,0.335,19,0.2,0.2,0.003333333,0.017647059,0.0,0.044444444,0.0,0.045,0.0125,0.039230769,0.020833333,0.02,7.77778e-05,0.030952381,0.027142857,0.003636364,0.018181818
11729,Vegetables and Vegetable Products,"BEANS,SNAP,GRN,CND,NO SALT,DRND SOL","Beans, snap, green, canned, no salt added, drained solids",,,,22,1.12,0.46,4.32,0.78,1.9,18.0,0.03,0.0,2.8,0.03,28,0.206,0.046,0.016,38,0.034,1.06,13,0.163,20,0.4,0.2,0.02,0.017647059,0.0,0.031111111,0.002,0.07,0.012875,0.035384615,0.013333333,0.031666667,3.77778e-05,0.030952381,0.028571429,0.007272727,0.018181818
11730,Vegetables and Vegetable Products,"BEANS,SNAP,YEL,FRZ,ALL STYLES,UNPREP","Beans, snap, yellow, frozen, all styles, unprepared",,,,33,1.8,0.21,7.58,0.0,2.8,6.0,0.042,0.0,12.9,0.0,15,0.499,0.092,0.099,42,0.049,0.86,22,0.385,32,0.4,0.26,0.006666667,0.024705882,0.0,0.143333333,0.0,0.0375,0.0311875,0.070769231,0.0825,0.035,5.44444e-05,0.052380952,0.045714286,0.007272727,0.023636364
11731,Vegetables and Vegetable Products,"BEANS,SNAP,GRN,FRZ,CKD,BLD,DRND,W/SALT","Beans, snap, green, frozen, cooked, boiled, drained, with salt",,,,26,1.49,0.17,5.86,1.23,3.0,28.0,0.06,0.0,4.1,0.04,23,0.383,0.09,0.035,42,0.059,0.66,19,0.288,29,0.4,0.24,0.031111111,0.035294118,0.0,0.045555556,0.002666667,0.0575,0.0239375,0.069230769,0.029166667,0.035,6.55556e-05,0.045238095,0.041428571,0.007272727,0.021818182
11732,Vegetables and Vegetable Products,"BEANS,SNAP,YEL,FRZ,CKD,BLD,DRND,WO/SALT","Beans, snap, yellow, frozen, cooked, boiled, drained, without salt",,,,28,1.49,0.17,6.45,1.23,3.0,6.0,0.06,0.0,4.1,0.04,23,0.383,0.09,0.035,49,0.061,0.88,24,0.323,31,0.4,0.48,0.006666667,0.035294118,0.0,0.045555556,0.002666667,0.0575,0.0239375,0.069230769,0.029166667,0.040833333,6.77778e-05,0.057142857,0.044285714,0.007272727,0.043636364
11733,Vegetables and Vegetable Products,"BEANS,SNAP,YEL,FRZ,CKD,BLD,DRND,W/SALT","Beans, snap, yellow, frozen, cooked, boiled, drained, with salt",,,,26,1.49,0.17,5.86,1.23,3.0,6.0,0.06,0.0,4.1,0.04,23,0.383,0.09,0.035,49,0.061,0.88,24,0.323,31,0.4,0.48,0.006666667,0.035294118,0.0,0.045555556,0.002666667,0.0575,0.0239375,0.069230769,0.029166667,0.040833333,6.77778e-05,0.057142857,0.044285714,0.007272727,0.043636364
11734,Vegetables and Vegetable Products,"BEETS,CKD,BOILED. DRND,W/SALT","Beets, cooked, boiled. drained, with salt",,,,44,1.68,0.18,9.96,7.96,2.0,2.0,0.067,0.0,3.6,0.04,80,0.331,0.04,0.027,16,0.074,0.79,23,0.326,38,0.7,0.35,0.002222222,0.039411765,0.0,0.04,0.002666667,0.2,0.0206875,0.030769231,0.0225,0.013333333,8.22222e-05,0.054761905,0.054285714,0.012727273,0.031818182
11735,Vegetables and Vegetable Products,"BEETS,CND,NO SALT,SOL&LIQUIDS","Beets, canned, no salt added, solids and liquids",,,,28,0.8,0.07,6.57,5.38,1.2,1.0,0.055,0.0,2.8,0.03,29,0.151,0.038,0.01,13,0.097,0.63,16,0.241,16,0.5,0.23,0.001111111,0.032352941,0.0,0.031111111,0.002,0.0725,0.0094375,0.029230769,0.008333333,0.010833333,0.000107778,0.038095238,0.022857143,0.009090909,0.020909091
11736,Vegetables and Vegetable Products,"BEET GRNS,CKD,BLD,DRND,W/SALT","Beet greens, cooked, boiled, drained, with salt",,,,27,2.57,0.2,5.46,0.6,2.9,383.0,0.132,0.0,24.9,1.81,14,0.499,0.289,0.117,114,0.251,1.9,68,0.514,41,0.9,0.5,0.425555556,0.077647059,0.0,0.276666667,0.120666667,0.035,0.0311875,0.222307692,0.0975,0.095,0.000278889,0.161904762,0.058571429,0.016363636,0.045454545
11737,Vegetables and Vegetable Products,"BORAGE,CKD,BLD,DRND,W/SALT","Borage, cooked, boiled, drained, with salt",,,,25,2.09,0.81,3.55,0.0,0.0,219.0,0.088,0.0,32.5,0.0,10,0.94,0.165,0.059,102,0.143,3.64,57,0.385,55,0.9,0.22,0.243333333,0.051764706,0.0,0.361111111,0.0,0.025,0.05875,0.126923077,0.049166667,0.085,0.000158889,0.135714286,0.078571429,0.016363636,0.02
11738,Vegetables and Vegetable Products,"BROADBEANS,IMMAT SEEDS,CKD,BLD,DRND,W/SALT","Broadbeans, immature seeds, cooked, boiled, drained, with salt",,,Vicia faba,62,4.8,0.5,10.1,0.0,0.0,14.0,0.029,0.0,19.8,0.0,58,1.2,0.09,0.128,18,0.06,1.5,31,0.261,73,1.0,0.47,0.015555556,0.017058824,0.0,0.22,0.0,0.145,0.075,0.069230769,0.106666667,0.015,6.66667e-05,0.073809524,0.104285714,0.018181818,0.042727273
11739,Vegetables and Vegetable Products,"BROCCOLI,LEAVES,RAW","Broccoli, leaves, raw",,,,28,2.98,0.35,5.24,0.0,0.0,800.0,0.159,0.0,93.2,0.0,71,0.638,0.119,0.065,48,0.045,0.88,25,0.229,66,3.0,0.4,0.888888889,0.093529412,0.0,1.035555556,0.0,0.1775,0.039875,0.091538462,0.054166667,0.04,5e-05,0.05952381,0.094285714,0.054545455,0.036363636
11740,Vegetables and Vegetable Products,"BROCCOLI,FLOWER CLUSTERS,RAW","Broccoli, flower clusters, raw",,,,28,2.98,0.35,5.24,0.0,0.0,150.0,0.159,0.0,93.2,0.0,71,0.638,0.119,0.065,48,0.045,0.88,25,0.229,66,3.0,0.4,0.166666667,0.093529412,0.0,1.035555556,0.0,0.1775,0.039875,0.091538462,0.054166667,0.04,5e-05,0.05952381,0.094285714,0.054545455,0.036363636
11741,Vegetables and Vegetable Products,"BROCCOLI,STALKS,RAW","Broccoli, stalks, raw",,,,28,2.98,0.35,5.24,0.0,0.0,20.0,0.159,0.0,93.2,0.0,71,0.638,0.119,0.065,48,0.045,0.88,25,0.229,66,3.0,0.4,0.022222222,0.093529412,0.0,1.035555556,0.0,0.1775,0.039875,0.091538462,0.054166667,0.04,5e-05,0.05952381,0.094285714,0.054545455,0.036363636
11742,Vegetables and Vegetable Products,"BROCCOLI,CKD,BLD,DRND,W/SALT","Broccoli, cooked, boiled, drained, with salt",,,,35,2.38,0.41,7.18,1.39,3.3,77.0,0.2,0.0,64.9,1.45,108,0.553,0.123,0.063,40,0.061,0.67,21,0.194,67,1.6,0.45,0.085555556,0.117647059,0.0,0.721111111,0.096666667,0.27,0.0345625,0.094615385,0.0525,0.033333333,6.77778e-05,0.05,0.095714286,0.029090909,0.040909091
11743,Vegetables and Vegetable Products,"BROCCOLI,FRZ,CHOPD,CKD,BLD,DRND,W/SALT","Broccoli, frozen, chopped, cooked, boiled, drained, with salt",,,,28,3.1,0.12,5.35,1.47,3.0,51.0,0.13,0.0,40.1,1.32,56,0.458,0.081,0.055,33,0.034,0.61,13,0.223,49,0.7,0.28,0.056666667,0.076470588,0.0,0.445555556,0.088,0.14,0.028625,0.062307692,0.045833333,0.0275,3.77778e-05,0.030952381,0.07,0.012727273,0.025454545
11744,Vegetables and Vegetable Products,"BROCCOLI,FRZ,SPEARS,CKD,BLD,DRND,W/SALT","Broccoli, frozen, spears, cooked, boiled, drained, with salt",,,,28,3.1,0.11,5.35,1.44,3.0,56.0,0.13,0.0,40.1,1.32,30,0.458,0.081,0.055,51,0.043,0.61,20,0.325,55,1.9,0.3,0.062222222,0.076470588,0.0,0.445555556,0.088,0.075,0.028625,0.062307692,0.045833333,0.0425,4.77778e-05,0.047619048,0.078571429,0.034545455,0.027272727
11745,Vegetables and Vegetable Products,"BRUSSELS SPROUTS,CKD,BLD,DRND,W/SALT","Brussels sprouts, cooked, boiled, drained, with salt",,,,36,2.55,0.5,7.1,1.74,2.6,39.0,0.178,0.0,62.0,0.43,60,0.607,0.08,0.107,36,0.083,1.2,20,0.227,56,1.5,0.33,0.043333333,0.104705882,0.0,0.688888889,0.028666667,0.15,0.0379375,0.061538462,0.089166667,0.03,9.22222e-05,0.047619048,0.08,0.027272727,0.03
11746,Vegetables and Vegetable Products,"BRUSSELS SPROUTS,FRZ,CKD,BLD,DRND,W/SALT","Brussels sprouts, frozen, cooked, boiled, drained, with salt",,,,42,3.64,0.39,8.32,2.08,4.1,46.0,0.289,0.0,45.7,0.51,101,0.537,0.113,0.103,26,0.034,0.48,18,0.206,56,0.6,0.24,0.051111111,0.17,0.0,0.507777778,0.034,0.2525,0.0335625,0.086923077,0.085833333,0.021666667,3.77778e-05,0.042857143,0.08,0.010909091,0.021818182
11747,Vegetables and Vegetable Products,"BURDOCK ROOT,CKD,BLD,DRND,W/SALT","Burdock root, cooked, boiled, drained, with salt",,,,88,2.09,0.14,21.15,3.55,1.8,0.0,0.279,0.0,2.6,0.46,20,0.32,0.058,0.039,49,0.089,0.77,39,0.27,93,0.9,0.38,0.0,0.164117647,0.0,0.028888889,0.030666667,0.05,0.02,0.044615385,0.0325,0.040833333,9.88889e-05,0.092857143,0.132857143,0.016363636,0.034545455
11748,Vegetables and Vegetable Products,"BUTTERBUR,CKD,BLD,DRND,W/SALT","Butterbur, cooked, boiled, drained, with salt",,,,8,0.23,0.02,2.16,0.0,0.0,1.0,0.052,0.0,18.9,0.0,4,0.1,0.01,0.01,59,0.059,0.1,8,0.156,7,0.9,0.09,0.001111111,0.030588235,0.0,0.21,0.0,0.01,0.00625,0.007692308,0.008333333,0.049166667,6.55556e-05,0.019047619,0.01,0.016363636,0.008181818
11749,Vegetables and Vegetable Products,"CABBAGE,COMMON,FRESHLY HARVEST,RAW","Cabbage, common (danish, domestic, and pointed types), freshly harvest, raw",,,,24,1.21,0.18,5.37,0.0,2.3,6.0,0.095,0.0,51.0,0.0,57,0.3,0.03,0.05,47,0.023,0.56,15,0.159,23,0.9,0.18,0.006666667,0.055882353,0.0,0.566666667,0.0,0.1425,0.01875,0.023076923,0.041666667,0.039166667,2.55556e-05,0.035714286,0.032857143,0.016363636,0.016363636
11750,Vegetables and Vegetable Products,"CABBAGE,COMMON (DANISH,DOMESTIC,&POINTED TYPES),STORED,RAW","Cabbage, common (danish, domestic, and pointed types), stored, raw",,,,24,1.21,0.18,5.37,0.0,2.3,6.0,0.095,0.0,42.0,0.0,57,0.3,0.03,0.05,47,0.023,0.56,15,0.159,23,0.9,0.18,0.006666667,0.055882353,0.0,0.466666667,0.0,0.1425,0.01875,0.023076923,0.041666667,0.039166667,2.55556e-05,0.035714286,0.032857143,0.016363636,0.016363636
11751,Vegetables and Vegetable Products,"CABBAGE,COMMON,CKD,BLD,DRND,W/SALT","Cabbage, common, cooked, boiled, drained, with salt",,,,23,1.27,0.06,5.51,2.79,1.9,4.0,0.112,0.0,37.5,0.14,30,0.248,0.038,0.061,48,0.017,0.17,15,0.205,33,0.6,0.2,0.004444444,0.065882353,0.0,0.416666667,0.009333333,0.075,0.0155,0.029230769,0.050833333,0.04,1.88889e-05,0.035714286,0.047142857,0.010909091,0.018181818
11752,Vegetables and Vegetable Products,"CABBAGE,RED,CKD,BLD,DRND,W/SALT","Cabbage, red, cooked, boiled, drained, with salt",,,,29,1.51,0.09,6.94,3.32,2.6,2.0,0.225,0.0,10.8,0.12,24,0.382,0.06,0.071,42,0.054,0.66,17,0.223,33,2.3,0.25,0.002222222,0.132352941,0.0,0.12,0.008,0.06,0.023875,0.046153846,0.059166667,0.035,6e-05,0.04047619,0.047142857,0.041818182,0.022727273
11753,Vegetables and Vegetable Products,"CABBAGE,SAVOY,CKD,BLD,DRND,W/SALT","Cabbage, savoy, cooked, boiled, drained, with salt",,,,24,1.8,0.09,5.41,0.0,2.8,44.0,0.152,0.0,17.0,0.0,46,0.024,0.02,0.051,30,0.052,0.38,24,0.152,33,0.7,0.23,0.048888889,0.089411765,0.0,0.188888889,0.0,0.115,0.0015,0.015384615,0.0425,0.025,5.77778e-05,0.057142857,0.047142857,0.012727273,0.020909091
11754,Vegetables and Vegetable Products,"CABBAGE,CHINESE (PAK-CHOI),CKD,BLD,DRND,W/SALT","Cabbage, chinese (pak-choi), cooked, boiled, drained, with salt","pak choi, bok choy",,,12,1.56,0.16,1.78,0.83,1.0,212.0,0.166,0.0,26.0,0.09,41,0.428,0.063,0.032,93,0.019,1.04,11,0.144,29,0.4,0.17,0.235555556,0.097647059,0.0,0.288888889,0.006,0.1025,0.02675,0.048461538,0.026666667,0.0775,2.11111e-05,0.026190476,0.041428571,0.007272727,0.015454545
11755,Vegetables and Vegetable Products,"CABBAGE,CHINESE (PE-TSAI),CKD,BLD,DRND,W/SALT","Cabbage, chinese (pe-tsai), cooked, boiled, drained, with salt",,,,14,1.5,0.17,2.41,0.0,1.7,48.0,0.177,0.0,15.8,0.0,53,0.5,0.044,0.044,32,0.029,0.3,10,0.153,39,0.4,0.18,0.053333333,0.104117647,0.0,0.175555556,0.0,0.1325,0.03125,0.033846154,0.036666667,0.026666667,3.22222e-05,0.023809524,0.055714286,0.007272727,0.016363636
11756,Vegetables and Vegetable Products,"CARDOON,CKD,BLD,DRND,W/SALT","Cardoon, cooked, boiled, drained, with salt",,,,20,0.76,0.11,4.74,0.0,1.7,0.0,0.042,0.0,1.7,0.0,22,0.294,0.031,0.018,72,0.029,0.73,43,0.133,23,1.0,0.18,0.0,0.024705882,0.0,0.018888889,0.0,0.055,0.018375,0.023846154,0.015,0.06,3.22222e-05,0.102380952,0.032857143,0.018181818,0.016363636
11757,Vegetables and Vegetable Products,"CARROTS,CKD,BLD,DRND,W/SALT","Carrots, cooked, boiled, drained, with salt",,,,35,0.76,0.18,8.22,3.45,3.0,852.0,0.153,0.0,3.6,1.03,2,0.645,0.044,0.066,30,0.017,0.34,10,0.155,30,0.7,0.2,0.946666667,0.09,0.0,0.04,0.068666667,0.005,0.0403125,0.033846154,0.055,0.025,1.88889e-05,0.023809524,0.042857143,0.012727273,0.018181818
11758,Vegetables and Vegetable Products,"CARROTS,CND,NO SALT,SOL&LIQUIDS","Carrots, canned, no salt added, solids and liquids",,,,23,0.59,0.14,5.36,2.46,1.8,558.0,0.112,0.0,2.0,0.73,8,0.421,0.027,0.019,31,0.103,0.52,9,0.45,20,0.4,0.29,0.62,0.065882353,0.0,0.022222222,0.048666667,0.02,0.0263125,0.020769231,0.015833333,0.025833333,0.000114444,0.021428571,0.028571429,0.007272727,0.026363636
11759,Vegetables and Vegetable Products,"CARROTS,CND,NO SALT ,DRND SOL","Carrots, canned, no salt added, drained solids",,,,25,0.64,0.19,5.54,2.48,1.5,558.0,0.112,0.0,2.7,0.74,9,0.552,0.03,0.018,25,0.104,0.64,8,0.45,24,0.4,0.26,0.62,0.065882353,0.0,0.03,0.049333333,0.0225,0.0345,0.023076923,0.015,0.020833333,0.000115556,0.019047619,0.034285714,0.007272727,0.023636364
11760,Vegetables and Vegetable Products,"CARROTS,FRZ,CKD,BLD,DRND,W/SALT","Carrots, frozen, cooked, boiled, drained, with salt",,,,37,0.58,0.68,7.73,4.08,3.3,846.0,0.084,0.0,2.3,1.01,11,0.416,0.037,0.03,35,0.082,0.53,11,0.167,31,0.6,0.35,0.94,0.049411765,0.0,0.025555556,0.067333333,0.0275,0.026,0.028461538,0.025,0.029166667,9.11111e-05,0.026190476,0.044285714,0.010909091,0.031818182
11761,Vegetables and Vegetable Products,"CAULIFLOWER,CKD,BLD,DRND,W/SALT","Cauliflower, cooked, boiled, drained, with salt",,,,23,1.84,0.45,4.11,1.86,2.3,1.0,0.173,0.0,44.3,0.07,44,0.41,0.052,0.042,16,0.018,0.32,9,0.132,32,0.6,0.17,0.001111111,0.101764706,0.0,0.492222222,0.004666667,0.11,0.025625,0.04,0.035,0.013333333,2e-05,0.021428571,0.045714286,0.010909091,0.015454545
11762,Vegetables and Vegetable Products,"CAULIFLOWER,FRZ,CKD,BLD,DRND,W/SALT","Cauliflower, frozen, cooked, boiled, drained, with salt",,,,17,1.61,0.22,3.16,0.46,2.7,0.0,0.088,0.0,31.3,0.06,41,0.31,0.053,0.037,17,0.024,0.41,9,0.15,24,0.6,0.13,0.0,0.051764706,0.0,0.347777778,0.004,0.1025,0.019375,0.040769231,0.030833333,0.014166667,2.66667e-05,0.021428571,0.034285714,0.010909091,0.011818182
11763,Vegetables and Vegetable Products,"CELERIAC,CKD,BLD,DRND,W/SALT","Celeriac, cooked, boiled, drained, with salt",,,,27,0.96,0.19,5.9,0.0,0.0,0.0,0.101,0.0,3.6,0.0,3,0.427,0.037,0.027,26,0.043,0.43,12,0.096,66,0.4,0.2,0.0,0.059411765,0.0,0.04,0.0,0.0075,0.0266875,0.028461538,0.0225,0.021666667,4.77778e-05,0.028571429,0.094285714,0.007272727,0.018181818
11764,Vegetables and Vegetable Products,"CELERY,CKD,BLD,DRND,W/SALT","Celery, cooked, boiled, drained, with salt",,,,18,0.83,0.16,4.0,2.37,1.6,26.0,0.086,0.0,6.1,0.35,22,0.319,0.047,0.043,42,0.036,0.42,12,0.106,25,1.0,0.14,0.028888889,0.050588235,0.0,0.067777778,0.023333333,0.055,0.0199375,0.036153846,0.035833333,0.035,4e-05,0.028571429,0.035714286,0.018181818,0.012727273
11765,Vegetables and Vegetable Products,"CHARD,SWISS,CKD,BLD,DRND,W/SALT","Chard, swiss, cooked, boiled, drained, with salt",,,,20,1.88,0.08,4.13,1.1,2.1,306.0,0.085,0.0,18.0,1.89,9,0.36,0.086,0.034,58,0.163,2.26,86,0.334,33,0.9,0.33,0.34,0.05,0.0,0.2,0.126,0.0225,0.0225,0.066153846,0.028333333,0.048333333,0.000181111,0.204761905,0.047142857,0.016363636,0.03
11766,Vegetables and Vegetable Products,"CHAYOTE,FRUIT,CKD,BLD,DRND,W/SALT","Chayote, fruit, cooked, boiled, drained, with salt",,,,22,0.62,0.48,4.5,0.0,2.8,2.0,0.118,0.0,8.0,0.0,18,0.42,0.04,0.026,13,0.11,0.22,12,0.169,29,0.3,0.31,0.002222222,0.069411765,0.0,0.088888889,0.0,0.045,0.02625,0.030769231,0.021666667,0.010833333,0.000122222,0.028571429,0.041428571,0.005454545,0.028181818
11767,Vegetables and Vegetable Products,"CHRYSANTHEMUM,GARLAND,CKD,BLD,DRND,W/SALT","Chrysanthemum, garland, cooked, boiled, drained, with salt",,,,20,1.64,0.09,4.31,2.01,2.3,129.0,0.118,0.0,23.9,2.5,50,0.72,0.16,0.021,69,0.133,3.74,18,0.355,43,0.3,0.2,0.143333333,0.069411765,0.0,0.265555556,0.166666667,0.125,0.045,0.123076923,0.0175,0.0575,0.000147778,0.042857143,0.061428571,0.005454545,0.018181818
11768,Vegetables and Vegetable Products,"COLLARDS,CKD,BLD,DRND,W/SALT","Collards, cooked, boiled, drained, with salt",,,,33,2.71,0.72,5.65,0.0,4.0,380.0,0.128,0.0,18.2,0.88,16,0.575,0.106,0.04,141,0.051,1.13,21,0.51,32,0.5,0.23,0.422222222,0.075294118,0.0,0.202222222,0.058666667,0.04,0.0359375,0.081538462,0.033333333,0.1175,5.66667e-05,0.05,0.045714286,0.009090909,0.020909091
11769,Vegetables and Vegetable Products,"COLLARDS,FRZ,CHOPD,CKD,BLD,DRND,W/SALT","Collards, frozen, chopped, cooked, boiled, drained, with salt",,,,36,2.97,0.41,7.1,0.57,2.8,575.0,0.114,0.0,26.4,1.25,76,0.635,0.115,0.047,210,0.055,1.12,30,0.663,27,1.5,0.27,0.638888889,0.067058824,0.0,0.293333333,0.083333333,0.19,0.0396875,0.088461538,0.039166667,0.175,6.11111e-05,0.071428571,0.038571429,0.027272727,0.024545455
11770,Vegetables and Vegetable Products,"CORN,SWT,YEL,CKD,BLD,DRND,W/SALT","Corn, sweet, yellow, cooked, boiled, drained, with salt",,,,96,3.41,1.5,20.98,4.54,2.4,13.0,0.139,0.0,5.5,0.09,23,1.683,0.057,0.093,3,0.049,0.45,26,0.167,77,0.2,0.62,0.014444444,0.081764706,0.0,0.061111111,0.006,0.0575,0.1051875,0.043846154,0.0775,0.0025,5.44444e-05,0.061904762,0.11,0.003636364,0.056363636
11771,Vegetables and Vegetable Products,"CORN,SWT,YEL,CND,NO SALT,SOL&LIQUIDS","Corn, sweet, yellow, canned, no salt added, solids and liquids",,,,61,1.95,0.77,13.86,3.18,1.7,2.0,0.037,0.0,2.6,0.03,38,0.884,0.015,0.015,4,0.028,0.36,15,0.082,46,0.5,0.39,0.002222222,0.021764706,0.0,0.028888889,0.002,0.095,0.05525,0.011538462,0.0125,0.003333333,3.11111e-05,0.035714286,0.065714286,0.009090909,0.035454545
11772,Vegetables and Vegetable Products,"CORN,SWT,YEL,CND,CRM STYLE,NO SALT","Corn, sweet, yellow, canned, cream style, no salt added",,,,72,1.74,0.42,18.13,3.23,1.2,4.0,0.063,0.0,4.6,0.07,45,0.96,0.053,0.025,3,0.052,0.38,17,0.039,51,0.4,0.53,0.004444444,0.037058824,0.0,0.051111111,0.004666667,0.1125,0.06,0.040769231,0.020833333,0.0025,5.77778e-05,0.04047619,0.072857143,0.007272727,0.048181818
11773,Vegetables and Vegetable Products,"CORN,SWT,YEL,CND,VACUUM PK,NO SALT","Corn, sweet, yellow, canned, vacuum pack, no salt added",,,,79,2.41,0.5,19.44,3.56,2.0,4.0,0.055,0.0,8.1,0.04,49,1.167,0.073,0.041,5,0.048,0.42,23,0.067,64,0.7,0.46,0.004444444,0.032352941,0.0,0.09,0.002666667,0.1225,0.0729375,0.056153846,0.034166667,0.004166667,5.33333e-05,0.054761905,0.091428571,0.012727273,0.041818182
11774,Vegetables and Vegetable Products,"CORN,SWT,YEL,FRZ,KRNLS,CUT OFF COB,BLD,DRND,W/SALT","Corn, sweet, yellow, frozen, kernels, cut off cob, boiled, drained, with salt",,,,79,2.55,0.67,18.71,3.07,2.4,10.0,0.099,0.0,3.5,0.07,35,1.311,0.062,0.03,3,0.048,0.47,28,0.155,79,0.7,0.63,0.011111111,0.058235294,0.0,0.038888889,0.004666667,0.0875,0.0819375,0.047692308,0.025,0.0025,5.33333e-05,0.066666667,0.112857143,0.012727273,0.057272727
11775,Vegetables and Vegetable Products,"CORN,SWT,YEL,FRZ,KRNLS ON COB,CKD,BLD,DRND,W/SALT","Corn, sweet, yellow, frozen, kernels on cob, cooked, boiled, drained, with salt",,,,94,3.11,0.74,22.33,3.59,2.8,12.0,0.224,0.0,4.8,0.08,31,1.517,0.069,0.174,3,0.046,0.61,29,0.142,75,0.7,0.63,0.013333333,0.131764706,0.0,0.053333333,0.005333333,0.0775,0.0948125,0.053076923,0.145,0.0025,5.11111e-05,0.069047619,0.107142857,0.012727273,0.057272727
11777,Vegetables and Vegetable Products,"COWPEAS (BLACKEYES),IMMAT SEEDS,CKD,BLD,DRND,W/ SALT","Cowpeas (blackeyes), immature seeds, cooked, boiled, drained, with salt",,,,94,3.17,0.38,19.73,3.23,5.0,40.0,0.065,0.0,2.2,0.22,127,1.403,0.148,0.101,128,0.133,1.12,52,0.572,51,2.5,1.03,0.044444444,0.038235294,0.0,0.024444444,0.014666667,0.3175,0.0876875,0.113846154,0.084166667,0.106666667,0.000147778,0.123809524,0.072857143,0.045454545,0.093636364
11778,Vegetables and Vegetable Products,"COWPEAS (BLACKEYES),IMMAT SEEDS,FRZ,CKD,BLD,DRND,W/ SALT","Cowpeas (blackeyes), immature seeds, frozen, cooked, boiled, drained, with salt",,,,131,8.49,0.66,23.5,4.46,6.4,4.0,0.095,0.0,2.6,0.3,141,0.728,0.064,0.26,23,0.184,2.12,50,0.791,122,3.4,1.42,0.004444444,0.055882353,0.0,0.028888889,0.02,0.3525,0.0455,0.049230769,0.216666667,0.019166667,0.000204444,0.119047619,0.174285714,0.061818182,0.129090909
11779,Vegetables and Vegetable Products,"COWPEAS,YOUNG PODS W/SEEDS,CKD,BLD,DRND,W/SALT","Cowpeas, young pods with seeds, cooked, boiled, drained, with salt",,,,34,2.6,0.3,7.0,0.0,0.0,70.0,0.123,0.0,17.0,0.0,26,0.8,0.09,0.09,55,0.071,0.7,41,0.219,49,0.7,0.24,0.077777778,0.072352941,0.0,0.188888889,0.0,0.065,0.05,0.069230769,0.075,0.045833333,7.88889e-05,0.097619048,0.07,0.012727273,0.021818182
11780,Vegetables and Vegetable Products,"COWPEAS,LEAFY TIPS,CKD,BLD,DRND,W/SALT","Cowpeas, leafy tips, cooked, boiled, drained, with salt",,,,22,4.67,0.1,2.8,0.0,0.0,29.0,0.135,0.0,18.4,0.0,60,1.008,0.142,0.256,69,0.154,1.09,62,0.412,42,0.9,0.24,0.032222222,0.079411765,0.0,0.204444444,0.0,0.15,0.063,0.109230769,0.213333333,0.0575,0.000171111,0.147619048,0.06,0.016363636,0.021818182
11781,Vegetables and Vegetable Products,"CRESS,GARDEN,CKD,BLD,DRND,W/SALT","Cress, garden, cooked, boiled, drained, with salt",,,,23,1.9,0.6,3.8,3.11,0.7,232.0,0.157,0.0,23.0,0.5,37,0.8,0.16,0.06,61,0.114,0.8,26,0.372,48,0.9,0.15,0.257777778,0.092352941,0.0,0.255555556,0.033333333,0.0925,0.05,0.123076923,0.05,0.050833333,0.000126667,0.061904762,0.068571429,0.016363636,0.013636364
11782,Vegetables and Vegetable Products,"DANDELION GRNS,CKD,BLD,DRND,W/SALT","Dandelion greens, cooked, boiled, drained, with salt",,,,33,2.0,0.6,6.4,1.62,2.9,727.0,0.16,0.0,18.0,0.6,13,0.514,0.175,0.13,140,0.115,1.8,24,0.23,42,0.3,0.28,0.807777778,0.094117647,0.0,0.2,0.04,0.0325,0.032125,0.134615385,0.108333333,0.116666667,0.000127778,0.057142857,0.06,0.005454545,0.025454545
11783,Vegetables and Vegetable Products,"EGGPLANT,CKD,BLD,DRND,W/SALT","Eggplant, cooked, boiled, drained, with salt",,,,33,0.83,0.23,8.14,3.2,2.5,2.0,0.086,0.0,1.3,0.41,14,0.6,0.02,0.076,6,0.059,0.25,11,0.113,15,0.1,0.12,0.002222222,0.050588235,0.0,0.014444444,0.027333333,0.035,0.0375,0.015384615,0.063333333,0.005,6.55556e-05,0.026190476,0.021428571,0.001818182,0.010909091
11784,Vegetables and Vegetable Products,"GOURD,WHITE-FLOWERED (CALABASH),CKD,BLD,DRND,W/SALT","Gourd, white-flowered (calabash), cooked, boiled, drained, with salt",,,,13,0.6,0.02,3.1,0.0,1.2,0.0,0.038,0.0,8.5,0.0,4,0.39,0.022,0.029,24,0.026,0.25,11,0.066,13,0.2,0.7,0.0,0.022352941,0.0,0.094444444,0.0,0.01,0.024375,0.016923077,0.024166667,0.02,2.88889e-05,0.026190476,0.018571429,0.003636364,0.063636364
11785,Vegetables and Vegetable Products,"GOURD,DISHCLOTH (TOWELGOURD),CKD,BLD,DRND,W/SALT","Gourd, dishcloth (towelgourd), cooked, boiled, drained, with salt",,,,54,0.66,0.34,13.75,5.17,2.9,0.0,0.099,0.0,5.7,0.24,12,0.26,0.042,0.046,9,0.085,0.36,20,0.223,31,0.2,0.17,0.0,0.058235294,0.0,0.063333333,0.016,0.03,0.01625,0.032307692,0.038333333,0.0075,9.44444e-05,0.047619048,0.044285714,0.003636364,0.015454545
11786,Vegetables and Vegetable Products,"DRUMSTICK LEAVES,CKD,BLD,DRND,W/ SALT","Drumstick leaves, cooked, boiled, drained, with salt",Horseradish tree,,,60,5.27,0.93,11.15,1.0,2.0,351.0,0.929,0.0,31.0,0.1,23,1.995,0.509,0.222,151,0.086,2.32,151,0.868,67,0.9,0.49,0.39,0.546470588,0.0,0.344444444,0.006666667,0.0575,0.1246875,0.391538462,0.185,0.125833333,9.55556e-05,0.35952381,0.095714286,0.016363636,0.044545455
11787,Vegetables and Vegetable Products,"DRUMSTICK PODS,CKD,BLD,DRND,W/ SALT","Drumstick pods, cooked, boiled, drained, with salt",Horseradish-tree pods,,,36,2.09,0.19,8.18,0.0,4.2,4.0,0.112,0.0,97.0,0.0,30,0.59,0.068,0.046,20,0.078,0.45,42,0.241,49,0.7,0.42,0.004444444,0.065882353,0.0,1.077777778,0.0,0.075,0.036875,0.052307692,0.038333333,0.016666667,8.66667e-05,0.1,0.07,0.012727273,0.038181818
11788,Vegetables and Vegetable Products,"HYACINTH-BEANS,IMMAT SEEDS,CKD,BLD,DRND,W/SALT","Hyacinth-beans, immature seeds, cooked, boiled, drained, with salt",,,,50,2.95,0.27,9.2,0.0,0.0,7.0,0.023,0.0,5.1,0.0,47,0.48,0.088,0.056,41,0.048,0.76,42,0.21,49,1.6,0.38,0.007777778,0.013529412,0.0,0.056666667,0.0,0.1175,0.03,0.067692308,0.046666667,0.034166667,5.33333e-05,0.1,0.07,0.029090909,0.034545455
11789,Vegetables and Vegetable Products,"JUTE,POTHERB,CKD,BLD,DRND,W/SALT","Jute, potherb, cooked, boiled, drained, with salt",,,,37,3.68,0.2,7.29,1.0,2.0,259.0,0.57,0.0,33.0,0.07,104,0.89,0.192,0.091,211,0.255,3.14,62,0.123,72,0.9,0.79,0.287777778,0.335294118,0.0,0.366666667,0.004666667,0.26,0.055625,0.147692308,0.075833333,0.175833333,0.000283333,0.147619048,0.102857143,0.016363636,0.071818182
11790,Vegetables and Vegetable Products,"KALE,CKD,BLD,DRND,W/SALT","Kale, cooked, boiled, drained, with salt",,,,28,1.9,0.4,5.63,1.25,2.0,681.0,0.138,0.0,41.0,0.85,13,0.5,0.07,0.053,72,0.156,0.9,18,0.416,28,0.9,0.24,0.756666667,0.081176471,0.0,0.455555556,0.056666667,0.0325,0.03125,0.053846154,0.044166667,0.06,0.000173333,0.042857143,0.04,0.016363636,0.021818182
11791,Vegetables and Vegetable Products,"KALE,FRZ,CKD,BLD,DRND,W/SALT","Kale, frozen, cooked, boiled, drained, with salt",,,,30,2.84,0.49,5.23,1.34,2.0,735.0,0.086,0.0,25.2,0.92,14,0.672,0.114,0.043,138,0.047,0.94,18,0.45,28,0.9,0.18,0.816666667,0.050588235,0.0,0.28,0.061333333,0.035,0.042,0.087692308,0.035833333,0.115,5.22222e-05,0.042857143,0.04,0.016363636,0.016363636
11792,Vegetables and Vegetable Products,"KALE,SCOTCH,CKD,BLD,DRND,W/SALT","Kale, scotch, cooked, boiled, drained, with salt",,,,28,1.9,0.41,5.62,0.0,0.0,100.0,0.139,0.0,52.8,0.0,13,0.792,0.039,0.04,132,0.156,1.93,57,0.417,38,0.9,0.24,0.111111111,0.081764706,0.0,0.586666667,0.0,0.0325,0.0495,0.03,0.033333333,0.11,0.000173333,0.135714286,0.054285714,0.016363636,0.021818182
11793,Vegetables and Vegetable Products,"KOHLRABI,CKD,BLD,DRND,W/SALT","Kohlrabi, cooked, boiled, drained, with salt",,,,29,1.8,0.11,6.69,2.8,1.1,2.0,0.154,0.0,54.0,0.52,12,0.39,0.02,0.04,25,0.132,0.4,19,0.142,45,0.8,0.31,0.002222222,0.090588235,0.0,0.6,0.034666667,0.03,0.024375,0.015384615,0.033333333,0.020833333,0.000146667,0.045238095,0.064285714,0.014545455,0.028181818
11794,Vegetables and Vegetable Products,"LAMBS QUARTERS,CKD,BLD,DRND,W/SALT","Lambs quarters, cooked, boiled, drained, with salt",,,,32,3.2,0.7,5.0,0.62,2.1,391.0,0.174,0.0,37.0,0.0,14,0.9,0.26,0.1,258,0.197,0.7,23,0.525,45,0.9,0.3,0.434444444,0.102352941,0.0,0.411111111,0.0,0.035,0.05625,0.2,0.083333333,0.215,0.000218889,0.054761905,0.064285714,0.016363636,0.027272727
11795,Vegetables and Vegetable Products,"LEEKS,(BULB&LOWER LEAF-PORTION),CKD,BLD,DRND,W/SALT","Leeks, (bulb and lower leaf-portion), cooked, boiled, drained, with salt",,,,31,0.81,0.2,7.62,2.11,1.0,41.0,0.113,0.0,4.2,0.5,24,0.2,0.02,0.026,30,0.062,1.1,14,0.247,17,0.5,0.06,0.045555556,0.066470588,0.0,0.046666667,0.033333333,0.06,0.0125,0.015384615,0.021666667,0.025,6.88889e-05,0.033333333,0.024285714,0.009090909,0.005454545
11796,Vegetables and Vegetable Products,"LOTUS ROOT,CKD,BLD,DRND,W/SALT","Lotus root, cooked, boiled, drained, with salt",,,,66,1.58,0.07,16.02,0.0,3.1,0.0,0.218,0.0,27.4,0.0,8,0.3,0.01,0.127,26,0.217,0.9,22,0.22,78,0.6,0.33,0.0,0.128235294,0.0,0.304444444,0.0,0.02,0.01875,0.007692308,0.105833333,0.021666667,0.000241111,0.052380952,0.111428571,0.010909091,0.03
11797,Vegetables and Vegetable Products,"MUSHROOMS,WHITE,CKD,BLD,DRND,W/ SALT","Mushrooms, white, cooked, boiled, drained, with salt",,,Agaricus bisporus,28,2.17,0.47,5.29,2.34,2.2,0.0,0.095,0.0,4.0,0.01,18,4.46,0.3,0.073,6,0.504,1.74,12,0.115,87,13.4,0.87,0.0,0.055882353,0.0,0.044444444,0.000666667,0.045,0.27875,0.230769231,0.060833333,0.005,0.00056,0.028571429,0.124285714,0.243636364,0.079090909
11798,Vegetables and Vegetable Products,"MUSHROOMS,SHIITAKE,CKD,W/SALT","Mushrooms, shiitake, cooked, with salt",,,,56,1.56,0.22,14.39,3.84,2.1,0.0,0.159,0.0,0.3,0.0,21,1.5,0.17,0.037,3,0.896,0.44,14,0.204,29,24.8,1.33,0.0,0.093529412,0.0,0.003333333,0.0,0.0525,0.09375,0.130769231,0.030833333,0.0025,0.000995556,0.033333333,0.041428571,0.450909091,0.120909091
11799,Vegetables and Vegetable Products,"MUSTARD GRNS,CKD,BLD,DRND,W/SALT","Mustard greens, cooked, boiled, drained, with salt",,,,26,2.56,0.47,4.51,1.41,2.0,527.0,0.098,0.0,25.3,1.78,9,0.433,0.063,0.041,118,0.098,0.87,13,0.0,42,0.6,0.15,0.585555556,0.057647059,0.0,0.281111111,0.118666667,0.0225,0.0270625,0.048461538,0.034166667,0.098333333,0.000108889,0.030952381,0.06,0.010909091,0.013636364
11800,Vegetables and Vegetable Products,"MUSTARD GRNS,FRZ,CKD,BLD,DRND,W/SALT","Mustard greens, frozen, cooked, boiled, drained, with salt",,,,19,2.27,0.25,3.11,0.32,2.8,354.0,0.108,0.0,13.8,1.35,70,0.258,0.053,0.04,101,0.058,1.12,13,0.294,24,0.6,0.2,0.393333333,0.063529412,0.0,0.153333333,0.09,0.175,0.016125,0.040769231,0.033333333,0.084166667,6.44444e-05,0.030952381,0.034285714,0.010909091,0.018181818
11801,Vegetables and Vegetable Products,"MUSTARD SPINACH,(TENDERGREEN),CKD,BLD,DRND,W/SALT","Mustard spinach, (tendergreen), cooked, boiled, drained, with salt",,,,16,1.7,0.2,2.8,0.0,2.0,410.0,0.097,0.0,65.0,0.0,73,0.43,0.062,0.041,158,0.05,0.8,7,0.27,18,0.6,0.11,0.455555556,0.057058824,0.0,0.722222222,0.0,0.1825,0.026875,0.047692308,0.034166667,0.131666667,5.55556e-05,0.016666667,0.025714286,0.010909091,0.01
11802,Vegetables and Vegetable Products,"NEW ZEALAND SPINACH,CKD,BLD,DRND,W/SALT","New zealand spinach, cooked, boiled, drained, with salt",,,,12,1.3,0.17,2.13,0.25,1.4,0.0,0.237,0.0,16.0,1.23,8,0.39,0.107,0.03,48,0.077,0.66,32,0.526,22,0.9,0.31,0.0,0.139411765,0.0,0.177777778,0.082,0.02,0.024375,0.082307692,0.025,0.04,8.55556e-05,0.076190476,0.031428571,0.016363636,0.028181818
11803,Vegetables and Vegetable Products,"OKRA,CKD,BLD,DRND,W/SALT","Okra, cooked, boiled, drained, with salt",,,,22,1.87,0.21,4.51,2.4,2.5,14.0,0.187,0.0,16.3,0.27,46,0.871,0.055,0.132,77,0.085,0.28,36,0.294,32,0.4,0.43,0.015555556,0.11,0.0,0.181111111,0.018,0.115,0.0544375,0.042307692,0.11,0.064166667,9.44444e-05,0.085714286,0.045714286,0.007272727,0.039090909
11804,Vegetables and Vegetable Products,"OKRA,FRZ,CKD,BLD,DRND,W/ SALT","Okra, frozen, cooked, boiled, drained, with salt",,,,34,1.63,0.24,6.41,2.87,2.1,15.0,0.037,0.0,9.6,0.32,100,0.616,0.096,0.073,74,0.076,0.52,40,0.844,37,0.6,0.49,0.016666667,0.021764706,0.0,0.106666667,0.021333333,0.25,0.0385,0.073846154,0.060833333,0.061666667,8.44444e-05,0.095238095,0.052857143,0.010909091,0.044545455
11805,Vegetables and Vegetable Products,"ONIONS,CKD,BLD,DRND,W/SALT","Onions, cooked, boiled, drained, with salt",,,,42,1.36,0.19,9.56,4.73,1.4,0.0,0.129,0.0,5.2,0.02,15,0.165,0.023,0.042,22,0.067,0.24,11,0.153,35,0.6,0.21,0.0,0.075882353,0.0,0.057777778,0.001333333,0.0375,0.0103125,0.017692308,0.035,0.018333333,7.44444e-05,0.026190476,0.05,0.010909091,0.019090909
11806,Vegetables and Vegetable Products,"ONIONS,FRZ,CHOPD,CKD,BLD,DRND,W/SALT","Onions, frozen, chopped, cooked, boiled, drained, with salt",,,,26,0.77,0.1,6.0,2.9,1.7,0.0,0.069,0.0,2.6,0.01,13,0.139,0.025,0.023,16,0.019,0.3,6,0.071,19,0.4,0.07,0.0,0.040588235,0.0,0.028888889,0.000666667,0.0325,0.0086875,0.019230769,0.019166667,0.013333333,2.11111e-05,0.014285714,0.027142857,0.007272727,0.006363636
11807,Vegetables and Vegetable Products,"ONIONS,FRZ,WHL,CKD,BLD,DRND,W/SALT","Onions, frozen, whole, cooked, boiled, drained, with salt",,,,26,0.71,0.05,6.11,2.9,1.4,0.0,0.07,0.0,5.1,0.01,13,0.132,0.018,0.016,27,0.024,0.34,8,0.04,2,0.4,0.09,0.0,0.041176471,0.0,0.056666667,0.000666667,0.0325,0.00825,0.013846154,0.013333333,0.0225,2.66667e-05,0.019047619,0.002857143,0.007272727,0.008181818
11808,Vegetables and Vegetable Products,"PARSNIPS,CKD,BLD,DRND,W/SALT","Parsnips, cooked, boiled, drained, with salt",,,,71,1.32,0.3,17.01,4.8,4.0,0.0,0.093,0.0,13.0,1.0,58,0.724,0.051,0.083,37,0.138,0.58,29,0.294,69,1.7,0.26,0.0,0.054705882,0.0,0.144444444,0.066666667,0.145,0.04525,0.039230769,0.069166667,0.030833333,0.000153333,0.069047619,0.098571429,0.030909091,0.023636364
11809,Vegetables and Vegetable Products,"PEAS,EDIBLE-PODDED,CKD,BLD,DRND,W/SALT","Peas, edible-podded, cooked, boiled, drained, with salt","Sugar snap peas, Snowpeas",,,40,3.27,0.23,6.46,3.99,2.8,52.0,0.144,0.0,47.9,0.39,29,0.539,0.076,0.128,42,0.077,1.97,26,0.168,55,0.7,0.37,0.057777778,0.084705882,0.0,0.532222222,0.026,0.0725,0.0336875,0.058461538,0.106666667,0.035,8.55556e-05,0.061904762,0.078571429,0.012727273,0.033636364
11810,Vegetables and Vegetable Products,"PEAS,EDIBLE-PODDED,FRZ,CKD,BLD,DRND,W/SALT","Peas, edible-podded, frozen, cooked, boiled, drained, with salt","Sugar snap peas, Snowpeas",,,50,3.5,0.38,8.43,4.82,3.1,66.0,0.174,0.0,22.0,0.47,35,0.563,0.119,0.064,59,0.09,2.4,28,0.28,58,0.8,0.49,0.073333333,0.102352941,0.0,0.244444444,0.031333333,0.0875,0.0351875,0.091538462,0.053333333,0.049166667,0.0001,0.066666667,0.082857143,0.014545455,0.044545455
11811,Vegetables and Vegetable Products,"PEAS,GRN,CKD,BLD,DRND,W/SALT","Peas, green, cooked, boiled, drained, with salt",,,,84,5.36,0.22,15.63,5.93,5.5,40.0,0.216,0.0,14.2,0.14,63,2.021,0.149,0.259,27,0.173,1.54,39,0.525,117,1.9,1.19,0.044444444,0.127058824,0.0,0.157777778,0.009333333,0.1575,0.1263125,0.114615385,0.215833333,0.0225,0.000192222,0.092857143,0.167142857,0.034545455,0.108181818
11812,Vegetables and Vegetable Products,"PEAS,GRN,CND,NO SALT,SOL&LIQUIDS","Peas, green, canned, no salt added, solids and liquids",,,,53,3.19,0.3,9.75,3.2,3.3,72.0,0.065,0.0,9.8,0.02,29,0.842,0.073,0.111,18,0.108,1.02,17,0.264,53,1.3,0.7,0.08,0.038235294,0.0,0.108888889,0.001333333,0.0725,0.052625,0.056153846,0.0925,0.015,0.00012,0.04047619,0.075714286,0.023636364,0.063636364
11813,Vegetables and Vegetable Products,"PEAS,GRN,CND,NO SALT,DRND SOL","Peas, green, canned, no salt added, drained solids",,,,69,4.42,0.35,12.58,4.16,4.1,27.0,0.064,0.0,9.6,0.03,44,0.732,0.078,0.121,20,0.082,0.95,17,0.303,67,1.7,0.71,0.03,0.037647059,0.0,0.106666667,0.002,0.11,0.04575,0.06,0.100833333,0.016666667,9.11111e-05,0.04047619,0.095714286,0.030909091,0.064545455
11814,Vegetables and Vegetable Products,"PEAS,GRN,FRZ,CKD,BLD,DRND,W/SALT","Peas, green, frozen, cooked, boiled, drained, with salt",,,,78,5.15,0.27,14.26,4.65,5.5,105.0,0.113,0.0,9.9,0.03,59,1.48,0.1,0.283,24,0.105,1.52,22,0.279,77,1.0,0.67,0.116666667,0.066470588,0.0,0.11,0.002,0.1475,0.0925,0.076923077,0.235833333,0.02,0.000116667,0.052380952,0.11,0.018181818,0.060909091
11815,Vegetables and Vegetable Products,"PEAS,MATURE SEEDS,SPROUTED,CKD,BLD,DRND,W/SALT","Peas, mature seeds, sprouted, cooked, boiled, drained, with salt",,,,98,7.05,0.51,17.08,0.0,0.0,5.0,0.128,0.0,6.6,0.0,36,1.072,0.285,0.216,26,0.02,1.67,41,0.325,24,0.6,0.78,0.005555556,0.075294118,0.0,0.073333333,0.0,0.09,0.067,0.219230769,0.18,0.021666667,2.22222e-05,0.097619048,0.034285714,0.010909091,0.070909091
11816,Vegetables and Vegetable Products,"PEAS&CARROTS,CND,NO SALT,SOL&LIQUIDS","Peas and carrots, canned, no salt added, solids and liquids",,,,38,2.17,0.27,8.48,2.83,3.3,343.0,0.088,0.0,6.6,0.38,18,0.581,0.053,0.074,23,0.103,0.75,14,0.357,46,0.9,0.58,0.381111111,0.051764706,0.0,0.073333333,0.025333333,0.045,0.0363125,0.040769231,0.061666667,0.019166667,0.000114444,0.033333333,0.065714286,0.016363636,0.052727273
11817,Vegetables and Vegetable Products,"PEAS&CARROTS,FRZ,CKD,BLD,DRND,W/SALT","Peas and carrots, frozen, cooked, boiled, drained, with salt",,,,48,3.09,0.42,10.12,4.36,3.1,476.0,0.087,0.0,8.1,0.52,26,1.154,0.064,0.225,23,0.076,0.94,16,0.202,49,1.1,0.45,0.528888889,0.051176471,0.0,0.09,0.034666667,0.065,0.072125,0.049230769,0.1875,0.019166667,8.44444e-05,0.038095238,0.07,0.02,0.040909091
11818,Vegetables and Vegetable Products,"PEAS&ONIONS,FRZ,CKD,BLD,DRND,W/SALT","Peas and onions, frozen, cooked, boiled, drained, with salt",,,,45,2.54,0.2,8.63,3.77,2.2,53.0,0.087,0.0,6.9,0.02,20,1.044,0.069,0.15,14,0.063,0.94,13,0.166,34,0.4,0.29,0.058888889,0.051176471,0.0,0.076666667,0.001333333,0.05,0.06525,0.053076923,0.125,0.011666667,7e-05,0.030952381,0.048571429,0.007272727,0.026363636
11819,Vegetables and Vegetable Products,"PEPPERS,HOT CHILI,RED,RAW","Peppers, hot chili, red, raw",,,,40,1.87,0.44,8.81,5.3,1.5,48.0,0.506,0.0,143.7,0.69,23,1.244,0.086,0.072,14,0.129,1.03,23,0.187,43,0.5,0.26,0.053333333,0.297647059,0.0,1.596666667,0.046,0.0575,0.07775,0.066153846,0.06,0.011666667,0.000143333,0.054761905,0.061428571,0.009090909,0.023636364
11820,Vegetables and Vegetable Products,"PEPPERS,HOT CHILI,RED,CND,EXCLUDING SEEDS,SOL&LIQUIDS","Peppers, hot chili, red, canned, excluding seeds, solids and liquids",,,,21,0.9,0.1,5.1,3.32,1.3,595.0,0.153,0.0,68.0,0.69,10,0.8,0.05,0.02,7,0.101,0.5,14,0.138,17,0.3,0.17,0.661111111,0.09,0.0,0.755555556,0.046,0.025,0.05,0.038461538,0.016666667,0.005833333,0.000112222,0.033333333,0.024285714,0.005454545,0.015454545
11821,Vegetables and Vegetable Products,"PEPPERS,SWT,RED,RAW","Peppers, sweet, red, raw",,,,31,0.99,0.3,6.03,4.2,2.1,157.0,0.291,0.0,127.7,1.58,46,0.979,0.085,0.054,7,0.017,0.43,12,0.112,26,0.1,0.25,0.174444444,0.171176471,0.0,1.418888889,0.105333333,0.115,0.0611875,0.065384615,0.045,0.005833333,1.88889e-05,0.028571429,0.037142857,0.001818182,0.022727273
11822,Vegetables and Vegetable Products,"PEPPERS,SWT,GRN,CKD,BLD,DRND,W/SALT","Peppers, sweet, green, cooked, boiled, drained, with salt",,,,26,0.92,0.2,6.11,3.19,1.2,23.0,0.233,0.0,74.4,0.5,16,0.477,0.03,0.059,9,0.065,0.46,10,0.115,18,0.3,0.12,0.025555556,0.137058824,0.0,0.826666667,0.033333333,0.04,0.0298125,0.023076923,0.049166667,0.0075,7.22222e-05,0.023809524,0.025714286,0.005454545,0.010909091
11823,Vegetables and Vegetable Products,"PEPPERS,SWT,RED,CKD,BLD,DRND,WO/SALT","Peppers, sweet, red, cooked, boiled, drained, without salt",,,,28,0.92,0.2,6.7,4.39,1.2,147.0,0.233,0.0,171.0,1.65,16,0.477,0.03,0.059,9,0.065,0.46,10,0.115,18,0.3,0.12,0.163333333,0.137058824,0.0,1.9,0.11,0.04,0.0298125,0.023076923,0.049166667,0.0075,7.22222e-05,0.023809524,0.025714286,0.005454545,0.010909091
11824,Vegetables and Vegetable Products,"PEPPERS,SWT,RED,CKD,BLD,DRND,W/SALT","Peppers, sweet, red, cooked, boiled, drained, with salt",,,,26,0.92,0.2,6.11,4.39,1.2,147.0,0.233,0.0,171.0,1.65,16,0.477,0.03,0.059,9,0.065,0.46,10,0.115,18,0.3,0.12,0.163333333,0.137058824,0.0,1.9,0.11,0.04,0.0298125,0.023076923,0.049166667,0.0075,7.22222e-05,0.023809524,0.025714286,0.005454545,0.010909091
11825,Vegetables and Vegetable Products,"PEPPERS,SWT,GRN,FRZ,CHOPD,CKD,BLD,DRND,W/SALT","Peppers, sweet, green, frozen, chopped, cooked, boiled, drained, with salt",,,,16,0.95,0.18,3.31,0.0,0.9,0.0,0.108,0.0,41.2,0.0,10,1.082,0.031,0.051,8,0.044,0.52,7,0.097,13,0.2,0.05,0.0,0.063529412,0.0,0.457777778,0.0,0.025,0.067625,0.023846154,0.0425,0.006666667,4.88889e-05,0.016666667,0.018571429,0.003636364,0.004545455
11826,Vegetables and Vegetable Products,"PIGEONPEAS,IMMAT SEEDS,CKD,BLD,DRND,W/SALT","Pigeonpeas, immature seeds, cooked, boiled, drained, with salt",,,,111,5.96,1.36,19.49,2.48,6.2,2.0,0.053,0.0,28.1,0.32,100,2.153,0.166,0.35,41,0.105,1.57,40,0.451,118,1.2,0.82,0.002222222,0.031176471,0.0,0.312222222,0.021333333,0.25,0.1345625,0.127692308,0.291666667,0.034166667,0.000116667,0.095238095,0.168571429,0.021818182,0.074545455
11827,Vegetables and Vegetable Products,"POKEBERRY SHOOTS,(POKE),CKD,BLD,DRND,W/SALT","Pokeberry shoots, (poke), cooked, boiled, drained, with salt",,,,20,2.3,0.4,3.1,1.6,1.5,435.0,0.111,0.0,82.0,0.85,9,1.1,0.25,0.07,53,0.126,1.2,14,0.336,33,0.9,0.19,0.483333333,0.065294118,0.0,0.911111111,0.056666667,0.0225,0.06875,0.192307692,0.058333333,0.044166667,0.00014,0.033333333,0.047142857,0.016363636,0.017272727
11828,Vegetables and Vegetable Products,"POTATOES,BKD,FLESH & SKN,W/ SALT","Potatoes, baked, flesh and skin, with salt",,,,93,2.5,0.13,21.15,1.18,2.2,1.0,0.311,0.0,9.6,0.04,28,1.41,0.048,0.064,15,0.118,1.08,28,0.219,70,0.4,0.36,0.001111111,0.182941176,0.0,0.106666667,0.002666667,0.07,0.088125,0.036923077,0.053333333,0.0125,0.000131111,0.066666667,0.1,0.007272727,0.032727273
11829,Vegetables and Vegetable Products,"POTATOES,BKD,FLESH,W/SALT","Potatoes, baked, flesh, with salt",,,,93,1.96,0.1,21.55,1.7,1.5,0.0,0.301,0.0,12.8,0.04,9,1.395,0.021,0.105,5,0.215,0.35,25,0.161,50,0.3,0.29,0.0,0.177058824,0.0,0.142222222,0.002666667,0.0225,0.0871875,0.016153846,0.0875,0.004166667,0.000238889,0.05952381,0.071428571,0.005454545,0.026363636
11830,Vegetables and Vegetable Products,"POTATOES,BKD,SKN,W/ SALT","Potatoes, baked, skin, with salt",,,,198,4.29,0.1,46.06,1.4,7.9,1.0,0.614,0.0,13.5,0.04,22,3.065,0.106,0.122,34,0.817,7.04,43,0.616,101,0.7,0.49,0.001111111,0.361176471,0.0,0.15,0.002666667,0.055,0.1915625,0.081538462,0.101666667,0.028333333,0.000907778,0.102380952,0.144285714,0.012727273,0.044545455
11831,Vegetables and Vegetable Products,"POTATOES,BLD,CKD IN SKN,FLESH,W/SALT","Potatoes, boiled, cooked in skin, flesh, with salt",,,,87,1.87,0.1,20.13,0.87,2.0,0.0,0.299,0.0,13.0,0.05,10,1.439,0.02,0.106,5,0.188,0.31,22,0.138,44,0.3,0.3,0.0,0.175882353,0.0,0.144444444,0.003333333,0.025,0.0899375,0.015384615,0.088333333,0.004166667,0.000208889,0.052380952,0.062857143,0.005454545,0.027272727
11832,Vegetables and Vegetable Products,"POTATOES,BLD,CKD IN SKN,SKN,W/SALT","Potatoes, boiled, cooked in skin, skin, with salt",,,,78,2.86,0.1,17.2,0.0,3.3,0.0,0.239,0.0,5.2,0.0,10,1.222,0.036,0.032,45,0.878,6.07,30,1.338,54,0.3,0.44,0.0,0.140588235,0.0,0.057777778,0.0,0.025,0.076375,0.027692308,0.026666667,0.0375,0.000975556,0.071428571,0.077142857,0.005454545,0.04
11833,Vegetables and Vegetable Products,"POTATOES,BLD,CKD WO/ SKN,FLESH,W/ SALT","Potatoes, boiled, cooked without skin, flesh, with salt",,,,86,1.71,0.1,20.01,0.85,2.0,0.0,0.269,0.0,7.4,0.01,9,1.312,0.019,0.098,8,0.167,0.31,20,0.14,40,0.3,0.27,0.0,0.158235294,0.0,0.082222222,0.000666667,0.0225,0.082,0.014615385,0.081666667,0.006666667,0.000185556,0.047619048,0.057142857,0.005454545,0.024545455
11834,Vegetables and Vegetable Products,"POTATOES,MICROWAVED,CKD,IN SKN,FLESH&SKN,W/SALT","Potatoes, microwaved, cooked, in skin, flesh and skin, with salt",,,,105,2.44,0.1,24.24,0.0,2.3,0.0,0.344,0.0,15.1,0.0,12,1.714,0.032,0.12,11,0.334,1.24,27,0.292,105,0.4,0.36,0.0,0.202352941,0.0,0.167777778,0.0,0.03,0.107125,0.024615385,0.1,0.009166667,0.000371111,0.064285714,0.15,0.007272727,0.032727273
11835,Vegetables and Vegetable Products,"POTATOES,MICROWAVED,CKD IN SKN,FLESH,W/SALT","Potatoes, microwaved, cooked in skin, flesh, with salt",,,,100,2.1,0.1,23.28,0.0,1.6,0.0,0.319,0.0,15.1,0.0,12,1.625,0.025,0.129,5,0.237,0.41,25,0.17,109,0.4,0.33,0.0,0.187647059,0.0,0.167777778,0.0,0.03,0.1015625,0.019230769,0.1075,0.004166667,0.000263333,0.05952381,0.155714286,0.007272727,0.03
11836,Vegetables and Vegetable Products,"POTATOES,MICROWAVED,CKD,IN SKN,SKN W/SALT","Potatoes, microwaved, cooked, in skin, skin with salt",,,,132,4.39,0.1,29.63,0.0,5.5,0.0,0.492,0.0,15.3,0.0,17,2.22,0.075,0.071,46,0.882,5.94,37,0.98,82,0.5,0.51,0.0,0.289411765,0.0,0.17,0.0,0.0425,0.13875,0.057692308,0.059166667,0.038333333,0.00098,0.088095238,0.117142857,0.009090909,0.046363636
11837,Vegetables and Vegetable Products,"POTATOES,FRZ,WHL,CKD,BLD,DRND,W/SALT","Potatoes, frozen, whole, cooked, boiled, drained, with salt",,,,63,1.98,0.13,13.93,0.0,1.4,0.0,0.202,0.0,9.4,0.0,8,1.326,0.025,0.102,7,0.078,0.84,11,0.185,26,0.2,0.25,0.0,0.118823529,0.0,0.104444444,0.0,0.02,0.082875,0.019230769,0.085,0.005833333,8.66667e-05,0.026190476,0.037142857,0.003636364,0.022727273
11840,Vegetables and Vegetable Products,"POTATOES,FRZ,FRCH FR,PAR FR,CTTGE-CUT,PREP,HTD OVEN,W/SALT","Potatoes, frozen, french fried, par fried, cottage-cut, prepared, heated in oven, with salt",,,,218,3.44,8.2,34.03,0.0,3.2,0.0,0.243,0.0,9.5,0.0,17,2.413,0.031,0.119,10,0.2,1.49,22,0.304,65,0.4,0.41,0.0,0.142941176,0.0,0.105555556,0.0,0.0425,0.1508125,0.023846154,0.099166667,0.008333333,0.000222222,0.052380952,0.092857143,0.007272727,0.037272727
11841,Vegetables and Vegetable Products,"POTATOES,FR FR,ALL TYPES,SALT NOT ADDED IN PROC,FRZ,OVN-HTD","Potatoes, french fried, all types, salt not added in processing, frozen, oven-heated",,,,172,2.66,5.22,28.71,0.28,2.6,0.0,0.184,0.0,13.3,0.11,0,2.218,0.031,0.128,12,0.135,0.74,26,0.21,97,0.2,0.38,0.0,0.108235294,0.0,0.147777778,0.007333333,0.0,0.138625,0.023846154,0.106666667,0.01,0.00015,0.061904762,0.138571429,0.003636364,0.034545455
11842,Vegetables and Vegetable Products,"POTATOES,FR FR,ALL TYPES,SALT NOT ADDED IN PROC,FRZ,AS PURCH","Potatoes, french fried, all types, salt not added in processing, frozen, as purchased",,,,150,2.24,4.66,24.81,0.2,1.9,0.0,0.178,0.0,17.3,0.1,0,2.038,0.048,0.098,9,0.093,0.62,21,0.158,83,0.0,0.35,0.0,0.104705882,0.0,0.192222222,0.006666667,0.0,0.127375,0.036923077,0.081666667,0.0075,0.000103333,0.05,0.118571429,0.0,0.031818182
11843,Vegetables and Vegetable Products,"POTATOES,AU GRATIN,HOME-PREPARED FROM RECIPE USING MARGARINE","Potatoes, au gratin, home-prepared from recipe using margarine",,,,132,5.06,7.59,11.27,0.0,1.8,64.0,0.174,0.0,9.9,0.0,13,0.993,0.116,0.064,119,0.16,0.64,20,0.161,113,2.7,0.69,0.071111111,0.102352941,0.0,0.11,0.0,0.0325,0.0620625,0.089230769,0.053333333,0.099166667,0.000177778,0.047619048,0.161428571,0.049090909,0.062727273
11844,Vegetables and Vegetable Products,"POTATOES,SCALLPD,HOME-PREPARED W/MARGARINE","Potatoes, scalloped, home-prepared with margarine",,,,88,2.87,3.68,10.78,0.0,1.9,33.0,0.178,0.0,10.6,0.0,13,1.053,0.092,0.069,57,0.163,0.57,19,0.166,63,1.6,0.4,0.036666667,0.104705882,0.0,0.117777778,0.0,0.0325,0.0658125,0.070769231,0.0575,0.0475,0.000181111,0.045238095,0.09,0.029090909,0.036363636
11845,Vegetables and Vegetable Products,"PUMPKIN,CKD,BLD,DRND,W/SALT","Pumpkin, cooked, boiled, drained, with salt",,,,18,0.72,0.07,4.31,2.08,1.1,288.0,0.044,0.0,4.7,0.8,9,0.413,0.078,0.031,15,0.091,0.57,9,0.089,30,0.2,0.23,0.32,0.025882353,0.0,0.052222222,0.053333333,0.0225,0.0258125,0.06,0.025833333,0.0125,0.000101111,0.021428571,0.042857143,0.003636364,0.020909091
11846,Vegetables and Vegetable Products,"PUMPKIN,CANNED,WITH SALT","Pumpkin, canned, with salt",,,,34,1.1,0.28,8.09,3.3,2.9,778.0,0.056,0.0,4.2,1.06,12,0.367,0.054,0.024,26,0.107,1.39,23,0.149,35,0.4,0.17,0.864444444,0.032941176,0.0,0.046666667,0.070666667,0.03,0.0229375,0.041538462,0.02,0.021666667,0.000118889,0.054761905,0.05,0.007272727,0.015454545
11847,Vegetables and Vegetable Products,"PUMPKIN,FLOWERS,CKD,BLD,DRND,W/SALT","Pumpkin, flowers, cooked, boiled, drained, with salt",,,,15,1.09,0.08,3.18,2.4,0.9,87.0,0.05,0.0,5.0,0.04,41,0.31,0.032,0.018,37,0.1,0.88,25,0.0,34,0.9,0.1,0.096666667,0.029411765,0.0,0.055555556,0.002666667,0.1025,0.019375,0.024615385,0.015,0.030833333,0.000111111,0.05952381,0.048571429,0.016363636,0.009090909
11848,Vegetables and Vegetable Products,"PUMPKIN LEAVES,CKD,BLD,DRND,W/ SALT","Pumpkin leaves, cooked, boiled, drained, with salt",,,,21,2.72,0.22,3.39,0.69,2.7,80.0,0.196,0.0,1.0,0.96,25,0.85,0.136,0.068,43,0.133,3.2,38,0.355,79,0.9,0.2,0.088888889,0.115294118,0.0,0.011111111,0.064,0.0625,0.053125,0.104615385,0.056666667,0.035833333,0.000147778,0.09047619,0.112857143,0.016363636,0.018181818
11849,Vegetables and Vegetable Products,"PURSLANE,CKD,BLD,DRND,W/SALT","Purslane, cooked, boiled, drained, with salt",,,,18,1.49,0.19,3.55,0.0,0.0,93.0,0.07,0.0,10.5,0.0,9,0.46,0.09,0.031,78,0.114,0.77,67,0.307,37,0.9,0.17,0.103333333,0.041176471,0.0,0.116666667,0.0,0.0225,0.02875,0.069230769,0.025833333,0.065,0.000126667,0.15952381,0.052857143,0.016363636,0.015454545
11850,Vegetables and Vegetable Products,"RADISHES,ORIENTAL,CKD,BLD,DRND,W/SALT","Radishes, oriental, cooked, boiled, drained, with salt",,,,17,0.67,0.24,3.43,1.83,1.6,0.0,0.038,0.0,15.1,0.0,17,0.15,0.023,0.0,17,0.101,0.15,9,0.033,24,0.7,0.13,0.0,0.022352941,0.0,0.167777778,0.0,0.0425,0.009375,0.017692308,0.0,0.014166667,0.000112222,0.021428571,0.034285714,0.012727273,0.011818182
11851,Vegetables and Vegetable Products,"RUTABAGAS,CKD,BLD,DRND,W/SALT","Rutabagas, cooked, boiled, drained, with salt",,,,30,0.93,0.18,6.84,3.95,1.8,0.0,0.102,0.0,18.8,0.24,15,0.715,0.041,0.082,18,0.029,0.18,10,0.097,41,0.7,0.12,0.0,0.06,0.0,0.208888889,0.016,0.0375,0.0446875,0.031538462,0.068333333,0.015,3.22222e-05,0.023809524,0.058571429,0.012727273,0.010909091
11852,Vegetables and Vegetable Products,"SALSIFY,CKD,BLD,DRND,W/SALT","Salsify, cooked, boiled, drained, with salt",,,,68,2.73,0.17,15.36,2.9,3.1,0.0,0.218,0.0,4.6,0.19,15,0.392,0.173,0.056,47,0.07,0.55,18,0.21,56,0.6,0.3,0.0,0.128235294,0.0,0.051111111,0.012666667,0.0375,0.0245,0.133076923,0.046666667,0.039166667,7.77778e-05,0.042857143,0.08,0.010909091,0.027272727
11853,Vegetables and Vegetable Products,"SOYBEANS,GRN,CKD,BLD,DRND,W/SALT","Soybeans, green, cooked, boiled, drained, with salt",,,,141,12.35,6.4,11.05,0.0,4.2,8.0,0.06,0.0,17.0,0.0,111,1.25,0.155,0.26,145,0.117,2.5,60,0.502,158,1.4,0.91,0.008888889,0.035294118,0.0,0.188888889,0.0,0.2775,0.078125,0.119230769,0.216666667,0.120833333,0.00013,0.142857143,0.225714286,0.025454545,0.082727273
11854,Vegetables and Vegetable Products,"SPINACH,CKD,BLD,DRND,W/SALT","Spinach, cooked, boiled, drained, with salt",,,,23,2.97,0.26,3.75,0.43,2.4,524.0,0.242,0.0,9.8,2.08,146,0.49,0.236,0.095,136,0.174,3.57,87,0.935,56,1.5,0.76,0.582222222,0.142352941,0.0,0.108888889,0.138666667,0.365,0.030625,0.181538462,0.079166667,0.113333333,0.000193333,0.207142857,0.08,0.027272727,0.069090909
11855,Vegetables and Vegetable Products,"SPINACH,CND,NO SALT,SOL&LIQUIDS","Spinach, canned, no salt added, solids and liquids",,,,19,2.11,0.37,2.92,0.0,2.2,322.0,0.08,0.0,13.5,0.0,58,0.271,0.106,0.018,83,0.116,1.58,56,0.493,32,1.2,0.42,0.357777778,0.047058824,0.0,0.15,0.0,0.145,0.0169375,0.081538462,0.015,0.069166667,0.000128889,0.133333333,0.045714286,0.021818182,0.038181818
11856,Vegetables and Vegetable Products,"SPINACH,FRZ,CHOPD OR LEAF,CKD,BLD,DRND,W/SALT","Spinach, frozen, chopped or leaf, cooked, boiled, drained, with salt",,,,34,4.01,0.87,4.8,0.51,3.7,603.0,0.136,0.0,2.2,3.54,121,0.439,0.176,0.078,153,0.161,1.96,82,0.717,50,5.5,0.49,0.67,0.08,0.0,0.024444444,0.236,0.3025,0.0274375,0.135384615,0.065,0.1275,0.000178889,0.195238095,0.071428571,0.1,0.044545455
11857,Vegetables and Vegetable Products,"SQUASH,SMMR,ALL VAR,CKD,BLD,DRND,W/SALT","Squash, summer, all varieties, cooked, boiled, drained, with salt",,,,20,0.91,0.31,4.31,2.59,1.4,11.0,0.065,0.0,5.5,0.14,20,0.513,0.041,0.044,27,0.103,0.36,24,0.213,39,0.2,0.39,0.012222222,0.038235294,0.0,0.061111111,0.009333333,0.05,0.0320625,0.031538462,0.036666667,0.0225,0.000114444,0.057142857,0.055714286,0.003636364,0.035454545
11858,Vegetables and Vegetable Products,"SQUASH,SMMR,CROOKNECK&STRAIGHTNECK,CKD,BLD,DRND,W/SALT","Squash, summer, crookneck and straightneck, cooked, boiled, drained, with salt",,,,19,1.04,0.39,3.79,2.48,1.1,56.0,0.078,0.0,11.6,0.12,23,0.507,0.025,0.043,22,0.065,0.37,16,0.157,29,0.2,0.22,0.062222222,0.045882353,0.0,0.128888889,0.008,0.0575,0.0316875,0.019230769,0.035833333,0.018333333,7.22222e-05,0.038095238,0.041428571,0.003636364,0.02
11859,Vegetables and Vegetable Products,"SQUASH,SMMR,CROOKNECK&STRAIGHTNECK,FRZ,CKD,BLD,DRND,W/SALT","Squash, summer, crookneck and straightneck, frozen, cooked, boiled, drained, with salt",,,,25,1.28,0.2,5.54,2.33,1.4,10.0,0.099,0.0,6.8,0.15,13,0.44,0.047,0.036,20,0.073,0.52,27,0.263,41,0.3,0.34,0.011111111,0.058235294,0.0,0.075555556,0.01,0.0325,0.0275,0.036153846,0.03,0.016666667,8.11111e-05,0.064285714,0.058571429,0.005454545,0.030909091
11860,Vegetables and Vegetable Products,"SQUASH,SMMR,SCALLOP,CKD,BLD,DRND,W/SALT","Squash, summer, scallop, cooked, boiled, drained, with salt",,,,16,1.03,0.17,3.3,1.5,1.9,4.0,0.085,0.0,10.8,0.12,21,0.464,0.025,0.051,15,0.083,0.33,19,0.128,28,0.2,0.24,0.004444444,0.05,0.0,0.12,0.008,0.0525,0.029,0.019230769,0.0425,0.0125,9.22222e-05,0.045238095,0.04,0.003636364,0.021818182
11861,Vegetables and Vegetable Products,"SQUASH,SMMR,ZUCCHINI,INCL SKN,CKD,BLD,DRND,W/SALT","Squash, summer, zucchini, includes skin, cooked, boiled, drained, with salt",,,,15,1.14,0.36,2.69,1.71,1.0,56.0,0.08,0.0,12.9,0.12,28,0.51,0.024,0.035,18,0.052,0.37,19,0.173,37,0.2,0.33,0.062222222,0.047058824,0.0,0.143333333,0.008,0.07,0.031875,0.018461538,0.029166667,0.015,5.77778e-05,0.045238095,0.052857143,0.003636364,0.03
11862,Vegetables and Vegetable Products,"SQUASH,SMMR,ZUCCHINI,INCL SKN,FRZ,CKD,BLD,DRND,W/SALT","Squash, summer, zucchini, includes skin, frozen, cooked, boiled, drained, with salt",,,,14,1.15,0.13,2.97,1.69,1.3,9.0,0.045,0.0,3.7,0.12,8,0.386,0.04,0.041,17,0.047,0.48,13,0.23,25,0.2,0.2,0.01,0.026470588,0.0,0.041111111,0.008,0.02,0.024125,0.030769231,0.034166667,0.014166667,5.22222e-05,0.030952381,0.035714286,0.003636364,0.018181818
11863,Vegetables and Vegetable Products,"SQUASH,WNTR,ALL VAR,CKD,BKD,W/SALT","Squash, winter, all varieties, cooked, baked, with salt",,,,37,0.89,0.35,8.85,3.3,2.8,261.0,0.161,0.0,1.8,0.12,20,0.495,0.067,0.016,22,0.082,0.44,13,0.187,19,0.4,0.22,0.29,0.094705882,0.0,0.02,0.008,0.05,0.0309375,0.051538462,0.013333333,0.018333333,9.11111e-05,0.030952381,0.027142857,0.007272727,0.02
11864,Vegetables and Vegetable Products,"SQUASH,WNTR,ACORN,CKD,BKD,W/SALT","Squash, winter, acorn, cooked, baked, with salt",,,,56,1.12,0.14,14.58,0.0,4.4,21.0,0.194,0.0,10.8,0.0,19,0.881,0.013,0.167,44,0.086,0.93,43,0.242,45,0.7,0.17,0.023333333,0.114117647,0.0,0.12,0.0,0.0475,0.0550625,0.01,0.139166667,0.036666667,9.55556e-05,0.102380952,0.064285714,0.012727273,0.015454545
11865,Vegetables and Vegetable Products,"SQUASH,WNTR,ACORN,CKD,BLD,MSHD,W/SALT","Squash, winter, acorn, cooked, boiled, mashed, with salt",,,,34,0.67,0.08,8.79,0.0,2.6,13.0,0.117,0.0,6.5,0.0,11,0.531,0.008,0.1,26,0.052,0.56,26,0.146,27,0.4,0.11,0.014444444,0.068823529,0.0,0.072222222,0.0,0.0275,0.0331875,0.006153846,0.083333333,0.021666667,5.77778e-05,0.061904762,0.038571429,0.007272727,0.01
11866,Vegetables and Vegetable Products,"SQUASH,WNTR,BUTTERNUT,CKD,BKD,W/SALT","Squash, winter, butternut, cooked, baked, with salt",,,,40,0.9,0.09,10.49,1.97,3.2,558.0,0.124,0.0,15.1,1.29,19,0.969,0.017,0.072,41,0.065,0.6,29,0.172,27,0.5,0.13,0.62,0.072941176,0.0,0.167777778,0.086,0.0475,0.0605625,0.013076923,0.06,0.034166667,7.22222e-05,0.069047619,0.038571429,0.009090909,0.011818182
11867,Vegetables and Vegetable Products,"SQUASH,WNTR,BUTTERNUT,FRZ,CKD,BLD,W/SALT","Squash, winter, butternut, frozen, cooked, boiled, with salt",,,,39,1.23,0.07,10.04,0.0,0.0,167.0,0.069,0.0,3.5,0.0,16,0.464,0.039,0.05,19,0.036,0.58,9,0.173,14,0.5,0.12,0.185555556,0.040588235,0.0,0.038888889,0.0,0.04,0.029,0.03,0.041666667,0.015833333,4e-05,0.021428571,0.02,0.009090909,0.010909091
11868,Vegetables and Vegetable Products,"SQUASH,WNTR,HUBBARD,BKD,W/ SALT","Squash, winter, hubbard, baked, with salt",,,,50,2.48,0.62,10.81,4.9,4.9,335.0,0.172,0.0,9.5,0.2,16,0.558,0.047,0.074,17,0.045,0.47,22,0.17,23,0.6,0.15,0.372222222,0.101176471,0.0,0.105555556,0.013333333,0.04,0.034875,0.036153846,0.061666667,0.014166667,5e-05,0.052380952,0.032857143,0.010909091,0.013636364
11869,Vegetables and Vegetable Products,"SQUASH,WNTR,HUBBARD,CKD,BLD,MSHD,W/SALT","Squash, winter, hubbard, cooked, boiled, mashed, with salt",,,,30,1.48,0.37,6.46,2.93,2.9,200.0,0.103,0.0,6.5,0.12,10,0.334,0.028,0.042,10,0.047,0.28,13,0.126,14,0.3,0.1,0.222222222,0.060588235,0.0,0.072222222,0.008,0.025,0.020875,0.021538462,0.035,0.008333333,5.22222e-05,0.030952381,0.02,0.005454545,0.009090909
11870,Vegetables and Vegetable Products,"SQUASH,WNTR,SPAGHETTI,CKD,BLD,DRND,OR BKD,W/SALT","Squash, winter, spaghetti, cooked, boiled, drained, or baked, with salt",,,,27,0.66,0.26,6.46,2.53,1.4,6.0,0.099,0.0,3.5,0.12,8,0.81,0.022,0.038,21,0.035,0.34,11,0.109,0,0.3,0.2,0.006666667,0.058235294,0.0,0.038888889,0.008,0.02,0.050625,0.016923077,0.031666667,0.0175,3.88889e-05,0.026190476,0.0,0.005454545,0.018181818
11871,Vegetables and Vegetable Products,"SUCCOTASH,(CORN&LIMAS),CKD,BLD,DRND,W/SALT","Succotash, (corn and limas), cooked, boiled, drained, with salt",,,,111,5.07,0.8,24.37,0.0,0.0,15.0,0.116,0.0,8.2,0.0,33,1.327,0.096,0.168,17,0.179,1.52,53,0.769,117,0.6,0.63,0.016666667,0.068235294,0.0,0.091111111,0.0,0.0825,0.0829375,0.073846154,0.14,0.014166667,0.000198889,0.126190476,0.167142857,0.010909091,0.057272727
11872,Vegetables and Vegetable Products,"SUCCOTASH,(CORN&LIMAS),FRZ,CKD,BLD,DRND,W/SALT","Succotash, (corn and limas), frozen, cooked, boiled, drained, with salt",,,,93,4.31,0.89,19.95,2.21,4.1,10.0,0.095,0.0,5.9,0.18,33,1.306,0.068,0.074,15,0.06,0.89,23,0.28,70,0.6,0.45,0.011111111,0.055882353,0.0,0.065555556,0.012,0.0825,0.081625,0.052307692,0.061666667,0.0125,6.66667e-05,0.054761905,0.1,0.010909091,0.040909091
11873,Vegetables and Vegetable Products,"SWAMP CABBAGE,CKD,BLD,DRND,W/SALT","Swamp cabbage, cooked, boiled, drained, with salt",,,,20,2.08,0.24,3.71,0.0,1.9,260.0,0.081,0.0,16.0,0.0,35,0.5,0.08,0.05,54,0.021,1.32,30,0.143,42,0.9,0.16,0.288888889,0.047647059,0.0,0.177777778,0.0,0.0875,0.03125,0.061538462,0.041666667,0.045,2.33333e-05,0.071428571,0.06,0.016363636,0.014545455
11874,Vegetables and Vegetable Products,"SWEET POTATO LEAVES,CKD,STMD,W/ SALT","Sweet potato leaves, cooked, steamed, with salt",Sweetpotato leaves,,,35,2.18,0.34,7.38,5.48,1.9,147.0,0.16,0.0,1.5,0.96,49,1.003,0.267,0.112,33,0.033,0.63,48,0.229,40,0.9,0.26,0.163333333,0.094117647,0.0,0.016666667,0.064,0.1225,0.0626875,0.205384615,0.093333333,0.0275,3.66667e-05,0.114285714,0.057142857,0.016363636,0.023636364
11875,Vegetables and Vegetable Products,"SWEET POTATO,CKD,BKD IN SKN,FLESH,W/ SALT","Sweet potato, cooked, baked in skin, flesh, with salt",Sweetpotato,,,92,2.01,0.15,20.71,6.48,3.3,0.0,0.286,0.0,19.6,0.71,6,1.487,0.106,0.107,38,0.161,0.69,27,0.497,54,0.2,0.32,0.0,0.168235294,0.0,0.217777778,0.047333333,0.015,0.0929375,0.081538462,0.089166667,0.031666667,0.000178889,0.064285714,0.077142857,0.003636364,0.029090909
11876,Vegetables and Vegetable Products,"SWEET POTATO,CKD,BLD,WO/ SKN,W/ SALT","Sweet potato, cooked, boiled, without skin, with salt",Sweetpotato,,,76,1.37,0.14,17.72,5.74,2.5,787.0,0.165,0.0,12.8,0.94,6,0.538,0.047,0.056,27,0.094,0.72,18,0.266,32,0.2,0.2,0.874444444,0.097058824,0.0,0.142222222,0.062666667,0.015,0.033625,0.036153846,0.046666667,0.0225,0.000104444,0.042857143,0.045714286,0.003636364,0.018181818
11877,Vegetables and Vegetable Products,"SWEET POTATO,FRZ,CKD,BKD,W/ SALT","Sweet potato, frozen, cooked, baked, with salt",Sweetpotato,,,100,1.71,0.12,23.4,0.0,1.8,821.0,0.186,0.0,9.1,0.0,22,0.555,0.056,0.066,35,0.183,0.54,21,0.665,44,0.6,0.3,0.912222222,0.109411765,0.0,0.101111111,0.0,0.055,0.0346875,0.043076923,0.055,0.029166667,0.000203333,0.05,0.062857143,0.010909091,0.027272727
11878,Vegetables and Vegetable Products,"TARO,COOKED,WITH SALT","Taro, cooked, with salt",,,,142,0.52,0.11,34.6,0.49,5.1,4.0,0.331,0.0,5.0,2.93,19,0.51,0.028,0.107,18,0.201,0.72,30,0.449,76,0.9,0.27,0.004444444,0.194705882,0.0,0.055555556,0.195333333,0.0475,0.031875,0.021538462,0.089166667,0.015,0.000223333,0.071428571,0.108571429,0.016363636,0.024545455
11879,Vegetables and Vegetable Products,"TARO,LEAVES,CKD,STMD,W/SALT","Taro, leaves, cooked, steamed, with salt",,,,24,2.72,0.41,3.89,0.0,2.0,212.0,0.072,0.0,35.5,0.0,48,1.267,0.38,0.139,86,0.14,1.18,20,0.371,27,0.9,0.21,0.235555556,0.042352941,0.0,0.394444444,0.0,0.12,0.0791875,0.292307692,0.115833333,0.071666667,0.000155556,0.047619048,0.038571429,0.016363636,0.019090909
11880,Vegetables and Vegetable Products,"TARO,SHOOTS,CKD,W/SALT","Taro, shoots, cooked, with salt",,,,14,0.73,0.08,3.19,0.0,0.0,3.0,0.112,0.0,18.9,0.0,3,0.81,0.053,0.038,14,0.094,0.41,8,0.13,26,1.0,0.54,0.003333333,0.065882353,0.0,0.21,0.0,0.0075,0.050625,0.040769231,0.031666667,0.011666667,0.000104444,0.019047619,0.037142857,0.018181818,0.049090909
11881,Vegetables and Vegetable Products,"TARO,TAHITIAN,CKD,W/SALT","Taro, tahitian, cooked, with salt",,,,44,4.16,0.68,6.85,0.0,0.0,88.0,0.117,0.0,38.0,0.0,7,0.48,0.198,0.044,149,0.076,1.56,51,0.168,67,0.8,0.1,0.097777778,0.068823529,0.0,0.422222222,0.0,0.0175,0.03,0.152307692,0.036666667,0.124166667,8.44444e-05,0.121428571,0.095714286,0.014545455,0.009090909
11884,Vegetables and Vegetable Products,"TOMATOES,RED,RIPE,CKD,W/ SALT","Tomatoes, red, ripe, cooked, with salt",,,,18,0.95,0.11,4.01,2.49,0.7,24.0,0.079,0.0,22.8,0.56,13,0.532,0.022,0.036,11,0.075,0.68,9,0.105,28,0.0,0.14,0.026666667,0.046470588,0.0,0.253333333,0.037333333,0.0325,0.03325,0.016923077,0.03,0.009166667,8.33333e-05,0.021428571,0.04,0.0,0.012727273
11885,Vegetables and Vegetable Products,"TOMATOES,RED,RIPE,CND,PACKED IN TOMATO JUC,NO SALT ADDED","Tomatoes, red, ripe, canned, packed in tomato juice, no salt added",,,,16,0.79,0.25,3.47,2.55,1.9,22.0,0.111,0.0,12.6,0.59,8,0.712,0.055,0.575,33,0.052,0.57,10,0.068,17,0.7,0.12,0.024444444,0.065294118,0.0,0.14,0.039333333,0.02,0.0445,0.042307692,0.479166667,0.0275,5.77778e-05,0.023809524,0.024285714,0.012727273,0.010909091
11886,Vegetables and Vegetable Products,"TOMATO JUC,CND,WO/ SALT ADDED","Tomato juice, canned, without salt added",,,,17,0.85,0.29,3.53,2.58,0.4,23.0,0.07,0.0,70.1,0.32,20,0.673,0.078,0.1,10,0.042,0.39,11,0.068,19,0.5,0.11,0.025555556,0.041176471,0.0,0.778888889,0.021333333,0.05,0.0420625,0.06,0.083333333,0.008333333,4.66667e-05,0.026190476,0.027142857,0.009090909,0.01
11887,Vegetables and Vegetable Products,"TOMATO PRODUCTS,CND,PASTE,W/SALT","Tomato products, canned, paste, with salt added",,,,82,4.32,0.47,18.91,12.18,4.1,76.0,0.216,0.0,21.9,4.3,12,3.076,0.153,0.06,36,0.365,2.98,42,0.302,83,5.3,0.63,0.084444444,0.127058824,0.0,0.243333333,0.286666667,0.03,0.19225,0.117692308,0.05,0.03,0.000405556,0.1,0.118571429,0.096363636,0.057272727
11888,Vegetables and Vegetable Products,"TOMATO PRODUCTS,CND,PUREE,W/SALT","Tomato products, canned, puree, with salt added",,,,38,1.65,0.21,8.98,4.83,1.9,26.0,0.126,0.0,10.6,1.97,11,1.466,0.08,0.025,18,0.287,1.78,23,0.169,40,0.7,0.36,0.028888889,0.074117647,0.0,0.117777778,0.131333333,0.0275,0.091625,0.061538462,0.020833333,0.015,0.000318889,0.054761905,0.057142857,0.012727273,0.032727273
11889,Vegetables and Vegetable Products,"TURNIPS,CKD,BLD,DRND,W/SALT","Turnips, cooked, boiled, drained, with salt",,,,22,0.71,0.08,5.06,2.99,2.0,0.0,0.067,0.0,11.6,0.02,9,0.299,0.023,0.027,22,0.064,0.22,8,0.1,19,0.6,0.2,0.0,0.039411765,0.0,0.128888889,0.001333333,0.0225,0.0186875,0.017692308,0.0225,0.018333333,7.11111e-05,0.019047619,0.027142857,0.010909091,0.018181818
11890,Vegetables and Vegetable Products,"TURNIPS,FRZ,CKD,BLD,DRND,W/SALT","Turnips, frozen, cooked, boiled, drained, with salt",,,,21,1.53,0.24,3.76,1.76,2.0,0.0,0.067,0.0,3.9,0.02,8,0.56,0.028,0.035,32,0.063,0.98,14,0.1,26,0.6,0.2,0.0,0.039411765,0.0,0.043333333,0.001333333,0.02,0.035,0.021538462,0.029166667,0.026666667,7e-05,0.033333333,0.037142857,0.010909091,0.018181818
11891,Vegetables and Vegetable Products,"TURNIP GRNS,CKD,BLD,DRND,W/SALT","Turnip greens, cooked, boiled, drained, with salt",,,,20,1.14,0.23,4.36,0.53,3.5,381.0,0.18,0.0,27.4,1.88,118,0.411,0.072,0.045,137,0.253,0.8,22,0.337,29,0.9,0.14,0.423333333,0.105882353,0.0,0.304444444,0.125333333,0.295,0.0256875,0.055384615,0.0375,0.114166667,0.000281111,0.052380952,0.041428571,0.016363636,0.012727273
11892,Vegetables and Vegetable Products,"TURNIP GRNS,FRZ,CKD,BLD,DRND,W/SALT","Turnip greens, frozen, cooked, boiled, drained, with salt",,,,29,3.35,0.42,4.98,0.75,3.4,538.0,0.067,0.0,21.8,2.66,39,0.468,0.074,0.054,152,0.15,1.94,26,0.475,34,1.2,0.41,0.597777778,0.039411765,0.0,0.242222222,0.177333333,0.0975,0.02925,0.056923077,0.045,0.126666667,0.000166667,0.061904762,0.048571429,0.021818182,0.037272727
11893,Vegetables and Vegetable Products,"TURNIP GRNS&TURNIPS,FRZ,CKD,BLD,DRND,W/SALT","Turnip greens and turnips, frozen, cooked, boiled, drained, with salt",,,,34,2.99,0.38,4.74,0.95,3.1,431.0,0.067,0.0,18.2,2.13,33,0.486,0.065,0.05,128,0.133,1.75,24,0.4,32,1.1,0.37,0.478888889,0.039411765,0.0,0.202222222,0.142,0.0825,0.030375,0.05,0.041666667,0.106666667,0.000147778,0.057142857,0.045714286,0.02,0.033636364
11894,Vegetables and Vegetable Products,"VEGETABLES,MXD,FRZ,CKD,BLD,DRND,W/SALT","Vegetables, mixed, frozen, cooked, boiled, drained, with salt",,,,60,2.86,0.15,13.09,3.12,4.4,214.0,0.074,0.0,3.2,0.38,19,0.851,0.12,0.071,25,0.083,0.82,22,0.379,51,0.3,0.49,0.237777778,0.043529412,0.0,0.035555556,0.025333333,0.0475,0.0531875,0.092307692,0.059166667,0.020833333,9.22222e-05,0.052380952,0.072857143,0.005454545,0.044545455
11895,Vegetables and Vegetable Products,"WAXGOURD,(CHINESE PRESERVING MELON),CKD,BLD,DRND,W/SALT","Waxgourd, (chinese preserving melon), cooked, boiled, drained, with salt",,,,11,0.4,0.2,2.45,1.18,1.0,0.0,0.032,0.0,10.5,0.08,4,0.384,0.001,0.034,18,0.022,0.38,10,0.056,17,0.2,0.59,0.0,0.018823529,0.0,0.116666667,0.005333333,0.01,0.024,0.000769231,0.028333333,0.015,2.44444e-05,0.023809524,0.024285714,0.003636364,0.053636364
11896,Vegetables and Vegetable Products,"WINGED BEAN,IMMAT SEEDS,CKD,BLD,DRND,W/SALT","Winged bean, immature seeds, cooked, boiled, drained, with salt",,,,37,5.31,0.66,3.21,0.0,0.0,4.0,0.082,0.0,9.8,0.0,35,0.652,0.072,0.086,61,0.037,1.09,30,0.158,25,1.1,0.28,0.004444444,0.048235294,0.0,0.108888889,0.0,0.0875,0.04075,0.055384615,0.071666667,0.050833333,4.11111e-05,0.071428571,0.035714286,0.02,0.025454545
11897,Vegetables and Vegetable Products,"YAM,CKD,BLD,DRND,OR BKD,W/SALT","Yam, cooked, boiled, drained, or baked, with salt",,,,114,1.49,0.14,26.99,0.49,3.9,6.0,0.228,0.0,12.1,0.34,16,0.552,0.028,0.095,14,0.152,0.52,18,0.371,49,0.7,0.2,0.006666667,0.134117647,0.0,0.134444444,0.022666667,0.04,0.0345,0.021538462,0.079166667,0.011666667,0.000168889,0.042857143,0.07,0.012727273,0.018181818
11898,Vegetables and Vegetable Products,"YAMBEAN (JICAMA),CKD,BLD,DRND,W/SALT","Yambean (jicama), cooked, boiled, drained, with salt",,,,36,0.72,0.09,8.23,0.0,0.0,0.0,0.04,0.0,14.1,0.0,8,0.19,0.028,0.017,11,0.046,0.57,11,0.057,16,0.7,0.15,0.0,0.023529412,0.0,0.156666667,0.0,0.02,0.011875,0.021538462,0.014166667,0.009166667,5.11111e-05,0.026190476,0.022857143,0.012727273,0.013636364
11899,Vegetables and Vegetable Products,"YARDLONG BEAN,CKD,BLD,DRND,W/SALT","Yardlong bean, cooked, boiled, drained, with salt",,,,47,2.53,0.1,9.17,0.0,0.0,23.0,0.024,0.0,16.2,0.0,45,0.63,0.099,0.085,44,0.047,0.98,42,0.201,57,1.5,0.36,0.025555556,0.014117647,0.0,0.18,0.0,0.1125,0.039375,0.076153846,0.070833333,0.036666667,5.22222e-05,0.1,0.081428571,0.027272727,0.032727273
11900,Vegetables and Vegetable Products,"CORN,SWEET,WHITE,RAW","Corn, sweet, white, raw",,,Zea mays,86,3.22,1.18,19.02,3.22,2.7,0.0,0.055,0.0,6.8,0.07,46,1.7,0.06,0.2,2,0.054,0.52,37,0.161,89,0.6,0.45,0.0,0.032352941,0.0,0.075555556,0.004666667,0.115,0.10625,0.046153846,0.166666667,0.001666667,6e-05,0.088095238,0.127142857,0.010909091,0.040909091
11901,Vegetables and Vegetable Products,"CORN,SWT,WHITE,CKD,BLD,DRND,WO/SALT","Corn, sweet, white, cooked, boiled, drained, without salt",,,,97,3.34,1.41,21.71,7.73,2.7,0.0,0.127,0.0,6.2,0.09,20,1.666,0.053,0.09,2,0.057,0.55,31,0.214,92,0.8,0.54,0.0,0.074705882,0.0,0.068888889,0.006,0.05,0.104125,0.040769231,0.075,0.001666667,6.33333e-05,0.073809524,0.131428571,0.014545455,0.049090909
11902,Vegetables and Vegetable Products,"CORN,SWT,WHITE,CKD,BLD,DRND,W/SALT","Corn, sweet, white, cooked, boiled, drained, with salt",,,,97,3.34,1.41,21.71,7.73,2.7,0.0,0.127,0.0,6.2,0.09,20,1.666,0.053,0.09,2,0.057,0.55,31,0.214,92,0.8,0.54,0.0,0.074705882,0.0,0.068888889,0.006,0.05,0.104125,0.040769231,0.075,0.001666667,6.33333e-05,0.073809524,0.131428571,0.014545455,0.049090909
11903,Vegetables and Vegetable Products,"CORN,SWT,WHITE,CND,WHL KERNEL,REG PK,SOL&LIQUIDS","Corn, sweet, white, canned, whole kernel, regular pack, solids and liquids",,,,64,1.95,0.5,15.41,0.0,1.7,0.0,0.037,0.0,5.5,0.0,38,0.939,0.061,0.026,4,0.056,0.41,16,0.033,51,0.6,0.36,0.0,0.021764706,0.0,0.061111111,0.0,0.095,0.0586875,0.046923077,0.021666667,0.003333333,6.22222e-05,0.038095238,0.072857143,0.010909091,0.032727273
11904,Vegetables and Vegetable Products,"CORN,SWT,WHITE,CND,WHL KERNEL,NO SALT,SOL&LIQUIDS","Corn, sweet, white, canned, whole kernel, no salt added, solids and liquids",,,,64,1.95,0.5,15.41,0.0,0.7,0.0,0.037,0.0,5.5,0.0,38,0.939,0.061,0.026,4,0.056,0.41,16,0.033,51,0.6,0.36,0.0,0.021764706,0.0,0.061111111,0.0,0.095,0.0586875,0.046923077,0.021666667,0.003333333,6.22222e-05,0.038095238,0.072857143,0.010909091,0.032727273
11905,Vegetables and Vegetable Products,"CORN,SWT,WHITE,CND,WHL KERNEL,DRND SOL","Corn, sweet, white, canned, whole kernel, drained solids",,,,71,2.32,1.37,15.06,2.42,2.3,0.0,0.065,0.0,2.1,0.07,36,0.883,0.016,0.015,3,0.031,0.28,13,0.066,46,0.7,0.31,0.0,0.038235294,0.0,0.023333333,0.004666667,0.09,0.0551875,0.012307692,0.0125,0.0025,3.44444e-05,0.030952381,0.065714286,0.012727273,0.028181818
11906,Vegetables and Vegetable Products,"CORN,SWT,WHITE,CND,CRM STYLE,REG PK","Corn, sweet, white, canned, cream style, regular pack",,,,74,1.74,0.42,18.62,2.21,1.2,0.0,0.063,0.0,4.6,0.07,45,0.96,0.053,0.025,4,0.022,0.31,15,0.068,40,0.4,0.56,0.0,0.037058824,0.0,0.051111111,0.004666667,0.1125,0.06,0.040769231,0.020833333,0.003333333,2.44444e-05,0.035714286,0.057142857,0.007272727,0.050909091
11907,Vegetables and Vegetable Products,"CORN,SWT,WHITE,CND,CRM STYLE,NO SALT","Corn, sweet, white, canned, cream style, no salt added",,,,72,1.74,0.42,18.13,2.21,1.2,0.0,0.063,0.0,4.6,0.06,45,0.96,0.053,0.025,3,0.052,0.38,17,0.039,51,0.6,0.53,0.0,0.037058824,0.0,0.051111111,0.004,0.1125,0.06,0.040769231,0.020833333,0.0025,5.77778e-05,0.04047619,0.072857143,0.010909091,0.048181818
11908,Vegetables and Vegetable Products,"CORN,SWT,WHITE,CND,VACUUM PK,REG PK","Corn, sweet, white, canned, vacuum pack, regular pack",,,,79,2.41,0.5,19.44,0.0,2.0,0.0,0.055,0.0,8.1,0.0,49,1.167,0.073,0.041,5,0.048,0.42,23,0.067,64,0.7,0.46,0.0,0.032352941,0.0,0.09,0.0,0.1225,0.0729375,0.056153846,0.034166667,0.004166667,5.33333e-05,0.054761905,0.091428571,0.012727273,0.041818182
11909,Vegetables and Vegetable Products,"CORN,SWT,WHITE,CND,VACUUM PK,NO SALT","Corn, sweet, white, canned, vacuum pack, no salt added",,,,79,2.41,0.5,19.44,0.0,2.0,0.0,0.055,0.0,8.1,0.0,49,1.167,0.073,0.041,5,0.048,0.42,23,0.067,64,0.7,0.46,0.0,0.032352941,0.0,0.09,0.0,0.1225,0.0729375,0.056153846,0.034166667,0.004166667,5.33333e-05,0.054761905,0.091428571,0.012727273,0.041818182
11910,Vegetables and Vegetable Products,"CORN,SWT,WHITE,FRZ,KRNLS CUT OFF COB,UNPREP","Corn, sweet, white, frozen, kernels cut off cob, unprepared",,,,88,3.02,0.77,20.73,9.09,2.9,0.0,0.178,0.0,6.3,0.0,36,1.726,0.07,0.083,4,0.036,0.41,18,0.126,70,0.7,0.37,0.0,0.104705882,0.0,0.07,0.0,0.09,0.107875,0.053846154,0.069166667,0.003333333,4e-05,0.042857143,0.1,0.012727273,0.033636364
11911,Vegetables and Vegetable Products,"CORN,SWT,WHITE,FRZ,KRNLS CUT OFF COB,BLD,DRND,WO/SALT","Corn, sweet, white, frozen, kernels cut off cob, boiled, drained, without salt",,,,80,2.75,0.43,19.56,3.12,2.4,0.0,0.129,0.0,3.1,0.07,31,1.299,0.071,0.083,4,0.037,0.35,19,0.127,57,0.7,0.4,0.0,0.075882353,0.0,0.034444444,0.004666667,0.0775,0.0811875,0.054615385,0.069166667,0.003333333,4.11111e-05,0.045238095,0.081428571,0.012727273,0.036363636
11912,Vegetables and Vegetable Products,"CORN,SWT,WHITE,FRZ,KRNLS CUT OFF COB,BLD,DRND,W/SALT","Corn, sweet, white, frozen, kernels cut off cob, boiled, drained, with salt",,,,80,2.75,0.43,19.56,3.12,2.4,0.0,0.129,0.0,3.1,0.07,31,1.299,0.071,0.083,4,0.037,0.35,19,0.127,57,0.7,0.4,0.0,0.075882353,0.0,0.034444444,0.004666667,0.0775,0.0811875,0.054615385,0.069166667,0.003333333,4.11111e-05,0.045238095,0.081428571,0.012727273,0.036363636
11913,Vegetables and Vegetable Products,"CORN,SWT,WHITE,FRZ,KRNLS ON COB,UNPREP","Corn, sweet, white, frozen, kernels on cob, unprepared",,,,98,3.28,0.78,23.5,0.0,2.8,0.0,0.179,0.0,7.2,0.0,40,1.681,0.088,0.103,4,0.051,0.68,32,0.158,87,0.8,0.7,0.0,0.105294118,0.0,0.08,0.0,0.1,0.1050625,0.067692308,0.085833333,0.003333333,5.66667e-05,0.076190476,0.124285714,0.014545455,0.063636364
11914,Vegetables and Vegetable Products,"CORN,SWT,WHITE,FRZ,KRNLS ON COB,CKD,BLD,DRND,WO/SALT","Corn, sweet, white, frozen, kernels on cob, cooked, boiled, drained, without salt",,,,94,3.11,0.74,22.33,0.0,2.1,0.0,0.224,0.0,4.8,0.0,31,1.517,0.069,0.174,3,0.046,0.61,29,0.142,75,0.7,0.63,0.0,0.131764706,0.0,0.053333333,0.0,0.0775,0.0948125,0.053076923,0.145,0.0025,5.11111e-05,0.069047619,0.107142857,0.012727273,0.057272727
11915,Vegetables and Vegetable Products,"CORN,SWT,WHITE,FRZ,KRNLS ON COB,CKD,BLD,DRND,W/SALT","Corn, sweet, white, frozen, kernels on cob, cooked, boiled, drained, with salt",,,,94,3.11,0.74,22.33,0.0,2.8,0.0,0.224,0.0,4.8,0.0,31,1.517,0.069,0.174,3,0.046,0.61,29,0.142,75,0.7,0.63,0.0,0.131764706,0.0,0.053333333,0.0,0.0775,0.0948125,0.053076923,0.145,0.0025,5.11111e-05,0.069047619,0.107142857,0.012727273,0.057272727
11916,Vegetables and Vegetable Products,"PEPPERS,SWT,RED,CND,SOL&LIQUIDS","Peppers, sweet, red, canned, solids and liquids",,,,18,0.8,0.3,3.9,0.0,1.2,26.0,0.178,0.0,46.5,0.0,16,0.55,0.03,0.025,41,0.13,0.8,11,0.16,20,0.3,0.18,0.028888889,0.104705882,0.0,0.516666667,0.0,0.04,0.034375,0.023076923,0.020833333,0.034166667,0.000144444,0.026190476,0.028571429,0.005454545,0.016363636
11917,Vegetables and Vegetable Products,"PEPPERS,SWT,RED,FRZ,CHOPD,UNPREP","Peppers, sweet, red, frozen, chopped, unprepared",,,,20,1.08,0.21,4.45,3.26,1.6,121.0,0.137,0.0,58.7,1.23,14,1.37,0.038,0.069,9,0.053,0.62,8,0.117,17,0.2,0.06,0.134444444,0.080588235,0.0,0.652222222,0.082,0.035,0.085625,0.029230769,0.0575,0.0075,5.88889e-05,0.019047619,0.024285714,0.003636364,0.005454545
11918,Vegetables and Vegetable Products,"PEPPERS,SWT,RED,FRZ,CHOPD,BLD,DRND,WO/ SALT","Peppers, sweet, red, frozen, chopped, boiled, drained, without salt",,,,16,0.95,0.18,3.31,2.86,0.8,96.0,0.108,0.0,41.2,1.08,10,1.082,0.031,0.051,8,0.044,0.52,7,0.097,13,0.2,0.05,0.106666667,0.063529412,0.0,0.457777778,0.072,0.025,0.067625,0.023846154,0.0425,0.006666667,4.88889e-05,0.016666667,0.018571429,0.003636364,0.004545455
11919,Vegetables and Vegetable Products,"PEPPERS,SWT,RED,FRZ,CHOPD,BLD,DRND,W/ SALT","Peppers, sweet, red, frozen, chopped, boiled, drained, with salt",,,,16,0.95,0.18,3.31,2.86,0.8,96.0,0.108,0.0,41.2,1.08,10,1.082,0.031,0.051,8,0.044,0.52,7,0.097,13,0.2,0.05,0.106666667,0.063529412,0.0,0.457777778,0.072,0.025,0.067625,0.023846154,0.0425,0.006666667,4.88889e-05,0.016666667,0.018571429,0.003636364,0.004545455
11921,Vegetables and Vegetable Products,"PEPPERS,SWT,RED,SAUTEED","Peppers, sweet, red, sauteed",,,,133,1.04,12.75,6.57,4.28,1.8,138.0,0.364,0.0,162.8,3.09,2,0.954,0.109,0.056,7,0.017,0.47,12,0.115,23,0.0,0.15,0.153333333,0.214117647,0.0,1.808888889,0.206,0.005,0.059625,0.083846154,0.046666667,0.005833333,1.88889e-05,0.028571429,0.032857143,0.0,0.013636364
11922,Vegetables and Vegetable Products,"SESBANIA FLOWER,CKD,STMD,W/SALT","Sesbania flower, cooked, steamed, with salt",,,,21,1.14,0.05,5.1,0.0,0.0,0.0,0.0,0.0,37.0,0.0,57,0.25,0.043,0.048,22,0.0,0.56,12,0.0,21,0.7,0.0,0.0,0.0,0.0,0.411111111,0.0,0.1425,0.015625,0.033076923,0.04,0.018333333,0.0,0.028571429,0.03,0.012727273,0.0
11923,Vegetables and Vegetable Products,"SOYBEANS,MATURE SEEDS,SPROUTED,CKD,STMD,W/SALT","Soybeans, mature seeds, sprouted, cooked, steamed, with salt",,,,81,8.47,4.45,6.53,0.43,0.8,2.0,0.105,0.0,8.3,0.21,80,1.092,0.053,0.205,59,0.33,1.31,60,0.71,135,0.6,1.04,0.002222222,0.061764706,0.0,0.092222222,0.014,0.2,0.06825,0.040769231,0.170833333,0.049166667,0.000366667,0.142857143,0.192857143,0.010909091,0.094545455
11924,Vegetables and Vegetable Products,"SOYBEANS,MATURE SEEDS,SPROUTED,CKD,STIR-FRIED,W/SALT","Soybeans, mature seeds, sprouted, cooked, stir-fried, with salt",,,,125,13.1,7.1,9.4,0.0,0.8,1.0,0.168,0.0,12.0,0.0,127,1.1,0.19,0.42,82,0.527,0.4,96,1.133,216,0.6,2.1,0.001111111,0.098823529,0.0,0.133333333,0.0,0.3175,0.06875,0.146153846,0.35,0.068333333,0.000585556,0.228571429,0.308571429,0.010909091,0.190909091
11925,Vegetables and Vegetable Products,"DOCK,CKD,BLD,DRND,W/SALT","Dock, cooked, boiled, drained, with salt",,,,20,1.83,0.64,2.93,0.0,0.0,174.0,0.1,0.0,26.3,0.0,8,0.411,0.086,0.034,38,0.114,2.08,89,0.303,52,0.9,0.17,0.193333333,0.058823529,0.0,0.292222222,0.0,0.02,0.0256875,0.066153846,0.028333333,0.031666667,0.000126667,0.211904762,0.074285714,0.016363636,0.015454545
11926,Vegetables and Vegetable Products,"LENTILS,SPROUTED,CKD,STIR-FRIED,W/SALT","Lentils, sprouted, cooked, stir-fried, with salt",,,,101,8.8,0.45,21.25,0.0,0.0,2.0,0.164,0.0,12.6,0.0,67,1.2,0.09,0.22,14,0.337,3.1,35,0.502,153,0.6,1.6,0.002222222,0.096470588,0.0,0.14,0.0,0.1675,0.075,0.069230769,0.183333333,0.011666667,0.000374444,0.083333333,0.218571429,0.010909091,0.145454545
11927,Vegetables and Vegetable Products,"MOUNTAIN YAM,HAWAII,CKD,STMD,W/ SALT","Mountain yam, hawaii, cooked, steamed, with salt",,,,82,1.73,0.08,19.99,0.0,0.0,0.0,0.209,0.0,0.0,0.0,12,0.13,0.014,0.086,8,0.129,0.43,10,0.283,40,0.9,0.32,0.0,0.122941176,0.0,0.0,0.0,0.03,0.008125,0.010769231,0.071666667,0.006666667,0.000143333,0.023809524,0.057142857,0.016363636,0.029090909
11928,Vegetables and Vegetable Products,"TREE FERN,CKD,W/SALT","Tree fern, cooked, with salt",,,,40,0.29,0.07,10.78,0.0,3.7,10.0,0.179,0.0,30.0,0.0,15,3.5,0.3,0.0,8,0.202,0.16,5,0.539,4,0.9,0.31,0.011111111,0.105294118,0.0,0.333333333,0.0,0.0375,0.21875,0.230769231,0.0,0.006666667,0.000224444,0.011904762,0.005714286,0.016363636,0.028181818
11929,Vegetables and Vegetable Products,"POTATOES,MSHD,PREP FROM GRANULES,WO/MILK,WHL MILK&MARGARINE","Potatoes, mashed, prepared from granules, without milk, whole milk and margarine",,,,108,2.05,4.93,14.4,0.0,2.2,44.0,0.01,0.0,6.0,0.0,7,0.763,0.077,0.079,35,0.022,0.19,19,0.003,60,0.5,0.24,0.048888889,0.005882353,0.0,0.066666667,0.0,0.0175,0.0476875,0.059230769,0.065833333,0.029166667,2.44444e-05,0.045238095,0.085714286,0.009090909,0.021818182
11930,Vegetables and Vegetable Products,"POTATOES,MSHD,DEHYD,PREP FRM FLKS WO/ MILK,WHL MILK&MARG ADD","Potatoes, mashed, dehydrated, prepared from flakes without milk, whole milk and margarine added",,,,113,1.9,5.6,15.02,0.0,2.3,46.0,0.009,0.0,9.7,0.0,7,0.67,0.05,0.111,49,0.016,0.22,18,0.114,56,0.5,0.18,0.051111111,0.005294118,0.0,0.107777778,0.0,0.0175,0.041875,0.038461538,0.0925,0.040833333,1.77778e-05,0.042857143,0.08,0.009090909,0.016363636
11931,Vegetables and Vegetable Products,"PEPPERS,SWT,RED,FREEZE-DRIED","Peppers, sweet, red, freeze-dried",,,,314,17.9,3.0,68.7,40.77,21.3,3863.0,2.223,0.0,1900.0,4.0,229,7.4,1.2,1.2,134,1.389,10.4,188,1.897,327,3.7,2.41,4.292222222,1.307647059,0.0,21.11111111,0.266666667,0.5725,0.4625,0.923076923,1.0,0.111666667,0.001543333,0.447619048,0.467142857,0.067272727,0.219090909
11932,Vegetables and Vegetable Products,"BEANS,SNAP,YEL,CND,REG PK,DRND SOL","Beans, snap, yellow, canned, regular pack, drained solids",,,,20,1.15,0.1,4.5,0.96,1.3,5.0,0.037,0.0,4.8,0.29,32,0.201,0.056,0.015,26,0.038,0.9,13,0.2,19,0.4,0.29,0.005555556,0.021764706,0.0,0.053333333,0.019333333,0.08,0.0125625,0.043076923,0.0125,0.021666667,4.22222e-05,0.030952381,0.027142857,0.007272727,0.026363636
11933,Vegetables and Vegetable Products,"BEANS,SNAP,YEL,CND,NO SALT,DRND SOL","Beans, snap, yellow, canned, no salt added, drained solids",,,,20,1.15,0.1,4.5,0.96,1.3,5.0,0.037,0.0,4.8,0.29,32,0.201,0.056,0.015,26,0.038,0.9,13,0.2,19,0.4,0.29,0.005555556,0.021764706,0.0,0.053333333,0.019333333,0.08,0.0125625,0.043076923,0.0125,0.021666667,4.22222e-05,0.030952381,0.027142857,0.007272727,0.026363636
11934,Vegetables and Vegetable Products,"POTATOES,MSHD,HOME-PREPARED,WHL MILK & BUTTER ADDED","Potatoes, mashed, home-prepared, whole milk and butter added",,,,113,1.86,4.22,16.81,1.43,1.5,38.0,0.222,0.07,6.0,0.12,8,1.072,0.041,0.086,24,0.138,0.26,18,0.114,45,0.8,0.27,0.042222222,0.130588235,0.029166667,0.066666667,0.008,0.02,0.067,0.031538462,0.071666667,0.02,0.000153333,0.042857143,0.064285714,0.014545455,0.024545455
11935,Vegetables and Vegetable Products,Catsup,Catsup,Ketchup,,,101,1.04,0.1,27.4,21.27,0.3,26.0,0.158,0.0,4.1,1.46,9,1.434,0.166,0.011,15,0.085,0.35,13,0.084,26,0.7,0.17,0.028888889,0.092941176,0.0,0.045555556,0.097333333,0.0225,0.089625,0.127692308,0.009166667,0.0125,9.44444e-05,0.030952381,0.037142857,0.012727273,0.015454545
11937,Vegetables and Vegetable Products,"PICKLES,CUCUMBER,DILL OR KOSHER DILL","Pickles, cucumber, dill or kosher dill",,,,12,0.5,0.3,2.41,1.07,1.0,6.0,0.035,0.0,2.3,0.03,8,0.109,0.057,0.045,57,0.028,0.26,7,0.062,16,0.0,0.1,0.006666667,0.020588235,0.0,0.025555556,0.002,0.02,0.0068125,0.043846154,0.0375,0.0475,3.11111e-05,0.016666667,0.022857143,0.0,0.009090909
11939,Vegetables and Vegetable Products,"MUSHROOMS,PORTABELLA,EXPOSED TO UV LT,GRILLED","Mushrooms, portabella, exposed to ultraviolet light, grilled",portobella,,Agaricus bisporus,29,3.28,0.58,4.44,2.26,2.2,0.0,0.122,0.0,0.0,0.0,0,6.255,0.403,0.072,3,0.389,0.4,13,0.067,135,21.9,0.65,0.0,0.071764706,0.0,0.0,0.0,0.0,0.3909375,0.31,0.06,0.0025,0.000432222,0.030952381,0.192857143,0.398181818,0.059090909
11940,Vegetables and Vegetable Products,"PICKLES,CUCUMBER,SWT (INCLUDES BREAD & BUTTER PICKLES)","Pickles, cucumber, sweet (includes bread and butter pickles)",,,,91,0.58,0.41,21.15,18.27,1.0,38.0,0.024,0.0,0.7,0.36,1,0.115,0.03,0.025,61,0.028,0.25,7,0.065,18,0.0,0.12,0.042222222,0.014117647,0.0,0.007777778,0.024,0.0025,0.0071875,0.023076923,0.020833333,0.050833333,3.11111e-05,0.016666667,0.025714286,0.0,0.010909091
11941,Vegetables and Vegetable Products,"PICKLES,CUCUMBER,SOUR","Pickles, cucumber, sour",,,,11,0.33,0.2,2.26,1.06,1.2,10.0,0.009,0.0,1.0,0.09,1,0.0,0.01,0.0,0,0.085,0.4,4,0.011,14,0.0,0.02,0.011111111,0.005294118,0.0,0.011111111,0.006,0.0025,0.0,0.007692308,0.0,0.0,9.44444e-05,0.00952381,0.02,0.0,0.001818182
11943,Vegetables and Vegetable Products,"PIMENTO,CANNED","Pimento, canned",,,,23,1.1,0.3,5.1,2.71,1.9,133.0,0.215,0.0,84.9,0.69,6,0.615,0.06,0.017,6,0.049,1.68,6,0.092,17,0.2,0.19,0.147777778,0.126470588,0.0,0.943333333,0.046,0.015,0.0384375,0.046153846,0.014166667,0.005,5.44444e-05,0.014285714,0.024285714,0.003636364,0.017272727
11944,Vegetables and Vegetable Products,"PICKLE RELISH,HOT DOG","Pickle relish, hot dog",,,,91,1.5,0.46,23.35,0.0,1.5,8.0,0.015,0.0,1.0,0.0,1,0.5,0.04,0.04,5,0.082,1.25,19,0.015,40,0.0,0.21,0.008888889,0.008823529,0.0,0.011111111,0.0,0.0025,0.03125,0.030769231,0.033333333,0.004166667,9.11111e-05,0.045238095,0.057142857,0.0,0.019090909
11945,Vegetables and Vegetable Products,"PICKLE RELISH,SWEET","Pickle relish, sweet",,,,130,0.37,0.47,35.06,29.13,1.1,61.0,0.015,0.0,1.0,0.58,1,0.233,0.033,0.0,3,0.085,0.87,5,0.015,14,0.0,0.14,0.067777778,0.008823529,0.0,0.011111111,0.038666667,0.0025,0.0145625,0.025384615,0.0,0.0025,9.44444e-05,0.011904762,0.02,0.0,0.012727273
11946,Vegetables and Vegetable Products,"PICKLES,CUCUMBER,SOUR,LO NA","Pickles, cucumber, sour, low sodium",,,,11,0.33,0.2,2.26,1.06,1.2,10.0,0.009,0.0,1.0,0.09,1,0.0,0.01,0.0,0,0.085,0.4,4,0.011,14,0.0,0.02,0.011111111,0.005294118,0.0,0.011111111,0.006,0.0025,0.0,0.007692308,0.0,0.0,9.44444e-05,0.00952381,0.02,0.0,0.001818182
11947,Vegetables and Vegetable Products,"PICKLES,CUCUMBER,DILL,RED NA","Pickles, cucumber, dill, reduced sodium",,,,12,0.5,0.3,2.41,1.07,1.0,6.0,0.035,0.0,2.3,0.03,8,0.109,0.057,0.045,57,0.028,0.26,7,0.062,16,0.0,0.1,0.006666667,0.020588235,0.0,0.025555556,0.002,0.02,0.0068125,0.043846154,0.0375,0.0475,3.11111e-05,0.016666667,0.022857143,0.0,0.009090909
11948,Vegetables and Vegetable Products,"PICKLES,CUCUMBER,SWT,LO NA (INCLUDES BREAD & BUTTER PICKLES)","Pickles, cucumber, sweet, low sodium (includes bread and butter pickles)",,,,122,0.37,0.26,33.73,26.68,1.1,56.0,0.015,0.0,1.2,0.53,1,0.174,0.032,0.009,4,0.105,0.59,4,0.015,12,0.0,0.08,0.062222222,0.008823529,0.0,0.013333333,0.035333333,0.0025,0.010875,0.024615385,0.0075,0.003333333,0.000116667,0.00952381,0.017142857,0.0,0.007272727
11949,Vegetables and Vegetable Products,"CATSUP,LOW SODIUM","Catsup, low sodium","Ketchup, low sodium",,,101,1.04,0.1,27.4,21.27,0.3,26.0,0.158,0.0,4.1,1.46,9,1.434,0.166,0.011,15,0.085,0.35,13,0.084,26,0.7,0.17,0.028888889,0.092941176,0.0,0.045555556,0.097333333,0.0225,0.089625,0.127692308,0.009166667,0.0125,9.44444e-05,0.030952381,0.037142857,0.012727273,0.015454545
11950,Vegetables and Vegetable Products,"MUSHROOMS,ENOKI,RAW","Mushrooms, enoki, raw",,,Flammulina veluptipes,37,2.66,0.29,7.81,0.22,2.7,0.0,0.1,0.0,0.0,0.01,48,7.032,0.2,0.225,0,0.107,1.15,16,0.075,105,2.2,0.65,0.0,0.058823529,0.0,0.0,0.000666667,0.12,0.4395,0.153846154,0.1875,0.0,0.000118889,0.038095238,0.15,0.04,0.059090909
11951,Vegetables and Vegetable Products,"PEPPERS,SWEET,YELLOW,RAW","Peppers, sweet, yellow, raw",,,Capsicum annuum,27,1.0,0.21,6.32,0.0,0.9,10.0,0.168,0.0,183.5,0.0,26,0.89,0.025,0.028,11,0.107,0.46,12,0.117,24,0.3,0.17,0.011111111,0.098823529,0.0,2.038888889,0.0,0.065,0.055625,0.019230769,0.023333333,0.009166667,0.000118889,0.028571429,0.034285714,0.005454545,0.015454545
11952,Vegetables and Vegetable Products,"RADICCHIO,RAW","Radicchio, raw",,,Cichorium intybus,23,1.43,0.25,4.48,0.6,0.9,1.0,0.057,0.0,8.0,2.26,60,0.255,0.028,0.016,19,0.341,0.57,13,0.138,40,0.9,0.62,0.001111111,0.033529412,0.0,0.088888889,0.150666667,0.15,0.0159375,0.021538462,0.013333333,0.015833333,0.000378889,0.030952381,0.057142857,0.016363636,0.056363636
11953,Vegetables and Vegetable Products,"SQUASH,ZUCCHINI,BABY,RAW","Squash, zucchini, baby, raw",,,Cucurbita spp.,21,2.71,0.4,3.11,0.0,1.1,25.0,0.142,0.0,34.1,0.0,20,0.705,0.036,0.042,21,0.097,0.79,33,0.196,93,0.3,0.83,0.027777778,0.083529412,0.0,0.378888889,0.0,0.05,0.0440625,0.027692308,0.035,0.0175,0.000107778,0.078571429,0.132857143,0.005454545,0.075454545
11954,Vegetables and Vegetable Products,"TOMATILLOS,RAW","Tomatillos, raw",,,Physalis philadelphica,32,0.96,1.02,5.84,3.93,1.9,6.0,0.056,0.0,11.7,0.38,7,1.85,0.035,0.044,7,0.079,0.62,20,0.153,39,0.5,0.22,0.006666667,0.032941176,0.0,0.13,0.025333333,0.0175,0.115625,0.026923077,0.036666667,0.005833333,8.77778e-05,0.047619048,0.055714286,0.009090909,0.02
11955,Vegetables and Vegetable Products,"TOMATOES,SUN-DRIED","Tomatoes, sun-dried",,,,258,14.11,2.97,55.76,37.59,12.3,44.0,0.332,0.0,39.2,0.01,68,9.05,0.489,0.528,110,1.423,9.09,194,1.846,356,5.5,1.99,0.048888889,0.195294118,0.0,0.435555556,0.000666667,0.17,0.565625,0.376153846,0.44,0.091666667,0.001581111,0.461904762,0.508571429,0.1,0.180909091
11956,Vegetables and Vegetable Products,"TOMATOES,SUN-DRIED,PACKED IN OIL,DRND","Tomatoes, sun-dried, packed in oil, drained",,,,213,5.06,14.08,23.33,0.0,5.8,64.0,0.319,0.0,101.8,0.0,23,3.63,0.383,0.193,47,0.473,2.68,81,0.466,139,3.0,0.78,0.071111111,0.187647059,0.0,1.131111111,0.0,0.0575,0.226875,0.294615385,0.160833333,0.039166667,0.000525556,0.192857143,0.198571429,0.054545455,0.070909091
11957,Vegetables and Vegetable Products,"FENNEL,BULB,RAW","Fennel, bulb, raw",,,Foeniculum vulgare,31,1.24,0.2,7.3,3.93,3.1,48.0,0.047,0.0,12.0,0.58,27,0.64,0.032,0.01,49,0.066,0.73,17,0.191,50,0.7,0.2,0.053333333,0.027647059,0.0,0.133333333,0.038666667,0.0675,0.04,0.024615385,0.008333333,0.040833333,7.33333e-05,0.04047619,0.071428571,0.012727273,0.018181818
11958,Vegetables and Vegetable Products,"PICKLE RELISH,HAMBURGER","Pickle relish, hamburger",,,,129,0.63,0.54,34.48,0.0,3.2,13.0,0.015,0.0,2.3,0.0,1,0.617,0.042,0.02,4,0.083,1.14,7,0.015,17,0.0,0.11,0.014444444,0.008823529,0.0,0.025555556,0.0,0.0025,0.0385625,0.032307692,0.016666667,0.003333333,9.22222e-05,0.016666667,0.024285714,0.0,0.01
11959,Vegetables and Vegetable Products,"ARUGULA,RAW","Arugula, raw",,,Eruca sativa,25,2.58,0.66,3.65,2.05,1.6,119.0,0.073,0.0,15.0,0.43,97,0.305,0.086,0.044,160,0.076,1.46,47,0.321,52,0.3,0.47,0.132222222,0.042941176,0.0,0.166666667,0.028666667,0.2425,0.0190625,0.066153846,0.036666667,0.133333333,8.44444e-05,0.111904762,0.074285714,0.005454545,0.042727273
11960,Vegetables and Vegetable Products,"CARROTS,BABY,RAW","Carrots, baby, raw",,,Daucus carota,35,0.64,0.13,8.24,4.76,2.9,690.0,0.105,0.0,2.6,0.0,27,0.556,0.036,0.03,32,0.1,0.89,10,0.151,28,0.9,0.17,0.766666667,0.061764706,0.0,0.028888889,0.0,0.0675,0.03475,0.027692308,0.025,0.026666667,0.000111111,0.023809524,0.04,0.016363636,0.015454545
11961,Vegetables and Vegetable Products,"HEARTS OF PALM,CANNED","Hearts of palm, canned",,,,28,2.52,0.62,4.62,0.0,2.4,0.0,0.022,0.0,7.9,0.0,39,0.437,0.057,0.011,58,0.133,3.13,38,1.394,65,0.7,1.15,0.0,0.012941176,0.0,0.087777778,0.0,0.0975,0.0273125,0.043846154,0.009166667,0.048333333,0.000147778,0.09047619,0.092857143,0.012727273,0.104545455
11962,Vegetables and Vegetable Products,"PEPPERS,HOT CHILE,SUN-DRIED","Peppers, hot chile, sun-dried",,,,324,10.58,5.81,69.86,41.06,28.7,1324.0,0.81,0.0,31.4,3.14,51,8.669,1.205,0.081,45,0.228,6.04,88,0.821,159,3.5,1.02,1.471111111,0.476470588,0.0,0.348888889,0.209333333,0.1275,0.5418125,0.926923077,0.0675,0.0375,0.000253333,0.20952381,0.227142857,0.063636364,0.092727273
11963,Vegetables and Vegetable Products,"NOPALES,RAW","Nopales, raw",,,Nopalea cochenillifera,16,1.32,0.09,3.33,1.15,2.2,23.0,0.07,0.0,9.3,0.0,3,0.41,0.041,0.012,164,0.052,0.59,52,0.457,16,0.7,0.25,0.025555556,0.041176471,0.0,0.103333333,0.0,0.0075,0.025625,0.031538462,0.01,0.136666667,5.77778e-05,0.123809524,0.022857143,0.012727273,0.022727273
11964,Vegetables and Vegetable Products,"NOPALES,CKD,WO/SALT","Nopales, cooked, without salt",,,,15,1.35,0.05,3.28,1.12,2.0,22.0,0.067,0.0,5.3,0.0,3,0.296,0.04,0.011,164,0.049,0.5,47,0.408,16,0.7,0.21,0.024444444,0.039411765,0.0,0.058888889,0.0,0.0075,0.0185,0.030769231,0.009166667,0.136666667,5.44444e-05,0.111904762,0.022857143,0.012727273,0.019090909
11965,Vegetables and Vegetable Products,"CAULIFLOWER,GREEN,RAW","Cauliflower, green, raw",,,Brassica oleracea (Botrytis group),31,2.95,0.3,6.09,3.03,3.2,8.0,0.222,0.0,88.1,0.04,57,0.734,0.102,0.08,33,0.041,0.73,20,0.247,62,0.6,0.64,0.008888889,0.130588235,0.0,0.978888889,0.002666667,0.1425,0.045875,0.078461538,0.066666667,0.0275,4.55556e-05,0.047619048,0.088571429,0.010909091,0.058181818
11967,Vegetables and Vegetable Products,"CAULIFLOWER,GRN,CKD,NO SALT ADDED","Cauliflower, green, cooked, no salt added",,,,32,3.04,0.31,6.28,0.0,3.3,7.0,0.206,0.0,72.6,0.0,41,0.681,0.1,0.07,32,0.04,0.72,19,0.242,57,0.8,0.63,0.007777778,0.121176471,0.0,0.806666667,0.0,0.1025,0.0425625,0.076923077,0.058333333,0.026666667,4.44444e-05,0.045238095,0.081428571,0.014545455,0.057272727
11968,Vegetables and Vegetable Products,"CAULIFLOWER,GRN,CKD,W/ SALT","Cauliflower, green, cooked, with salt",,,,32,3.04,0.31,6.28,0.0,3.3,7.0,0.206,0.0,72.6,0.0,41,0.681,0.1,0.07,32,0.04,0.72,19,0.242,57,0.8,0.63,0.007777778,0.121176471,0.0,0.806666667,0.0,0.1025,0.0425625,0.076923077,0.058333333,0.026666667,4.44444e-05,0.045238095,0.081428571,0.014545455,0.057272727
11969,Vegetables and Vegetable Products,"BROCCOLI,CHINESE,COOKED","Broccoli, chinese, cooked",,,,22,1.14,0.72,3.81,0.84,2.5,82.0,0.07,0.0,28.2,0.48,99,0.437,0.146,0.095,100,0.061,0.56,18,0.264,41,1.3,0.39,0.091111111,0.041176471,0.0,0.313333333,0.032,0.2475,0.0273125,0.112307692,0.079166667,0.083333333,6.77778e-05,0.042857143,0.058571429,0.023636364,0.035454545
11970,Vegetables and Vegetable Products,"CABBAGE,NAPA,COOKED","Cabbage, napa, cooked",,,Brassica oleracea,12,1.1,0.17,2.23,0.0,0.0,13.0,0.037,0.0,3.2,0.0,43,0.466,0.025,0.005,29,0.096,0.74,8,0.203,19,0.4,0.14,0.014444444,0.021764706,0.0,0.035555556,0.0,0.1075,0.029125,0.019230769,0.004166667,0.024166667,0.000106667,0.019047619,0.027142857,0.007272727,0.012727273
11972,Vegetables and Vegetable Products,"LEMON GRASS (CITRONELLA),RAW","Lemon grass (citronella), raw",,,Collinsonia canadensis,99,1.82,0.49,25.31,0.0,0.0,0.0,0.08,0.0,2.6,0.0,75,1.101,0.135,0.065,65,0.266,8.17,60,5.224,101,0.7,2.23,0.0,0.047058824,0.0,0.028888889,0.0,0.1875,0.0688125,0.103846154,0.054166667,0.054166667,0.000295556,0.142857143,0.144285714,0.012727273,0.202727273
11973,Vegetables and Vegetable Products,"BEANS,FAVA,IN POD,RAW","Beans, fava, in pod, raw",,,Vicia faba,88,7.92,0.73,17.63,9.21,7.5,17.0,0.104,0.0,3.7,1.16,148,2.249,0.29,0.133,37,0.402,1.55,33,0.661,129,0.8,1.0,0.018888889,0.061176471,0.0,0.041111111,0.077333333,0.37,0.1405625,0.223076923,0.110833333,0.030833333,0.000446667,0.078571429,0.184285714,0.014545455,0.090909091
11974,Vegetables and Vegetable Products,"GRAPE LEAVES,RAW","Grape leaves, raw",,,Vitis vinifera,93,5.6,2.12,17.31,6.3,11.0,1376.0,0.4,0.0,11.1,2.0,83,2.362,0.354,0.04,363,0.415,2.63,95,2.855,91,0.9,0.67,1.528888889,0.235294118,0.0,0.123333333,0.133333333,0.2075,0.147625,0.272307692,0.033333333,0.3025,0.000461111,0.226190476,0.13,0.016363636,0.060909091
11975,Vegetables and Vegetable Products,"GRAPE LEAVES,CND","Grape leaves, canned",,,,69,4.27,1.97,11.71,0.0,9.9,263.0,0.136,0.0,11.3,1.79,78,4.505,0.364,0.064,289,1.841,2.98,14,0.29,34,0.9,0.4,0.292222222,0.08,0.0,0.125555556,0.119333333,0.195,0.2815625,0.28,0.053333333,0.240833333,0.002045556,0.033333333,0.048571429,0.016363636,0.036363636
11976,Vegetables and Vegetable Products,"PEPPER,BANANA,RAW","Pepper, banana, raw",,,Capsicum anuum,27,1.66,0.45,5.35,1.95,3.4,17.0,0.357,0.0,82.7,0.69,29,1.242,0.054,0.081,14,0.094,0.46,17,0.1,32,0.3,0.25,0.018888889,0.21,0.0,0.918888889,0.046,0.0725,0.077625,0.041538462,0.0675,0.011666667,0.000104444,0.04047619,0.045714286,0.005454545,0.022727273
11977,Vegetables and Vegetable Products,"PEPPERS,SERRANO,RAW","Peppers, serrano, raw",,,Capsicum anuum,32,1.74,0.44,6.7,3.83,3.7,47.0,0.505,0.0,44.9,0.69,23,1.537,0.081,0.054,11,0.129,0.86,22,0.187,40,0.4,0.26,0.052222222,0.297058824,0.0,0.498888889,0.046,0.0575,0.0960625,0.062307692,0.045,0.009166667,0.000143333,0.052380952,0.057142857,0.007272727,0.023636364
11978,Vegetables and Vegetable Products,"PEPPERS,ANCHO,DRIED","Peppers, ancho, dried",,,,281,11.86,8.2,51.42,0.0,21.6,1022.0,3.535,0.0,2.0,0.0,69,6.403,2.255,0.179,61,0.508,10.93,113,1.279,201,2.9,1.42,1.135555556,2.079411765,0.0,0.022222222,0.0,0.1725,0.4001875,1.734615385,0.149166667,0.050833333,0.000564444,0.269047619,0.287142857,0.052727273,0.129090909
11979,Vegetables and Vegetable Products,"PEPPERS,JALAPENO,RAW","Peppers, jalapeno, raw",,,Capsicum anuum,29,0.91,0.37,6.5,4.12,2.8,54.0,0.419,0.0,118.6,3.58,27,1.28,0.07,0.04,12,0.046,0.25,15,0.097,26,0.4,0.14,0.06,0.246470588,0.0,1.317777778,0.238666667,0.0675,0.08,0.053846154,0.033333333,0.01,5.11111e-05,0.035714286,0.037142857,0.007272727,0.012727273
11980,Vegetables and Vegetable Products,"PEPPERS,CHILI,GRN,CND","Peppers, chili, green, canned",,,,21,0.72,0.27,4.6,0.0,1.7,6.0,0.12,0.0,34.2,0.0,54,0.627,0.03,0.01,36,0.0,1.33,4,0.0,11,0.3,0.09,0.006666667,0.070588235,0.0,0.38,0.0,0.135,0.0391875,0.023076923,0.008333333,0.03,0.0,0.00952381,0.015714286,0.005454545,0.008181818
11981,Vegetables and Vegetable Products,"PEPPERS,HUNGARIAN,RAW","Peppers, hungarian, raw",,,,29,0.8,0.41,6.7,3.53,1.0,41.0,0.517,0.0,92.9,0.48,53,1.092,0.055,0.079,12,0.115,0.46,16,0.204,29,0.3,0.3,0.045555556,0.304117647,0.0,1.032222222,0.032,0.1325,0.06825,0.042307692,0.065833333,0.01,0.000127778,0.038095238,0.041428571,0.005454545,0.027272727
11982,Vegetables and Vegetable Products,"PEPPERS,PASILLA,DRIED","Peppers, pasilla, dried",,,,345,12.35,15.85,51.13,0.0,26.8,1788.0,4.228,0.0,6.4,0.0,170,7.175,3.197,0.172,97,0.423,9.83,130,1.58,267,3.2,1.4,1.986666667,2.487058824,0.0,0.071111111,0.0,0.425,0.4484375,2.459230769,0.143333333,0.080833333,0.00047,0.30952381,0.381428571,0.058181818,0.127272727
11983,Vegetables and Vegetable Products,"PICKLES,CHOWCHOW,W/CAULIFLOWER ONION MUSTARD,SWT","Pickles, chowchow, with cauliflower onion mustard, sweet",,,,121,1.5,0.9,26.64,23.88,1.5,5.0,0.01,0.0,6.0,0.16,5,0.0,0.02,0.0,23,0.092,1.4,21,0.085,22,2.0,0.23,0.005555556,0.005882353,0.0,0.066666667,0.010666667,0.0125,0.0,0.015384615,0.0,0.019166667,0.000102222,0.05,0.031428571,0.036363636,0.020909091
11984,Vegetables and Vegetable Products,"EPAZOTE,RAW","Epazote, raw",,,Chenopodium ambrosiodes,32,0.33,0.52,7.44,0.0,3.8,3.0,0.152,0.0,3.6,0.0,215,0.639,0.348,0.028,275,0.19,1.88,121,3.098,86,0.9,1.1,0.003333333,0.089411765,0.0,0.04,0.0,0.5375,0.0399375,0.267692308,0.023333333,0.229166667,0.000211111,0.288095238,0.122857143,0.016363636,0.1
11985,Vegetables and Vegetable Products,"FIREWEED,LEAVES,RAW","Fireweed, leaves, raw",,,Epilobium angustifolium,103,4.71,2.75,19.22,0.0,10.6,180.0,0.632,0.0,2.2,0.0,112,4.674,0.137,0.033,429,0.32,2.4,156,6.704,108,0.9,2.66,0.2,0.371764706,0.0,0.024444444,0.0,0.28,0.292125,0.105384615,0.0275,0.3575,0.000355556,0.371428571,0.154285714,0.016363636,0.241818182
11986,Vegetables and Vegetable Products,"MALABAR SPINACH,COOKED","Malabar spinach, cooked",,,,23,2.98,0.78,2.71,0.0,2.1,58.0,0.086,0.0,5.9,0.0,114,0.787,0.129,0.106,124,0.111,1.48,48,0.255,36,0.9,0.3,0.064444444,0.050588235,0.0,0.065555556,0.0,0.285,0.0491875,0.099230769,0.088333333,0.103333333,0.000123333,0.114285714,0.051428571,0.016363636,0.027272727
11987,Vegetables and Vegetable Products,"MUSHROOMS,OYSTER,RAW","Mushrooms, oyster, raw",,,Pleurotus ostreatus,33,3.31,0.41,6.09,1.11,2.3,2.0,0.11,0.0,0.0,0.0,38,4.956,0.349,0.125,3,0.244,1.33,18,0.113,120,2.6,0.77,0.002222222,0.064705882,0.0,0.0,0.0,0.095,0.30975,0.268461538,0.104166667,0.0025,0.000271111,0.042857143,0.171428571,0.047272727,0.07
11988,Vegetables and Vegetable Products,"FUNGI,CLOUD EARS,DRIED","Fungi, Cloud ears, dried",,,,284,9.25,0.73,73.01,0.0,70.1,0.0,0.112,0.0,0.0,0.0,38,6.267,0.844,0.015,159,0.183,5.88,83,1.951,184,43.4,1.32,0.0,0.065882353,0.0,0.0,0.0,0.095,0.3916875,0.649230769,0.0125,0.1325,0.000203333,0.197619048,0.262857143,0.789090909,0.12
11989,Vegetables and Vegetable Products,"MUSHROOMS,STRAW,CND,DRND SOL","Mushrooms, straw, canned, drained solids",,,,32,3.83,0.68,4.64,0.0,2.5,0.0,0.014,0.0,0.0,0.0,38,0.224,0.07,0.013,10,0.133,1.43,7,0.098,61,15.2,0.67,0.0,0.008235294,0.0,0.0,0.0,0.095,0.014,0.053846154,0.010833333,0.008333333,0.000147778,0.016666667,0.087142857,0.276363636,0.060909091
11990,Vegetables and Vegetable Products,"WASABI,ROOT,RAW","Wasabi, root, raw",,,Wasabia japonica,109,4.8,0.63,23.54,0.0,7.8,2.0,0.274,0.0,41.9,0.0,18,0.743,0.114,0.131,128,0.155,1.03,69,0.391,80,0.0,1.62,0.002222222,0.161176471,0.0,0.465555556,0.0,0.045,0.0464375,0.087692308,0.109166667,0.106666667,0.000172222,0.164285714,0.114285714,0.0,0.147272727
11991,Vegetables and Vegetable Products,"YAUTIA (TANNIER),RAW","Yautia (tannier), raw",,,Xanthosoma sagittifolium,98,1.46,0.4,23.63,0.0,1.5,0.0,0.237,0.0,5.2,0.0,17,0.667,0.04,0.097,9,0.257,0.98,24,0.186,51,0.7,0.5,0.0,0.139411765,0.0,0.057777778,0.0,0.0425,0.0416875,0.030769231,0.080833333,0.0075,0.000285556,0.057142857,0.072857143,0.012727273,0.045454545
11992,Vegetables and Vegetable Products,"MUSHROOMS,WHITE,MICROWAVED","Mushrooms, white, microwaved",,,Agaricus bisporus,35,3.91,0.46,6.04,0.0,2.5,0.0,0.049,0.0,0.0,0.0,16,5.35,0.431,0.06,6,0.37,0.33,14,0.064,127,18.0,0.73,0.0,0.028823529,0.0,0.0,0.0,0.04,0.334375,0.331538462,0.05,0.005,0.000411111,0.033333333,0.181428571,0.327272727,0.066363636
11993,Vegetables and Vegetable Products,"MUSHROOMS,MAITAKE,RAW","Mushrooms, maitake, raw",,,Grifola frondosa,31,1.94,0.19,6.97,2.07,2.7,0.0,0.056,0.0,0.0,0.01,21,6.585,0.242,0.146,1,0.252,0.3,10,0.059,74,2.2,0.75,0.0,0.032941176,0.0,0.0,0.000666667,0.0525,0.4115625,0.186153846,0.121666667,0.000833333,0.00028,0.023809524,0.105714286,0.04,0.068181818
11995,Vegetables and Vegetable Products,"FIDDLEHEAD FERNS,RAW","Fiddlehead ferns, raw",,,Matteuccia struthioreris,34,4.55,0.4,5.54,0.0,0.0,181.0,0.0,0.0,26.6,0.0,0,4.98,0.21,0.02,32,0.32,1.31,34,0.51,101,0.0,0.83,0.201111111,0.0,0.0,0.295555556,0.0,0.0,0.31125,0.161538462,0.016666667,0.026666667,0.000355556,0.080952381,0.144285714,0.0,0.075454545
11996,Vegetables and Vegetable Products,"FIDDLEHEAD FERNS,FRZ,UNPREP","Fiddlehead ferns, frozen, unprepared",,,,34,4.31,0.35,5.74,0.0,0.0,168.0,0.0,0.0,17.8,0.0,0,3.26,0.13,0.014,24,0.22,0.73,19,0.94,58,0.0,0.71,0.186666667,0.0,0.0,0.197777778,0.0,0.0,0.20375,0.1,0.011666667,0.02,0.000244444,0.045238095,0.082857143,0.0,0.064545455
11998,Vegetables and Vegetable Products,"MUSHROOMS,PORTABELLA,EXPOSED TO UV LT,RAW","Mushrooms, portabella, exposed to ultraviolet light, raw",portobella,,Agaricus bisporus,22,2.11,0.35,3.87,2.5,1.3,0.0,0.148,0.05,0.0,0.02,28,4.494,0.13,0.059,3,0.286,0.31,10,0.069,108,18.6,0.53,0.0,0.087058824,0.020833333,0.0,0.001333333,0.07,0.280875,0.1,0.049166667,0.0025,0.000317778,0.023809524,0.154285714,0.338181818,0.048181818
12001,Nut and Seed Products,"BREADFRUIT SEEDS,RAW","Seeds, breadfruit seeds, raw",,,Artocarpus altilis,191,7.4,5.59,29.24,0.0,5.2,13.0,0.32,0.0,6.6,0.0,53,0.438,0.301,0.482,36,1.148,3.67,54,0.142,175,0.0,0.9,0.014444444,0.188235294,0.0,0.073333333,0.0,0.1325,0.027375,0.231538462,0.401666667,0.03,0.001275556,0.128571429,0.25,0.0,0.081818182
12003,Nut and Seed Products,"BREADFRUIT SEEDS,BOILED","Seeds, breadfruit seeds, boiled",,,,168,5.3,2.3,32.0,0.0,4.8,12.0,0.298,0.0,6.1,0.0,49,5.3,0.17,0.29,61,1.069,0.6,50,0.132,124,0.0,0.83,0.013333333,0.175294118,0.0,0.067777778,0.0,0.1225,0.33125,0.130769231,0.241666667,0.050833333,0.001187778,0.119047619,0.177142857,0.0,0.075454545
12004,Nut and Seed Products,"SEEDS,BREADNUT TREE SEEDS,RAW","Seeds, breadnut tree seeds, raw",,,Brosimum alicastrum,217,5.97,0.99,46.28,0.0,0.0,12.0,0.403,0.0,27.4,0.0,66,0.88,0.055,0.055,98,1.444,2.09,68,0.178,67,0.0,1.13,0.013333333,0.237058824,0.0,0.304444444,0.0,0.165,0.055,0.042307692,0.045833333,0.081666667,0.001604444,0.161904762,0.095714286,0.0,0.102727273
12005,Nut and Seed Products,"SEEDS,BREADNUT TREE SEEDS,DRIED","Seeds, breadnut tree seeds, dried",,,,367,8.62,1.68,79.39,0.0,14.9,11.0,0.685,0.0,46.6,0.0,113,2.1,0.14,0.03,94,2.455,4.6,115,0.303,178,1.9,1.91,0.012222222,0.402941176,0.0,0.517777778,0.0,0.2825,0.13125,0.107692308,0.025,0.078333333,0.002727778,0.273809524,0.254285714,0.034545455,0.173636364
12006,Nut and Seed Products,"CHIA SEEDS,DRIED","Seeds, chia seeds, dried",,,Salvia hispanica,486,16.54,30.74,42.12,0.0,34.4,0.0,0.0,0.0,1.6,0.5,0,8.83,0.17,0.62,631,0.924,7.72,335,2.723,860,55.2,4.58,0.0,0.0,0.0,0.017777778,0.033333333,0.0,0.551875,0.130769231,0.516666667,0.525833333,0.001026667,0.797619048,1.228571429,1.003636364,0.416363636
12007,Nut and Seed Products,"COTTONSEED FLR,PART DEFATTED (GLANDLESS)","Seeds, cottonseed flour, partially defatted (glandless)",,,,359,40.96,6.2,40.54,0.0,3.0,22.0,0.769,0.0,2.4,0.0,229,4.065,0.399,2.102,478,1.18,12.66,721,2.143,1597,5.6,11.69,0.024444444,0.452352941,0.0,0.026666667,0.0,0.5725,0.2540625,0.306923077,1.751666667,0.398333333,0.001311111,1.716666667,2.281428571,0.101818182,1.062727273
12008,Nut and Seed Products,"COTTONSEED FLR,LOFAT (GLANDLESS)","Seeds, cottonseed flour, low fat (glandless)",,,,332,49.83,1.41,36.1,0.0,0.0,22.0,0.764,0.0,2.4,0.0,228,4.039,0.396,2.089,474,1.172,12.58,716,2.129,1587,0.0,11.61,0.024444444,0.449411765,0.0,0.026666667,0.0,0.57,0.2524375,0.304615385,1.740833333,0.395,0.001302222,1.704761905,2.267142857,0.0,1.055454545
12011,Nut and Seed Products,"COTTONSEED MEAL,PART DEFATTED (GLANDLESS)","Seeds, cottonseed meal, partially defatted (glandless)",,,,367,49.1,4.77,38.43,0.0,0.0,23.0,0.811,0.0,2.5,0.0,242,4.286,0.42,2.217,504,0.001,13.35,760,2.26,1684,0.0,12.32,0.025555556,0.477058824,0.0,0.027777778,0.0,0.605,0.267875,0.323076923,1.8475,0.42,1.11111e-06,1.80952381,2.405714286,0.0,1.12
12013,Nut and Seed Products,"LOTUS SEEDS,DRIED","Seeds, lotus seeds, dried",,,,332,15.41,1.97,64.47,0.0,0.0,3.0,0.629,0.0,0.0,0.0,104,1.6,0.15,0.64,163,0.35,3.53,210,2.318,626,0.0,1.05,0.003333333,0.37,0.0,0.0,0.0,0.26,0.1,0.115384615,0.533333333,0.135833333,0.000388889,0.5,0.894285714,0.0,0.095454545
12014,Nut and Seed Products,"PUMPKIN&SQUASH SD KRNLS,DRIED","Seeds, pumpkin and squash seed kernels, dried",pepitas,,,559,30.23,49.05,10.71,1.4,6.0,1.0,0.143,0.0,1.9,2.18,58,4.987,0.153,0.273,46,1.343,8.82,592,4.543,1233,9.4,7.81,0.001111111,0.084117647,0.0,0.021111111,0.145333333,0.145,0.3116875,0.117692308,0.2275,0.038333333,0.001492222,1.40952381,1.761428571,0.170909091,0.71
12016,Nut and Seed Products,"PUMPKIN&SQUASH SD KRNLS,RSTD,WO/SALT","Seeds, pumpkin and squash seed kernels, roasted, without salt",pepitas,,,574,29.84,49.05,14.71,1.29,6.5,0.0,0.1,0.0,1.8,0.56,57,4.43,0.15,0.07,52,1.275,8.07,550,4.49,1174,9.4,7.64,0.0,0.058823529,0.0,0.02,0.037333333,0.1425,0.276875,0.115384615,0.058333333,0.043333333,0.001416667,1.30952381,1.677142857,0.170909091,0.694545455
12021,Nut and Seed Products,"SAFFLOWER SD KRNLS,DRIED","Seeds, safflower seed kernels, dried",,,Carthamus tinctorius,517,16.18,38.45,34.29,0.0,0.0,3.0,1.17,0.0,0.0,0.0,160,2.284,0.415,1.163,78,1.747,4.9,353,2.014,644,0.0,5.05,0.003333333,0.688235294,0.0,0.0,0.0,0.4,0.14275,0.319230769,0.969166667,0.065,0.001941111,0.84047619,0.92,0.0,0.459090909
12022,Nut and Seed Products,"SAFFLOWER SD MEAL,PART DEFATTED","Seeds, safflower seed meal, partially defatted",,,,342,35.62,2.39,48.73,0.0,0.0,2.0,1.161,0.0,0.0,0.0,159,2.265,0.412,1.153,77,1.733,4.86,350,1.998,638,0.0,5.01,0.002222222,0.682941176,0.0,0.0,0.0,0.3975,0.1415625,0.316923077,0.960833333,0.064166667,0.001925556,0.833333333,0.911428571,0.0,0.455454545
12023,Nut and Seed Products,"SESAME SEEDS,WHOLE,DRIED","Seeds, sesame seeds, whole, dried",,,Sesamum indicum,573,17.73,49.67,23.45,0.3,11.8,0.0,0.79,0.0,0.0,0.25,97,4.515,0.247,0.791,975,4.082,14.55,351,2.46,629,34.4,7.75,0.0,0.464705882,0.0,0.0,0.016666667,0.2425,0.2821875,0.19,0.659166667,0.8125,0.004535556,0.835714286,0.898571429,0.625454545,0.704545455
12024,Nut and Seed Products,"SESAME SEEDS,WHL,RSTD&TSTD","Seeds, sesame seeds, whole, roasted and toasted",,,,565,16.96,48.0,25.74,0.0,14.0,0.0,0.802,0.0,0.0,0.0,98,4.581,0.251,0.803,989,2.47,14.76,356,2.496,638,34.4,7.16,0.0,0.471764706,0.0,0.0,0.0,0.245,0.2863125,0.193076923,0.669166667,0.824166667,0.002744444,0.847619048,0.911428571,0.625454545,0.650909091
12029,Nut and Seed Products,"SESAME SD KRNLS,TSTD,WO/SALT (DECORT)","Seeds, sesame seed kernels, toasted, without salt added (decorticated)",,,,567,16.96,48.0,26.04,0.48,16.9,3.0,0.146,0.0,0.0,0.25,96,5.438,0.466,1.205,131,1.457,7.78,346,1.427,774,34.4,10.23,0.003333333,0.085882353,0.0,0.0,0.016666667,0.24,0.339875,0.358461538,1.004166667,0.109166667,0.001618889,0.823809524,1.105714286,0.625454545,0.93
12032,Nut and Seed Products,"SESAME FLR,PART DEFATTED","Seeds, sesame flour, partially defatted",,,,382,40.32,11.89,35.14,0.0,0.0,3.0,0.152,0.0,0.0,0.0,29,12.6,0.27,2.53,150,1.432,14.3,362,1.403,810,0.0,10.7,0.003333333,0.089411765,0.0,0.0,0.0,0.0725,0.7875,0.207692308,2.108333333,0.125,0.001591111,0.861904762,1.157142857,0.0,0.972727273
12033,Nut and Seed Products,"SESAME FLOUR,LOW-FAT","Seeds, sesame flour, low-fat",,,,333,50.14,1.75,35.51,0.0,0.0,3.0,0.142,0.0,0.0,0.0,29,12.533,0.269,2.516,149,1.425,14.22,338,1.396,757,0.0,10.0,0.003333333,0.083529412,0.0,0.0,0.0,0.0725,0.7833125,0.206923077,2.096666667,0.124166667,0.001583333,0.804761905,1.081428571,0.0,0.909090909
12034,Nut and Seed Products,"SESAME MEAL,PART DEFATTED","Seeds, sesame meal, partially defatted",,,,567,16.96,48.0,26.04,0.0,0.0,3.0,0.146,0.0,0.0,0.0,30,12.816,0.275,2.573,153,1.457,14.55,346,1.427,774,0.0,10.23,0.003333333,0.085882353,0.0,0.0,0.0,0.075,0.801,0.211538462,2.144166667,0.1275,0.001618889,0.823809524,1.105714286,0.0,0.93
12036,Nut and Seed Products,"SUNFLOWER SD KRNLS,DRIED","Seeds, sunflower seed kernels, dried",,,Helianthus annuus,584,20.78,51.46,20.0,2.62,8.6,3.0,1.345,0.0,1.4,35.17,227,8.335,0.355,1.48,78,1.8,5.25,325,1.95,660,53.0,5.0,0.003333333,0.791176471,0.0,0.015555556,2.344666667,0.5675,0.5209375,0.273076923,1.233333333,0.065,0.002,0.773809524,0.942857143,0.963636364,0.454545455
12037,Nut and Seed Products,"SUNFLOWER SD KRNLS,DRY RSTD,WO/SALT","Seeds, sunflower seed kernels, dry roasted, without salt",,,,582,19.33,49.8,24.07,2.73,11.1,0.0,0.804,0.0,1.4,26.1,237,7.042,0.246,0.106,70,1.83,3.8,129,2.11,1155,79.3,5.29,0.0,0.472941176,0.0,0.015555556,1.74,0.5925,0.440125,0.189230769,0.088333333,0.058333333,0.002033333,0.307142857,1.65,1.441818182,0.480909091
12038,Nut and Seed Products,"SUNFLOWER SD KRNLS,OIL RSTD,WO/SALT","Seeds, sunflower seed kernels, oil roasted, without salt",,,,592,20.06,51.3,22.89,3.11,10.6,0.0,0.792,0.0,1.1,36.33,234,4.13,0.28,0.32,87,1.804,4.28,127,2.08,1139,78.2,5.21,0.0,0.465882353,0.0,0.012222222,2.422,0.585,0.258125,0.215384615,0.266666667,0.0725,0.002004444,0.302380952,1.627142857,1.421818182,0.473636364
12039,Nut and Seed Products,"SUNFLOWER SD KRNLS,TSTD,WO/SALT","Seeds, sunflower seed kernels, toasted, without salt",,,,619,17.21,56.8,20.59,0.0,11.5,0.0,0.805,0.0,1.4,0.0,238,4.198,0.285,0.325,57,1.834,6.81,129,2.114,1158,0.0,5.3,0.0,0.473529412,0.0,0.015555556,0.0,0.595,0.262375,0.219230769,0.270833333,0.0475,0.002037778,0.307142857,1.654285714,0.0,0.481818182
12040,Nut and Seed Products,"SUNFLOWER SD BUTTER,WO/SALT","Seeds, sunflower seed butter, without salt",,,,617,17.28,55.2,23.32,10.54,5.7,0.0,0.55,0.0,2.7,22.89,237,6.747,0.163,0.053,64,1.597,4.12,311,2.073,666,104.4,4.89,0.0,0.323529412,0.0,0.03,1.526,0.5925,0.4216875,0.125384615,0.044166667,0.053333333,0.001774444,0.74047619,0.951428571,1.898181818,0.444545455
12041,Nut and Seed Products,"SUNFLOWER SD FLR,PART DEFATTED","Seeds, sunflower seed flour, partially defatted",,,,326,48.06,1.61,35.83,0.0,5.2,2.0,0.753,0.0,1.3,0.0,222,7.313,0.266,3.187,114,1.713,6.62,346,1.975,689,58.2,4.95,0.002222222,0.442941176,0.0,0.014444444,0.0,0.555,0.4570625,0.204615385,2.655833333,0.095,0.001903333,0.823809524,0.984285714,1.058181818,0.45
12058,Nut and Seed Products,"ACORNS,RAW","Nuts, acorns, raw",,,Quercus spp.,387,6.15,23.86,40.75,0.0,0.0,2.0,0.528,0.0,0.0,0.0,87,1.827,0.118,0.112,41,0.621,0.79,62,1.337,79,0.0,0.51,0.002222222,0.310588235,0.0,0.0,0.0,0.2175,0.1141875,0.090769231,0.093333333,0.034166667,0.00069,0.147619048,0.112857143,0.0,0.046363636
12059,Nut and Seed Products,"ACORNS,DRIED","Nuts, acorns, dried",,,,509,8.1,31.41,53.66,0.0,0.0,0.0,0.695,0.0,0.0,0.0,115,2.406,0.154,0.149,54,0.818,1.04,82,1.363,103,0.0,0.67,0.0,0.408823529,0.0,0.0,0.0,0.2875,0.150375,0.118461538,0.124166667,0.045,0.000908889,0.195238095,0.147142857,0.0,0.060909091
12060,Nut and Seed Products,"ACORN FLOUR,FULL FAT","Nuts, acorn flour, full fat",,,,501,7.49,30.17,54.65,0.0,0.0,3.0,0.688,0.0,0.0,0.0,114,2.382,0.154,0.146,43,0.611,1.21,110,1.743,103,0.0,0.64,0.003333333,0.404705882,0.0,0.0,0.0,0.285,0.148875,0.118461538,0.121666667,0.035833333,0.000678889,0.261904762,0.147142857,0.0,0.058181818
12061,Nut and Seed Products,ALMONDS,"Nuts, almonds","Includes USDA commodity food A256, A264",,Prunus dulcis,579,21.15,49.93,21.55,4.35,12.5,0.0,0.137,0.0,0.0,25.63,44,3.618,1.138,0.205,269,1.031,3.71,270,2.179,481,4.1,3.12,0.0,0.080588235,0.0,0.0,1.708666667,0.11,0.226125,0.875384615,0.170833333,0.224166667,0.001145556,0.642857143,0.687142857,0.074545455,0.283636364
12062,Nut and Seed Products,"ALMONDS,BLANCHED","Nuts, almonds, blanched",,,,590,21.4,52.52,18.67,4.63,9.9,0.0,0.115,0.0,0.0,23.75,49,3.5,0.711,0.191,236,1.027,3.28,268,1.835,481,3.2,2.97,0.0,0.067647059,0.0,0.0,1.583333333,0.1225,0.21875,0.546923077,0.159166667,0.196666667,0.001141111,0.638095238,0.687142857,0.058181818,0.27
12063,Nut and Seed Products,"ALMONDS,DRY RSTD,WO/SALT","Nuts, almonds, dry roasted, without salt added","Includes USDA commodity food A255, A263",,,598,20.96,52.54,21.01,4.86,10.9,0.0,0.136,0.0,0.0,23.9,55,3.637,1.197,0.077,268,1.099,3.73,279,2.232,471,2.0,3.31,0.0,0.08,0.0,0.0,1.593333333,0.1375,0.2273125,0.920769231,0.064166667,0.223333333,0.001221111,0.664285714,0.672857143,0.036363636,0.300909091
12065,Nut and Seed Products,"ALMONDS,OIL RSTD,WO/SALT","Nuts, almonds, oil roasted, without salt added",,,,607,21.23,55.17,17.68,4.55,10.5,0.0,0.118,0.0,0.0,25.97,27,3.665,0.781,0.092,291,0.955,3.68,274,2.46,466,4.1,3.07,0.0,0.069411765,0.0,0.0,1.731333333,0.0675,0.2290625,0.600769231,0.076666667,0.2425,0.001061111,0.652380952,0.665714286,0.074545455,0.279090909
12071,Nut and Seed Products,ALMOND PASTE,"Nuts, almond paste",,,,458,9.0,27.74,47.81,36.25,4.8,0.0,0.036,0.0,0.1,13.54,73,1.422,0.414,0.082,172,0.454,1.6,130,0.856,258,4.2,1.48,0.0,0.021176471,0.0,0.001111111,0.902666667,0.1825,0.088875,0.318461538,0.068333333,0.143333333,0.000504444,0.30952381,0.368571429,0.076363636,0.134545455
12077,Nut and Seed Products,"BEECHNUTS,DRIED","Nuts, beechnuts, dried",,,Fagus spp.,576,6.2,50.0,33.5,0.0,0.0,0.0,0.684,0.0,15.5,0.0,113,0.877,0.371,0.304,1,0.67,2.46,0,1.341,0,0.0,0.36,0.0,0.402352941,0.0,0.172222222,0.0,0.2825,0.0548125,0.285384615,0.253333333,0.000833333,0.000744444,0.0,0.0,0.0,0.032727273
12078,Nut and Seed Products,"BRAZILNUTS,DRIED,UNBLANCHED","Nuts, brazilnuts, dried, unblanched",brazil nuts,,Bertholletia excelsa,659,14.32,67.1,11.74,2.33,7.5,0.0,0.101,0.0,0.7,5.65,22,0.295,0.035,0.617,160,1.743,2.43,376,1.223,725,1917.0,4.06,0.0,0.059411765,0.0,0.007777778,0.376666667,0.055,0.0184375,0.026923077,0.514166667,0.133333333,0.001936667,0.895238095,1.035714286,34.85454545,0.369090909
12084,Nut and Seed Products,"BUTTERNUTS,DRIED","Nuts, butternuts, dried",,,Juglans cinerea,612,24.9,56.98,12.05,0.0,4.7,6.0,0.56,0.0,3.2,0.0,66,1.045,0.148,0.383,53,0.45,4.02,237,6.56,446,17.2,3.13,0.006666667,0.329411765,0.0,0.035555556,0.0,0.165,0.0653125,0.113846154,0.319166667,0.044166667,0.0005,0.564285714,0.637142857,0.312727273,0.284545455
12085,Nut and Seed Products,"CASHEW NUTS,DRY RSTD,WO/SALT","Nuts, cashew nuts, dry roasted, without salt added",,,Anacardium occidentale,574,15.31,46.35,32.69,5.01,3.0,0.0,0.256,0.0,0.0,0.92,69,1.4,0.2,0.2,45,2.22,6.0,260,0.826,490,11.7,5.6,0.0,0.150588235,0.0,0.0,0.061333333,0.1725,0.0875,0.153846154,0.166666667,0.0375,0.002466667,0.619047619,0.7,0.212727273,0.509090909
12086,Nut and Seed Products,"CASHEW NUTS,OIL RSTD,WO/SALT","Nuts, cashew nuts, oil roasted, without salt added",,,,580,16.84,47.77,29.87,5.01,3.3,0.0,0.323,0.0,0.3,0.92,25,1.736,0.218,0.363,43,2.043,6.05,273,1.668,531,20.3,5.35,0.0,0.19,0.0,0.003333333,0.061333333,0.0625,0.1085,0.167692308,0.3025,0.035833333,0.00227,0.65,0.758571429,0.369090909,0.486363636
12087,Nut and Seed Products,"NUTS,CASHEW NUTS,RAW","Nuts, cashew nuts, raw",,,Anacardium occidentale,553,18.22,43.85,30.19,5.91,3.3,0.0,0.417,0.0,0.5,0.9,25,1.062,0.058,0.423,37,2.195,6.68,292,1.655,593,19.9,5.78,0.0,0.245294118,0.0,0.005555556,0.06,0.0625,0.066375,0.044615385,0.3525,0.030833333,0.002438889,0.695238095,0.847142857,0.361818182,0.525454545
12088,Nut and Seed Products,"CASHEW BUTTER,PLN,WO/SALT","Nuts, cashew butter, plain, without salt added",,,,587,17.56,49.41,27.57,0.0,2.0,0.0,0.252,0.0,0.0,0.0,68,1.599,0.187,0.312,43,2.19,5.03,258,0.815,457,11.5,5.16,0.0,0.148235294,0.0,0.0,0.0,0.17,0.0999375,0.143846154,0.26,0.035833333,0.002433333,0.614285714,0.652857143,0.209090909,0.469090909
12093,Nut and Seed Products,"CHESTNUTS,CHINESE,RAW","Nuts, chestnuts, chinese, raw",,,Castanea mollissima,224,4.2,1.11,49.07,0.0,0.0,10.0,0.41,0.0,36.0,0.0,68,0.8,0.18,0.16,18,0.363,1.41,84,1.601,96,0.0,0.87,0.011111111,0.241176471,0.0,0.4,0.0,0.17,0.05,0.138461538,0.133333333,0.015,0.000403333,0.2,0.137142857,0.0,0.079090909
12094,Nut and Seed Products,"CHESTNUTS,CHINESE,DRIED","Nuts, chestnuts, chinese, dried",,,,363,6.82,1.81,79.76,0.0,0.0,16.0,0.666,0.0,58.5,0.0,110,1.3,0.293,0.26,29,0.59,2.29,137,2.601,155,0.0,1.41,0.017777778,0.391764706,0.0,0.65,0.0,0.275,0.08125,0.225384615,0.216666667,0.024166667,0.000655556,0.326190476,0.221428571,0.0,0.128181818
12095,Nut and Seed Products,"CHESTNUTS,CHINESE,BLD&STMD","Nuts, chestnuts, chinese, boiled and steamed",,,,153,2.88,0.76,33.64,0.0,0.0,7.0,0.281,0.0,24.7,0.0,46,0.548,0.123,0.11,12,0.249,0.97,58,1.097,66,0.0,0.6,0.007777778,0.165294118,0.0,0.274444444,0.0,0.115,0.03425,0.094615385,0.091666667,0.01,0.000276667,0.138095238,0.094285714,0.0,0.054545455
12096,Nut and Seed Products,"CHESTNUTS,CHINESE,ROASTED","Nuts, chestnuts, chinese, roasted",,,,239,4.48,1.19,52.36,0.0,0.0,0.0,0.437,0.0,38.4,0.0,72,1.5,0.09,0.15,19,0.387,1.5,90,1.708,102,0.0,0.93,0.0,0.257058824,0.0,0.426666667,0.0,0.18,0.09375,0.069230769,0.125,0.015833333,0.00043,0.214285714,0.145714286,0.0,0.084545455
12097,Nut and Seed Products,"CHESTNUTS,EUROPEAN,RAW,UNPEELED","Nuts, chestnuts, european, raw, unpeeled",,,Castanea sativa,213,2.42,2.26,45.54,0.0,8.1,1.0,0.376,0.0,43.0,0.0,62,1.179,0.168,0.238,27,0.447,1.01,32,0.952,93,0.0,0.52,0.001111111,0.221176471,0.0,0.477777778,0.0,0.155,0.0736875,0.129230769,0.198333333,0.0225,0.000496667,0.076190476,0.132857143,0.0,0.047272727
12098,Nut and Seed Products,"CHESTNUTS,EUROPEAN,RAW,PEELED","Nuts, chestnuts, european, raw, peeled",,,,196,1.63,1.25,44.17,0.0,0.0,1.0,0.352,0.0,40.2,0.0,58,1.102,0.016,0.144,19,0.418,0.94,30,0.336,38,0.0,0.49,0.001111111,0.207058824,0.0,0.446666667,0.0,0.145,0.068875,0.012307692,0.12,0.015833333,0.000464444,0.071428571,0.054285714,0.0,0.044545455
12099,Nut and Seed Products,"CHESTNUTS,EUROPEAN,DRIED,UNPEELED","Nuts, chestnuts, european, dried, unpeeled",,,,374,6.39,4.45,77.31,0.0,11.7,0.0,0.663,0.0,15.0,0.0,109,0.85,0.36,0.295,67,0.65,2.38,74,1.3,175,1.8,0.35,0.0,0.39,0.0,0.166666667,0.0,0.2725,0.053125,0.276923077,0.245833333,0.055833333,0.000722222,0.176190476,0.25,0.032727273,0.031818182
12100,Nut and Seed Products,"CHESTNUTS,EUROPEAN,DRIED,PEELED","Nuts, chestnuts, european, dried, peeled",,,,369,5.01,3.91,78.43,0.0,0.0,0.0,0.666,0.0,15.1,0.0,110,0.854,0.054,0.354,64,0.653,2.39,74,1.183,137,0.0,0.35,0.0,0.391764706,0.0,0.167777778,0.0,0.275,0.053375,0.041538462,0.295,0.053333333,0.000725556,0.176190476,0.195714286,0.0,0.031818182
12101,Nut and Seed Products,"CHESTNUTS,EUROPEAN,BLD&STMD","Nuts, chestnuts, european, boiled and steamed",,,,131,2.0,1.38,27.76,0.0,0.0,1.0,0.233,0.0,26.7,0.0,38,0.731,0.104,0.148,46,0.472,1.73,54,0.854,99,0.0,0.25,0.001111111,0.137058824,0.0,0.296666667,0.0,0.095,0.0456875,0.08,0.123333333,0.038333333,0.000524444,0.128571429,0.141428571,0.0,0.022727273
12104,Nut and Seed Products,"COCONUT MEAT,RAW","Nuts, coconut meat, raw",,,Cocos nucifera,354,3.33,33.49,15.23,6.23,9.0,0.0,0.054,0.0,3.3,0.24,26,0.54,0.02,0.066,14,0.435,2.43,32,1.5,113,10.1,1.1,0.0,0.031764706,0.0,0.036666667,0.016,0.065,0.03375,0.015384615,0.055,0.011666667,0.000483333,0.076190476,0.161428571,0.183636364,0.1
12108,Nut and Seed Products,"COCONUT MEAT,DRIED (DESICCATED),NOT SWTND","Nuts, coconut meat, dried (desiccated), not sweetened",,,,660,6.88,64.53,23.65,7.35,16.3,0.0,0.3,0.0,1.5,0.44,9,0.603,0.1,0.06,26,0.796,3.32,90,2.745,206,18.5,2.01,0.0,0.176470588,0.0,0.016666667,0.029333333,0.0225,0.0376875,0.076923077,0.05,0.021666667,0.000884444,0.214285714,0.294285714,0.336363636,0.182727273
12109,Nut and Seed Products,"COCONUT MEAT,DRIED (DESICCATED),SWTND,FLAKED,PACKAGED","Nuts, coconut meat, dried (desiccated), sweetened, flaked, packaged",,,,456,3.13,27.99,51.85,36.75,9.9,0.0,0.03,0.0,0.0,0.0,3,0.697,0.015,0.015,11,0.295,1.51,51,0.959,100,16.1,0.71,0.0,0.017647059,0.0,0.0,0.0,0.0075,0.0435625,0.011538462,0.0125,0.009166667,0.000327778,0.121428571,0.142857143,0.292727273,0.064545455
12110,Nut and Seed Products,"COCONUT MEAT,DRIED (DESICCATED),SWTND,FLAKED,CND","Nuts, coconut meat, dried (desiccated), sweetened, flaked, canned",,,,443,3.35,31.69,40.91,0.0,4.5,0.0,0.237,0.0,0.0,0.0,7,0.305,0.02,0.03,14,0.308,1.84,49,2.171,103,0.0,1.59,0.0,0.139411765,0.0,0.0,0.0,0.0175,0.0190625,0.015384615,0.025,0.011666667,0.000342222,0.116666667,0.147142857,0.0,0.144545455
12114,Nut and Seed Products,"COCONUT MEAT,DRIED (DESICCATED),TSTD","Nuts, coconut meat, dried (desiccated), toasted",,,,592,5.3,47.0,44.4,0.0,0.0,0.0,0.306,0.0,1.5,0.0,9,0.616,0.102,0.061,27,0.812,3.39,92,2.801,211,0.0,2.05,0.0,0.18,0.0,0.016666667,0.0,0.0225,0.0385,0.078461538,0.050833333,0.0225,0.000902222,0.219047619,0.301428571,0.0,0.186363636
12115,Nut and Seed Products,"COCONUT CRM,RAW (LIQ EXPRESSED FROM GRATED MEAT)","Nuts, coconut cream, raw (liquid expressed from grated meat)",,,,330,3.63,34.68,6.65,0.0,2.2,0.0,0.047,0.0,2.8,0.0,23,0.89,0.0,0.03,11,0.378,2.28,28,1.304,122,0.0,0.96,0.0,0.027647059,0.0,0.031111111,0.0,0.0575,0.055625,0.0,0.025,0.009166667,0.00042,0.066666667,0.174285714,0.0,0.087272727
12116,Nut and Seed Products,"NUTS,COCNT CRM,CND,SWTND","Nuts, coconut cream, canned, sweetened",,,,357,1.17,16.31,53.21,51.5,0.2,0.0,0.029,0.0,0.0,0.13,14,0.038,0.04,0.022,4,0.236,0.13,17,0.815,22,5.5,0.6,0.0,0.017058824,0.0,0.0,0.008666667,0.035,0.002375,0.030769231,0.018333333,0.003333333,0.000262222,0.04047619,0.031428571,0.1,0.054545455
12117,Nut and Seed Products,"COCONUT MILK,RAW (LIQ EXPRESSED FROM GRATED MEAT&H2O)","Nuts, coconut milk, raw (liquid expressed from grated meat and water)",,,,230,2.29,23.84,5.54,3.34,2.2,0.0,0.033,0.0,2.8,0.15,16,0.76,0.0,0.026,16,0.266,1.64,37,0.916,100,6.2,0.67,0.0,0.019411765,0.0,0.031111111,0.01,0.04,0.0475,0.0,0.021666667,0.013333333,0.000295556,0.088095238,0.142857143,0.112727273,0.060909091
12118,Nut and Seed Products,"COCONUT MILK,CND (LIQ EXPRESSED FROM GRATED MEAT&H2O)","Nuts, coconut milk, canned (liquid expressed from grated meat and water)",,,,197,2.02,21.33,2.81,0.0,0.0,0.0,0.028,0.0,1.0,0.0,14,0.637,0.0,0.022,18,0.223,3.3,46,0.768,96,0.0,0.56,0.0,0.016470588,0.0,0.011111111,0.0,0.035,0.0398125,0.0,0.018333333,0.015,0.000247778,0.10952381,0.137142857,0.0,0.050909091
12119,Nut and Seed Products,COCONUT H2O (LIQ FROM COCONUTS),"Nuts, coconut water (liquid from coconuts)",,,,19,0.72,0.2,3.71,2.61,1.1,0.0,0.032,0.0,2.4,0.0,3,0.08,0.057,0.03,24,0.04,0.29,25,0.142,20,1.0,0.1,0.0,0.018823529,0.0,0.026666667,0.0,0.0075,0.005,0.043846154,0.025,0.02,4.44444e-05,0.05952381,0.028571429,0.018181818,0.009090909
12120,Nut and Seed Products,HAZELNUTS OR FILBERTS,"Nuts, hazelnuts or filberts",,,Corylus spp.,628,14.95,60.75,16.7,4.34,9.7,1.0,0.563,0.0,6.3,15.03,113,1.8,0.113,0.643,114,1.725,4.7,163,6.175,290,2.4,2.45,0.001111111,0.331176471,0.0,0.07,1.002,0.2825,0.1125,0.086923077,0.535833333,0.095,0.001916667,0.388095238,0.414285714,0.043636364,0.222727273
12121,Nut and Seed Products,"HAZELNUTS OR FILBERTS,BLANCHED","Nuts, hazelnuts or filberts, blanched",,,,629,13.7,61.15,17.0,3.49,11.0,2.0,0.585,0.0,2.0,17.5,78,1.55,0.11,0.475,149,1.6,3.3,160,12.65,310,4.1,2.2,0.002222222,0.344117647,0.0,0.022222222,1.166666667,0.195,0.096875,0.084615385,0.395833333,0.124166667,0.001777778,0.380952381,0.442857143,0.074545455,0.2
12122,Nut and Seed Products,"HAZELNUTS OR FILBERTS,DRY RSTD,WO/SALT","Nuts, hazelnuts or filberts, dry roasted, without salt added",,,,646,15.03,62.4,17.6,4.89,9.4,3.0,0.62,0.0,3.8,15.28,88,2.05,0.123,0.338,123,1.75,4.38,173,5.55,310,4.1,2.5,0.003333333,0.364705882,0.0,0.042222222,1.018666667,0.22,0.128125,0.094615385,0.281666667,0.1025,0.001944444,0.411904762,0.442857143,0.074545455,0.227272727
12127,Nut and Seed Products,"GINKGO NUTS,RAW","Nuts, ginkgo nuts, raw",,,Ginkgo biloba,182,4.32,1.68,37.6,0.0,0.0,28.0,0.328,0.0,15.0,0.0,54,6.0,0.09,0.22,2,0.274,1.0,27,0.113,124,0.0,0.34,0.031111111,0.192941176,0.0,0.166666667,0.0,0.135,0.375,0.069230769,0.183333333,0.001666667,0.000304444,0.064285714,0.177142857,0.0,0.030909091
12128,Nut and Seed Products,"GINKGO NUTS,DRIED","Nuts, ginkgo nuts, dried",,,,348,10.35,2.0,72.45,0.0,0.0,55.0,0.641,0.0,29.3,0.0,106,11.732,0.176,0.43,20,0.536,1.6,53,0.22,269,0.0,0.67,0.061111111,0.377058824,0.0,0.325555556,0.0,0.265,0.73325,0.135384615,0.358333333,0.016666667,0.000595556,0.126190476,0.384285714,0.0,0.060909091
12129,Nut and Seed Products,"GINKGO NUTS,CANNED","Nuts, ginkgo nuts, canned",,,,111,2.29,1.62,22.1,0.0,9.3,17.0,0.198,0.0,9.1,0.0,33,3.623,0.054,0.133,4,0.166,0.29,16,0.068,54,0.5,0.21,0.018888889,0.116470588,0.0,0.101111111,0.0,0.0825,0.2264375,0.041538462,0.110833333,0.003333333,0.000184444,0.038095238,0.077142857,0.009090909,0.019090909
12130,Nut and Seed Products,"HICKORYNUTS,DRIED","Nuts, hickorynuts, dried",,,Carya spp.,657,12.72,64.37,18.25,0.0,6.4,7.0,0.192,0.0,2.0,0.0,40,0.907,0.131,0.867,61,0.738,2.12,173,4.61,336,8.1,4.31,0.007777778,0.112941176,0.0,0.022222222,0.0,0.1,0.0566875,0.100769231,0.7225,0.050833333,0.00082,0.411904762,0.48,0.147272727,0.391818182
12131,Nut and Seed Products,"MACADAMIA NUTS,RAW","Nuts, macadamia nuts, raw",,,"Macadamia integrifolia, M. tetraphylla",718,7.91,75.77,13.82,4.57,8.6,0.0,0.275,0.0,1.2,0.54,11,2.473,0.162,1.195,85,0.756,3.69,130,4.131,188,3.6,1.3,0.0,0.161764706,0.0,0.013333333,0.036,0.0275,0.1545625,0.124615385,0.995833333,0.070833333,0.00084,0.30952381,0.268571429,0.065454545,0.118181818
12132,Nut and Seed Products,"MACADAMIA NUTS,DRY RSTD,WO/SALT","Nuts, macadamia nuts, dry roasted, without salt added",,,,718,7.79,76.08,13.38,4.14,8.0,0.0,0.359,0.0,0.7,0.57,10,2.274,0.087,0.71,70,0.57,2.65,118,3.036,198,11.7,1.29,0.0,0.211176471,0.0,0.007777778,0.038,0.025,0.142125,0.066923077,0.591666667,0.058333333,0.000633333,0.280952381,0.282857143,0.212727273,0.117272727
12135,Nut and Seed Products,"MIXED NUTS,DRY RSTD,W/PNUTS,WO/SALT","Nuts, mixed nuts, dry roasted, with peanuts, without salt added",,,,594,17.3,51.45,25.35,0.0,9.0,1.0,0.296,0.0,0.4,0.0,50,4.7,0.2,0.2,70,1.279,3.7,225,1.937,435,0.0,3.8,0.001111111,0.174117647,0.0,0.004444444,0.0,0.125,0.29375,0.153846154,0.166666667,0.058333333,0.001421111,0.535714286,0.621428571,0.0,0.345454545
12137,Nut and Seed Products,"MIXED NUTS,OIL RSTD,W/PNUTS,WO/SALT","Nuts, mixed nuts, oil roasted, with peanuts, without salt added",,,,607,20.04,53.95,21.05,4.15,7.0,0.0,0.352,0.0,0.5,7.82,83,7.709,0.196,0.189,117,0.907,2.61,229,2.04,456,33.9,3.36,0.0,0.207058824,0.0,0.005555556,0.521333333,0.2075,0.4818125,0.150769231,0.1575,0.0975,0.001007778,0.545238095,0.651428571,0.616363636,0.305454545
12138,Nut and Seed Products,"MIXED NUTS,OIL RSTD,WO/PNUTS,WO/SALT","Nuts, mixed nuts, oil roasted, without peanuts, without salt added",,,,615,15.52,56.17,22.27,0.0,5.5,1.0,0.18,0.0,0.5,0.0,56,1.964,0.486,0.504,106,1.795,2.57,251,1.547,449,0.0,4.66,0.001111111,0.105882353,0.0,0.005555556,0.0,0.14,0.12275,0.373846154,0.42,0.088333333,0.001994444,0.597619048,0.641428571,0.0,0.423636364
12140,Nut and Seed Products,"FORMULATED,WHEAT-BASED,UNFLAVORED,W/SALT","Nuts, formulated, wheat-based, unflavored, with salt added",,,,622,13.82,57.7,23.68,0.0,5.2,0.0,0.394,0.0,0.1,0.0,142,1.5,0.3,0.3,26,0.18,2.4,58,7.919,371,0.0,2.94,0.0,0.231764706,0.0,0.001111111,0.0,0.355,0.09375,0.230769231,0.25,0.021666667,0.0002,0.138095238,0.53,0.0,0.267272727
12142,Nut and Seed Products,PECANS,"Nuts, pecans",,,Carya illinoinensis,691,9.17,71.97,13.86,3.97,9.6,3.0,0.21,0.0,1.1,1.4,22,1.167,0.13,0.66,70,1.2,2.53,121,4.5,277,3.8,4.53,0.003333333,0.123529412,0.0,0.012222222,0.093333333,0.055,0.0729375,0.1,0.55,0.058333333,0.001333333,0.288095238,0.395714286,0.069090909,0.411818182
12143,Nut and Seed Products,"PECANS,DRY RSTD,WO/SALT","Nuts, pecans, dry roasted, without salt added",,,,710,9.5,74.27,13.55,4.06,9.4,7.0,0.187,0.0,0.7,1.3,16,1.167,0.107,0.45,72,1.167,2.8,132,3.933,293,4.0,5.07,0.007777778,0.11,0.0,0.007777778,0.086666667,0.04,0.0729375,0.082307692,0.375,0.06,0.001296667,0.314285714,0.418571429,0.072727273,0.460909091
12144,Nut and Seed Products,"PECANS,OIL RSTD,WO/SALT","Nuts, pecans, oil roasted, without salt added",,,,715,9.2,75.23,13.01,3.97,9.5,5.0,0.187,0.0,0.7,2.53,15,1.2,0.11,0.473,67,1.2,2.47,121,3.7,263,6.0,4.47,0.005555556,0.11,0.0,0.007777778,0.168666667,0.0375,0.075,0.084615385,0.394166667,0.055833333,0.001333333,0.288095238,0.375714286,0.109090909,0.406363636
12145,Nut and Seed Products,"NUTS,PILINUTS,DRIED","Nuts, pilinuts, dried",,,Canarium ovatum,719,10.8,79.55,3.98,0.0,0.0,2.0,0.115,0.0,0.6,0.0,60,0.519,0.093,0.913,145,0.958,3.53,302,2.313,575,0.0,2.97,0.002222222,0.067647059,0.0,0.006666667,0.0,0.15,0.0324375,0.071538462,0.760833333,0.120833333,0.001064444,0.719047619,0.821428571,0.0,0.27
12147,Nut and Seed Products,"NUTS,PINE NUTS,DRIED","Nuts, pine nuts, dried",,,Pinus spp.,673,13.69,68.37,13.08,3.59,3.7,1.0,0.094,0.0,0.8,9.33,34,4.387,0.227,0.364,16,1.324,5.53,251,8.802,575,0.7,6.45,0.001111111,0.055294118,0.0,0.008888889,0.622,0.085,0.2741875,0.174615385,0.303333333,0.013333333,0.001471111,0.597619048,0.821428571,0.012727273,0.586363636
12149,Nut and Seed Products,"PINE NUTS,PINYON,DRIED","Nuts, pine nuts, pinyon, dried",pinon,,Pinus edulis,629,11.57,60.98,19.3,0.0,10.7,1.0,0.111,0.0,2.0,0.0,58,4.37,0.223,1.243,8,1.035,3.06,234,4.333,35,0.0,4.28,0.001111111,0.065294118,0.0,0.022222222,0.0,0.145,0.273125,0.171538462,1.035833333,0.006666667,0.00115,0.557142857,0.05,0.0,0.389090909
12151,Nut and Seed Products,"PISTACHIO NUTS,RAW","Nuts, pistachio nuts, raw",,,Pistacia vera,562,20.27,45.39,27.51,7.66,10.3,21.0,1.7,0.0,5.6,2.3,51,1.3,0.16,0.87,105,1.3,3.92,121,1.2,490,7.0,2.2,0.023333333,1.0,0.0,0.062222222,0.153333333,0.1275,0.08125,0.123076923,0.725,0.0875,0.001444444,0.288095238,0.7,0.127272727,0.2
12152,Nut and Seed Products,"PISTACHIO NUTS,DRY RSTD,WO/SALT","Nuts, pistachio nuts, dry roasted, without salt added",,,,567,20.95,44.82,29.38,7.74,9.9,13.0,1.122,0.0,3.0,2.42,51,1.373,0.234,0.695,107,1.293,4.03,109,1.243,469,10.0,2.34,0.014444444,0.66,0.0,0.033333333,0.161333333,0.1275,0.0858125,0.18,0.579166667,0.089166667,0.001436667,0.25952381,0.67,0.181818182,0.212727273
12154,Nut and Seed Products,"WALNUTS,BLACK,DRIED","Nuts, walnuts, black, dried",,,Juglans nigra,619,24.06,59.33,9.58,1.1,6.8,2.0,0.583,0.0,1.7,2.08,31,0.47,0.13,0.057,61,1.36,3.12,201,3.896,513,17.0,3.37,0.002222222,0.342941176,0.0,0.018888889,0.138666667,0.0775,0.029375,0.1,0.0475,0.050833333,0.001511111,0.478571429,0.732857143,0.309090909,0.306363636
12155,Nut and Seed Products,"WALNUTS,ENGLISH","Nuts, walnuts, english","Includes USDA commodity food A259, A257",,Juglans regia,654,15.23,65.21,13.71,2.61,6.7,1.0,0.537,0.0,1.3,0.7,98,1.125,0.15,0.341,98,1.586,2.91,158,3.414,346,4.9,3.09,0.001111111,0.315882353,0.0,0.014444444,0.046666667,0.245,0.0703125,0.115384615,0.284166667,0.081666667,0.001762222,0.376190476,0.494285714,0.089090909,0.280909091
12156,Nut and Seed Products,"NUTS,WALNUTS,GLAZED","Nuts, walnuts, glazed",,,,500,8.28,35.71,47.59,32.14,3.6,0.0,0.0,0.0,0.0,0.0,0,0.0,0.0,0.0,71,0.0,1.29,0,0.0,0,0.0,0.0,0.0,0.0,0.0,0.0,0.0,0.0,0.0,0.0,0.0,0.059166667,0.0,0.0,0.0,0.0,0.0
12158,Nut and Seed Products,"BREADFRUIT SEEDS,ROASTED","Seeds, breadfruit seeds, roasted",,,,207,6.2,2.7,40.1,0.0,6.0,15.0,0.42,0.0,7.6,0.0,59,7.4,0.24,0.41,86,1.321,0.9,62,0.163,175,0.0,1.03,0.016666667,0.247058824,0.0,0.084444444,0.0,0.1475,0.4625,0.184615385,0.341666667,0.071666667,0.001467778,0.147619048,0.25,0.0,0.093636364
12160,Nut and Seed Products,"COTTONSEED KRNLS,RSTD (GLANDLESS)","Seeds, cottonseed kernels, roasted (glandless)",,,Gossypium spp.,506,32.59,36.29,21.9,0.0,5.5,22.0,0.782,0.0,9.0,0.0,233,3.0,0.255,0.75,100,1.2,5.4,440,2.181,800,0.0,6.0,0.024444444,0.46,0.0,0.1,0.0,0.5825,0.1875,0.196153846,0.625,0.083333333,0.001333333,1.047619048,1.142857143,0.0,0.545454545
12163,Nut and Seed Products,"PUMPKIN&SQUASH SEEDS,WHL,RSTD,WO/SALT","Seeds, pumpkin and squash seeds, whole, roasted, without salt",,,Cucurbita spp.,446,18.55,19.4,53.75,0.0,18.4,3.0,0.037,0.0,0.3,0.0,9,0.286,0.052,0.034,55,0.69,3.31,262,0.496,92,0.0,10.3,0.003333333,0.021764706,0.0,0.003333333,0.0,0.0225,0.017875,0.04,0.028333333,0.045833333,0.000766667,0.623809524,0.131428571,0.0,0.936363636
12166,Nut and Seed Products,"SESAME BUTTER,TAHINI,FROM RSTD&TSTD KRNLS (MOST COMMON TYPE)","Seeds, sesame butter, tahini, from roasted and toasted kernels (most common type)",,,,595,17.0,53.76,21.19,0.49,9.3,3.0,0.149,0.0,0.0,0.25,98,5.45,0.473,1.22,426,1.61,8.95,95,1.456,732,34.4,4.62,0.003333333,0.087647059,0.0,0.0,0.016666667,0.245,0.340625,0.363846154,1.016666667,0.355,0.001788889,0.226190476,1.045714286,0.625454545,0.42
12167,Nut and Seed Products,"CHESTNUTS,EUROPEAN,RSTD","Nuts, chestnuts, european, roasted",,,,245,3.17,2.2,52.96,10.6,5.1,1.0,0.497,0.0,26.0,0.5,70,1.342,0.175,0.243,29,0.507,0.91,33,1.18,107,1.2,0.57,0.001111111,0.292352941,0.0,0.288888889,0.033333333,0.175,0.083875,0.134615385,0.2025,0.024166667,0.000563333,0.078571429,0.152857143,0.021818182,0.051818182
12169,Nut and Seed Products,"SESAME BUTTER,PASTE","Seeds, sesame butter, paste",,,,586,18.08,50.87,24.05,0.0,5.5,3.0,0.816,0.0,0.0,0.0,100,6.7,0.2,0.24,960,4.214,19.2,362,2.54,659,35.5,7.29,0.003333333,0.48,0.0,0.0,0.0,0.25,0.41875,0.153846154,0.2,0.8,0.004682222,0.861904762,0.941428571,0.645454545,0.662727273
12170,Nut and Seed Products,"SESAME FLOUR,HIGH-FAT","Seeds, sesame flour, high-fat",,,,526,30.78,37.1,26.62,0.0,0.0,3.0,0.152,0.0,0.0,0.0,31,13.369,0.286,2.684,159,1.52,15.17,361,1.489,807,0.0,10.67,0.003333333,0.089411765,0.0,0.0,0.0,0.0775,0.8355625,0.22,2.236666667,0.1325,0.001688889,0.85952381,1.152857143,0.0,0.97
12171,Nut and Seed Products,"SESAME BUTTER,TAHINI,FROM UNROASTED KRNLS","Seeds, sesame butter, tahini, from unroasted kernels (non-chemically removed seed coat)",,,,607,17.95,56.44,17.89,0.0,9.3,3.0,0.149,0.0,0.0,0.0,98,5.644,0.12,1.587,141,1.488,6.35,353,1.457,790,0.0,10.45,0.003333333,0.087647059,0.0,0.0,0.0,0.245,0.35275,0.092307692,1.3225,0.1175,0.001653333,0.84047619,1.128571429,0.0,0.95
12174,Nut and Seed Products,"WATERMELON SD KRNLS,DRIED","Seeds, watermelon seed kernels, dried",,,Citrullus lanatus,557,28.33,47.37,15.31,0.0,0.0,0.0,0.089,0.0,0.0,0.0,58,3.55,0.145,0.19,54,0.686,7.28,515,1.614,755,0.0,10.24,0.0,0.052352941,0.0,0.0,0.0,0.145,0.221875,0.111538462,0.158333333,0.045,0.000762222,1.226190476,1.078571429,0.0,0.930909091
12175,Nut and Seed Products,"CHESTNUTS,JAPANESE,DRIED","Nuts, chestnuts, japanese, dried",,,,360,5.25,1.24,81.43,0.0,0.0,4.0,0.659,0.0,61.3,0.0,109,3.5,0.38,0.802,72,1.312,3.38,115,3.711,169,0.0,2.57,0.004444444,0.387647059,0.0,0.681111111,0.0,0.2725,0.21875,0.292307692,0.668333333,0.06,0.001457778,0.273809524,0.241428571,0.0,0.233636364
12176,Nut and Seed Products,"COCONUT MILK,FRZ (LIQ EXPRESSED FROM GRATED MEAT&H2O)","Nuts, coconut milk, frozen (liquid expressed from grated meat and water)",,,,202,1.61,20.8,5.58,0.0,0.0,0.0,0.03,0.0,1.1,0.0,14,0.671,0.0,0.023,4,0.235,0.81,32,0.809,59,0.0,0.59,0.0,0.017647059,0.0,0.012222222,0.0,0.035,0.0419375,0.0,0.019166667,0.003333333,0.000261111,0.076190476,0.084285714,0.0,0.053636364
12177,Nut and Seed Products,"COCONUT MEAT,DRIED (DESICCATED),CRMD","Nuts, coconut meat, dried (desiccated), creamed",,,,684,5.3,69.08,21.52,0.0,0.0,0.0,0.304,0.0,1.5,0.0,9,0.611,0.101,0.061,26,0.807,3.36,92,2.783,209,0.0,2.04,0.0,0.178823529,0.0,0.016666667,0.0,0.0225,0.0381875,0.077692308,0.050833333,0.021666667,0.000896667,0.219047619,0.298571429,0.0,0.185454545
12179,Nut and Seed Products,"COCONUT MEAT,DRIED (DESICCATED),SWTND,SHREDDED","Nuts, coconut meat, dried (desiccated), sweetened, shredded",,,,501,2.88,35.49,47.67,43.17,4.5,0.0,0.271,0.0,0.7,0.39,8,0.474,0.02,0.031,15,0.313,1.92,50,2.475,107,16.7,1.82,0.0,0.159411765,0.0,0.007777778,0.026,0.02,0.029625,0.015384615,0.025833333,0.0125,0.000347778,0.119047619,0.152857143,0.303636364,0.165454545
12193,Nut and Seed Products,"SISYMBRIUM SP. SEEDS,WHL,DRIED","Seeds, sisymbrium sp. seeds, whole, dried",,,Sisymbrium spp.,318,12.14,4.6,58.26,0.0,0.0,3.0,0.778,0.0,30.7,0.0,95,16.825,0.423,0.191,1633,0.11,0.11,314,1.512,6,0.0,0.3,0.003333333,0.457647059,0.0,0.341111111,0.0,0.2375,1.0515625,0.325384615,0.159166667,1.360833333,0.000122222,0.747619048,0.008571429,0.0,0.027272727
12195,Nut and Seed Products,"ALMOND BUTTER,PLN,WO/SALT","Nuts, almond butter, plain, without salt added",,,,614,20.96,55.5,18.82,4.43,10.3,0.0,0.103,0.0,0.0,24.21,53,3.155,0.939,0.041,347,0.934,3.49,279,2.131,508,2.4,3.29,0.0,0.060588235,0.0,0.0,1.614,0.1325,0.1971875,0.722307692,0.034166667,0.289166667,0.001037778,0.664285714,0.725714286,0.043636364,0.299090909
12198,Nut and Seed Products,"SESAME BUTTER,TAHINI,FROM RAW&STONE GROUND KRNLS","Seeds, sesame butter, tahini, from raw and stone ground kernels",,,,570,17.81,48.0,26.19,0.0,9.3,3.0,0.149,0.0,0.0,0.0,98,5.925,0.51,1.283,420,1.618,2.51,96,1.457,752,0.0,4.64,0.003333333,0.087647059,0.0,0.0,0.0,0.245,0.3703125,0.392307692,1.069166667,0.35,0.001797778,0.228571429,1.074285714,0.0,0.421818182
12200,Nut and Seed Products,"FORMULATED,WHEAT-BASED,ALL FLAVORS XCPT MACADAMIA,WO/SALT","Nuts, formulated, wheat-based, all flavors except macadamia, without salt",,,,647,13.11,62.3,20.79,0.0,5.2,0.0,0.348,0.0,0.1,0.0,125,1.5,0.3,0.4,22,0.181,2.6,59,6.949,366,0.0,2.96,0.0,0.204705882,0.0,0.001111111,0.0,0.3125,0.09375,0.230769231,0.333333333,0.018333333,0.000201111,0.14047619,0.522857143,0.0,0.269090909
12201,Nut and Seed Products,"SESAME SD KRNLS,DRIED (DECORT)","Seeds, sesame seed kernels, dried (decorticated)",,,,631,20.45,61.21,11.73,0.48,11.6,3.0,0.4,0.0,0.0,1.68,115,5.8,0.09,0.699,60,1.4,6.36,345,1.44,667,34.4,6.73,0.003333333,0.235294118,0.0,0.0,0.112,0.2875,0.3625,0.069230769,0.5825,0.05,0.001555556,0.821428571,0.952857143,0.625454545,0.611818182
12202,Nut and Seed Products,"CHESTNUTS,JAPANESE,RAW","Nuts, chestnuts, japanese, raw",,,Castanea crenata,154,2.25,0.53,34.91,0.0,0.0,2.0,0.283,0.0,26.3,0.0,47,1.5,0.163,0.344,31,0.562,1.45,49,1.591,72,0.0,1.1,0.002222222,0.166470588,0.0,0.292222222,0.0,0.1175,0.09375,0.125384615,0.286666667,0.025833333,0.000624444,0.116666667,0.102857143,0.0,0.1
12203,Nut and Seed Products,"CHESTNUTS,JAPANESE,BLD&STMD","Nuts, chestnuts, japanese, boiled and steamed",,,,56,0.82,0.19,12.64,0.0,0.0,1.0,0.102,0.0,9.5,0.0,17,0.543,0.059,0.125,11,0.204,0.53,18,0.576,26,0.0,0.4,0.001111111,0.06,0.0,0.105555556,0.0,0.0425,0.0339375,0.045384615,0.104166667,0.009166667,0.000226667,0.042857143,0.037142857,0.0,0.036363636
12204,Nut and Seed Products,"CHESTNUTS,JAPANESE,RSTD","Nuts, chestnuts, japanese, roasted",,,,201,2.97,0.8,45.13,0.0,0.0,4.0,0.418,0.0,28.0,0.0,59,0.7,0.0,0.45,35,0.73,2.1,64,2.065,93,0.0,1.43,0.004444444,0.245882353,0.0,0.311111111,0.0,0.1475,0.04375,0.0,0.375,0.029166667,0.000811111,0.152380952,0.132857143,0.0,0.13
12205,Nut and Seed Products,"LOTUS SEEDS,RAW","Seeds, lotus seeds, raw",,,Nelumbo spp.,89,4.13,0.53,17.28,0.0,0.0,1.0,0.168,0.0,0.0,0.0,28,0.429,0.04,0.171,44,0.094,0.95,56,0.621,168,0.0,0.28,0.001111111,0.098823529,0.0,0.0,0.0,0.07,0.0268125,0.030769231,0.1425,0.036666667,0.000104444,0.133333333,0.24,0.0,0.025454545
12206,Nut and Seed Products,"ALMONDS,HONEY RSTD,UNBLANCHED","Nuts, almonds, honey roasted, unblanched",,,,594,18.17,49.9,27.9,0.0,13.7,0.0,0.085,0.0,0.7,0.0,32,2.819,0.953,0.114,263,0.97,2.83,240,2.003,400,0.0,2.6,0.0,0.05,0.0,0.007777778,0.0,0.08,0.1761875,0.733076923,0.095,0.219166667,0.001077778,0.571428571,0.571428571,0.0,0.236363636
12220,Nut and Seed Products,"SEEDS,FLAXSEED","Seeds, flaxseed",,,Linum usitatissimum,534,18.29,42.16,28.88,1.55,27.3,0.0,0.473,0.0,0.6,0.31,87,3.08,0.161,1.644,255,1.22,5.73,392,2.482,642,25.4,4.34,0.0,0.278235294,0.0,0.006666667,0.020666667,0.2175,0.1925,0.123846154,1.37,0.2125,0.001355556,0.933333333,0.917142857,0.461818182,0.394545455
12516,Nut and Seed Products,"PUMPKIN&SQUASH SD KRNLS,RSTD,W/SALT","Seeds, pumpkin and squash seed kernels, roasted, with salt added",pepitas,,,574,29.84,49.05,14.71,1.29,6.5,0.0,0.1,0.0,1.8,0.56,57,4.43,0.15,0.07,52,1.275,8.07,550,4.49,1174,9.4,7.64,0.0,0.058823529,0.0,0.02,0.037333333,0.1425,0.276875,0.115384615,0.058333333,0.043333333,0.001416667,1.30952381,1.677142857,0.170909091,0.694545455
12529,Nut and Seed Products,"SESAME SD KRNLS,TSTD,W/SALT (DECORT)","Seeds, sesame seed kernels, toasted, with salt added (decorticated)",,,,567,16.96,48.0,26.04,0.48,16.9,3.0,0.146,0.0,0.0,0.25,96,5.438,0.466,1.205,131,1.457,7.78,346,1.427,774,34.4,10.23,0.003333333,0.085882353,0.0,0.0,0.016666667,0.24,0.339875,0.358461538,1.004166667,0.109166667,0.001618889,0.823809524,1.105714286,0.625454545,0.93
12536,Nut and Seed Products,"SEEDS,SUNFLOWER SD KRNLS FROM SHELL,DRY RSTD,W/ SALT ADDED","Seeds, sunflower seed kernels from shell, dry roasted, with salt added",,,,546,19.33,49.8,15.31,2.73,9.0,0.0,0.804,0.0,1.4,26.1,237,7.042,0.246,0.106,70,1.83,3.8,129,2.11,1155,79.3,5.29,0.0,0.472941176,0.0,0.015555556,1.74,0.5925,0.440125,0.189230769,0.088333333,0.058333333,0.002033333,0.307142857,1.65,1.441818182,0.480909091
12537,Nut and Seed Products,"SUNFLOWER SD KRNLS,DRY RSTD,W/SALT","Seeds, sunflower seed kernels, dry roasted, with salt added",,,,582,19.33,49.8,24.07,2.73,9.0,0.0,0.804,0.0,1.4,26.1,237,7.042,0.246,0.106,70,1.83,3.8,129,2.11,1155,79.3,5.29,0.0,0.472941176,0.0,0.015555556,1.74,0.5925,0.440125,0.189230769,0.088333333,0.058333333,0.002033333,0.307142857,1.65,1.441818182,0.480909091
12538,Nut and Seed Products,"SUNFLOWER SD KRNLS,OIL RSTD,W/SALT","Seeds, sunflower seed kernels, oil roasted, with salt added",,,,592,20.06,51.3,22.89,3.11,10.6,0.0,0.792,0.0,1.1,36.33,234,4.13,0.28,0.32,87,1.804,4.28,127,2.08,1139,78.2,5.21,0.0,0.465882353,0.0,0.012222222,2.422,0.585,0.258125,0.215384615,0.266666667,0.0725,0.002004444,0.302380952,1.627142857,1.421818182,0.473636364
12539,Nut and Seed Products,"SUNFLOWER SD KRNLS,TSTD,W/SALT","Seeds, sunflower seed kernels, toasted, with salt added",,,,619,17.21,56.8,20.59,0.0,11.5,0.0,0.805,0.0,1.4,0.0,238,4.198,0.285,0.325,57,1.834,6.81,129,2.114,1158,62.2,5.3,0.0,0.473529412,0.0,0.015555556,0.0,0.595,0.262375,0.219230769,0.270833333,0.0475,0.002037778,0.307142857,1.654285714,1.130909091,0.481818182
12540,Nut and Seed Products,"SUNFLOWER SD BUTTER,W/SALT","Seeds, sunflower seed butter, with salt added",Includes USDA commodity food B477,,,617,17.28,55.2,23.32,10.54,5.7,0.0,0.55,0.0,2.7,22.89,237,6.747,0.163,0.053,64,1.597,4.12,311,2.073,666,104.4,4.89,0.0,0.323529412,0.0,0.03,1.526,0.5925,0.4216875,0.125384615,0.044166667,0.053333333,0.001774444,0.74047619,0.951428571,1.898181818,0.444545455
12563,Nut and Seed Products,"ALMONDS,DRY RSTD,W/SALT","Nuts, almonds, dry roasted, with salt added",,,,598,20.96,52.54,21.01,4.86,10.9,0.0,0.136,0.0,0.0,23.9,55,3.637,1.197,0.077,268,1.099,3.73,279,2.232,471,2.0,3.31,0.0,0.08,0.0,0.0,1.593333333,0.1375,0.2273125,0.920769231,0.064166667,0.223333333,0.001221111,0.664285714,0.672857143,0.036363636,0.300909091
12565,Nut and Seed Products,"ALMONDS,OIL RSTD,W/SALT","Nuts, almonds, oil roasted, with salt added",,,,607,21.23,55.17,17.68,4.55,10.5,0.0,0.118,0.0,0.0,25.97,27,3.665,0.781,0.092,291,0.955,3.68,274,2.46,466,4.1,3.07,0.0,0.069411765,0.0,0.0,1.731333333,0.0675,0.2290625,0.600769231,0.076666667,0.2425,0.001061111,0.652380952,0.665714286,0.074545455,0.279090909
12567,Nut and Seed Products,"NUTS,ALMONDS,OIL RSTD,W/ SALT ADDED,SMOKE FLAVOR","Nuts, almonds, oil roasted, with salt added, smoke flavor",,,,607,21.43,55.89,17.86,3.57,10.7,0.0,0.0,0.0,0.0,25.13,0,0.0,0.0,0.0,286,0.0,3.86,286,0.0,0,0.0,0.0,0.0,0.0,0.0,0.0,1.675333333,0.0,0.0,0.0,0.0,0.238333333,0.0,0.680952381,0.0,0.0,0.0
12585,Nut and Seed Products,"CASHEW NUTS,DRY RSTD,W/SALT","Nuts, cashew nuts, dry roasted, with salt added",,,,574,15.31,46.35,32.69,5.01,3.0,0.0,0.256,0.0,0.0,0.92,69,1.4,0.2,0.2,45,2.22,6.0,260,0.826,490,11.7,5.6,0.0,0.150588235,0.0,0.0,0.061333333,0.1725,0.0875,0.153846154,0.166666667,0.0375,0.002466667,0.619047619,0.7,0.212727273,0.509090909
12586,Nut and Seed Products,"CASHEW NUTS,OIL RSTD,W/SALT","Nuts, cashew nuts, oil roasted, with salt added",,,,581,16.84,47.77,30.16,5.01,3.3,0.0,0.323,0.0,0.3,0.92,25,1.736,0.218,0.363,43,2.043,6.05,273,1.668,531,20.3,5.35,0.0,0.19,0.0,0.003333333,0.061333333,0.0625,0.1085,0.167692308,0.3025,0.035833333,0.00227,0.65,0.758571429,0.369090909,0.486363636
12588,Nut and Seed Products,"CASHEW BUTTER,PLN,W/SALT","Nuts, cashew butter, plain, with salt added",,,,609,12.12,53.03,30.3,9.09,3.0,0.0,0.203,0.0,0.0,5.08,55,1.108,0.159,0.158,61,1.758,4.91,206,0.0,388,9.3,4.43,0.0,0.119411765,0.0,0.0,0.338666667,0.1375,0.06925,0.122307692,0.131666667,0.050833333,0.001953333,0.49047619,0.554285714,0.169090909,0.402727273
12632,Nut and Seed Products,"MACADAMIA NUTS,DRY RSTD,W/SALT","Nuts, macadamia nuts, dry roasted, with salt added",,,,716,7.79,76.08,12.83,4.14,8.0,0.0,0.359,0.0,0.7,0.57,10,2.274,0.087,0.71,70,0.57,2.65,118,3.036,198,11.7,1.29,0.0,0.211176471,0.0,0.007777778,0.038,0.025,0.142125,0.066923077,0.591666667,0.058333333,0.000633333,0.280952381,0.282857143,0.212727273,0.117272727
12635,Nut and Seed Products,"MIXED NUTS,DRY RSTD,W/PNUTS,W/SALT","Nuts, mixed nuts, dry roasted, with peanuts, with salt added",,,,594,17.3,51.45,25.35,4.8,9.0,0.0,0.296,0.0,0.4,10.94,50,4.7,0.2,0.2,70,1.279,3.7,225,1.937,435,7.5,3.8,0.0,0.174117647,0.0,0.004444444,0.729333333,0.125,0.29375,0.153846154,0.166666667,0.058333333,0.001421111,0.535714286,0.621428571,0.136363636,0.345454545
12637,Nut and Seed Products,"NUTS,MXD NUTS,OIL RSTD,W/ PNUTS,W/ SALT ADDED","Nuts, mixed nuts, oil roasted, with peanuts, with salt added",,,,607,20.04,53.95,21.05,4.15,7.0,0.0,0.352,0.0,0.5,7.82,83,7.709,0.196,0.189,117,0.907,2.61,229,2.04,456,33.9,3.36,0.0,0.207058824,0.0,0.005555556,0.521333333,0.2075,0.4818125,0.150769231,0.1575,0.0975,0.001007778,0.545238095,0.651428571,0.616363636,0.305454545
12638,Nut and Seed Products,"NUTS,MXD NUTS,OIL RSTD,WO/ PNUTS,W/ SALT ADDED","Nuts, mixed nuts, oil roasted, without peanuts, with salt added",,,,615,15.52,56.17,22.27,4.38,5.5,0.0,0.18,0.0,0.5,8.2,56,1.964,0.486,0.504,106,1.795,2.57,251,1.547,449,421.5,4.66,0.0,0.105882353,0.0,0.005555556,0.546666667,0.14,0.12275,0.373846154,0.42,0.088333333,0.001994444,0.597619048,0.641428571,7.663636364,0.423636364
12643,Nut and Seed Products,"PECANS,DRY RSTD,W/SALT","Nuts, pecans, dry roasted, with salt added",,,,710,9.5,74.27,13.55,4.06,9.4,7.0,0.187,0.0,0.7,1.3,16,1.167,0.107,0.45,72,1.167,2.8,132,3.933,293,4.0,5.07,0.007777778,0.11,0.0,0.007777778,0.086666667,0.04,0.0729375,0.082307692,0.375,0.06,0.001296667,0.314285714,0.418571429,0.072727273,0.460909091
12644,Nut and Seed Products,"PECANS,OIL RSTD,W/SALT","Nuts, pecans, oil roasted, with salt added",,,,715,9.2,75.23,13.01,3.97,9.5,5.0,0.187,0.0,0.7,2.53,15,1.2,0.11,0.473,67,1.2,2.47,121,3.7,263,6.0,4.47,0.005555556,0.11,0.0,0.007777778,0.168666667,0.0375,0.075,0.084615385,0.394166667,0.055833333,0.001333333,0.288095238,0.375714286,0.109090909,0.406363636
12652,Nut and Seed Products,"PISTACHIO NUTS,DRY RSTD,W/SALT","Nuts, pistachio nuts, dry roasted, with salt added",,,,564,20.95,44.82,28.66,7.74,9.9,13.0,1.122,0.0,3.0,2.42,51,1.373,0.234,0.695,107,1.293,4.03,109,1.243,469,10.0,2.34,0.014444444,0.66,0.0,0.033333333,0.161333333,0.1275,0.0858125,0.18,0.579166667,0.089166667,0.001436667,0.25952381,0.67,0.181818182,0.212727273
12663,Nut and Seed Products,"PUMPKIN&SQUASH SEEDS,WHL,RSTD,W/SALT","Seeds, pumpkin and squash seeds, whole, roasted, with salt added",,,,446,18.55,19.4,53.75,0.0,18.4,3.0,0.037,0.0,0.3,0.0,9,0.286,0.052,0.034,55,0.69,3.31,262,0.496,92,0.0,10.3,0.003333333,0.021764706,0.0,0.003333333,0.0,0.0225,0.017875,0.04,0.028333333,0.045833333,0.000766667,0.623809524,0.131428571,0.0,0.936363636
12665,Nut and Seed Products,"NUTS,ALMONDS,OIL RSTD,LIGHTLY SALTED","Nuts, almonds, oil roasted, lightly salted",,,,607,21.23,55.17,17.68,4.55,10.5,0.0,0.118,0.0,0.0,25.97,0,3.665,0.781,0.092,291,0.955,3.68,274,2.46,466,4.1,3.07,0.0,0.069411765,0.0,0.0,1.731333333,0.0,0.2290625,0.600769231,0.076666667,0.2425,0.001061111,0.652380952,0.665714286,0.074545455,0.279090909
12695,Nut and Seed Products,"ALMOND BUTTER,PLN,W/SALT","Nuts, almond butter, plain, with salt added",,,,614,20.96,55.5,18.82,6.27,10.3,0.0,0.103,0.0,0.0,24.21,53,3.155,0.939,0.041,347,0.934,3.49,279,2.131,508,2.4,3.29,0.0,0.060588235,0.0,0.0,1.614,0.1325,0.1971875,0.722307692,0.034166667,0.289166667,0.001037778,0.664285714,0.725714286,0.043636364,0.299090909
12698,Nut and Seed Products,"SESAME BUTTER,TAHINI,KRNLS UNSPEC","Seeds, sesame butter, tahini, type of kernels unspecified",,,,592,17.4,53.01,21.5,0.0,4.7,3.0,0.15,0.0,4.2,0.0,98,5.64,0.12,1.59,141,1.61,4.42,95,0.0,790,34.4,4.62,0.003333333,0.088235294,0.0,0.046666667,0.0,0.245,0.3525,0.092307692,1.325,0.1175,0.001788889,0.226190476,1.128571429,0.625454545,0.42
12737,Nut and Seed Products,"NUTS,MXD NUTS,OIL RSTD,W/ PNUTS,LIGHTLY SALTED","Nuts, mixed nuts, oil roasted, with peanuts, lightly salted",,,,607,20.04,53.95,21.05,4.15,7.0,0.0,0.352,0.0,0.5,7.82,83,7.709,0.196,0.189,117,0.907,2.61,229,2.04,456,33.9,3.36,0.0,0.207058824,0.0,0.005555556,0.521333333,0.2075,0.4818125,0.150769231,0.1575,0.0975,0.001007778,0.545238095,0.651428571,0.616363636,0.305454545
12738,Nut and Seed Products,"NUTS,MXD NUTS,OIL RSTD,WO/ PNUTS,LIGHTLY SALTED","Nuts, mixed nuts, oil roasted, without peanuts, lightly salted",,,,607,17.86,50.0,25.0,5.21,7.1,1.0,0.357,0.0,0.6,7.68,0,2.0,0.321,0.357,130,1.679,5.18,275,2.143,433,139.1,4.57,0.001111111,0.21,0.0,0.006666667,0.512,0.0,0.125,0.246923077,0.2975,0.108333333,0.001865556,0.654761905,0.618571429,2.529090909,0.415454545
13000,Beef Products,"BEEF,GRASS-FED,STRIP STEAKS,LN,RAW","Beef, grass-fed, strip steaks, lean only, raw",,,,117,23.07,2.69,0.0,0.0,0.0,0.0,0.651,1.27,0.0,0.22,13,6.703,0.124,0.052,9,0.068,1.85,23,0.009,212,21.1,3.61,0.0,0.382941176,0.529166667,0.0,0.014666667,0.0325,0.4189375,0.095384615,0.043333333,0.0075,7.55556e-05,0.054761905,0.302857143,0.383636364,0.328181818
13001,Beef Products,"BEEF,CARCASS,LN&FAT,CHOIC,RAW","Beef, carcass, separable lean and fat, choice, raw",,,Bos taurus,291,17.32,24.05,0.0,0.0,0.0,0.0,0.33,2.67,0.0,0.0,7,3.54,0.16,0.08,8,0.069,1.83,17,0.013,154,18.1,3.57,0.0,0.194117647,1.1125,0.0,0.0,0.0175,0.22125,0.123076923,0.066666667,0.006666667,7.66667e-05,0.04047619,0.22,0.329090909,0.324545455
13002,Beef Products,"BEEF,CARCASS,LN&FAT,SEL,RAW","Beef, carcass, separable lean and fat, select, raw",,,,278,17.48,22.55,0.0,0.0,0.0,0.0,0.33,2.69,0.0,0.0,7,3.54,0.17,0.08,8,0.069,1.85,17,0.013,156,15.9,3.59,0.0,0.194117647,1.120833333,0.0,0.0,0.0175,0.22125,0.130769231,0.066666667,0.006666667,7.66667e-05,0.04047619,0.222857143,0.289090909,0.326363636
13019,Beef Products,"BEEF,RTL CUTS,FAT,RAW","Beef, retail cuts, separable fat, raw",,,,674,8.21,70.89,0.0,0.0,0.0,0.0,0.108,0.73,0.0,0.0,0,1.437,0.037,0.03,26,0.028,0.72,5,0.0,61,6.6,0.82,0.0,0.063529412,0.304166667,0.0,0.0,0.0,0.0898125,0.028461538,0.025,0.021666667,3.11111e-05,0.011904762,0.087142857,0.12,0.074545455
13020,Beef Products,"BEEF,RTL CUTS,FAT,CKD","Beef, retail cuts, separable fat, cooked",,,,680,10.65,70.33,0.0,0.0,0.0,0.0,0.14,0.9,0.0,0.0,0,1.528,0.046,0.03,19,0.04,1.08,6,0.0,64,8.3,1.24,0.0,0.082352941,0.375,0.0,0.0,0.0,0.0955,0.035384615,0.025,0.015833333,4.44444e-05,0.014285714,0.091428571,0.150909091,0.112727273
13023,Beef Products,"BEEF,BRISKET,WHL,LN,ALL GRDS,RAW","Beef, brisket, whole, separable lean only, all grades, raw",,,,155,20.72,7.37,0.0,0.0,0.0,0.0,0.42,2.43,0.0,0.32,7,3.94,0.17,0.1,5,0.08,1.92,23,0.014,201,16.4,4.31,0.0,0.247058824,1.0125,0.0,0.021333333,0.0175,0.24625,0.130769231,0.083333333,0.004166667,8.88889e-05,0.054761905,0.287142857,0.298181818,0.391818182
13047,Beef Products,"BEEF,GRASS-FED,GROUND,RAW","Beef, grass-fed, ground, raw",,,,192,19.42,12.73,0.0,0.0,0.0,0.0,0.355,1.97,0.0,0.35,6,4.818,0.154,0.049,12,0.063,1.99,19,0.01,175,14.2,4.55,0.0,0.208823529,0.820833333,0.0,0.023333333,0.015,0.301125,0.118461538,0.040833333,0.01,7e-05,0.045238095,0.25,0.258181818,0.413636364
13055,Beef Products,"BEEF,BRISKET,FLAT HALF,LN & FAT,1/8 FAT,SEL,CKD,BRSD","Beef, brisket, flat half, separable lean and fat, trimmed to 1/8 fat, select, cooked, braised",URMIS #1623,,,280,28.97,17.37,0.0,0.0,0.0,0.0,0.285,1.92,0.0,0.5,9,4.175,0.158,0.063,17,0.09,2.4,19,0.01,180,28.1,6.92,0.0,0.167647059,0.8,0.0,0.033333333,0.0225,0.2609375,0.121538462,0.0525,0.014166667,0.0001,0.045238095,0.257142857,0.510909091,0.629090909
13065,Beef Products,"BEEF,FLANK,STEAK,LN & FAT,0 FAT,CHOIC,RAW","Beef, flank, steak, separable lean and fat, trimmed to 0 fat, choice, raw",URMIS #2399,,,165,21.22,8.29,0.0,0.0,0.0,0.0,0.571,1.18,0.0,0.33,12,6.842,0.09,0.056,27,0.071,1.55,22,0.013,193,23.3,3.81,0.0,0.335882353,0.491666667,0.0,0.022,0.03,0.427625,0.069230769,0.046666667,0.0225,7.88889e-05,0.052380952,0.275714286,0.423636364,0.346363636
13066,Beef Products,"BEEF,FLANK,STEAK,LN & FAT,0 FAT,CHOIC,CKD,BRSD","Beef, flank, steak, separable lean and fat, trimmed to 0 fat, choice, cooked, braised",,,,263,26.98,16.44,0.0,0.0,0.0,0.0,0.35,3.3,0.0,0.69,9,4.42,0.18,0.14,6,0.119,3.33,23,0.018,256,30.4,5.77,0.0,0.205882353,1.375,0.0,0.046,0.0225,0.27625,0.138461538,0.116666667,0.005,0.000132222,0.054761905,0.365714286,0.552727273,0.524545455
13067,Beef Products,"BEEF,FLANK,STEAK,LN & FAT,0 FAT,CHOIC,CKD,BRLD","Beef, flank, steak, separable lean and fat, trimmed to 0 fat, choice, cooked, broiled",URMIS #2399,,,202,27.55,9.31,0.0,0.0,0.0,0.0,0.549,1.82,0.0,0.39,9,7.471,0.121,0.069,18,0.088,1.8,22,0.009,201,28.9,4.79,0.0,0.322941176,0.758333333,0.0,0.026,0.0225,0.4669375,0.093076923,0.0575,0.015,9.77778e-05,0.052380952,0.287142857,0.525454545,0.435454545
13068,Beef Products,"BEEF,FLANK,STEAK,LN,0 FAT,CHOIC,RAW","Beef, flank, steak, separable lean only, trimmed to 0 fat, choice, raw",URMIS #2399,,,149,21.72,6.29,0.0,0.0,0.0,0.0,0.596,1.18,0.0,0.31,13,7.353,0.106,0.06,28,0.072,1.62,23,0.014,204,25.4,4.12,0.0,0.350588235,0.491666667,0.0,0.020666667,0.0325,0.4595625,0.081538462,0.05,0.023333333,8e-05,0.054761905,0.291428571,0.461818182,0.374545455
13069,Beef Products,"BEEF,FLANK,STEAK,LN,0 FAT,CHOIC,CKD,BRSD","Beef, flank, steak, separable lean only, trimmed to 0 fat, choice, cooked, braised",URMIS #2399,,,237,28.02,13.0,0.0,0.0,0.0,0.0,0.36,3.41,0.0,0.14,9,4.6,0.19,0.14,6,0.124,3.47,24,0.019,267,30.8,6.05,0.0,0.211764706,1.420833333,0.0,0.009333333,0.0225,0.2875,0.146153846,0.116666667,0.005,0.000137778,0.057142857,0.381428571,0.56,0.55
13070,Beef Products,"BEEF,FLANK,STEAK,LN,0 FAT,CHOIC,CKD,BRLD","Beef, flank, steak, separable lean only, trimmed to 0 fat, choice, cooked, broiled",URMIS #2399,,,194,27.82,8.32,0.0,0.0,0.0,0.0,0.579,1.74,0.0,0.38,9,8.208,0.142,0.074,15,0.086,1.84,23,0.01,211,31.2,5.11,0.0,0.340588235,0.725,0.0,0.025333333,0.0225,0.513,0.109230769,0.061666667,0.0125,9.55556e-05,0.054761905,0.301428571,0.567272727,0.464545455
13095,Beef Products,"BEEF,RIB,EYE,SML END (RIBS 10-12),LN&FAT,0FAT,CHOIC,RAW","Beef, rib, eye, small end (ribs 10-12), separable lean and fat, trimmed to 0 fat, choice, raw","ribeye, Delmonico",,,274,17.51,22.07,0.0,0.0,0.0,0.0,0.36,3.11,0.0,0.0,5,3.23,0.13,0.08,10,0.06,1.87,18,0.012,168,16.5,3.85,0.0,0.211764706,1.295833333,0.0,0.0,0.0125,0.201875,0.1,0.066666667,0.008333333,6.66667e-05,0.042857143,0.24,0.3,0.35
13096,Beef Products,"BF,RIB,EYE,SML END (RIB 10-12),LN & FT,0 FAT,CHOIC,CKD,BRLD","Beef, rib, eye, small end (ribs 10-12), separable lean and fat, trimmed to 0 fat, choice, cooked, broiled",ribeye,,,265,26.58,16.76,0.0,0.0,0.0,0.0,0.53,1.75,0.0,0.47,8,7.209,0.117,0.066,18,0.088,1.8,22,0.009,201,28.9,4.79,0.0,0.311764706,0.729166667,0.0,0.031333333,0.02,0.4505625,0.09,0.055,0.015,9.77778e-05,0.052380952,0.287142857,0.525454545,0.435454545
13097,Beef Products,"BEEF,RIB,EYE,SML END (RIBS 10-12),LN,0FAT,CHOIC,RAW","Beef, rib, eye, small end (ribs 10-12), separable lean only, trimmed to 0 fat, choice, raw","ribeye, Delmonico",,,161,20.13,8.3,0.0,0.0,0.0,0.0,0.42,3.57,0.0,0.0,6,3.74,0.15,0.09,10,0.067,2.18,22,0.014,196,17.1,4.66,0.0,0.247058824,1.4875,0.0,0.0,0.015,0.23375,0.115384615,0.075,0.008333333,7.44444e-05,0.052380952,0.28,0.310909091,0.423636364
13098,Beef Products,"BEEF,RIB,EYE,SML END (RIBS 10-12),LN,0FAT,CHOIC,CKD,BRLD","Beef, rib, eye, small end (ribs 10-12), separable lean only, trimmed to 0 fat, choice, cooked, broiled","ribeye, Delmonico",,,205,28.88,9.01,0.0,0.0,0.0,0.0,0.601,1.8,0.0,0.41,10,8.521,0.148,0.077,16,0.092,1.98,25,0.011,227,33.6,5.49,0.0,0.353529412,0.75,0.0,0.027333333,0.025,0.5325625,0.113846154,0.064166667,0.013333333,0.000102222,0.05952381,0.324285714,0.610909091,0.499090909
13147,Beef Products,"BEEF,RIB,SHORTRIBS,LN&FAT,CHOIC,RAW","Beef, rib, shortribs, separable lean and fat, choice, raw",URMIS #2074,,,388,14.4,36.23,0.0,0.0,0.0,0.0,0.3,2.56,0.0,0.0,5,2.556,0.118,0.071,9,0.053,1.55,14,0.011,137,14.2,3.16,0.0,0.176470588,1.066666667,0.0,0.0,0.0125,0.15975,0.090769231,0.059166667,0.0075,5.88889e-05,0.033333333,0.195714286,0.258181818,0.287272727
13148,Beef Products,"BEEF,RIB,SHORTRIBS,LN&FAT,CHOIC,CKD,BRSD","Beef, rib, shortribs, separable lean and fat, choice, cooked, braised",URMIS #2074,,,471,21.57,41.98,0.0,0.0,0.0,0.0,0.22,2.62,0.0,0.29,5,2.452,0.15,0.05,12,0.099,2.31,15,0.013,162,20.8,4.88,0.0,0.129411765,1.091666667,0.0,0.019333333,0.0125,0.15325,0.115384615,0.041666667,0.01,0.00011,0.035714286,0.231428571,0.378181818,0.443636364
13149,Beef Products,"BEEF,RIB,SHORTRIBS,LN ONLY,CHOIC,RAW","Beef, rib, shortribs, separable lean only, choice, raw",URMIS #2074,,,173,19.05,10.19,0.0,0.0,0.0,0.0,0.39,3.39,0.0,0.0,6,3.412,0.154,0.094,8,0.069,2.16,22,0.014,190,14.4,4.78,0.0,0.229411765,1.4125,0.0,0.0,0.015,0.21325,0.118461538,0.078333333,0.006666667,7.66667e-05,0.052380952,0.271428571,0.261818182,0.434545455
13150,Beef Products,"BEEF,RIB,SHORTRIBS,LN,CHOIC,CKD,BRSD","Beef, rib, shortribs, separable lean only, choice, cooked, braised",URMIS #2074,,,295,30.76,18.13,0.0,0.0,0.0,0.0,0.28,3.46,0.0,0.14,7,3.208,0.202,0.065,11,0.107,3.36,22,0.018,235,22.1,7.8,0.0,0.164705882,1.441666667,0.0,0.009333333,0.0175,0.2005,0.155384615,0.054166667,0.009166667,0.000118889,0.052380952,0.335714286,0.401818182,0.709090909
13156,Beef Products,"BEEF,RND,FULL CUT,LN,1/4FAT,CHOIC,CKD,BRLD","Beef, round, full cut, separable lean only, trimmed to 1/4 fat, choice, cooked, broiled",,,,191,29.21,7.31,0.0,0.0,0.0,0.0,0.4,3.17,0.0,0.14,10,4.26,0.22,0.1,5,0.106,2.7,28,0.016,256,27.7,4.64,0.0,0.235294118,1.320833333,0.0,0.009333333,0.025,0.26625,0.169230769,0.083333333,0.004166667,0.000117778,0.066666667,0.365714286,0.503636364,0.421818182
13158,Beef Products,"BEEF,RND,FULL CUT,LN,1/4FAT,SEL,CKD,BRLD","Beef, round, full cut, separable lean only, trimmed to 1/4 fat, select, cooked, broiled",,,,172,29.25,5.22,0.0,0.0,0.0,0.0,0.41,3.17,0.0,0.0,10,4.27,0.22,0.1,5,0.107,2.71,28,0.016,256,27.7,4.66,0.0,0.241176471,1.320833333,0.0,0.0,0.025,0.266875,0.169230769,0.083333333,0.004166667,0.000118889,0.066666667,0.365714286,0.503636364,0.423636364
13165,Beef Products,"BEEF,BRISKET,FLAT HALF,LN & FAT,0 FAT,CHOIC,CKD,BRSD","Beef, brisket, flat half, separable lean and fat, trimmed to 0 fat, choice, cooked, braised",URMIS #2438,,,221,32.21,9.24,0.0,0.0,0.0,0.0,0.313,2.62,0.0,0.44,10,4.496,0.206,0.061,17,0.122,2.75,21,0.011,191,29.3,7.23,0.0,0.184117647,1.091666667,0.0,0.029333333,0.025,0.281,0.158461538,0.050833333,0.014166667,0.000135556,0.05,0.272857143,0.532727273,0.657272727
13166,Beef Products,"USDA CMDTY,BF,CND","USDA Commodity, beef, canned",,,,246,20.52,17.57,0.0,0.0,0.0,0.0,0.168,1.66,0.0,1.96,2,4.33,0.168,0.024,10,0.03,2.23,16,0.037,140,9.1,4.87,0.0,0.098823529,0.691666667,0.0,0.130666667,0.005,0.270625,0.129230769,0.02,0.008333333,3.33333e-05,0.038095238,0.2,0.165454545,0.442727273
13227,Beef Products,"BEEF,SHANK CROSSCUTS,LN,1/4FAT,CHOIC,RAW","Beef, shank crosscuts, separable lean only, trimmed to 1/4 fat, choice, raw",,,,128,21.75,3.85,0.0,0.0,0.0,0.0,0.47,3.33,0.0,0.0,8,5.74,0.22,0.1,20,0.071,2.32,14,0.014,204,17.7,6.94,0.0,0.276470588,1.3875,0.0,0.0,0.02,0.35875,0.169230769,0.083333333,0.016666667,7.88889e-05,0.033333333,0.291428571,0.321818182,0.630909091
13228,Beef Products,"BEEF,SHANK CROSSCUTS,LN,1/4FAT,CHOIC,CKD,SIMMRD","Beef, shank crosscuts, separable lean only, trimmed to 1/4 fat, choice, cooked, simmered",,,,201,33.68,6.36,0.0,0.0,0.0,0.0,0.37,3.79,0.0,0.0,10,5.89,0.21,0.14,32,0.172,3.86,30,0.02,263,30.0,10.49,0.0,0.217647059,1.579166667,0.0,0.0,0.025,0.368125,0.161538462,0.116666667,0.026666667,0.000191111,0.071428571,0.375714286,0.545454545,0.953636364
13231,Beef Products,"BEEF,SHRT LOIN,PRTRHS STEAK,LN,1/8 FAT,CHOIC,RAW","Beef, short loin, porterhouse steak, separable lean only, trimmed to 1/8 fat, choice, raw","Porterhouse Steak, URMIS # 2145",,,161,22.13,7.39,0.0,0.0,0.0,0.0,0.647,1.93,0.0,0.13,3,5.412,0.275,0.051,18,0.058,1.98,11,0.003,209,23.0,3.61,0.0,0.380588235,0.804166667,0.0,0.008666667,0.0075,0.33825,0.211538462,0.0425,0.015,6.44444e-05,0.026190476,0.298571429,0.418181818,0.328181818
13232,Beef Products,"BEEF,SHRT LOIN,PRTRHS STEAK,LN,1/8 FAT,CHOIC,CKD,GRILLED","Beef, short loin, porterhouse steak, separable lean only, trimmed to 1/8 fat, choice, cooked, grilled","Porterhouse Steak, URMIS # 2145",,,221,27.65,11.36,0.0,0.0,0.0,1.0,0.734,2.14,0.0,0.14,6,6.225,0.263,0.11,19,0.072,3.16,23,0.004,224,29.0,4.65,0.001111111,0.431764706,0.891666667,0.0,0.009333333,0.015,0.3890625,0.202307692,0.091666667,0.015833333,8e-05,0.054761905,0.32,0.527272727,0.422727273
13235,Beef Products,"BEEF,SHRT LOIN,T-BONE STEAK,BONE-IN,LN,1/8 FAT,CHOIC,RAW","Beef, short loin, t-bone steak, bone-in, separable lean only, trimmed to 1/8 fat, choice, raw","T-Bone Steak, URMIS # 2184",,,160,22.1,7.27,0.0,0.0,0.0,0.0,0.634,1.79,0.0,0.28,4,5.765,0.225,0.051,21,0.061,1.65,11,0.003,196,22.5,3.86,0.0,0.372941176,0.745833333,0.0,0.018666667,0.01,0.3603125,0.173076923,0.0425,0.0175,6.77778e-05,0.026190476,0.28,0.409090909,0.350909091
13236,Beef Products,"BEEF,SHRT LN,T-BONE STK,BN-IN,LN,1/8 FAT,CHOIC,CKD,GRILLD","Beef, short loin, t-bone steak, bone-in, separable lean only, trimmed to 1/8 fat, choice, cooked, grilled","T-Bone Steak, URMIS # 2184",,,217,27.48,11.05,0.0,0.0,0.0,1.0,0.758,1.89,0.0,0.14,7,6.292,0.27,0.057,19,0.079,3.57,20,0.004,210,30.4,4.69,0.001111111,0.445882353,0.7875,0.0,0.009333333,0.0175,0.39325,0.207692308,0.0475,0.015833333,8.77778e-05,0.047619048,0.3,0.552727273,0.426363636
13284,Beef Products,"BEEF,RIB EYE,SML END (RIBS 10-12),LN,0 FAT,SEL,RAW","Beef, rib eye, small end (ribs 10-12), separable lean only, trimmed to 0 fat, select, raw",,,,149,21.17,6.57,0.0,0.0,0.0,0.0,0.302,2.51,0.0,0.0,6,3.624,0.166,0.076,10,0.076,1.94,20,0.012,157,16.5,5.28,0.0,0.177647059,1.045833333,0.0,0.0,0.015,0.2265,0.127692308,0.063333333,0.008333333,8.44444e-05,0.047619048,0.224285714,0.3,0.48
13285,Beef Products,"BEEF,CHUCK,UND BL POT RST,BNLESS,LN,0 FAT,ALL GRDS,CKD","Beef, chuck, under blade pot roast, boneless, separable lean only, trimmed to 0 fat, all grades, cooked, braised","URMIS #1151, Beef, Chuck, Under Blade Pot Roast",,,216,30.54,10.46,0.0,0.0,0.0,2.0,0.318,3.39,0.0,0.08,8,3.874,0.247,0.07,14,0.101,3.19,22,0.016,206,35.5,11.32,0.002222222,0.187058824,1.4125,0.0,0.005333333,0.02,0.242125,0.19,0.058333333,0.011666667,0.000112222,0.052380952,0.294285714,0.645454545,1.029090909
13293,Beef Products,"BEEF,CHK,UND BL POT RST,BNLESS,LN,0 FAT,ALL GRDS,CKD, BRSD","Beef, chuck, under blade pot roast or steak, boneless, separable lean only, trimmed to 0 fat, all grades, raw","Beef, Chuck, Under Blade Pot Roast or Steak, URMIS #1151, URMIS #1158",,,140,21.13,6.07,0.31,0.0,0.0,2.0,0.426,3.11,0.0,0.18,3,4.332,0.191,0.08,12,0.078,2.34,22,0.013,202,25.7,7.79,0.002222222,0.250588235,1.295833333,0.0,0.012,0.0075,0.27075,0.146923077,0.066666667,0.01,8.66667e-05,0.052380952,0.288571429,0.467272727,0.708181818
13294,Beef Products,"BEEF,CHCK,UND BL POT RST OR STEAK,BNLESS,LN,0 FAT,CHOIC,RAW","Beef, chuck, under blade pot roast or steak, boneless, separable lean only, trimmed to 0 fat, choice, raw","URMIS #1151, URMIS #1158, Beef, Chuck, Under Blade Pot Roast or Steak",,,145,21.19,6.51,0.39,0.0,0.0,2.0,0.406,3.26,0.0,0.17,4,4.29,0.192,0.08,12,0.081,2.27,22,0.013,200,24.4,7.82,0.002222222,0.238823529,1.358333333,0.0,0.011333333,0.01,0.268125,0.147692308,0.066666667,0.01,9e-05,0.052380952,0.285714286,0.443636364,0.710909091
13317,Beef Products,"BEEF,GROUND,PATTIES,FRZ,CKD,BRLD","Beef, ground, patties, frozen, cooked, broiled",hamburger,,,295,23.05,21.83,0.0,0.0,0.0,0.0,0.435,2.65,0.0,0.0,21,5.305,0.176,0.03,11,0.077,2.42,19,0.022,174,21.5,4.84,0.0,0.255882353,1.104166667,0.0,0.0,0.0525,0.3315625,0.135384615,0.025,0.009166667,8.55556e-05,0.045238095,0.248571429,0.390909091,0.44
13318,Beef Products,"BEEF,VAR MEATS&BY-PRODUCTS,BRAIN,RAW","Beef, variety meats and by-products, brain, raw",,,,143,10.86,10.3,1.05,0.0,0.0,7.0,0.226,9.51,10.7,0.99,3,3.55,0.199,0.092,43,0.287,2.55,13,0.026,362,21.3,1.02,0.007777778,0.132941176,3.9625,0.118888889,0.066,0.0075,0.221875,0.153076923,0.076666667,0.035833333,0.000318889,0.030952381,0.517142857,0.387272727,0.092727273
13319,Beef Products,"BEEF,VAR MEATS&BY-PRODUCTS,BRAIN,CKD,PAN-FRIED","Beef, variety meats and by-products, brain, cooked, pan-fried",,,,196,12.57,15.83,0.0,0.0,0.0,0.0,0.39,15.2,3.3,0.0,6,3.78,0.26,0.13,9,0.22,2.22,15,0.032,386,26.0,1.35,0.0,0.229411765,6.333333333,0.036666667,0.0,0.015,0.23625,0.2,0.108333333,0.0075,0.000244444,0.035714286,0.551428571,0.472727273,0.122727273
13320,Beef Products,"BEEF,VAR MEATS&BY-PRODUCTS,BRAIN,CKD,SIMMRD","Beef, variety meats and by-products, brain, cooked, simmered",,,,151,11.67,10.53,1.48,0.0,0.0,6.0,0.143,10.1,10.5,1.67,5,3.62,0.217,0.069,9,0.23,2.3,12,0.028,335,21.8,1.09,0.006666667,0.084117647,4.208333333,0.116666667,0.111333333,0.0125,0.22625,0.166923077,0.0575,0.0075,0.000255556,0.028571429,0.478571429,0.396363636,0.099090909
13321,Beef Products,"BEEF,VAR MEATS&BY-PRODUCTS,HEART,RAW","Beef, variety meats and by-products, heart, raw",,,,112,17.72,3.94,0.14,0.0,0.0,0.0,0.279,8.55,2.0,0.22,3,7.53,0.906,0.238,7,0.396,4.31,21,0.035,212,21.8,1.7,0.0,0.164117647,3.5625,0.022222222,0.014666667,0.0075,0.470625,0.696923077,0.198333333,0.005833333,0.00044,0.05,0.302857143,0.396363636,0.154545455
13322,Beef Products,"BEEF,VAR MEATS&BY-PRODUCTS,HEART,CKD,SIMMRD","Beef, variety meats and by-products, heart, cooked, simmered",,,,165,28.48,4.73,0.15,0.0,0.0,0.0,0.245,10.8,0.0,0.29,5,6.68,1.21,0.101,5,0.559,6.38,21,0.033,254,38.9,2.87,0.0,0.144117647,4.5,0.0,0.019333333,0.0125,0.4175,0.930769231,0.084166667,0.004166667,0.000621111,0.05,0.362857143,0.707272727,0.260909091
13323,Beef Products,"BEEF,VAR MEATS&BY-PRODUCTS,KIDNEYS,RAW","Beef, variety meats and by-products, kidneys, raw",,,,99,17.4,3.09,0.29,0.0,0.0,419.0,0.665,27.5,9.4,0.22,98,8.03,2.84,0.357,13,0.426,4.6,17,0.142,257,141.0,1.92,0.465555556,0.391176471,11.45833333,0.104444444,0.014666667,0.245,0.501875,2.184615385,0.2975,0.010833333,0.000473333,0.04047619,0.367142857,2.563636364,0.174545455
13324,Beef Products,"BEEF,VAR MEATS&BY-PRODUCTS,KIDNEYS,CKD,SIMMRD","Beef, variety meats and by-products, kidneys, cooked, simmered",,,,158,27.27,4.65,0.0,0.0,0.0,0.0,0.391,24.9,0.0,0.08,83,3.92,2.97,0.16,19,0.564,5.8,12,0.185,304,168.0,2.84,0.0,0.23,10.375,0.0,0.005333333,0.2075,0.245,2.284615385,0.133333333,0.015833333,0.000626667,0.028571429,0.434285714,3.054545455,0.258181818
13325,Beef Products,"BEEF,VAR MEATS&BY-PRODUCTS,LIVER,RAW","Beef, variety meats and by-products, liver, raw",,,,135,20.36,3.63,3.89,0.0,0.0,4968.0,1.083,59.3,1.3,0.38,290,13.175,2.755,0.189,5,9.755,4.9,18,0.31,387,39.7,4.0,5.52,0.637058824,24.70833333,0.014444444,0.025333333,0.725,0.8234375,2.119230769,0.1575,0.004166667,0.010838889,0.042857143,0.552857143,0.721818182,0.363636364
13326,Beef Products,"BEEF,VAR MEATS & BY-PRODUCTS,LIVER,CKD,BRSD","Beef, variety meats and by-products, liver, cooked, braised",,,,191,29.08,5.26,5.13,0.0,0.0,9442.0,1.017,70.58,1.9,0.51,253,17.525,3.425,0.194,6,14.283,6.54,21,0.356,497,36.1,5.3,10.49111111,0.598235294,29.40833333,0.021111111,0.034,0.6325,1.0953125,2.634615385,0.161666667,0.005,0.01587,0.05,0.71,0.656363636,0.481818182
13327,Beef Products,"BEEF, VAR MEATS&BY-PRODUCTS, LIVER, CKD, PAN-FRIED","Beef, variety meats and by-products, liver, cooked, pan-fried",,,,175,26.52,4.68,5.16,0.0,0.0,7744.0,1.027,83.13,0.7,0.46,260,17.475,3.425,0.177,6,14.588,6.17,22,0.356,485,32.8,5.23,8.604444444,0.604117647,34.6375,0.007777778,0.030666667,0.65,1.0921875,2.634615385,0.1475,0.005,0.016208889,0.052380952,0.692857143,0.596363636,0.475454545
13328,Beef Products,"BEEF,VAR MEATS&BY-PRODUCTS,LUNGS,RAW","Beef, variety meats and by-products, lungs, raw",,,,92,16.2,2.5,0.0,0.0,0.0,14.0,0.04,3.81,38.5,0.0,11,4.0,0.23,0.047,10,0.26,7.95,14,0.019,224,44.3,1.61,0.015555556,0.023529412,1.5875,0.427777778,0.0,0.0275,0.25,0.176923077,0.039166667,0.008333333,0.000288889,0.033333333,0.32,0.805454545,0.146363636
13329,Beef Products,"BEEF,VAR MEATS&BY-PRODUCTS,LUNGS,CKD,BRSD","Beef, variety meats and by-products, lungs, cooked, braised",,,,120,20.4,3.7,0.0,0.0,0.0,12.0,0.02,2.59,32.7,0.0,8,2.492,0.143,0.035,11,0.221,5.4,10,0.015,178,50.3,1.64,0.013333333,0.011764706,1.079166667,0.363333333,0.0,0.02,0.15575,0.11,0.029166667,0.009166667,0.000245556,0.023809524,0.254285714,0.914545455,0.149090909
13330,Beef Products,"BEEF,VAR MEATS&BY-PRODUCTS,MECHANICALLY SEPARATED BF,RAW","Beef, variety meats and by-products, mechanically separated beef, raw",,,,276,14.97,23.52,0.0,0.0,0.0,0.0,0.29,2.56,0.0,0.0,5,2.546,0.118,0.072,485,0.056,5.67,17,0.012,324,20.7,3.58,0.0,0.170588235,1.066666667,0.0,0.0,0.0125,0.159125,0.090769231,0.06,0.404166667,6.22222e-05,0.04047619,0.462857143,0.376363636,0.325454545
13331,Beef Products,"BEEF,VAR MEATS&BY-PRODUCTS,PANCREAS,RAW","Beef, variety meats and by-products, pancreas, raw",,,,235,15.7,18.6,0.0,0.0,0.0,0.0,0.2,14.0,13.7,0.0,3,4.45,0.445,0.14,9,0.06,2.22,18,0.15,327,24.7,2.58,0.0,0.117647059,5.833333333,0.152222222,0.0,0.0075,0.278125,0.342307692,0.116666667,0.0075,6.66667e-05,0.042857143,0.467142857,0.449090909,0.234545455
13332,Beef Products,"BEEF,VAR MEATS&BY-PRODUCTS,PANCREAS,CKD,BRSD","Beef, variety meats and by-products, pancreas, cooked, braised",,,,271,27.1,17.2,0.0,0.0,0.0,0.0,0.18,16.6,20.3,0.0,3,3.97,0.485,0.18,16,0.089,2.61,21,0.208,453,48.5,4.6,0.0,0.105882353,6.916666667,0.225555556,0.0,0.0075,0.248125,0.373076923,0.15,0.013333333,9.88889e-05,0.05,0.647142857,0.881818182,0.418181818
13333,Beef Products,"BEEF,VAR MEATS&BY-PRODUCTS,SPLEEN,RAW","Beef, variety meats and by-products, spleen, raw",,,,105,18.3,3.0,0.0,0.0,0.0,0.0,0.07,5.68,45.5,0.0,4,8.4,0.37,0.05,9,0.168,44.55,22,0.073,296,62.2,2.11,0.0,0.041176471,2.366666667,0.505555556,0.0,0.01,0.525,0.284615385,0.041666667,0.0075,0.000186667,0.052380952,0.422857143,1.130909091,0.191818182
13334,Beef Products,"BEEF,VAR MEATS&BY-PRODUCTS,SPLEEN,CKD,BRSD","Beef, variety meats and by-products, spleen, cooked, braised",,,,145,25.1,4.2,0.0,0.0,0.0,0.0,0.04,5.02,50.3,0.0,4,5.567,0.3,0.048,12,0.924,39.36,19,0.075,305,91.4,2.79,0.0,0.023529412,2.091666667,0.558888889,0.0,0.01,0.3479375,0.230769231,0.04,0.01,0.001026667,0.045238095,0.435714286,1.661818182,0.253636364
13335,Beef Products,"BEEF,VAR MEATS & BY-PRODUCTS,SUET,RAW","Beef, variety meats and by-products, suet, raw",,,,854,1.5,94.0,0.0,0.0,0.0,0.0,0.03,0.27,0.0,1.5,1,0.259,0.013,0.007,2,0.007,0.17,1,0.001,15,0.2,0.22,0.0,0.017647059,0.1125,0.0,0.1,0.0025,0.0161875,0.01,0.005833333,0.001666667,7.77778e-06,0.002380952,0.021428571,0.003636364,0.02
13337,Beef Products,"BEEF,VAR MEATS&BY-PRODUCTS,THYMUS,RAW","Beef, variety meats and by-products, thymus, raw",,,,236,12.18,20.35,0.0,0.0,0.0,0.0,0.16,2.13,34.0,0.0,2,3.452,0.345,0.109,7,0.048,2.1,14,0.12,393,18.1,2.06,0.0,0.094117647,0.8875,0.377777778,0.0,0.005,0.21575,0.265384615,0.090833333,0.005833333,5.33333e-05,0.033333333,0.561428571,0.329090909,0.187272727
13338,Beef Products,"BEEF,VAR MEATS&BY-PRODUCTS,THYMUS,CKD,BRSD","Beef, variety meats and by-products, thymus, cooked, braised",,,,319,21.85,24.98,0.0,0.0,0.0,0.0,0.08,1.51,30.2,0.0,1,1.84,0.225,0.084,10,0.043,1.49,10,0.099,364,21.6,2.2,0.0,0.047058824,0.629166667,0.335555556,0.0,0.0025,0.115,0.173076923,0.07,0.008333333,4.77778e-05,0.023809524,0.52,0.392727273,0.2
13339,Beef Products,"BEEF,VAR MEATS&BY-PRODUCTS,TONGUE,RAW","Beef, variety meats and by-products, tongue, raw",,,,224,14.9,16.09,3.68,0.0,0.0,0.0,0.31,3.79,3.1,0.0,7,4.24,0.34,0.125,6,0.17,2.95,16,0.026,133,9.4,2.87,0.0,0.182352941,1.579166667,0.034444444,0.0,0.0175,0.265,0.261538462,0.104166667,0.005,0.000188889,0.038095238,0.19,0.170909091,0.260909091
13340,Beef Products,"BEEF,VAR MEATS&BY-PRODUCTS,TONGUE,CKD,SIMMRD","Beef, variety meats and by-products, tongue, cooked, simmered",,,,284,19.29,22.3,0.0,0.0,0.0,0.0,0.155,3.13,1.3,0.3,7,3.49,0.294,0.022,5,0.148,2.61,15,0.018,145,13.2,4.09,0.0,0.091176471,1.304166667,0.014444444,0.02,0.0175,0.218125,0.226153846,0.018333333,0.004166667,0.000164444,0.035714286,0.207142857,0.24,0.371818182
13341,Beef Products,"BEEF,VAR MEATS&BY-PRODUCTS,TRIPE,RAW","Beef, variety meats and by-products, tripe, raw",,,,85,12.07,3.69,0.0,0.0,0.0,0.0,0.014,1.39,0.0,0.09,5,0.881,0.064,0.0,69,0.07,0.59,13,0.085,64,12.5,1.42,0.0,0.008235294,0.579166667,0.0,0.006,0.0125,0.0550625,0.049230769,0.0,0.0575,7.77778e-05,0.030952381,0.091428571,0.227272727,0.129090909
13342,Beef Products,"BEEF,SNDWCH STEAKS,FLAKED,CHOPD,FORMED & THINLY SLICED,RAW","Beef, sandwich steaks, flaked, chopped, formed and thinly sliced, raw",,,,309,16.5,27.0,0.0,0.0,0.0,0.0,0.246,2.71,0.0,0.21,7,4.583,0.154,0.039,12,0.063,1.86,16,0.017,133,13.0,3.63,0.0,0.144705882,1.129166667,0.0,0.014,0.0175,0.2864375,0.118461538,0.0325,0.01,7e-05,0.038095238,0.19,0.236363636,0.33
13343,Beef Products,"BEEF,BRISKET,FLAT HALF,LN,0 FAT,CHOIC,CKD,BRSD","Beef, brisket, flat half, separable lean only, trimmed to 0 fat, choice, cooked, braised",URMIS #2438,,,212,32.62,8.07,0.0,0.0,0.0,0.0,0.323,2.53,0.0,0.43,0,4.926,0.217,0.065,14,0.12,2.83,21,0.011,198,32.3,7.61,0.0,0.19,1.054166667,0.0,0.028666667,0.0,0.307875,0.166923077,0.054166667,0.011666667,0.000133333,0.05,0.282857143,0.587272727,0.691818182
13344,Beef Products,"BEEF,CURED,BRKFST STRIPS,RAW OR UNHTD","Beef, cured, breakfast strips, raw or unheated",,,,406,12.5,38.8,0.7,0.0,0.0,0.0,0.17,1.64,24.0,0.0,5,2.97,0.12,0.06,4,0.058,1.23,11,0.01,100,25.9,2.39,0.0,0.1,0.683333333,0.266666667,0.0,0.0125,0.185625,0.092307692,0.05,0.003333333,6.44444e-05,0.026190476,0.142857143,0.470909091,0.217272727
13345,Beef Products,"BEEF,CURED,BRKFST STRIPS,CKD","Beef, cured, breakfast strips, cooked",,,,449,31.3,34.4,1.4,0.0,0.0,0.0,0.31,3.45,0.0,0.29,8,6.47,0.26,0.09,9,0.116,3.14,27,0.017,236,26.8,6.37,0.0,0.182352941,1.4375,0.0,0.019333333,0.02,0.404375,0.2,0.075,0.0075,0.000128889,0.064285714,0.337142857,0.487272727,0.579090909
13346,Beef Products,"BEEF,CURED,CORNED BF,BRISKET,RAW","Beef, cured, corned beef, brisket, raw",,,,198,14.68,14.9,0.14,0.0,0.0,0.0,0.29,1.78,27.0,0.0,5,3.66,0.157,0.043,7,0.11,1.69,14,0.02,117,19.0,2.85,0.0,0.170588235,0.741666667,0.3,0.0,0.0125,0.22875,0.120769231,0.035833333,0.005833333,0.000122222,0.033333333,0.167142857,0.345454545,0.259090909
13347,Beef Products,"BEEF,CURED,CORNED BF,BRISKET,CKD","Beef, cured, corned beef, brisket, cooked",,,,251,18.17,18.98,0.47,0.0,0.0,0.0,0.23,1.63,0.0,0.16,6,3.03,0.17,0.026,8,0.154,1.86,12,0.022,125,32.8,4.58,0.0,0.135294118,0.679166667,0.0,0.010666667,0.015,0.189375,0.130769231,0.021666667,0.006666667,0.000171111,0.028571429,0.178571429,0.596363636,0.416363636
13348,Sausages and Luncheon Meats,"BEEF,CURED,CORNED BF,CND","Beef, cured, corned beef, canned",,,,250,27.1,14.93,0.0,0.0,0.0,0.0,0.13,1.62,0.0,0.15,9,2.43,0.147,0.02,12,0.064,2.08,14,0.014,111,42.9,3.57,0.0,0.076470588,0.675,0.0,0.01,0.0225,0.151875,0.113076923,0.016666667,0.01,7.11111e-05,0.033333333,0.158571429,0.78,0.324545455
13350,Sausages and Luncheon Meats,"BEEF,CURED,DRIED","Beef, cured, dried",,,,153,31.1,1.94,2.76,2.7,0.0,0.0,0.386,1.59,0.0,0.38,10,5.164,0.163,0.065,8,0.074,2.42,19,0.017,181,32.4,4.93,0.0,0.227058824,0.6625,0.0,0.025333333,0.025,0.32275,0.125384615,0.054166667,0.006666667,8.22222e-05,0.045238095,0.258571429,0.589090909,0.448181818
13351,Beef Products,"BEEF,CHUCK,UNDER BLADE CNTR STEAK,BNLESS,DENVER CUT,LN,0 FA","Beef, chuck, under blade center steak, boneless, Denver Cut, separable lean only, trimmed to 0 fat, all grades, cooked, grilled","Beef, Chuck, Denver Cut (Serratus Ventralis Steaks), URMIS #1098",,,220,26.5,12.64,0.14,0.0,0.0,2.0,0.418,3.73,0.0,0.08,6,3.617,0.247,0.09,14,0.11,3.31,23,0.017,205,30.2,10.05,0.002222222,0.245882353,1.554166667,0.0,0.005333333,0.015,0.2260625,0.19,0.075,0.011666667,0.000122222,0.054761905,0.292857143,0.549090909,0.913636364
13352,Beef Products,"BEEF,CHUCK,UNDER BLADE CNTR STEAK,BNLESS,DENVER CUT,LN,0 FA","Beef, chuck, under blade center steak, boneless, Denver Cut, separable lean only, trimmed to 0 fat, choice, cooked, grilled","Beef, Chuck, Denver Cut (Serratus Ventralis Steaks), URMIS #1098",,,228,26.49,13.42,0.28,0.0,0.0,1.0,0.399,3.5,0.0,0.09,6,3.6,0.243,0.09,12,0.111,3.32,23,0.017,207,32.3,9.85,0.001111111,0.234705882,1.458333333,0.0,0.006,0.015,0.225,0.186923077,0.075,0.01,0.000123333,0.054761905,0.295714286,0.587272727,0.895454545
13353,Sausages and Luncheon Meats,"BEEF,CURED,LUNCHEON MEAT,JELLIED","Beef, cured, luncheon meat, jellied",,,,111,19.0,3.3,0.0,0.0,0.0,0.0,0.25,5.14,0.0,0.0,7,4.838,0.291,0.145,10,0.12,3.45,18,0.052,139,16.4,3.55,0.0,0.147058824,2.141666667,0.0,0.0,0.0175,0.302375,0.223846154,0.120833333,0.008333333,0.000133333,0.042857143,0.198571429,0.298181818,0.322727273
13354,Beef Products,"BEEF,CHK,UND BL CNTR STK,BNLESS,DEN CUT,LN,0 FA, SEL, CKD","Beef, chuck, under blade center steak, boneless, Denver Cut, separable lean only, trimmed to 0 fat, select, cooked, grilled","Beef, Chuck, Denver Cut (Serratus Ventralis Steaks), URMIS #1098",,,209,26.53,11.46,0.0,0.0,0.0,2.0,0.461,4.28,0.0,0.07,6,3.71,0.25,0.09,16,0.104,3.37,23,0.017,202,28.0,10.4,0.002222222,0.271176471,1.783333333,0.0,0.004666667,0.015,0.231875,0.192307692,0.075,0.013333333,0.000115556,0.054761905,0.288571429,0.509090909,0.945454545
13355,Sausages and Luncheon Meats,"BEEF,CURED,PASTRAMI","Beef, cured, pastrami",,,,147,21.8,5.82,0.36,0.1,0.0,2.0,0.221,1.87,0.3,0.12,6,4.26,0.161,0.052,10,0.091,2.22,17,0.027,175,17.7,4.98,0.002222222,0.13,0.779166667,0.003333333,0.008,0.015,0.26625,0.123846154,0.043333333,0.008333333,0.000101111,0.04047619,0.25,0.321818182,0.452727273
13356,Beef Products,"BEEF,CHK,UNDBL CNTR STK,BNLESS,DENCUT,LN,0 FA, ALL GRD, RAW","Beef, chuck, under blade center steak, boneless, Denver Cut, separable lean only, trimmed to 0 fat, all grades, raw","Beef, Chuck, Denver Cut (Serratus Ventralis Steaks), URMIS #1098",,,170,19.42,9.99,0.49,0.0,0.0,2.0,0.405,3.1,0.0,0.14,3,3.287,0.197,0.08,11,0.077,2.42,20,0.014,181,21.7,7.58,0.002222222,0.238235294,1.291666667,0.0,0.009333333,0.0075,0.2054375,0.151538462,0.066666667,0.009166667,8.55556e-05,0.047619048,0.258571429,0.394545455,0.689090909
13357,Sausages and Luncheon Meats,"BEEF,CURED,SAUSAGE,CKD,SMOKED","Beef, cured, sausage, cooked, smoked",,,,312,14.11,26.91,2.42,0.0,0.0,0.0,0.11,1.86,0.0,0.0,4,3.19,0.14,0.05,7,0.072,1.76,13,0.009,105,14.6,2.8,0.0,0.064705882,0.775,0.0,0.0,0.01,0.199375,0.107692308,0.041666667,0.005833333,8e-05,0.030952381,0.15,0.265454545,0.254545455
13358,Sausages and Luncheon Meats,"BEEF,CURED,SMOKED,CHOPD BF","Beef, cured, smoked, chopped beef",,,,133,20.19,4.42,1.86,0.0,0.0,0.0,0.35,1.73,0.0,0.0,8,4.577,0.175,0.083,8,0.026,2.85,21,0.029,181,19.7,3.93,0.0,0.205882353,0.720833333,0.0,0.0,0.02,0.2860625,0.134615385,0.069166667,0.006666667,2.88889e-05,0.05,0.258571429,0.358181818,0.357272727
13359,Beef Products,"BEEF,CHK,UND BLCNTR STK,BNLESS,DEN CUT,LN,0 FA, CHOICE, RAW","Beef, chuck, under blade center steak, boneless, Denver Cut, separable lean only, trimmed to 0 fat, choice, raw","Beef, Chuck, Denver Cut (Serratus Ventralis Steaks), URMIS #1098",,,178,19.23,10.96,0.67,0.0,0.0,2.0,0.407,2.95,0.0,0.15,3,3.347,0.2,0.08,12,0.076,2.4,20,0.014,180,22.0,7.47,0.002222222,0.239411765,1.229166667,0.0,0.01,0.0075,0.2091875,0.153846154,0.066666667,0.01,8.44444e-05,0.047619048,0.257142857,0.4,0.679090909
13360,Sausages and Luncheon Meats,"BEEF,CURED,THIN-SLICED BF","Beef, cured, thin-sliced beef",,,,176,28.11,3.84,5.71,0.0,0.0,0.0,0.34,2.57,0.0,0.0,11,5.27,0.19,0.08,11,0.034,2.7,19,0.038,168,28.2,3.98,0.0,0.2,1.070833333,0.0,0.0,0.0275,0.329375,0.146153846,0.066666667,0.009166667,3.77778e-05,0.045238095,0.24,0.512727273,0.361818182
13361,Beef Products,"BEEF,COMP OF RTL CUTS,LN&FAT,0FAT,ALL GRDS,CKD","Beef, composite of trimmed retail cuts, separable lean and fat, trimmed to 0 fat, all grades, cooked",,,,273,27.33,17.37,0.0,0.0,0.0,0.0,0.33,2.51,0.0,0.18,7,3.68,0.22,0.08,9,0.106,2.73,23,0.016,211,20.7,6.06,0.0,0.194117647,1.045833333,0.0,0.012,0.0175,0.23,0.169230769,0.066666667,0.0075,0.000117778,0.054761905,0.301428571,0.376363636,0.550909091
13362,Beef Products,"BEEF,COMP OF RTL CUTS,LN&FAT,0FAT,CHOIC,CKD","Beef, composite of trimmed retail cuts, separable lean and fat, trimmed to 0 fat, choice, cooked",,,,283,27.21,18.54,0.0,0.0,0.0,0.0,0.32,2.5,0.0,0.0,7,3.67,0.22,0.08,9,0.113,2.72,23,0.017,210,20.5,6.02,0.0,0.188235294,1.041666667,0.0,0.0,0.0175,0.229375,0.169230769,0.066666667,0.0075,0.000125556,0.054761905,0.3,0.372727273,0.547272727
13363,Beef Products,"BEEF,COMP OF RTL CUTS,LN&FAT,0FAT,SEL,CKD","Beef, composite of trimmed retail cuts, separable lean and fat, trimmed to 0 fat, select, cooked",,,,261,27.47,15.92,0.0,0.0,0.0,0.0,0.33,2.52,0.0,0.0,7,3.69,0.22,0.08,9,0.107,2.75,23,0.016,212,20.0,6.11,0.0,0.194117647,1.05,0.0,0.0,0.0175,0.230625,0.169230769,0.066666667,0.0075,0.000118889,0.054761905,0.302857143,0.363636364,0.555454545
13364,Beef Products,"BEEF,COMP OF RTL CUTS,LN,0 FAT,ALL GRDS,CKD","Beef, composite of trimmed retail cuts, separable lean only, trimmed to 0 fat, all grades, cooked",,,,211,29.88,9.28,0.0,0.0,0.0,0.0,0.35,2.64,0.0,0.14,8,4.0,0.24,0.09,8,0.124,2.99,26,0.019,231,21.3,6.78,0.0,0.205882353,1.1,0.0,0.009333333,0.02,0.25,0.184615385,0.075,0.006666667,0.000137778,0.061904762,0.33,0.387272727,0.616363636
13365,Beef Products,"BEEF,COMP OF RTL CUTS,LN,0FAT,CHOIC,CKD","Beef, composite of trimmed retail cuts, separable lean only, trimmed to 0 fat, choice, cooked",,,,219,29.88,10.15,0.0,0.0,0.0,0.0,0.36,2.65,0.0,0.0,8,4.01,0.24,0.09,8,0.124,2.99,26,0.019,231,21.2,6.77,0.0,0.211764706,1.104166667,0.0,0.0,0.02,0.250625,0.184615385,0.075,0.006666667,0.000137778,0.061904762,0.33,0.385454545,0.615454545
13366,Beef Products,"BEEF,COMP OF RTL CUTS,LN,0FAT,SEL,CKD","Beef, composite of trimmed retail cuts, separable lean only, trimmed to 0 fat, select, cooked",,,,201,29.89,8.09,0.0,0.0,0.0,0.0,0.35,2.64,0.0,0.0,8,4.0,0.24,0.09,8,0.124,2.99,26,0.019,231,20.6,6.8,0.0,0.205882353,1.1,0.0,0.0,0.02,0.25,0.184615385,0.075,0.006666667,0.000137778,0.061904762,0.33,0.374545455,0.618181818
13367,Beef Products,"BEEF,BRISKET,WHL,LN&FAT,0FAT,ALL GRDS,CKD,BRSD","Beef, brisket, whole, separable lean and fat, trimmed to 0 fat, all grades, cooked, braised",,,,291,26.79,19.52,0.0,0.0,0.0,0.0,0.27,2.45,0.0,0.19,7,3.37,0.2,0.07,7,0.108,2.53,21,0.015,216,23.3,5.96,0.0,0.158823529,1.020833333,0.0,0.012666667,0.0175,0.210625,0.153846154,0.058333333,0.005833333,0.00012,0.05,0.308571429,0.423636364,0.541818182
13368,Beef Products,"BEEF,BRISKET,WHL,LN,0FAT,ALL GRDS,CKD,BRSD","Beef, brisket, whole, separable lean only, trimmed to 0 fat, all grades, cooked, braised",,,,218,29.75,10.08,0.0,0.0,0.0,0.0,0.29,2.6,0.0,0.14,8,3.71,0.22,0.07,6,0.119,2.81,23,0.017,241,24.5,6.89,0.0,0.170588235,1.083333333,0.0,0.009333333,0.02,0.231875,0.169230769,0.058333333,0.005,0.000132222,0.054761905,0.344285714,0.445454545,0.626363636
13369,Beef Products,"BEEF,BRISKET,FLAT HALF,LN&FAT,0FAT,ALL GRDS,CKD,BRSD","Beef, brisket, flat half, separable lean and fat, trimmed to 0 fat, all grades, cooked, braised",,,,213,32.9,8.01,0.0,0.0,0.0,0.0,0.322,2.43,0.0,0.44,10,4.667,0.195,0.067,19,0.114,2.76,21,0.011,200,30.9,7.61,0.0,0.189411765,1.0125,0.0,0.029333333,0.025,0.2916875,0.15,0.055833333,0.015833333,0.000126667,0.05,0.285714286,0.561818182,0.691818182
13370,Beef Products,"BEEF,BRISKET,FLAT HALF,LN,0FAT,ALL GRDS,CKD,BRSD","Beef, brisket, flat half, separable lean only, trimmed to 0 fat, all grades, cooked, braised",,,,205,33.26,6.99,0.0,0.0,0.0,0.0,0.318,2.42,0.0,0.43,11,4.84,0.208,0.067,16,0.115,2.82,22,0.012,205,34.0,8.0,0.0,0.187058824,1.008333333,0.0,0.028666667,0.0275,0.3025,0.16,0.055833333,0.013333333,0.000127778,0.052380952,0.292857143,0.618181818,0.727272727
13371,Beef Products,"BEEF,BRISKET,POINT HALF,LN&FAT,0FAT,ALL GRDS,CKD,BRSD","Beef, brisket, point half, separable lean and fat, trimmed to 0 fat, all grades, cooked, braised",URMIS #1628,,,358,23.53,28.5,0.0,0.0,0.0,0.0,0.24,2.33,0.0,0.0,7,3.04,0.19,0.06,8,0.097,2.34,18,0.014,187,21.9,5.83,0.0,0.141176471,0.970833333,0.0,0.0,0.0175,0.19,0.146153846,0.05,0.006666667,0.000107778,0.042857143,0.267142857,0.398181818,0.53
13372,Beef Products,"BEEF,BRISKET,POINT HALF,LN,0FAT,ALL GRDS,CKD,BRSD","Beef, brisket, point half, separable lean only, trimmed to 0 fat, all grades, cooked, braised",,,,244,28.05,13.8,0.0,0.0,0.0,0.0,0.28,2.58,0.0,0.0,8,3.57,0.23,0.07,6,0.115,2.79,22,0.017,226,23.5,7.39,0.0,0.164705882,1.075,0.0,0.0,0.02,0.223125,0.176923077,0.058333333,0.005,0.000127778,0.052380952,0.322857143,0.427272727,0.671818182
13373,Beef Products,"BEEF,CHUCK,ARM POT RST,LN&FAT,0FAT,ALL GRDS,CKD,BRSD","Beef, chuck, arm pot roast, separable lean and fat, trimmed to 0 fat, all grades, cooked, braised",,,,297,28.94,19.17,0.0,0.0,0.0,0.0,0.283,2.13,0.0,0.51,9,4.105,0.171,0.059,16,0.099,2.42,19,0.01,174,27.0,6.66,0.0,0.166470588,0.8875,0.0,0.034,0.0225,0.2565625,0.131538462,0.049166667,0.013333333,0.00011,0.045238095,0.248571429,0.490909091,0.605454545
13375,Beef Products,"BEEF,CHUCK,ARM POT RST,LN & FAT,0 FAT,SEL,CKD,BRSD","Beef, chuck, arm pot roast, separable lean and fat, trimmed to 0 fat, select, cooked, braised",URMIS #1049,,,283,29.23,17.56,0.0,0.0,0.0,0.0,0.288,1.93,0.0,0.5,9,4.213,0.159,0.063,17,0.09,2.38,19,0.01,178,27.9,6.87,0.0,0.169411765,0.804166667,0.0,0.033333333,0.0225,0.2633125,0.122307692,0.0525,0.014166667,0.0001,0.045238095,0.254285714,0.507272727,0.624545455
13377,Beef Products,"BEEF,CHUCK,ARM POT RST,LN,0FAT,CHOIC,CKD,BRSD","Beef, chuck, arm pot roast, separable lean only, trimmed to 0 fat, choice, cooked, braised",URMIS #1864,,,212,33.36,7.67,0.0,0.0,0.0,0.0,0.33,2.59,0.0,0.44,11,5.039,0.222,0.067,14,0.123,2.89,22,0.012,202,33.0,7.79,0.0,0.194117647,1.079166667,0.0,0.029333333,0.0275,0.3149375,0.170769231,0.055833333,0.011666667,0.000136667,0.052380952,0.288571429,0.6,0.708181818
13378,Beef Products,"BEEF,CHUCK,ARM POT RST,LN,0FAT,SEL,CKD,BRSD","Beef, chuck, arm pot roast, separable lean only, trimmed to 0 fat, select, cooked, braised",URMIS #1049,,,195,33.37,5.8,0.0,0.0,0.0,0.0,0.309,2.25,0.0,0.4,11,4.829,0.205,0.071,17,0.108,2.77,22,0.012,207,37.9,8.09,0.0,0.181764706,0.9375,0.0,0.026666667,0.0275,0.3018125,0.157692308,0.059166667,0.014166667,0.00012,0.052380952,0.295714286,0.689090909,0.735454545
13380,Beef Products,"BEEF,CHCK,UNDR BLDE POT RST,BNLS,LN & FAT,0,CHC,CKD,BRSD","Beef, chuck, under blade pot roast, boneless, separable lean and fat, trimmed to 0 fat, choice, cooked, braised",URMIS #1151,,,306,26.39,21.48,0.0,0.0,0.0,8.0,0.296,3.1,0.0,0.09,0,3.636,0.214,0.066,14,0.082,2.68,19,0.012,174,30.3,9.05,0.008888889,0.174117647,1.291666667,0.0,0.006,0.0,0.22725,0.164615385,0.055,0.011666667,9.11111e-05,0.045238095,0.248571429,0.550909091,0.822727273
13381,Beef Products,"BEEF,CHCK,UNDR BLDE POT RST,BNLS,LN & FAT,0,SEL,CKD,BRSD","Beef, chuck, under blade pot roast, boneless, separable lean and fat, trimmed to 0 fat, select, cooked, braised",URMIS #1151,,,288,27.17,19.02,0.0,0.0,0.0,8.0,0.292,2.88,0.0,0.06,5,3.465,0.211,0.066,14,0.092,2.67,20,0.012,171,31.7,9.28,0.008888889,0.171764706,1.2,0.0,0.004,0.0125,0.2165625,0.162307692,0.055,0.011666667,0.000102222,0.047619048,0.244285714,0.576363636,0.843636364
13382,Beef Products,"BEEF,CHUCK,BLADE RST,LN,0FAT,ALL GRDS,CKD,BRSD","Beef, chuck, blade roast, separable lean only, trimmed to 0 fat, all grades, cooked, braised",Top Blade Steak,,,253,31.06,13.3,0.0,0.0,0.0,0.0,0.29,2.47,0.0,0.14,6,2.67,0.28,0.08,13,0.148,3.68,23,0.018,235,26.7,10.27,0.0,0.170588235,1.029166667,0.0,0.009333333,0.015,0.166875,0.215384615,0.066666667,0.010833333,0.000164444,0.054761905,0.335714286,0.485454545,0.933636364
13383,Beef Products,"BEEF,CHK,UNDER BLADE POT RST,BNLESS,LN,0 FAT,CHOIC,CKD,BRSD","Beef, chuck, under blade pot roast, boneless, separable lean only, trimmed to 0 fat, choice, cooked, braised","Beef, Chuck, Under Blade Pot Roast, URMIS #1151",,,231,30.45,11.14,0.0,0.0,0.0,2.0,0.32,3.5,0.0,0.1,7,3.96,0.248,0.07,14,0.096,3.2,22,0.016,207,34.8,11.21,0.002222222,0.188235294,1.458333333,0.0,0.006666667,0.0175,0.2475,0.190769231,0.058333333,0.011666667,0.000106667,0.052380952,0.295714286,0.632727273,1.019090909
13384,Beef Products,"BEEF,CHUCK,UNDER BLADE POT RST,BNLESS,LN,0 FAT,SEL,CKD,BRSD","Beef, chuck, under blade pot roast, boneless, separable lean only, trimmed to 0 fat, select, cooked, braised","Beef, Chuck, Under Blade Pot Roast, URMIS #1151",,,216,30.68,9.44,0.0,0.0,0.0,2.0,0.315,3.22,0.0,0.06,7,3.745,0.245,0.07,14,0.108,3.18,22,0.016,204,36.5,11.49,0.002222222,0.185294118,1.341666667,0.0,0.004,0.0175,0.2340625,0.188461538,0.058333333,0.011666667,0.00012,0.052380952,0.291428571,0.663636364,1.044545455
13386,Beef Products,"BEEF,RIB,LRG END (RIBS 6-9),LN&FAT,0FAT,CHOIC,CKD,RSTD","Beef, rib, large end (ribs 6-9), separable lean and fat, trimmed to 0 fat, choice, cooked, roasted",,,,372,22.8,30.49,0.0,0.0,0.0,0.0,0.23,2.33,0.0,0.0,7,3.64,0.19,0.07,10,0.088,2.33,20,0.013,172,21.2,5.76,0.0,0.135294118,0.970833333,0.0,0.0,0.0175,0.2275,0.146153846,0.058333333,0.008333333,9.77778e-05,0.047619048,0.245714286,0.385454545,0.523636364
13387,Beef Products,"BEEF,RIB,LRG END (RIBS 6-9),LN&FAT,0FAT,SEL,CKD,RSTD","Beef, rib, large end (ribs 6-9), separable lean and fat, trimmed to 0 fat, select, cooked, roasted",,,,331,23.48,25.54,0.0,0.0,0.0,0.0,0.23,2.37,0.0,0.0,8,3.75,0.19,0.07,9,0.091,2.4,20,0.014,177,21.5,6.01,0.0,0.135294118,0.9875,0.0,0.0,0.02,0.234375,0.146153846,0.058333333,0.0075,0.000101111,0.047619048,0.252857143,0.390909091,0.546363636
13388,Beef Products,"BEEF,RIB,LRG END (RIBS 6-9),LN,0FAT,ALL GRDS,CKD,RSTD","Beef, rib, large end (ribs 6-9), separable lean only, trimmed to 0 fat, all grades, cooked, roasted",,,,238,27.53,13.4,0.0,0.0,0.0,0.0,0.26,2.61,0.0,0.14,9,4.45,0.22,0.09,8,0.105,2.82,25,0.016,209,22.8,7.46,0.0,0.152941176,1.0875,0.0,0.009333333,0.0225,0.278125,0.169230769,0.075,0.006666667,0.000116667,0.05952381,0.298571429,0.414545455,0.678181818
13389,Beef Products,"BEEF,RIB,LRG END (RIBS 6-9),LN,0FAT,CHOIC,CKD,RSTD","Beef, rib, large end (ribs 6-9), separable lean only, trimmed to 0 fat, choice, cooked, roasted",,,,253,27.53,15.0,0.0,0.0,0.0,0.0,0.26,2.61,0.0,0.0,9,4.45,0.22,0.09,8,0.105,2.82,25,0.016,209,22.8,7.46,0.0,0.152941176,1.0875,0.0,0.0,0.0225,0.278125,0.169230769,0.075,0.006666667,0.000116667,0.05952381,0.298571429,0.414545455,0.678181818
13390,Beef Products,"BEEF,RIB,LRG END (RIBS 6-9),LN,0FAT,SEL,CKD,RSTD","Beef, rib, large end (ribs 6-9), separable lean only, trimmed to 0 fat, select, cooked, roasted",,,,220,27.53,11.4,0.0,0.0,0.0,0.0,0.26,2.61,0.0,0.0,9,4.45,0.22,0.09,8,0.105,2.82,25,0.016,209,22.8,7.46,0.0,0.152941176,1.0875,0.0,0.0,0.0225,0.278125,0.169230769,0.075,0.006666667,0.000116667,0.05952381,0.298571429,0.414545455,0.678181818
13391,Beef Products,"BEEF,RIB,SML END (RIBS 10-12),LN&FAT,0FAT,ALL GRDS,CKD,BRLD","Beef, rib, small end (ribs 10-12), separable lean and fat, trimmed to 0 fat, all grades, cooked, broiled",,,,249,27.27,14.74,0.0,0.0,0.0,0.0,0.571,1.6,0.0,0.45,8,7.257,0.131,0.074,20,0.082,1.75,23,0.01,212,29.5,4.93,0.0,0.335882353,0.666666667,0.0,0.03,0.02,0.4535625,0.100769231,0.061666667,0.016666667,9.11111e-05,0.054761905,0.302857143,0.536363636,0.448181818
13392,Beef Products,"BEEF,RIB,SML END (RIBS 10-12),LN&FAT,0FAT,CHOIC,CKD,BRLD","Beef, rib, small end (ribs 10-12), separable lean and fat, trimmed to 0 fat, choice, cooked, broiled",,,,312,24.73,22.84,0.0,0.0,0.0,0.0,0.35,3.0,0.0,0.0,7,4.18,0.19,0.09,13,0.09,2.28,23,0.014,183,21.0,5.93,0.0,0.205882353,1.25,0.0,0.0,0.0175,0.26125,0.146153846,0.075,0.010833333,0.0001,0.054761905,0.261428571,0.381818182,0.539090909
13393,Beef Products,"BEEF,RIB,SML END (RIBS 10-12),LN&FAT,0FAT,SEL,CKD,BRLD","Beef, rib, small end (ribs 10-12), separable lean and fat, trimmed to 0 fat, select, cooked, broiled",,,,285,24.91,19.79,0.0,0.0,0.0,0.0,0.35,3.01,0.0,0.0,7,4.22,0.19,0.09,13,0.09,2.3,23,0.014,184,21.1,5.98,0.0,0.205882353,1.254166667,0.0,0.0,0.0175,0.26375,0.146153846,0.075,0.010833333,0.0001,0.054761905,0.262857143,0.383636364,0.543636364
13394,Beef Products,"BEEF,RIB,SML END (RIBS 10-12),LN,0FAT,ALL GRDS,CKD,BRLD","Beef, rib, small end (ribs 10-12), separable lean only, trimmed to 0 fat, all grades, cooked, broiled",,,,193,29.41,7.53,0.0,0.0,0.0,0.0,0.631,1.64,0.0,0.4,10,8.415,0.149,0.08,19,0.087,1.87,25,0.011,233,34.3,5.46,0.0,0.371176471,0.683333333,0.0,0.026666667,0.025,0.5259375,0.114615385,0.066666667,0.015833333,9.66667e-05,0.05952381,0.332857143,0.623636364,0.496363636
13395,Beef Products,"BEEF,RIB,SML END (RIBS 10-12),LN,0FAT,CHOIC,CKD,BRLD","Beef, rib, small end (ribs 10-12), separable lean only, trimmed to 0 fat, choice, cooked, broiled",,,,225,28.04,11.7,0.0,0.0,0.0,0.0,0.4,3.32,0.0,0.0,8,4.8,0.22,0.1,13,0.1,2.57,27,0.016,208,21.9,6.99,0.0,0.235294118,1.383333333,0.0,0.0,0.02,0.3,0.169230769,0.083333333,0.010833333,0.000111111,0.064285714,0.297142857,0.398181818,0.635454545
13396,Beef Products,"BEEF,RIB,SML END (RIBS 10-12),LN,0FAT,SEL,CKD,BRLD","Beef, rib, small end (ribs 10-12), separable lean only, trimmed to 0 fat, select, cooked, broiled",,,,198,28.04,8.7,0.0,0.0,0.0,0.0,0.4,3.32,0.0,0.0,8,4.8,0.22,0.1,13,0.1,2.57,27,0.016,208,21.9,6.99,0.0,0.235294118,1.383333333,0.0,0.0,0.02,0.3,0.169230769,0.083333333,0.010833333,0.000111111,0.064285714,0.297142857,0.398181818,0.635454545
13398,Beef Products,"BEEF,RND,BTTM RND,STEAK,LN & FAT,0 FAT,ALL GRDS,CKD,BRSD","Beef, round, bottom round, steak, separable lean and fat, trimmed to 0 fat, all grades, cooked, braised",Cube Steak,,,223,33.56,8.86,0.0,0.0,0.0,0.0,0.441,1.87,0.0,0.45,10,5.866,0.179,0.077,8,0.08,2.72,22,0.012,208,34.2,5.6,0.0,0.259411765,0.779166667,0.0,0.03,0.025,0.366625,0.137692308,0.064166667,0.006666667,8.88889e-05,0.052380952,0.297142857,0.621818182,0.509090909
13399,Beef Products,"BEEF,RND,BTTM RND,RST,LN & FAT,0 FAT,ALL GRDS,CKD,RSTD","Beef, round, bottom round, roast, separable lean and fat, trimmed to 0 fat, all grades, cooked, roasted",Cube Steak,,,187,27.42,7.72,0.0,0.0,0.0,0.0,0.36,1.53,0.0,0.38,9,4.793,0.146,0.063,7,0.065,2.24,18,0.01,171,28.1,4.61,0.0,0.211764706,0.6375,0.0,0.025333333,0.0225,0.2995625,0.112307692,0.0525,0.005833333,7.22222e-05,0.042857143,0.244285714,0.510909091,0.419090909
13401,Beef Products,"BEEF,RND,BTTM RND,STEAK,LN & FAT,0 FAT,CHOIC,CKD,BRSD","Beef, round, bottom round, steak, separable lean and fat, trimmed to 0 fat, choice, cooked, braised","URMIS #2279, Cube Steak",,,230,32.73,10.0,0.0,0.0,0.0,0.0,0.43,1.97,0.0,0.46,10,5.918,0.184,0.068,7,0.071,2.71,21,0.011,199,34.5,5.41,0.0,0.252941176,0.820833333,0.0,0.030666667,0.025,0.369875,0.141538462,0.056666667,0.005833333,7.88889e-05,0.05,0.284285714,0.627272727,0.491818182
13402,Beef Products,"BEEF,RND,BTTM RND,RST,LN & FAT,0 FAT,CHOIC,CKD,RSTD","Beef, round, bottom round, roast, separable lean and fat, trimmed to 0 fat, choice, cooked, roasted","URMIS #2279, Cube Steak",,,199,26.76,9.37,0.0,0.0,0.0,0.0,0.352,1.61,0.0,0.39,8,4.839,0.15,0.056,6,0.058,2.2,17,0.009,162,28.1,4.41,0.0,0.207058824,0.670833333,0.0,0.026,0.02,0.3024375,0.115384615,0.046666667,0.005,6.44444e-05,0.04047619,0.231428571,0.510909091,0.400909091
13404,Beef Products,"BEEF,RND,BTTM RND,STEAK,LN & FAT,0 FAT,SEL,CKD,BRSD","Beef, round, bottom round, steak, separable lean and fat, trimmed to 0 fat, select, cooked, braised","URMIS #1464, Cube Steak",,,217,34.39,7.72,0.0,0.0,0.0,0.0,0.452,1.76,0.0,0.45,11,5.802,0.173,0.087,9,0.088,2.74,22,0.012,216,33.8,5.78,0.0,0.265882353,0.733333333,0.0,0.03,0.0275,0.362625,0.133076923,0.0725,0.0075,9.77778e-05,0.052380952,0.308571429,0.614545455,0.525454545
13405,Beef Products,"BEEF,RND,BTTM RND,RST,LN & FAT,0 FAT,SEL,CKD,RSTD","Beef, round, bottom round, roast, separable lean and fat, trimmed to 0 fat, select, cooked, roasted","URMIS #1464, Cube Steak",,,175,28.08,6.06,0.0,0.0,0.0,0.0,0.369,1.44,0.0,0.37,9,4.738,0.141,0.071,7,0.073,2.28,19,0.01,179,28.1,4.81,0.0,0.217058824,0.6,0.0,0.024666667,0.0225,0.296125,0.108461538,0.059166667,0.005833333,8.11111e-05,0.045238095,0.255714286,0.510909091,0.437272727
13407,Beef Products,"BEEF,RND,BTTM RND,STEAK,LN,0 FAT,ALL GRDS,CKD,BRSD","Beef, round, bottom round, steak, separable lean only, trimmed to 0 fat, all grades, cooked, braised",Cube Steak,,,214,34.0,7.67,0.0,0.0,0.0,0.0,0.456,1.88,0.0,0.45,11,6.109,0.192,0.077,7,0.084,2.83,23,0.012,214,38.3,5.82,0.0,0.268235294,0.783333333,0.0,0.03,0.0275,0.3818125,0.147692308,0.064166667,0.005833333,9.33333e-05,0.054761905,0.305714286,0.696363636,0.529090909
13408,Beef Products,"BEEF,RND,BTTM RND,RST,LN,0 FAT,ALL GRDS,CKD,RSTD","Beef, round, bottom round, roast, separable lean only, trimmed to 0 fat, all grades, cooked, roasted",Cube Steak,,,177,27.76,6.48,0.0,0.0,0.0,0.0,0.372,1.53,0.0,0.37,9,4.987,0.157,0.063,6,0.069,2.33,19,0.01,176,31.5,4.79,0.0,0.218823529,0.6375,0.0,0.024666667,0.0225,0.3116875,0.120769231,0.0525,0.005,7.66667e-05,0.045238095,0.251428571,0.572727273,0.435454545
13410,Beef Products,"BEEF,RND,BTTM RND,STEAK,LN,0 FAT,CHOIC,CKD,BRSD","Beef, round, bottom round, steak, separable lean only, trimmed to 0 fat, choice, cooked, braised","URMIS #2279, Cube Steak",,,223,33.08,9.03,0.0,0.0,0.0,0.0,0.462,1.95,0.0,0.45,11,6.356,0.207,0.069,7,0.078,2.93,22,0.011,209,37.8,5.79,0.0,0.271764706,0.8125,0.0,0.03,0.0275,0.39725,0.159230769,0.0575,0.005833333,8.66667e-05,0.052380952,0.298571429,0.687272727,0.526363636
13411,Beef Products,"Beef, bottom round, roast,lean only, 0 fat, choice, roasted","Beef, round, bottom round, roast, separable lean only, trimmed to 0 fat, choice, cooked, roasted","URMIS #2279, Cube Steak",,,185,27.23,7.63,0.0,0.0,0.0,0.0,0.38,1.61,0.0,0.37,9,5.232,0.17,0.057,6,0.064,2.4,18,0.009,172,30.9,4.74,0.0,0.223529412,0.670833333,0.0,0.024666667,0.0225,0.327,0.130769231,0.0475,0.005,7.11111e-05,0.042857143,0.245714286,0.561818182,0.430909091
13413,Beef Products,"BEEF,RND,BTTM RND,STEAK,LN,0 FAT,SEL,CKD,BRSD","Beef, round, bottom round, steak, separable lean only, trimmed to 0 fat, select, cooked, braised","URMIS #1464, Cube Steak",,,206,34.93,6.3,0.0,0.0,0.0,0.0,0.461,1.8,0.0,0.44,12,6.007,0.189,0.084,7,0.096,2.85,23,0.013,222,43.3,5.97,0.0,0.271176471,0.75,0.0,0.029333333,0.03,0.3754375,0.145384615,0.07,0.005833333,0.000106667,0.054761905,0.317142857,0.787272727,0.542727273
13414,Beef Products,"BEEF,RND,BTTM RND RST,LN,0 FAT,SEL,CKD,RSTD","Beef, round, bottom round roast, separable lean only, trimmed to 0 fat, select, cooked, roasted",URMIS #1464,,,169,28.29,5.33,0.0,0.0,0.0,0.0,0.373,1.45,0.0,0.36,9,4.865,0.153,0.068,6,0.079,2.35,19,0.01,183,35.7,4.92,0.0,0.219411765,0.604166667,0.0,0.024,0.0225,0.3040625,0.117692308,0.056666667,0.005,8.77778e-05,0.045238095,0.261428571,0.649090909,0.447272727
13415,Beef Products,"BEEF,RND,EYE OF RND RST,BNLESS,L & F,0 FAT,A GRDS,CKD,RSTD","Beef, round, eye of round roast, boneless, separable lean and fat, trimmed to 0 fat, all grades, cooked, roasted",Eye of Round Roast,,,167,29.66,4.46,0.0,0.0,0.0,4.0,0.811,2.32,0.0,0.3,5,8.464,0.232,0.08,16,0.053,1.84,15,0.002,279,28.4,4.3,0.004444444,0.477058824,0.966666667,0.0,0.02,0.0125,0.529,0.178461538,0.066666667,0.013333333,5.88889e-05,0.035714286,0.398571429,0.516363636,0.390909091
13416,Beef Products,"BEEF,RND,EYE OF RND RST,BNLESS,LN & FT,0 FAT,CHOIC,CKD,RSTD","Beef, round, eye of round roast, boneless, separable lean and fat, trimmed to 0 fat, choice, cooked, roasted","URMIS #2295, Eye of Round Roast",,,171,29.79,4.83,0.0,0.0,0.0,4.0,0.817,2.13,0.0,0.31,5,8.581,0.231,0.08,16,0.062,1.86,15,0.001,279,28.7,4.32,0.004444444,0.480588235,0.8875,0.0,0.020666667,0.0125,0.5363125,0.177692308,0.066666667,0.013333333,6.88889e-05,0.035714286,0.398571429,0.521818182,0.392727273
13417,Beef Products,"BEEF,RND,EYE OF RND RST,BNLESS,LN & FAT,0 FAT,SEL,CKD,RSTD","Beef, round, eye of round roast, boneless, separable lean and fat, trimmed to 0 fat, select, cooked, roasted","URMIS #1480, Eye of Round Roast",,,162,29.45,3.97,0.0,0.0,0.0,6.0,0.803,2.6,0.0,0.28,5,8.289,0.233,0.08,16,0.044,1.74,14,0.002,280,27.9,4.25,0.006666667,0.472352941,1.083333333,0.0,0.018666667,0.0125,0.5180625,0.179230769,0.066666667,0.013333333,4.88889e-05,0.033333333,0.4,0.507272727,0.386363636
13418,Beef Products,"BEEF,RND,EYE OF RND RST,BNLESS,LN,0 FAT,ALL GRDS,CKD,RSTD","Beef, round, eye of round roast, boneless, separable lean only, trimmed to 0 fat, all grades, cooked, roasted",Eye of Round Roast,,,163,29.85,3.9,0.0,0.0,0.0,1.0,0.815,2.32,0.0,0.3,5,8.506,0.233,0.08,16,0.054,1.84,15,0.002,281,28.6,4.33,0.001111111,0.479411765,0.966666667,0.0,0.02,0.0125,0.531625,0.179230769,0.066666667,0.013333333,6e-05,0.035714286,0.401428571,0.52,0.393636364
13419,Beef Products,"BEEF,RND,EYE OF RND RST,BNLESS,LN,0 FAT,CHOIC,CKD,RSTD","Beef, round, eye of round roast, boneless, separable lean only, trimmed to 0 fat, choice, cooked, roasted","URMIS #2295, Eye of Round Roast",,,166,29.94,4.26,0.0,0.0,0.0,2.0,0.82,2.13,0.0,0.34,5,8.62,0.232,0.08,16,0.062,1.86,15,0.001,280,28.8,4.35,0.002222222,0.482352941,0.8875,0.0,0.022666667,0.0125,0.53875,0.178461538,0.066666667,0.013333333,6.88889e-05,0.035714286,0.4,0.523636364,0.395454545
13420,Beef Products,"BEEF,RND,EYE OF RND RST,BNLESS,LN,0 FAT,SEL,CKD,RSTD","Beef, round, eye of round roast, boneless, separable lean only, trimmed to 0 fat, select, cooked, roasted","URMIS #1480, Eye of Round Roast",,,157,29.52,3.43,0.0,0.0,0.0,3.0,0.807,2.61,0.0,0.28,5,8.335,0.234,0.08,16,0.045,1.74,14,0.002,281,28.1,4.28,0.003333333,0.474705882,1.0875,0.0,0.018666667,0.0125,0.5209375,0.18,0.066666667,0.013333333,5e-05,0.033333333,0.401428571,0.510909091,0.389090909
13421,Beef Products,"BEEF,RND,TIP RND,RST,LN & FAT,0 FAT,ALL GRDS,CKD,RSTD","Beef, round, tip round, roast, separable lean and fat, trimmed to 0 fat, all grades, cooked, roasted",Cube steak,,,188,26.79,8.21,0.0,0.0,0.0,0.0,0.352,1.49,0.0,0.38,8,4.682,0.143,0.062,6,0.064,2.18,17,0.009,166,27.4,4.49,0.0,0.207058824,0.620833333,0.0,0.025333333,0.02,0.292625,0.11,0.051666667,0.005,7.11111e-05,0.04047619,0.237142857,0.498181818,0.408181818
13422,Beef Products,"BEEF,RND,TIP RND,RST,LN & FAT,0 FAT,CHOIC,CKD,RSTD","Beef, round, tip round, roast, separable lean and fat, trimmed to 0 fat, choice, cooked, roasted","URMIS #2340, Cube Steak",,,196,27.01,8.9,0.0,0.0,0.0,0.0,0.355,1.62,0.0,0.39,8,4.884,0.152,0.056,6,0.059,2.22,17,0.009,164,28.3,4.44,0.0,0.208823529,0.675,0.0,0.026,0.02,0.30525,0.116923077,0.046666667,0.005,6.55556e-05,0.04047619,0.234285714,0.514545455,0.403636364
13423,Beef Products,"BEEF,RND,TIP RND,RST,LN & FAT,0 FAT,SEL,CKD,RSTD","Beef, round, tip round, roast, separable lean and fat, trimmed to 0 fat, select, cooked, roasted","URMIS #1525, Cube Steak",,,181,26.57,7.53,0.0,0.0,0.0,0.0,0.349,1.36,0.0,0.37,8,4.483,0.133,0.067,7,0.069,2.15,18,0.009,169,26.5,4.53,0.0,0.205294118,0.566666667,0.0,0.024666667,0.02,0.2801875,0.102307692,0.055833333,0.005833333,7.66667e-05,0.042857143,0.241428571,0.481818182,0.411818182
13424,Beef Products,"BEEF,RND,TIP RND,RST,LN,0 FAT,ALL GRDS,CKD,RSTD","Beef, round, tip round, roast, separable lean only, trimmed to 0 fat, all grades, cooked, roasted",,,,174,27.53,6.2,0.0,0.0,0.0,0.0,0.369,1.52,0.0,0.35,9,4.945,0.155,0.062,6,0.068,2.3,18,0.01,174,31.1,4.73,0.0,0.217058824,0.633333333,0.0,0.023333333,0.0225,0.3090625,0.119230769,0.051666667,0.005,7.55556e-05,0.042857143,0.248571429,0.565454545,0.43
13425,Beef Products,"BEEF,RND,TIP RND,RST,LN,0 FAT,CHOIC,CKD,RSTD","Beef, round, tip round, roast, separable lean only, trimmed to 0 fat, choice, cooked, roasted","URMIS # 2340, Cube Steak",,,176,27.68,6.42,0.0,0.0,0.0,0.0,0.386,1.63,0.0,0.37,9,5.319,0.173,0.058,6,0.065,2.43,19,0.009,174,31.4,4.81,0.0,0.227058824,0.679166667,0.0,0.024666667,0.0225,0.3324375,0.133076923,0.048333333,0.005,7.22222e-05,0.045238095,0.248571429,0.570909091,0.437272727
13426,Beef Products,"BEEF,RND,TIP RND,RST,LN,0 FAT,SEL,CKD,RSTD","Beef, round, tip round, roast, separable lean only, trimmed to 0 fat, select, cooked, roasted","URMIS # 1525, Cube Steak",,,149,27.37,4.38,0.0,0.0,0.0,0.0,0.361,1.41,0.0,0.34,9,4.707,0.148,0.066,6,0.077,2.26,18,0.01,177,34.4,4.75,0.0,0.212352941,0.5875,0.0,0.022666667,0.0225,0.2941875,0.113846154,0.055,0.005,8.55556e-05,0.042857143,0.252857143,0.625454545,0.431818182
13428,Beef Products,"BEEF,RND,TOP RND,LN&FAT,0FAT,ALL GRDS,CKD,BRSD","Beef, round, top round, separable lean and fat, trimmed to 0 fat, all grades, cooked, braised","London Broil, Cube steak, Round Steak, Minute Steak",,,209,35.62,6.31,0.0,0.0,0.0,0.0,0.28,2.68,0.0,0.15,9,3.76,0.25,0.07,4,0.122,3.27,25,0.018,223,32.7,4.5,0.0,0.164705882,1.116666667,0.0,0.01,0.0225,0.235,0.192307692,0.058333333,0.003333333,0.000135556,0.05952381,0.318571429,0.594545455,0.409090909
13430,Beef Products,"BEEF,RND,TOP RND,LN&FAT,0FAT,CHOIC,CKD,BRSD","Beef, round, top round, separable lean and fat, trimmed to 0 fat, choice, cooked, braised","URMIS #2368, London Broil, Cube steak, Minute Steak, Round Steak",,,216,35.62,7.09,0.0,0.0,0.0,0.0,0.28,2.68,0.0,0.0,9,3.76,0.25,0.07,4,0.122,3.27,25,0.018,223,32.7,4.5,0.0,0.164705882,1.116666667,0.0,0.0,0.0225,0.235,0.192307692,0.058333333,0.003333333,0.000135556,0.05952381,0.318571429,0.594545455,0.409090909
13432,Beef Products,"BEEF,RND,TOP RND,LN&FAT,0FAT,SEL,CKD,BRSD","Beef, round, top round, separable lean and fat, trimmed to 0 fat, select, cooked, braised","URMIS #1553, London Broil, Cube steak, Minute Steak, Round Steak",,,200,35.62,5.33,0.0,0.0,0.0,0.0,0.28,2.68,0.0,0.0,9,3.76,0.25,0.07,4,0.122,3.27,25,0.018,223,32.7,4.5,0.0,0.164705882,1.116666667,0.0,0.0,0.0225,0.235,0.192307692,0.058333333,0.003333333,0.000135556,0.05952381,0.318571429,0.594545455,0.409090909
13436,Beef Products,"BEEF,RND,TOP RND,LN,0FAT,CHOIC,CKD,BRSD","Beef, round, top round, separable lean only, trimmed to 0 fat, choice, cooked, braised","URMIS #2368, London Broil, Cube steak, Minute Steak, Round Steak",,,207,36.12,5.8,0.0,0.0,0.0,0.0,0.28,2.7,0.0,0.0,9,3.81,0.25,0.07,4,0.124,3.32,26,0.018,226,33.0,4.56,0.0,0.164705882,1.125,0.0,0.0,0.0225,0.238125,0.192307692,0.058333333,0.003333333,0.000137778,0.061904762,0.322857143,0.6,0.414545455
13438,Beef Products,"BEEF,RND,TOP RND,LN,0FAT,SEL,CKD,BRSD","Beef, round, top round, separable lean only, trimmed to 0 fat, select, cooked, braised","URMIS #1553, London Broil, Cube steak, Minute Steak, Round Steak",,,190,36.12,4.0,0.0,0.0,0.0,0.0,0.28,2.7,0.0,0.0,9,3.81,0.25,0.07,4,0.124,3.32,26,0.018,226,33.0,4.56,0.0,0.164705882,1.125,0.0,0.0,0.0225,0.238125,0.192307692,0.058333333,0.003333333,0.000137778,0.061904762,0.322857143,0.6,0.414545455
13439,Beef Products,"BEEF,LOIN,TNDRLN STEAK,BNLESS,L & F,0 F,A GRDS,CKD,GRILLED","Beef, loin, tenderloin steak, boneless, separable lean and fat, trimmed to 0 fat, all grades, cooked, grilled","Filet Mignon, Tenderloin Steak, Beef Medallions",,,211,30.5,8.91,0.0,0.0,0.0,7.0,0.687,4.1,0.0,0.14,7,5.61,0.395,0.062,13,0.092,3.24,18,0.009,257,25.2,4.21,0.007777778,0.404117647,1.708333333,0.0,0.009333333,0.0175,0.350625,0.303846154,0.051666667,0.010833333,0.000102222,0.042857143,0.367142857,0.458181818,0.382727273
13440,Beef Products,"BEEF,LOIN,TENDERLOIN STK,BNLESS,L & F,0 F,CHOIC,CKD,GRLLED","Beef, loin, tenderloin steak, boneless, separable lean and fat, trimmed to 0 fat, choice, cooked, grilled","URMIS # 2203, Filet Mignon, Tenderloin Steak, Beef Medallions",,,217,30.21,9.71,0.0,0.0,0.0,7.0,0.708,4.08,0.0,0.12,7,5.579,0.398,0.061,14,0.088,3.32,19,0.009,258,25.2,4.54,0.007777778,0.416470588,1.7,0.0,0.008,0.0175,0.3486875,0.306153846,0.050833333,0.011666667,9.77778e-05,0.045238095,0.368571429,0.458181818,0.412727273
13441,Beef Products,"BEEF,LOIN,TENDERLOIN STK,BNLESS,L & F,0 FAT,SEL,CKD,GRILLED","Beef, loin, tenderloin steak, boneless, separable lean and fat, trimmed to 0 fat, select, cooked, grilled","URMIS #1388, Filet Mignon, Tenderloin Steak, Beef Medallions",,,202,30.93,7.7,0.0,0.0,0.0,7.0,0.661,4.15,0.0,0.1,7,5.691,0.394,0.071,13,0.096,3.02,14,0.008,257,25.1,3.66,0.007777778,0.388823529,1.729166667,0.0,0.006666667,0.0175,0.3556875,0.303076923,0.059166667,0.010833333,0.000106667,0.033333333,0.367142857,0.456363636,0.332727273
13442,Beef Products,"BEEF,LOIN,TENDERLOIN STK,BNLESS,L,0 F,ALL GRDS,CKD,GRILLED","Beef, loin, tenderloin steak, boneless, separable lean only, trimmed to 0 fat, all grades, cooked, grilled","Filet Mignon, Tenderloin Steak, Beef Medallions",,,198,30.7,8.32,0.0,0.0,0.0,2.0,0.765,4.57,0.0,0.28,7,6.235,0.441,0.071,15,0.102,3.59,20,0.01,285,28.0,4.68,0.002222222,0.45,1.904166667,0.0,0.018666667,0.0175,0.3896875,0.339230769,0.059166667,0.0125,0.000113333,0.047619048,0.407142857,0.509090909,0.425454545
13443,Beef Products,"BEEF,LOIN,TENDERLOIN STEAK,BNLESS,LN,0 FAT,CHOIC,CKD,GRLLED","Beef, loin, tenderloin steak, boneless, separable lean only, trimmed to 0 fat, choice, cooked, grilled","URMIS # 2203, Filet Mignon, Tenderloin Steak, Beef Medallions",,,211,30.45,9.03,0.0,0.0,0.0,1.0,0.868,5.18,0.0,0.28,7,7.071,0.5,0.071,17,0.109,4.12,23,0.012,321,31.4,5.65,0.001111111,0.510588235,2.158333333,0.0,0.018666667,0.0175,0.4419375,0.384615385,0.059166667,0.014166667,0.000121111,0.054761905,0.458571429,0.570909091,0.513636364
13444,Beef Products,"BEEF,LOIN,TENDERLOIN STEAK,BNLESS,LN,0 FAT,SEL,CKD,GRILLED","Beef, loin, tenderloin steak, boneless, separable lean only, trimmed to 0 fat, select, cooked, grilled","URMIS #1388, Filet Mignon, Tenderloin Steak, Beef Medallions",,,198,31.09,7.25,0.0,0.0,0.0,2.0,0.682,4.29,0.0,0.25,7,5.87,0.408,0.076,13,0.099,3.11,14,0.009,265,25.9,3.78,0.002222222,0.401176471,1.7875,0.0,0.016666667,0.0175,0.366875,0.313846154,0.063333333,0.010833333,0.00011,0.033333333,0.378571429,0.470909091,0.343636364
13445,Beef Products,"BEEF,LOIN,TOPLOINSTK,BNLS,LIPOFF,LN FT,0 FT,ALLGRD,CKD,GRLD","Beef, loin, top loin steak, boneless, lip off, separable lean and fat, trimmed to 0 fat, all grades, cooked, grilled","Kansas City Strip, Boneless Strip Steak, Club Steak, New York Strip",,,223,28.57,11.15,0.0,0.0,0.0,7.0,0.712,4.25,0.0,0.14,7,5.813,0.41,0.064,14,0.09,3.41,19,0.01,265,25.9,4.66,0.007777778,0.418823529,1.770833333,0.0,0.009333333,0.0175,0.3633125,0.315384615,0.053333333,0.011666667,0.0001,0.045238095,0.378571429,0.470909091,0.423636364
13446,Beef Products,"BEEF,LOIN,TOPLOINSTK,BNLS,LIP OFF,LN FT,0 FT,CHC,CKD,GRLD","Beef, loin, top loin steak, boneless, lip off, separable lean and fat, trimmed to 0 fat, choice, cooked, grilled","URMIS # 2219, Boneless Strip Steak, Kansas City Steak, New York Strip, Club Steak",,,233,28.19,12.51,0.0,0.0,0.0,7.0,0.714,4.11,0.0,0.16,7,5.622,0.401,0.061,14,0.089,3.37,19,0.01,262,25.6,4.61,0.007777778,0.42,1.7125,0.0,0.010666667,0.0175,0.351375,0.308461538,0.050833333,0.011666667,9.88889e-05,0.045238095,0.374285714,0.465454545,0.419090909
13447,Beef Products,"BEEF,LOIN,TOPLOINSTK,BNLS,LIP OFF,LN FAT,0 FT,SEL,CKD,GRLD","Beef, loin, top loin steak, boneless, lip off, separable lean and fat, trimmed to 0 fat, select, cooked, grilled","URMIS # 1404, Boneless Strip Steak, Kansas City Strip, New York Strip, Club Steak",,,207,29.16,9.12,0.0,0.0,0.0,6.0,0.712,4.48,0.0,0.08,7,6.133,0.425,0.067,14,0.103,3.23,15,0.009,274,26.8,3.91,0.006666667,0.418823529,1.866666667,0.0,0.005333333,0.0175,0.3833125,0.326923077,0.055833333,0.011666667,0.000114444,0.035714286,0.391428571,0.487272727,0.355454545
13448,Beef Products,"BEEF,LOIN,TOPLOINSTK,BNLS,LIP OFF,LN,0 FT,ALL GRD,CKD,GRLD","Beef, loin, top loin steak, boneless, lip off, separable lean only, trimmed to 0 fat, all grades, cooked, grilled","Kansas City Strip, Club Steak, New York Strip",,,202,29.53,8.41,0.0,0.0,0.0,2.0,0.736,4.39,0.0,0.33,7,5.996,0.424,0.071,14,0.098,3.47,20,0.009,275,27.0,4.52,0.002222222,0.432941176,1.829166667,0.0,0.022,0.0175,0.37475,0.326153846,0.059166667,0.011666667,0.000108889,0.047619048,0.392857143,0.490909091,0.410909091
13449,Beef Products,"BEEF,LOIN,TOP LOIN STK,BNLS,LIP OFF,LN,0 FAT,CHOIC,CKD,GRLD","Beef, loin, top loin steak, boneless, lip off, separable lean only, trimmed to 0 fat, choice, cooked, grilled","URMIS # 2219, Club Steak, Kansas City Strip, New York Strip",,,211,29.22,9.52,0.0,0.0,0.0,1.0,0.721,4.3,0.0,0.29,7,5.871,0.415,0.067,14,0.096,3.38,19,0.009,268,26.3,4.41,0.001111111,0.424117647,1.791666667,0.0,0.019333333,0.0175,0.3669375,0.319230769,0.055833333,0.011666667,0.000106667,0.045238095,0.382857143,0.478181818,0.400909091
13450,Beef Products,"BEEF,LOIN,TOP LOIN STK,BNLS,LIP OFF,LN,0 FAT,SEL,CKD,GRLD","Beef, loin, top loin steak, boneless, lip off, separable lean only, trimmed to 0 fat, select, cooked, grilled","URMIS # 1404, Club Steak, Kansas City Strip, New York Strip",,,189,29.99,6.74,0.0,0.0,0.0,2.0,0.719,4.52,0.0,0.22,7,6.187,0.43,0.076,14,0.104,3.25,15,0.009,277,27.1,3.95,0.002222222,0.422941176,1.883333333,0.0,0.014666667,0.0175,0.3866875,0.330769231,0.063333333,0.011666667,0.000115556,0.035714286,0.395714286,0.492727273,0.359090909
13451,Beef Products,"BEEF,TOP SIRLOIN,STEAK,LN & FAT,0 FAT,ALL GRDS,CKD,BRLD","Beef, top sirloin, steak, separable lean and fat, trimmed to 0 fat, all grades, cooked, broiled","Sirloin strip, Sirloin steak",,,212,29.33,9.67,0.0,0.0,0.0,0.0,0.614,1.73,0.0,0.42,9,7.807,0.141,0.079,22,0.089,1.89,25,0.01,229,31.9,5.33,0.0,0.361176471,0.720833333,0.0,0.028,0.0225,0.4879375,0.108461538,0.065833333,0.018333333,9.88889e-05,0.05952381,0.327142857,0.58,0.484545455
13452,Beef Products,"BEEF,TOP SIRLOIN,STEAK,LN & FAT,0 FAT,CHOIC,CKD,BRLD","Beef, top sirloin, steak, separable lean and fat, trimmed to 0 fat, choice, cooked, broiled","URMIS #2237, Sirloin Steak, Sirloin strip",,,219,29.02,10.54,0.0,0.0,0.0,0.0,0.578,1.91,0.0,0.43,9,7.87,0.128,0.072,19,0.095,1.96,24,0.01,218,31.5,5.21,0.0,0.34,0.795833333,0.0,0.028666667,0.0225,0.491875,0.098461538,0.06,0.015833333,0.000105556,0.057142857,0.311428571,0.572727273,0.473636364
13453,Beef Products,"BEEF,TOP SIRLOIN,STEAK,LN & FAT,0 FAT,SEL,CKD,BRLD","Beef, top sirloin, steak, separable lean and fat, trimmed to 0 fat, select, cooked, broiled","URMIS #1422, Sirloin steak, Sirloin strip",,,206,29.65,8.8,0.0,0.0,0.0,0.0,0.65,1.54,0.0,0.42,9,7.744,0.155,0.086,24,0.082,1.83,26,0.01,239,32.4,5.44,0.0,0.382352941,0.641666667,0.0,0.028,0.0225,0.484,0.119230769,0.071666667,0.02,9.11111e-05,0.061904762,0.341428571,0.589090909,0.494545455
13454,Beef Products,"BEEF,TOP SIRLOIN,STEAK,LN,0 FAT,ALL GRDS,CKD,BRLD","Beef, top sirloin, steak, separable lean only, trimmed to 0 fat, all grades, cooked, broiled","Sirloin strip, Sirloin steak",,,183,30.55,5.79,0.0,0.0,0.0,0.0,0.656,1.71,0.0,0.39,10,8.741,0.155,0.083,20,0.091,1.96,26,0.011,244,35.8,5.71,0.0,0.385882353,0.7125,0.0,0.026,0.025,0.5463125,0.119230769,0.069166667,0.016666667,0.000101111,0.061904762,0.348571429,0.650909091,0.519090909
13455,Beef Products,"BEEF,TOP SIRLOIN,STEAK,LN,0 FAT,CHOIC,CKD,BRLD","Beef, top sirloin, steak, separable lean only, trimmed to 0 fat, choice, cooked, broiled","URMIS #2237, Sirloin steak, Sirloin strip",,,188,30.29,6.55,0.0,0.0,0.0,0.0,0.63,1.89,0.0,0.4,10,8.937,0.155,0.08,17,0.097,2.07,26,0.011,237,35.1,5.75,0.0,0.370588235,0.7875,0.0,0.026666667,0.025,0.5585625,0.119230769,0.066666667,0.014166667,0.000107778,0.061904762,0.338571429,0.638181818,0.522727273
13456,Beef Products,"BEEF,TOP SIRLOIN,STEAK,LN,0 FAT,SEL,CKD,BRLD","Beef, top sirloin, steak, separable lean only, trimmed to 0 fat, select, cooked, broiled","URMIS #1422, Sirloin steak, Sirloin strip",,,177,30.8,5.03,0.0,0.0,0.0,0.0,0.681,1.47,0.0,0.39,10,9.001,0.163,0.088,22,0.085,1.92,27,0.011,253,38.9,5.7,0.0,0.400588235,0.6125,0.0,0.026,0.025,0.5625625,0.125384615,0.073333333,0.018333333,9.44444e-05,0.064285714,0.361428571,0.707272727,0.518181818
13459,Beef Products,"BEEF,SHRT LOIN,PRTRHS STK,LN & FAT,0 FAT,ALL GRDS,CKD,BRLD","Beef, short loin, porterhouse steak, separable lean and fat, trimmed to 0 fat, all grades, cooked, broiled",,,,276,23.96,19.27,0.0,0.0,0.0,0.0,0.365,2.18,0.0,0.18,7,4.21,0.228,0.099,7,0.13,2.94,22,0.015,193,19.6,4.56,0.0,0.214705882,0.908333333,0.0,0.012,0.0175,0.263125,0.175384615,0.0825,0.005833333,0.000144444,0.052380952,0.275714286,0.356363636,0.414545455
13460,Beef Products,"BEEF,LOIN,PRTRHS STK,LN & FAT,0 FAT,USDA CHOIC,CKD,BRLD","Beef, short loin, porterhouse steak, separable lean and fat, trimmed to 0 fat, USDA choice, cooked, broiled",URMIS # 2145,,,283,23.61,20.15,0.0,0.0,0.0,0.0,0.367,2.19,0.0,0.18,7,4.237,0.23,0.1,7,0.13,2.96,22,0.015,194,19.7,4.59,0.0,0.215882353,0.9125,0.0,0.012,0.0175,0.2648125,0.176923077,0.083333333,0.005833333,0.000144444,0.052380952,0.277142857,0.358181818,0.417272727
13463,Beef Products,"BEEF,SHRT LOIN,PRTRHS STK,LN & FAT,0 FAT,USDA SEL,CKD,BRLD","Beef, short loin, porterhouse steak, separable lean and fat, trimmed to 0 fat, USDA select, cooked, broiled",URMIS # 1330,,,267,24.47,17.98,0.0,0.0,0.0,0.0,0.361,2.17,0.0,0.19,7,4.171,0.226,0.098,7,0.128,2.91,22,0.015,191,19.6,4.51,0.0,0.212352941,0.904166667,0.0,0.012666667,0.0175,0.2606875,0.173846154,0.081666667,0.005833333,0.000142222,0.052380952,0.272857143,0.356363636,0.41
13464,Beef Products,"BEEF,SHRT LOIN,PRTRHS STEAK,LN,1/8 FAT,ALL GRDS,RAW","Beef, short loin, porterhouse steak, separable lean only, trimmed to 1/8 fat, all grades, raw",Porterhouse Steak,,,155,22.32,6.6,0.0,0.0,0.0,2.0,0.689,1.95,0.0,0.26,3,5.377,0.257,0.054,18,0.065,2.07,11,0.003,206,22.0,3.58,0.002222222,0.405294118,0.8125,0.0,0.017333333,0.0075,0.3360625,0.197692308,0.045,0.015,7.22222e-05,0.026190476,0.294285714,0.4,0.325454545
13465,Beef Products,"BEEF,SHRT LOIN,PRTRHS STEAK,LN,1/8 FAT,ALL GRDS,CKD,GRILLED","Beef, short loin, porterhouse steak, separable lean only,  trimmed to 1/8 fat, all grades, cooked, grilled",Porterhouse Steak,,,213,28.16,10.32,0.0,0.0,0.0,7.0,0.692,2.16,0.0,0.24,7,6.033,0.26,0.059,19,0.073,3.22,23,0.004,224,28.2,4.67,0.007777778,0.407058824,0.9,0.0,0.016,0.0175,0.3770625,0.2,0.049166667,0.015833333,8.11111e-05,0.054761905,0.32,0.512727273,0.424545455
13466,Beef Products,"BEEF,SHRT LOIN,PRTRHS STEAK,LN,0 FAT,ALL GRDS,CKD,BRLD","Beef, short loin, porterhouse steak, separable lean only, trimmed to 0 fat, all grades, cooked, broiled",,,,212,26.07,11.18,0.0,0.0,0.0,0.0,0.4,2.27,0.0,0.14,8,4.63,0.25,0.11,6,0.143,3.24,25,0.016,211,20.0,5.06,0.0,0.235294118,0.945833333,0.0,0.009333333,0.02,0.289375,0.192307692,0.091666667,0.005,0.000158889,0.05952381,0.301428571,0.363636364,0.46
13467,Beef Products,"BEEF,SHRT LOIN,PRTRHS STEAK,LN,0 FAT,CHOIC,CKD,BRLD","Beef, short loin, porterhouse steak, separable lean only, trimmed to 0 fat, choice, cooked, broiled",URMIS # 2145,,,224,25.51,12.8,0.0,0.0,0.0,0.0,0.4,2.27,0.0,0.14,8,4.63,0.25,0.11,6,0.143,3.24,25,0.016,211,20.0,5.06,0.0,0.235294118,0.945833333,0.0,0.009333333,0.02,0.289375,0.192307692,0.091666667,0.005,0.000158889,0.05952381,0.301428571,0.363636364,0.46
13468,Beef Products,"BEEF,SHRT LOIN,PRTRHS STEAK,LN,1/8 FAT,SEL,RAW","Beef, short loin, porterhouse steak, separable lean only, trimmed to 1/8 fat, select, raw","Porterhouse Steak, URMIS # 1330",,,145,22.61,5.41,0.0,0.0,0.0,4.0,0.751,1.98,0.0,0.13,4,5.325,0.23,0.0,19,0.075,2.26,11,0.003,200,21.4,3.52,0.004444444,0.441764706,0.825,0.0,0.008666667,0.01,0.3328125,0.176923077,0.0,0.015833333,8.33333e-05,0.026190476,0.285714286,0.389090909,0.32
13469,Beef Products,"BEEF,SHRT LOIN,PRTRHS STEAK,LN,1/8 FAT,SEL,CKD,GRILLED","Beef, short loin, porterhouse steak, separable lean only, trimmed to 1/8 fat, select, cooked, grilled","Porterhouse Steak, URMIS # 1330",,,203,28.92,8.76,0.0,0.0,0.0,2.0,0.628,2.19,0.0,0.14,7,5.745,0.255,0.0,20,0.076,3.44,23,0.003,227,27.7,4.8,0.002222222,0.369411765,0.9125,0.0,0.009333333,0.0175,0.3590625,0.196153846,0.0,0.016666667,8.44444e-05,0.054761905,0.324285714,0.503636364,0.436363636
13470,Beef Products,"BEEF,SHRT LOIN,PRTRHS STEAK,LN,0 FAT,SEL,CKD,BRLD","Beef, short loin, porterhouse steak, separable lean only, trimmed to 0 fat, select, cooked, broiled",URMIS # 1330,,,194,26.89,8.81,0.0,0.0,0.0,0.0,0.4,2.27,0.0,0.14,8,4.63,0.25,0.11,6,0.143,3.24,25,0.016,211,20.0,5.06,0.0,0.235294118,0.945833333,0.0,0.009333333,0.02,0.289375,0.192307692,0.091666667,0.005,0.000158889,0.05952381,0.301428571,0.363636364,0.46
13473,Beef Products,"BEEF,SHRT LOIN,T-BONE STK,LN & FAT,0 FAT,ALL GRDS,CKD,BRLD","Beef, short loin, t-bone steak, separable lean and fat, trimmed to 0 fat, all grades, cooked, broiled",,,,247,24.18,15.93,0.0,0.0,0.0,0.0,0.361,2.19,0.0,0.18,7,4.268,0.231,0.101,5,0.131,3.35,24,0.015,199,10.9,4.67,0.0,0.212352941,0.9125,0.0,0.012,0.0175,0.26675,0.177692308,0.084166667,0.004166667,0.000145556,0.057142857,0.284285714,0.198181818,0.424545455
13474,Beef Products,"BEEF,LOIN,T-BONE STEAK,LN & FAT,0 FAT,USDA CHOIC,CKD,BRLD","Beef, short loin, t-bone steak, separable lean and fat, trimmed to 0 fat, USDA choice, cooked, broiled",URMIS # 2184,,,258,24.05,17.26,0.0,0.0,0.0,0.0,0.359,2.19,0.0,0.18,7,4.242,0.23,0.1,5,0.131,3.33,24,0.015,197,10.9,4.64,0.0,0.211176471,0.9125,0.0,0.012,0.0175,0.265125,0.176923077,0.083333333,0.004166667,0.000145556,0.057142857,0.281428571,0.198181818,0.421818182
13477,Beef Products,"BEEF,SHRT LOIN,T-BONE STK,LN & FAT,0 FAT,USDA SEL,CKD,BRLD","Beef, short loin, t-bone steak, separable lean and fat, trimmed to 0 fat, USDA select, cooked, broiled",URMIS # 01369,,,230,24.38,14.0,0.0,0.0,0.0,0.0,0.364,2.2,0.0,0.17,7,4.305,0.233,0.102,5,0.133,3.38,24,0.015,200,10.8,4.72,0.0,0.214117647,0.916666667,0.0,0.011333333,0.0175,0.2690625,0.179230769,0.085,0.004166667,0.000147778,0.057142857,0.285714286,0.196363636,0.429090909
13478,Beef Products,"BEEF,SHRT LOIN,T-BONE STEAK,BONE-IN,LN,1/8 FAT,ALL GRDS,RAW","Beef, short loin, t-bone steak, bone-in, separable lean only, trimmed to 1/8 fat, all grades, raw",T-Bone Steak,,,153,22.22,6.5,0.0,0.0,0.0,2.0,0.638,1.81,0.0,0.26,4,5.751,0.215,0.054,21,0.058,1.66,11,0.003,200,22.8,3.88,0.002222222,0.375294118,0.754166667,0.0,0.017333333,0.01,0.3594375,0.165384615,0.045,0.0175,6.44444e-05,0.026190476,0.285714286,0.414545455,0.352727273
13479,Beef Products,"BEEF,SHRT LN,T-BN STK,BN-IN,LN,1/8 FAT,ALL GRDS,CKD,GRILLED","Beef, short loin, t-bone steak, bone-in, separable lean only, trimmed to 1/8 fat, all grades, cooked, grilled",T-Bone Steak,,,212,27.86,10.37,0.0,0.0,0.0,2.0,0.757,1.96,0.0,0.23,7,6.109,0.254,0.058,18,0.073,3.57,21,0.004,219,29.3,4.61,0.002222222,0.445294118,0.816666667,0.0,0.015333333,0.0175,0.3818125,0.195384615,0.048333333,0.015,8.11111e-05,0.05,0.312857143,0.532727273,0.419090909
13481,Beef Products,"BEEF,SHRT LOIN,T-BONE STEAK,LN,0 FAT,CHOIC,CKD,BRLD","Beef, short loin, t-bone steak, separable lean only, trimmed to 0 fat, choice, cooked, broiled",URMIS # 2184,,,198,25.98,9.61,0.0,0.0,0.0,0.0,0.39,2.27,0.0,0.14,8,4.63,0.25,0.11,4,0.143,3.66,26,0.016,215,10.0,5.11,0.0,0.229411765,0.945833333,0.0,0.009333333,0.02,0.289375,0.192307692,0.091666667,0.003333333,0.000158889,0.061904762,0.307142857,0.181818182,0.464545455
13482,Beef Products,"BEEF,SHRT LOIN,T-BONE STEAK,BONE-IN,LN,1/8 FAT,SEL,RAW","Beef, short loin, t-bone steak, bone-in, separable lean only, trimmed to 1/8 fat, select, raw","T-Bone Steak, URMIS # 1369",,,144,22.41,5.34,0.0,0.0,0.0,2.0,0.644,1.84,0.0,0.23,4,5.73,0.2,0.058,23,0.054,1.77,12,0.002,214,21.8,4.01,0.002222222,0.378823529,0.766666667,0.0,0.015333333,0.01,0.358125,0.153846154,0.048333333,0.019166667,6e-05,0.028571429,0.305714286,0.396363636,0.364545455
13483,Beef Products,"BEEF,SHRT LN,T-BONE STK,BONE-IN,LN,1/8 FAT,SEL,CKD,GRILLED","Beef, short loin, t-bone steak, bone-in, separable lean only, trimmed to 1/8 fat, select, cooked, grilled","T-Bone Steak, URMIS # 1369",,,206,28.45,9.35,0.0,0.0,0.0,2.0,0.754,2.07,0.0,0.24,7,5.835,0.23,0.061,18,0.063,3.65,24,0.004,234,28.5,4.47,0.002222222,0.443529412,0.8625,0.0,0.016,0.0175,0.3646875,0.176923077,0.050833333,0.015,7e-05,0.057142857,0.334285714,0.518181818,0.406363636
13484,Beef Products,"BEEF,SHRT LOIN,T-BONE STEAK,LN,0 FAT,SEL,CKD,BRLD","Beef, short loin, t-bone steak, separable lean only, trimmed to 0 fat, select, cooked, broiled",URMIS # 1369,,,177,26.0,7.36,0.0,0.0,0.0,0.0,0.39,2.27,0.0,0.14,8,4.63,0.25,0.11,4,0.143,3.66,26,0.016,215,10.0,5.11,0.0,0.229411765,0.945833333,0.0,0.009333333,0.02,0.289375,0.192307692,0.091666667,0.003333333,0.000158889,0.061904762,0.307142857,0.181818182,0.464545455
13485,Beef Products,"BEEF,BRISKET,FLAT HALF,LN,0 FAT,SEL,CKD,BRSD","Beef, brisket, flat half, separable lean only, trimmed to 0 fat, select, cooked, braised",URMIS #1623,,,198,33.9,5.92,0.0,0.0,0.0,0.0,0.314,2.28,0.0,0.43,0,4.906,0.208,0.072,17,0.112,2.87,23,0.012,214,39.2,8.38,0.0,0.184705882,0.95,0.0,0.028666667,0.0,0.306625,0.16,0.06,0.014166667,0.000124444,0.054761905,0.305714286,0.712727273,0.761818182
13486,Beef Products,"BEEF,RND,TIP RND,RST,LN & FAT,0 FAT,ALL GRDS,RAW","Beef, round, tip round, roast, separable lean and fat, trimmed to 0 fat, all grades, raw",,,,151,20.48,7.01,0.0,0.0,0.0,0.0,0.607,1.48,0.0,0.3,0,6.119,0.125,0.081,19,0.088,1.69,22,0.012,194,24.2,3.72,0.0,0.357058824,0.616666667,0.0,0.02,0.0,0.3824375,0.096153846,0.0675,0.015833333,9.77778e-05,0.052380952,0.277142857,0.44,0.338181818
13487,Beef Products,"BEEF,RND,TIP RND,RST,LN & FAT,0 FAT,CHOIC,RAW","Beef, round, tip round, roast, separable lean and fat, trimmed to 0 fat, choice, raw",URMIS # 2340,,,156,20.16,7.73,0.0,0.0,0.0,0.0,0.595,1.71,0.0,0.3,0,6.127,0.139,0.077,15,0.089,1.78,21,0.012,191,24.2,3.68,0.0,0.35,0.7125,0.0,0.02,0.0,0.3829375,0.106923077,0.064166667,0.0125,9.88889e-05,0.05,0.272857143,0.44,0.334545455
13488,Beef Products,"BEEF,RND,TIP RND,RST,LN & FAT,0 FAT,SEL,RAW","Beef, round, tip round, roast, separable lean and fat, trimmed to 0 fat, select, raw",URMIS #1525,,,145,20.8,6.28,0.0,0.0,0.0,0.0,0.618,1.24,0.0,0.29,0,6.107,0.111,0.085,23,0.087,1.59,22,0.012,196,24.1,3.75,0.0,0.363529412,0.516666667,0.0,0.019333333,0.0,0.3816875,0.085384615,0.070833333,0.019166667,9.66667e-05,0.052380952,0.28,0.438181818,0.340909091
13490,Beef Products,"BEEF,RIB,EYE,SML END (RIBS 10- 12) LN,0 FAT,SEL,CKD,BRLD","Beef, rib, eye, small end (ribs 10- 12) separable lean only, trimmed to 0 fat, select, cooked, broiled",ribeye,,,182,29.93,6.05,0.0,0.0,0.0,0.0,0.661,1.43,0.0,0.38,0,8.748,0.159,0.085,21,0.081,1.84,26,0.011,242,37.3,5.46,0.0,0.388823529,0.595833333,0.0,0.025333333,0.0,0.54675,0.122307692,0.070833333,0.0175,9e-05,0.061904762,0.345714286,0.678181818,0.496363636
13491,Beef Products,"BEEF,RND,TOP RND STEAK,BNLESS,LN,0 FAT,ALL GRDS,CKD,GRILLED","Beef, round, top round steak, boneless, separable lean only, trimmed to 0 fat, all grades, cooked, grilled",Top Round Steak,,,162,30.09,3.77,0.0,0.0,0.0,3.0,0.882,2.28,0.0,0.32,5,8.975,0.328,0.089,18,0.066,3.25,17,0.005,306,30.8,5.15,0.003333333,0.518823529,0.95,0.0,0.021333333,0.0125,0.5609375,0.252307692,0.074166667,0.015,7.33333e-05,0.04047619,0.437142857,0.56,0.468181818
13492,Beef Products,"BEEF,RND,TOP RND STEAK,BNLESS,LN,0 FAT,CHOIC,CKD,GRILLED","Beef, round, top round steak, boneless, separable lean only, trimmed to 0 fat, choice, cooked, grilled","URMIS #2368, Top Round Steak",,,166,30.24,4.11,0.0,0.0,0.0,3.0,0.891,2.3,0.0,0.34,5,9.259,0.315,0.089,18,0.067,3.27,17,0.006,307,30.4,5.25,0.003333333,0.524117647,0.958333333,0.0,0.022666667,0.0125,0.5786875,0.242307692,0.074166667,0.015,7.44444e-05,0.04047619,0.438571429,0.552727273,0.477272727
13493,Beef Products,"BEEF,RND,TOP RND STEAK,BNLESS,LN,0 FAT,SEL,CKD,GRILLED","Beef, round, top round steak, boneless, separable lean only, trimmed to 0 fat, select, cooked, grilled","URMIS #1553, Top Round Steak",,,158,29.81,3.37,0.0,0.0,0.0,3.0,0.869,2.26,0.0,0.3,5,8.549,0.347,0.089,19,0.066,3.26,17,0.004,305,31.5,4.92,0.003333333,0.511176471,0.941666667,0.0,0.02,0.0125,0.5343125,0.266923077,0.074166667,0.015833333,7.33333e-05,0.04047619,0.435714286,0.572727273,0.447272727
13494,Beef Products,"BEEF,GROUND,70% LN MEAT / 30% FAT,CRUMBLES,CKD,PAN-BROWNED","Beef, ground, 70% lean meat / 30% fat, crumbles, cooked, pan-browned",Hamburger,,,263,25.56,17.86,0.0,0.0,0.0,3.0,0.428,2.8,0.0,0.12,13,4.859,0.191,0.047,41,0.074,2.48,20,0.012,202,21.6,5.95,0.003333333,0.251764706,1.166666667,0.0,0.008,0.0325,0.3036875,0.146923077,0.039166667,0.034166667,8.22222e-05,0.047619048,0.288571429,0.392727273,0.540909091
13495,Beef Products,"BEEF,GROUND,70% LN MEAT / 30% FAT,LOAF,CKD,BKD","Beef, ground, 70% lean meat / 30% fat, loaf, cooked, baked",Hamburger,,,241,23.87,15.37,0.0,0.0,0.0,3.0,0.311,2.49,0.0,0.12,7,4.026,0.171,0.051,33,0.079,2.27,17,0.009,166,19.1,5.84,0.003333333,0.182941176,1.0375,0.0,0.008,0.0175,0.251625,0.131538462,0.0425,0.0275,8.77778e-05,0.04047619,0.237142857,0.347272727,0.530909091
13496,Beef Products,"BEEF,GROUND,70% LN MEAT / 30% FAT,PATTY CKD,PAN-BROILED","Beef, ground, 70% lean meat / 30% fat, patty cooked, pan-broiled",Hamburger,,,238,22.86,15.54,0.0,0.0,0.0,3.0,0.332,2.79,0.0,0.13,10,5.034,0.177,0.043,37,0.066,2.41,20,0.012,194,19.2,5.82,0.003333333,0.195294118,1.1625,0.0,0.008666667,0.025,0.314625,0.136153846,0.035833333,0.030833333,7.33333e-05,0.047619048,0.277142857,0.349090909,0.529090909
13497,Beef Products,"BEEF,GROUND,70% LN MEAT / 30% FAT,PATTY,CKD,BRLD","Beef, ground, 70% lean meat / 30% fat, patty, cooked, broiled",Hamburger,,,277,25.38,18.66,0.0,0.0,0.0,3.0,0.336,2.9,0.0,0.12,11,4.537,0.176,0.051,35,0.069,2.25,19,0.009,185,21.5,6.14,0.003333333,0.197647059,1.208333333,0.0,0.008,0.0275,0.2835625,0.135384615,0.0425,0.029166667,7.66667e-05,0.045238095,0.264285714,0.390909091,0.558181818
13498,Beef Products,"BEEF,GROUND,70% LN MEAT / 30% FAT,RAW","Beef, ground, 70% lean meat / 30% fat, raw",Hamburger,,,332,14.35,30.0,0.0,0.0,0.0,4.0,0.278,2.07,0.0,0.17,9,3.382,0.151,0.044,24,0.05,1.64,14,0.009,132,13.5,3.57,0.004444444,0.163529412,0.8625,0.0,0.011333333,0.0225,0.211375,0.116153846,0.036666667,0.02,5.55556e-05,0.033333333,0.188571429,0.245454545,0.324545455
13499,Beef Products,"BEEF,CHK,UND BL CNTR STK,BNLESS,DEN CUT,LN,0 FA, SEL, RAW","Beef, chuck, under blade center steak, boneless, Denver Cut, separable lean only, trimmed to 0 fat, select, raw","Beef, Chuck, Denver Cut (Serratus Ventralis Steaks), URMIS #1098",,,157,19.71,8.54,0.21,0.0,0.0,2.0,0.43,3.32,0.0,0.12,3,3.34,0.19,0.08,11,0.078,2.43,20,0.014,186,21.5,7.76,0.002222222,0.252941176,1.383333333,0.0,0.008,0.0075,0.20875,0.146153846,0.066666667,0.009166667,8.66667e-05,0.047619048,0.265714286,0.390909091,0.705454545
13500,Beef Products,"BEEF,SHLDR TOP BLADE STEAK,BNLESS,LN,0 FAT,ALL GRDS,CKD,GRI","Beef, shoulder top blade steak, boneless, separable lean only, trimmed to 0 fat, all grades, cooked, grilled","Beef, Chuck, Top Blade Steak, URMIS #1144",,,196,28.15,9.23,0.0,0.0,0.0,2.0,0.404,5.18,0.0,0.14,7,4.34,0.313,0.09,14,0.126,3.14,23,0.016,224,31.4,9.82,0.002222222,0.237647059,2.158333333,0.0,0.009333333,0.0175,0.27125,0.240769231,0.075,0.011666667,0.00014,0.054761905,0.32,0.570909091,0.892727273
13501,Beef Products,"BEEF,SHLDR TOP BLADE STEAK,BNLESS,LN,0 FAT,CHOIC,CKD,GRILLE","Beef, shoulder top blade steak, boneless, separable lean only, trimmed to 0 fat, choice, cooked, grilled","URMIS #1144, Beef, Chuck, Top Blade Steak",,,202,28.28,9.83,0.0,0.0,0.0,1.0,0.389,5.11,0.0,0.14,7,4.287,0.317,0.08,14,0.135,3.23,23,0.016,226,31.2,9.85,0.001111111,0.228823529,2.129166667,0.0,0.009333333,0.0175,0.2679375,0.243846154,0.066666667,0.011666667,0.00015,0.054761905,0.322857143,0.567272727,0.895454545
13502,Beef Products,"BEEF,SHLDR TOP BLADE STEAK,BNLESS,LN,0 FAT,SEL,CKD,GRILLED","Beef, shoulder top blade steak, boneless, separable lean only, trimmed to 0 fat, select, cooked, grilled","URMIS #1144, Beef, Chuck, Top Blade Steak",,,187,27.96,8.34,0.0,0.0,0.0,2.0,0.399,5.35,0.0,0.12,7,4.51,0.31,0.1,14,0.113,3.07,24,0.016,228,32.3,9.88,0.002222222,0.234705882,2.229166667,0.0,0.008,0.0175,0.281875,0.238461538,0.083333333,0.011666667,0.000125556,0.057142857,0.325714286,0.587272727,0.898181818
13519,Beef Products,"BEEF,SHLDR TOP BLADE STEAK,BNLESS,LN,0 FAT,ALL GRDS,RAW","Beef, shoulder top blade steak, boneless, separable lean only, trimmed to 0 fat, all grades, raw","URMIS #1144, Beef, Chuck, Top Blade Steak",,,139,20.36,6.42,0.0,0.0,0.0,2.0,0.407,4.38,0.0,0.18,3,3.89,0.26,0.095,12,0.096,2.51,20,0.011,203,22.9,7.63,0.002222222,0.239411765,1.825,0.0,0.012,0.0075,0.243125,0.2,0.079166667,0.01,0.000106667,0.047619048,0.29,0.416363636,0.693636364
13520,Beef Products,"BEEF,SHLDR TOP BLADE STEAK,BNLESS,LN,0 FAT,CHOIC,RAW","Beef, shoulder top blade steak, boneless, separable lean only, trimmed to 0 fat, choice, raw","URMIS #1144, Beef, Chuck, Top Blade Steak",,,143,20.35,6.88,0.0,0.0,0.0,2.0,0.418,4.35,0.0,0.17,3,3.827,0.25,0.08,12,0.095,2.52,19,0.01,202,22.5,7.65,0.002222222,0.245882353,1.8125,0.0,0.011333333,0.0075,0.2391875,0.192307692,0.066666667,0.01,0.000105556,0.045238095,0.288571429,0.409090909,0.695454545
13523,Beef Products,"BEEF,SHLDR TOP BLADE STEAK,BNLESS,LN,0 FAT,SEL,RAW","Beef, shoulder top blade steak, boneless, separable lean only, trimmed to 0 fat, select, raw","Beef, Chuck, Top Blade Steak, URMIS #1144",,,133,20.39,5.73,0.0,0.0,0.0,2.0,0.392,4.42,0.0,0.2,3,4.15,0.28,0.11,12,0.099,2.51,20,0.011,211,23.8,7.9,0.002222222,0.230588235,1.841666667,0.0,0.013333333,0.0075,0.259375,0.215384615,0.091666667,0.01,0.00011,0.047619048,0.301428571,0.432727273,0.718181818
13595,Beef Products,"BEEF,BRISKET,FLAT HALF,BNLESS LN,0 FAT,ALL GRDS,RAW","Beef, brisket, flat half, boneless separable lean only, trimmed to 0 fat, all grades, raw","URMIS #1623, Beef, Brisket, Flat Half",,,132,21.47,5.11,0.0,0.0,0.0,2.0,0.622,1.81,0.0,0.14,3,6.353,0.165,0.075,13,0.07,2.06,24,0.002,222,24.6,5.21,0.002222222,0.365882353,0.754166667,0.0,0.009333333,0.0075,0.3970625,0.126923077,0.0625,0.010833333,7.77778e-05,0.057142857,0.317142857,0.447272727,0.473636364
13596,Beef Products,"BEEF,BRISKET,FLAT HALF,BNLESS LN,0 FAT,ALL CHOICE,RAW","Beef, brisket, flat half, boneless, separable lean only, trimmed to 0 fat, choice, raw","URMIS #1623, Beef, Brsket, Flat Half",,,137,21.28,5.75,0.0,0.0,0.0,2.0,0.617,1.73,0.0,0.17,3,6.452,0.165,0.07,13,0.073,2.04,24,0.002,224,22.9,5.15,0.002222222,0.362941176,0.720833333,0.0,0.011333333,0.0075,0.40325,0.126923077,0.058333333,0.010833333,8.11111e-05,0.057142857,0.32,0.416363636,0.468181818
13597,Beef Products,"BEEF,BRISKET,FLAT HALF,BNLESS,LN,0 FAT,SEL,RAW","Beef, brisket, flat half, boneless, separable lean only, trimmed to 0 fat, select, raw","URMIS #1623, Beef, Brisket, Flat Half",,,124,21.74,4.14,0.0,0.0,0.0,2.0,0.63,1.95,0.0,0.11,3,6.205,0.165,0.08,13,0.066,2.08,24,0.002,218,27.1,5.3,0.002222222,0.370588235,0.8125,0.0,0.007333333,0.0075,0.3878125,0.126923077,0.066666667,0.010833333,7.33333e-05,0.057142857,0.311428571,0.492727273,0.481818182
13598,Beef Products,"BEEF,SHLDR TOP BLADE STK,BNLES,LN & FAT,0 ,ALL GRDS,CKD,G","Beef, shoulder top blade steak, boneless, separable lean and fat, trimmed to 0 fat, all grades, cooked, grilled",URMIS #1144,,,210,27.59,11.07,0.0,0.0,0.0,7.0,0.397,5.04,0.0,0.13,7,4.268,0.305,0.089,14,0.123,3.04,23,0.015,217,30.7,9.48,0.007777778,0.233529412,2.1,0.0,0.008666667,0.0175,0.26675,0.234615385,0.074166667,0.011666667,0.000136667,0.054761905,0.31,0.558181818,0.861818182
13647,Beef Products,"BEEF,SHLDR POT RST OR STEAK,BNLESS,LN,0 FAT,ALL GRDS,RAW","Beef, shoulder pot roast or steak, boneless, separable lean only, trimmed to 0 fat, all grades, raw","URMIS #1132, URMIS #1133, Beef, Chuck, Clod (Shoulder) Roast or Steak",,,123,21.64,4.09,0.0,0.0,0.0,2.0,0.583,2.76,0.0,0.18,3,4.618,0.212,0.09,12,0.074,2.64,25,0.013,236,24.1,6.86,0.002222222,0.342941176,1.15,0.0,0.012,0.0075,0.288625,0.163076923,0.075,0.01,8.22222e-05,0.05952381,0.337142857,0.438181818,0.623636364
13648,Beef Products,"BEEF,SHLDR POT RST OR STEAK,BNLESS,LN,0 FAT,CHOIC,RAW","Beef, shoulder pot roast or steak, boneless, separable lean only, trimmed to 0 fat, choice, raw","URMIS #1132, Urmis #1133, Beef, Chuck, Clod (Shoulder) Roast or Steak",,,125,21.45,4.35,0.11,0.0,0.0,2.0,0.57,2.69,0.0,0.2,4,4.593,0.21,0.09,12,0.071,2.69,25,0.014,237,24.1,6.81,0.002222222,0.335294118,1.120833333,0.0,0.013333333,0.01,0.2870625,0.161538462,0.075,0.01,7.88889e-05,0.05952381,0.338571429,0.438181818,0.619090909
13649,Beef Products,"BEEF,SHLDR POT RST OR STEAK,BNLESS,LN,0 FAT,SEL,RAW","Beef, shoulder pot roast or steak, boneless, separable lean only, trimmed to 0 fat, select, raw","URMIS #1132, URMIS #1133, Beef, Chuck, Clod (Shoulder) Roast or Steak",,,121,21.93,3.7,0.0,0.0,0.0,2.0,0.601,2.86,0.0,0.16,4,4.655,0.215,0.09,12,0.077,2.57,26,0.013,235,24.1,6.95,0.002222222,0.353529412,1.191666667,0.0,0.010666667,0.01,0.2909375,0.165384615,0.075,0.01,8.55556e-05,0.061904762,0.335714286,0.438181818,0.631818182
13650,Beef Products,"BEEF,SHLDR TOP BLDE STK,BNS,LN & FAT,0 FAT,CHOIC,CKD,G","Beef, shoulder top blade steak, boneless, separable lean and fat, trimmed to 0 fat, choice, cooked, grilled",URMIS #1144,,,220,27.51,12.26,0.0,0.0,0.0,6.0,0.38,4.94,0.0,0.14,7,4.194,0.305,0.079,14,0.13,3.11,22,0.015,217,30.3,9.4,0.006666667,0.223529412,2.058333333,0.0,0.009333333,0.0175,0.262125,0.234615385,0.065833333,0.011666667,0.000144444,0.052380952,0.31,0.550909091,0.854545455
13786,Beef Products,"BEEF,CHUCK EYE RST,BNLESS,A BF RST,LN & FAT,0,ALL G,RAW","Beef, chuck eye roast, boneless, Americas Beef Roast, separable lean and fat, trimmed to 0 fat, all grades, raw",URMIS #1095,,,180,19.18,11.48,0.0,0.0,0.0,4.0,0.383,2.73,0.0,0.19,3,4.324,0.145,0.066,17,0.061,2.08,19,0.01,189,20.6,7.52,0.004444444,0.225294118,1.1375,0.0,0.012666667,0.0075,0.27025,0.111538462,0.055,0.014166667,6.77778e-05,0.045238095,0.27,0.374545455,0.683636364
13788,Beef Products,"BEEF,CHUCK EYE RST,BNLS,A BF RST,LN & FAT,0 FAT,CHOIC,RAW","Beef, chuck eye roast, boneless, Americas Beef Roast, separable lean and fat, trimmed to 0 fat, choice, raw",URMIS #1095,,,185,19.14,12.02,0.0,0.0,0.0,4.0,0.365,2.69,0.0,0.21,3,4.323,0.141,0.061,17,0.059,2.08,19,0.009,186,20.0,7.54,0.004444444,0.214705882,1.120833333,0.0,0.014,0.0075,0.2701875,0.108461538,0.050833333,0.014166667,6.55556e-05,0.045238095,0.265714286,0.363636364,0.685454545
13791,Beef Products,"BEEF,CHUCK EYE RST,BNLS,A BF RST,LN & FAT,0 FAT,SEL,RAW","Beef, chuck eye roast, boneless, Americas Beef Roast, separable lean and fat, trimmed to 0 fat, select, raw",URMIS #1095,,,173,19.25,10.67,0.0,0.0,0.0,4.0,0.414,2.78,0.0,0.14,3,4.56,0.155,0.07,18,0.066,2.12,19,0.01,187,22.4,7.66,0.004444444,0.243529412,1.158333333,0.0,0.009333333,0.0075,0.285,0.119230769,0.058333333,0.015,7.33333e-05,0.045238095,0.267142857,0.407272727,0.696363636
13795,Beef Products,"BEEF,COMP OF RTL CUTS,LN&FAT,1/8FAT,ALL GRDS,RAW","Beef, composite of trimmed retail cuts, separable lean and fat, trimmed to 1/8 fat, all grades, raw",,,,234,18.68,17.15,0.0,0.0,0.0,0.0,0.39,2.95,0.0,0.0,6,3.23,0.16,0.1,7,0.071,1.91,19,0.013,177,14.0,3.75,0.0,0.229411765,1.229166667,0.0,0.0,0.015,0.201875,0.123076923,0.083333333,0.005833333,7.88889e-05,0.045238095,0.252857143,0.254545455,0.340909091
13796,Beef Products,"BEEF,COMP OF RTL CUTS,LN&FAT,1/8FAT,ALL GRDS,CKD","Beef, composite of trimmed retail cuts, separable lean and fat, trimmed to 1/8 fat, all grades, cooked",,,,291,26.42,19.71,0.0,0.0,0.0,0.0,0.34,2.47,0.0,0.18,7,3.72,0.22,0.09,9,0.112,2.68,23,0.015,208,19.8,6.0,0.0,0.2,1.029166667,0.0,0.012,0.0175,0.2325,0.169230769,0.075,0.0075,0.000124444,0.054761905,0.297142857,0.36,0.545454545
13797,Beef Products,"BEEF,COMP OF RTL CUTS,LN&FAT,1/8FAT,CHOIC,RAW","Beef, composite of trimmed retail cuts, separable lean and fat, trimmed to 1/8 fat, choice, raw",,,,243,18.57,18.19,0.0,0.0,0.0,0.0,0.39,2.93,0.0,0.0,6,3.21,0.16,0.09,7,0.071,1.89,19,0.013,176,16.0,3.72,0.0,0.229411765,1.220833333,0.0,0.0,0.015,0.200625,0.123076923,0.075,0.005833333,7.88889e-05,0.045238095,0.251428571,0.290909091,0.338181818
13798,Beef Products,"BEEF,COMP OF RTL CUTS,LN&FAT,1/8FAT,CHOIC,CKD","Beef, composite of trimmed retail cuts, separable lean and fat, trimmed to 1/8 fat, choice, cooked",,,,301,26.21,20.91,0.0,0.0,0.0,0.0,0.33,2.46,0.0,0.0,7,3.7,0.22,0.09,9,0.111,2.66,23,0.015,206,23.9,5.93,0.0,0.194117647,1.025,0.0,0.0,0.0175,0.23125,0.169230769,0.075,0.0075,0.000123333,0.054761905,0.294285714,0.434545455,0.539090909
13799,Beef Products,"BEEF,COMP OF RTL CUTS,LN&FAT,1/8FAT,SEL,RAW","Beef, composite of trimmed retail cuts, separable lean and fat, trimmed to 1/8 fat, select, raw",,,,223,18.87,15.75,0.0,0.0,0.0,0.0,0.39,2.97,0.0,0.0,7,3.25,0.16,0.1,7,0.071,1.92,19,0.013,178,14.6,3.79,0.0,0.229411765,1.2375,0.0,0.0,0.0175,0.203125,0.123076923,0.083333333,0.005833333,7.88889e-05,0.045238095,0.254285714,0.265454545,0.344545455
13800,Beef Products,"BEEF,COMP OF RTL CUTS,LN&FAT,1/8FAT,SEL,CKD","Beef, composite of trimmed retail cuts, separable lean and fat, trimmed to 1/8 fat, select, cooked",,,,278,26.63,18.21,0.0,0.0,0.0,0.0,0.34,2.48,0.0,0.0,8,3.74,0.22,0.09,9,0.113,2.7,23,0.015,209,20.7,6.07,0.0,0.2,1.033333333,0.0,0.0,0.02,0.23375,0.169230769,0.075,0.0075,0.000125556,0.054761905,0.298571429,0.376363636,0.551818182
13801,Beef Products,"BEEF,COMP OF RTL CUTS,LN&FAT,1/8FAT,PRIME,RAW","Beef, composite of trimmed retail cuts, separable lean and fat, trimmed to 1/8 fat, prime, raw",,,,265,18.72,20.49,0.0,0.0,0.0,0.0,0.39,2.84,0.0,0.0,6,3.41,0.15,0.09,7,0.069,1.83,19,0.013,176,14.8,3.49,0.0,0.229411765,1.183333333,0.0,0.0,0.015,0.213125,0.115384615,0.075,0.005833333,7.66667e-05,0.045238095,0.251428571,0.269090909,0.317272727
13802,Beef Products,"BEEF,COMP OF RTL CUTS,LN&FAT,1/8FAT,PRIME,CKD","Beef, composite of trimmed retail cuts, separable lean and fat, trimmed to 1/8 fat, prime, cooked",,,,299,26.22,20.75,0.0,0.0,0.0,0.0,0.37,2.49,0.0,0.0,8,4.39,0.21,0.09,9,0.104,2.5,24,0.015,203,19.8,5.62,0.0,0.217647059,1.0375,0.0,0.0,0.02,0.274375,0.161538462,0.075,0.0075,0.000115556,0.057142857,0.29,0.36,0.510909091
13803,Beef Products,"BEEF,BRISKET,WHL,LN&FAT,1/8FAT,ALL GRDS,RAW","Beef, brisket, whole, separable lean and fat, trimmed to 1/8 fat, all grades, raw",,,,251,18.42,19.06,0.0,0.0,0.0,0.0,0.38,2.25,0.0,0.0,6,3.48,0.15,0.09,6,0.071,1.7,19,0.013,177,16.0,3.71,0.0,0.223529412,0.9375,0.0,0.0,0.015,0.2175,0.115384615,0.075,0.005,7.88889e-05,0.045238095,0.252857143,0.290909091,0.337272727
13804,Beef Products,"BEEF,BRISKET,WHL,LN&FAT,1/8FAT,ALL GRDS,CKD,BRSD","Beef, brisket, whole, separable lean and fat, trimmed to 1/8 fat, all grades, cooked, braised",,,,331,25.85,24.5,0.0,0.0,0.0,0.0,0.26,2.4,0.0,0.19,7,3.27,0.2,0.06,7,0.104,2.46,20,0.015,207,22.8,5.77,0.0,0.152941176,1.0,0.0,0.012666667,0.0175,0.204375,0.153846154,0.05,0.005833333,0.000115556,0.047619048,0.295714286,0.414545455,0.524545455
13805,Beef Products,"BEEF,BRISKET,FLAT HALF,LN&FAT,1/8FAT,ALL GRDS,RAW","Beef, brisket, flat half, separable lean and fat, trimmed to 1/8 fat, all grades, raw",,,,277,17.94,22.18,0.0,0.0,0.0,0.0,0.425,1.54,0.0,0.44,10,4.041,0.13,0.065,16,0.077,1.59,18,0.011,165,19.4,4.32,0.0,0.25,0.641666667,0.0,0.029333333,0.025,0.2525625,0.1,0.054166667,0.013333333,8.55556e-05,0.042857143,0.235714286,0.352727273,0.392727273
13806,Beef Products,"BEEF,BRISKET,FLAT HALF,LN&FAT,1/8FAT,ALL GRDS,CKD,BRSD","Beef, brisket, flat half, separable lean and fat, trimmed to 1/8 fat, all grades, cooked, braised",,,,289,28.82,18.42,0.0,0.0,0.0,0.0,0.282,2.12,0.0,0.51,9,4.087,0.171,0.059,16,0.1,2.43,19,0.01,175,27.1,6.69,0.0,0.165882353,0.883333333,0.0,0.034,0.0225,0.2554375,0.131538462,0.049166667,0.013333333,0.000111111,0.045238095,0.25,0.492727273,0.608181818
13807,Beef Products,"BEEF,BRISKET,POINT HALF,LN&FAT,1/8FAT,ALL GRDS,RAW","Beef, brisket, point half, separable lean and fat, trimmed to 1/8 fat, all grades, raw",,,,265,17.65,20.98,0.0,0.0,0.0,0.0,0.36,2.24,0.0,0.0,6,3.12,0.15,0.08,6,0.071,1.69,18,0.012,166,15.2,4.24,0.0,0.211764706,0.933333333,0.0,0.0,0.015,0.195,0.115384615,0.066666667,0.005,7.88889e-05,0.042857143,0.237142857,0.276363636,0.385454545
13808,Beef Products,"BEEF,BRISKET,POINT HALF,LN&FAT,1/8FAT,ALL GRDS,CKD,BRSD","Beef, brisket, point half, separable lean and fat, trimmed to 1/8 fat, all grades, cooked, braised",,,,349,24.4,27.17,0.0,0.0,0.0,0.0,0.25,2.38,0.0,0.0,7,3.14,0.2,0.06,8,0.1,2.43,19,0.015,194,21.7,6.13,0.0,0.147058824,0.991666667,0.0,0.0,0.0175,0.19625,0.153846154,0.05,0.006666667,0.000111111,0.045238095,0.277142857,0.394545455,0.557272727
13809,Beef Products,"BEEF,CHUCK,ARM POT RST,LN&FAT,1/8FAT,ALL GRDS,RAW","Beef, chuck, arm pot roast, separable lean and fat, trimmed to 1/8 fat, all grades, raw",,,,244,19.23,17.98,0.0,0.0,0.0,0.0,0.456,1.65,0.0,0.4,10,4.331,0.139,0.07,17,0.081,1.67,19,0.011,174,20.3,4.54,0.0,0.268235294,0.6875,0.0,0.026666667,0.025,0.2706875,0.106923077,0.058333333,0.014166667,9e-05,0.045238095,0.248571429,0.369090909,0.412727273
13810,Beef Products,"BEEF,CHUCK,ARM POT RST,LN&FAT,1/8FAT,ALL GRDS,CKD,BRSD","Beef, chuck, arm pot roast, separable lean and fat, trimmed to 1/8 fat, all grades, cooked, braised",,,,302,30.12,19.22,0.0,0.0,0.0,0.0,0.295,2.22,0.0,0.53,9,4.273,0.178,0.061,17,0.104,2.53,20,0.01,183,28.3,6.98,0.0,0.173529412,0.925,0.0,0.035333333,0.0225,0.2670625,0.136923077,0.050833333,0.014166667,0.000115556,0.047619048,0.261428571,0.514545455,0.634545455
13811,Beef Products,"BEEF,CHUCK,ARM POT RST,LN&FAT,1/8FAT,CHOIC,RAW","Beef, chuck, arm pot roast, separable lean and fat, trimmed to 1/8 fat, choice, raw",URMIS #1864,,,249,19.14,18.57,0.0,0.0,0.0,0.0,0.425,1.79,0.0,0.41,10,4.328,0.143,0.064,16,0.082,1.73,19,0.013,171,19.9,4.56,0.0,0.25,0.745833333,0.0,0.027333333,0.025,0.2705,0.11,0.053333333,0.013333333,9.11111e-05,0.045238095,0.244285714,0.361818182,0.414545455
13812,Beef Products,"BEEF,CHUCK,ARM POT RST,LN&FAT,1/8FAT,CHOIC,CKD,BRSD","Beef, chuck, arm pot roast, separable lean and fat, trimmed to 1/8 fat, choice, cooked, braised",URMIS #1864,,,309,30.2,19.93,0.0,0.0,0.0,0.0,0.29,2.46,0.0,0.54,9,4.215,0.193,0.057,16,0.116,2.61,20,0.01,182,27.8,6.87,0.0,0.170588235,1.025,0.0,0.036,0.0225,0.2634375,0.148461538,0.0475,0.013333333,0.000128889,0.047619048,0.26,0.505454545,0.624545455
13813,Beef Products,"BEEF,CHUCK,ARM POT RST,LN&FAT,1/8FAT,SEL,RAW","Beef, chuck, arm pot roast, separable lean and fat, trimmed to 1/8 fat, select, raw",URMIS #1049,,,239,19.33,17.39,0.0,0.0,0.0,0.0,0.486,1.5,0.0,0.4,10,4.334,0.135,0.076,18,0.08,1.61,19,0.01,176,20.8,4.52,0.0,0.285882353,0.625,0.0,0.026666667,0.025,0.270875,0.103846154,0.063333333,0.015,8.88889e-05,0.045238095,0.251428571,0.378181818,0.410909091
13814,Beef Products,"BEEF,CHUCK,ARM POT RST,LN&FAT,1/8FAT,SEL,CKD,BRSD","Beef, chuck, arm pot roast, separable lean and fat, trimmed to 1/8 fat, select, cooked, braised",URMIS #1049,,,295,30.05,18.5,0.0,0.0,0.0,0.0,0.296,1.99,0.0,0.52,9,4.331,0.163,0.065,18,0.093,2.46,20,0.01,184,28.8,7.09,0.0,0.174117647,0.829166667,0.0,0.034666667,0.0225,0.2706875,0.125384615,0.054166667,0.015,0.000103333,0.047619048,0.262857143,0.523636364,0.644545455
13815,Beef Products,"BEEF,CHUCK,BLADE RST,LN&FAT,1/8FAT,ALL GRDS,RAW","Beef, chuck, blade roast, separable lean and fat, trimmed to 1/8 fat, all grades, raw",Top Blade Steak,,,248,17.16,19.41,0.0,0.0,0.0,0.0,0.36,3.4,0.0,0.0,5,2.18,0.17,0.1,10,0.073,2.04,17,0.012,162,16.2,4.98,0.0,0.211764706,1.416666667,0.0,0.0,0.0125,0.13625,0.130769231,0.083333333,0.008333333,8.11111e-05,0.04047619,0.231428571,0.294545455,0.452727273
13816,Beef Products,"BEEF,CHUCK,BLADE RST,LN&FAT,1/8FAT,ALL GRDS,CKD,BRSD","Beef, chuck, blade roast, separable lean and fat, trimmed to 1/8 fat, all grades, cooked, braised",Top Blade Steak,,,341,26.78,25.12,0.0,0.0,0.0,0.0,0.26,2.29,0.0,0.2,5,2.43,0.24,0.07,13,0.126,3.13,19,0.016,202,24.6,8.41,0.0,0.152941176,0.954166667,0.0,0.013333333,0.0125,0.151875,0.184615385,0.058333333,0.010833333,0.00014,0.045238095,0.288571429,0.447272727,0.764545455
13817,Beef Products,"BEEF,CHUCK,BLADE RST,LN&FAT,1/8FAT,CHOIC,RAW","Beef, chuck, blade roast, separable lean and fat, trimmed to 1/8 fat, choice, raw","URMIS #1879, Top Blade Steak",,,265,16.98,21.31,0.0,0.0,0.0,0.0,0.35,3.36,0.0,0.0,5,2.17,0.17,0.09,10,0.072,2.01,17,0.012,160,16.2,4.9,0.0,0.205882353,1.4,0.0,0.0,0.0125,0.135625,0.130769231,0.075,0.008333333,8e-05,0.04047619,0.228571429,0.294545455,0.445454545
13818,Beef Products,"BEEF,CHUCK,BLADE RST,LN&FAT,1/8FAT,CHOIC,CKD,BRSD","Beef, chuck, blade roast, separable lean and fat, trimmed to 1/8 fat, choice, cooked, braised","URMIS #1879, Top Blade Steak",,,359,26.37,27.26,0.0,0.0,0.0,0.0,0.26,2.27,0.0,0.21,5,2.41,0.24,0.07,13,0.124,3.08,19,0.015,198,24.5,8.23,0.0,0.152941176,0.945833333,0.0,0.014,0.0125,0.150625,0.184615385,0.058333333,0.010833333,0.000137778,0.045238095,0.282857143,0.445454545,0.748181818
13819,Beef Products,"BEEF,CHUCK,BLADE RST,LN&FAT,1/8FAT,SEL,RAW","Beef, chuck, blade roast, separable lean and fat, trimmed to 1/8 fat, select, raw","URMIS #1064, Top Blade Steak",,,230,17.37,17.33,0.0,0.0,0.0,0.0,0.36,3.44,0.0,0.0,5,2.2,0.17,0.1,10,0.074,2.07,17,0.013,164,16.3,5.07,0.0,0.211764706,1.433333333,0.0,0.0,0.0125,0.1375,0.130769231,0.083333333,0.008333333,8.22222e-05,0.04047619,0.234285714,0.296363636,0.460909091
13820,Beef Products,"BEEF,CHUCK,BLADE RST,LN&FAT,1/8FAT,SEL,CKD,BRSD","Beef, chuck, blade roast, separable lean and fat, trimmed to 1/8 fat, select, cooked, braised","URMIS #1064, Top Blade Steak",,,318,27.33,22.35,0.0,0.0,0.0,0.0,0.26,2.31,0.0,0.0,5,2.46,0.25,0.07,13,0.129,3.2,20,0.016,206,24.7,8.65,0.0,0.152941176,0.9625,0.0,0.0,0.0125,0.15375,0.192307692,0.058333333,0.010833333,0.000143333,0.047619048,0.294285714,0.449090909,0.786363636
13821,Beef Products,"BEEF,CHK EYE RST,BNL,AMERICAS BF RST,LN,0 FAT,ALL GRD, CKD","Beef, chuck eye roast, boneless, Americas Beef Roast, separable lean only, trimmed to 0 fat, all grades, cooked, roasted","URMIS #1095, Beef, Chuck, Chuck Eye Rst, (Americas Beef Rst)",,,183,26.65,8.46,0.0,0.0,0.0,2.0,0.409,3.24,0.0,0.12,6,4.693,0.193,0.075,19,0.078,2.47,22,0.014,210,27.3,9.73,0.002222222,0.240588235,1.35,0.0,0.008,0.015,0.2933125,0.148461538,0.0625,0.015833333,8.66667e-05,0.052380952,0.3,0.496363636,0.884545455
13822,Beef Products,"BEEF,CHK EYE RST,BNLESS,AMERICAS BF RST,LN,0 FAT,CHOIC,CKD","Beef, chuck eye roast, boneless, Americas Beef Roast, separable lean only, trimmed to 0 fat, choice, cooked, roasted","URMIS #1095, Beef, Chuck, Chuck Eye Rst, (Americas Beef Rst)",,,190,26.41,9.36,0.0,0.0,0.0,1.0,0.399,3.46,0.0,0.14,6,4.593,0.197,0.08,18,0.08,2.52,22,0.014,211,27.0,9.93,0.001111111,0.234705882,1.441666667,0.0,0.009333333,0.015,0.2870625,0.151538462,0.066666667,0.015,8.88889e-05,0.052380952,0.301428571,0.490909091,0.902727273
13823,Beef Products,"BEEF,CHUCK EYE RST,BNLESS,AMERICAS BF RST,LN,0 FAT,SEL,CKD","Beef, chuck eye roast, boneless, Americas Beef Roast, separable lean only, trimmed to 0 fat, select, cooked, roasted","URMIS #1095, Beef, Chuck, ChuckEye Rst, (Americas Beef Rst)",,,172,27.02,7.12,0.0,0.0,0.0,2.0,0.413,2.85,0.0,0.08,7,4.65,0.19,0.07,20,0.074,2.42,22,0.014,209,28.7,9.56,0.002222222,0.242941176,1.1875,0.0,0.005333333,0.0175,0.290625,0.146153846,0.058333333,0.016666667,8.22222e-05,0.052380952,0.298571429,0.521818182,0.869090909
13824,Beef Products,"BEEF,RIB,WHL (RIBS 6-12),LN&FAT,1/8FAT,ALL GRDS,RAW","Beef, rib, whole (ribs 6-12), separable lean and fat, trimmed to 1/8 fat, all grades, raw",,,,306,16.53,26.1,0.0,0.0,0.0,0.0,0.31,2.82,0.0,0.0,5,2.8,0.13,0.08,9,0.059,1.74,16,0.012,156,16.2,3.73,0.0,0.182352941,1.175,0.0,0.0,0.0125,0.175,0.1,0.066666667,0.0075,6.55556e-05,0.038095238,0.222857143,0.294545455,0.339090909
13825,Beef Products,"BEEF,RIB,WHL (RIBS 6-12),LN&FAT,1/8FAT,ALL GRDS,CKD,BRLD","Beef, rib, whole (ribs 6-12), separable lean and fat, trimmed to 1/8 fat, all grades, cooked, broiled",,,,337,22.42,26.75,0.0,0.0,0.0,0.0,0.27,2.89,0.0,0.0,6,3.27,0.17,0.08,11,0.082,2.19,20,0.013,179,21.6,5.28,0.0,0.158823529,1.204166667,0.0,0.0,0.015,0.204375,0.130769231,0.066666667,0.009166667,9.11111e-05,0.047619048,0.255714286,0.392727273,0.48
13826,Beef Products,"BEEF,RIB,WHL (RIBS 6-12),LN&FAT,1/8FAT,ALL GRDS,CKD,RSTD","Beef, rib, whole (ribs 6-12), separable lean and fat, trimmed to 1/8 fat, all grades, cooked, roasted",,,,351,22.77,28.11,0.0,0.0,0.0,0.0,0.23,2.56,0.0,0.0,7,3.46,0.18,0.07,11,0.084,2.37,20,0.014,177,22.2,5.45,0.0,0.135294118,1.066666667,0.0,0.0,0.0175,0.21625,0.138461538,0.058333333,0.009166667,9.33333e-05,0.047619048,0.252857143,0.403636364,0.495454545
13827,Beef Products,"BEEF,RIB,WHL (RIBS 6-12),LN&FAT,1/8FAT,CHOIC,RAW","Beef, rib, whole (ribs 6-12), separable lean and fat, trimmed to 1/8 fat, choice, raw",,,,322,16.34,27.93,0.0,0.0,0.0,0.0,0.31,2.79,0.0,0.0,5,2.78,0.13,0.08,9,0.058,1.72,16,0.012,154,16.3,3.66,0.0,0.182352941,1.1625,0.0,0.0,0.0125,0.17375,0.1,0.066666667,0.0075,6.44444e-05,0.038095238,0.22,0.296363636,0.332727273
13828,Beef Products,"BEEF,RIB,WHL (RIBS 6-12),LN&FAT,1/8FAT,CHOIC,CKD,BRLD","Beef, rib, whole (ribs 6-12), separable lean and fat, trimmed to 1/8 fat, choice, cooked, broiled",,,,352,22.26,28.5,0.0,0.0,0.0,0.0,0.27,2.87,0.0,0.0,6,3.25,0.17,0.08,11,0.081,2.18,20,0.013,178,21.8,5.23,0.0,0.158823529,1.195833333,0.0,0.0,0.015,0.203125,0.130769231,0.066666667,0.009166667,9e-05,0.047619048,0.254285714,0.396363636,0.475454545
13829,Beef Products,"BEEF,RIB,WHL (RIBS 6-12),LN&FAT,1/8FAT,CHOIC,CKD,RSTD","Beef, rib, whole (ribs 6-12), separable lean and fat, trimmed to 1/8 fat, choice, cooked, roasted",,,,365,22.6,29.79,0.0,0.0,0.0,0.0,0.23,2.55,0.0,0.24,7,3.43,0.17,0.07,11,0.084,2.35,20,0.013,176,22.4,5.4,0.0,0.135294118,1.0625,0.0,0.016,0.0175,0.214375,0.130769231,0.058333333,0.009166667,9.33333e-05,0.047619048,0.251428571,0.407272727,0.490909091
13830,Beef Products,"BEEF,RIB,WHL (RIBS 6-12),LN&FAT,1/8FAT,SEL,RAW","Beef, rib, whole (ribs 6-12), separable lean and fat, trimmed to 1/8 fat, select, raw",,,,288,16.75,23.95,0.0,0.0,0.0,0.0,0.32,2.86,0.0,0.0,5,2.85,0.13,0.08,9,0.059,1.77,17,0.012,159,15.8,3.79,0.0,0.188235294,1.191666667,0.0,0.0,0.0125,0.178125,0.1,0.066666667,0.0075,6.55556e-05,0.04047619,0.227142857,0.287272727,0.344545455
13831,Beef Products,"BEEF,RIB,WHL (RIBS 6-12),LN&FAT,1/8FAT,SEL,CKD,BRLD","Beef, rib, whole (ribs 6-12), separable lean and fat, trimmed to 1/8 fat, select, cooked, broiled",,,,315,22.73,24.2,0.0,0.0,0.0,0.0,0.28,2.93,0.0,0.0,6,3.31,0.17,0.08,11,0.083,2.22,20,0.014,182,21.1,5.38,0.0,0.164705882,1.220833333,0.0,0.0,0.015,0.206875,0.130769231,0.066666667,0.009166667,9.22222e-05,0.047619048,0.26,0.383636364,0.489090909
13832,Beef Products,"BEEF,RIB,WHL (RIBS 6-12),LN&FAT,1/8FAT,SEL,CKD,RSTD","Beef, rib, whole (ribs 6-12), separable lean and fat, trimmed to 1/8 fat, select, cooked, roasted",,,,330,23.1,25.63,0.0,0.0,0.0,0.0,0.24,2.58,0.0,0.0,7,3.51,0.18,0.07,11,0.085,2.41,20,0.014,180,21.7,5.57,0.0,0.141176471,1.075,0.0,0.0,0.0175,0.219375,0.138461538,0.058333333,0.009166667,9.44444e-05,0.047619048,0.257142857,0.394545455,0.506363636
13833,Beef Products,"BEEF,RIB,WHL (RIBS 6-12),LN&FAT,1/8FAT,PRIME,RAW","Beef, rib, whole (ribs 6-12), separable lean and fat, trimmed to 1/8 fat, prime, raw",URMIS #1986,,,355,16.15,31.66,0.0,0.0,0.0,0.0,0.31,2.76,0.0,0.0,5,2.75,0.13,0.08,9,0.057,1.7,16,0.011,152,20.7,3.6,0.0,0.182352941,1.15,0.0,0.0,0.0125,0.171875,0.1,0.066666667,0.0075,6.33333e-05,0.038095238,0.217142857,0.376363636,0.327272727
13834,Beef Products,"BEEF,RIB,WHL (RIBS 6-12),LN&FAT,1/8FAT,PRIME,CKD,BRLD","Beef, rib, whole (ribs 6-12), separable lean and fat, trimmed to 1/8 fat, prime, cooked, broiled",URMIS #1986,,,386,21.95,32.38,0.0,0.0,0.0,0.0,0.3,2.84,0.0,0.0,6,3.19,0.18,0.08,11,0.081,2.13,20,0.014,169,27.7,5.19,0.0,0.176470588,1.183333333,0.0,0.0,0.015,0.199375,0.138461538,0.066666667,0.009166667,9e-05,0.047619048,0.241428571,0.503636364,0.471818182
13835,Beef Products,"BEEF,RIB,WHL (RIBS 6-12),LN&FAT,1/8FAT,PRIME,CKD,RSTD","Beef, rib, whole (ribs 6-12), separable lean and fat, trimmed to 1/8 fat, prime, cooked, roasted",URMIS #1986,,,400,22.57,33.7,0.0,0.0,0.0,0.0,0.26,2.56,0.0,0.0,7,3.4,0.18,0.07,11,0.083,2.17,20,0.013,175,28.4,5.39,0.0,0.152941176,1.066666667,0.0,0.0,0.0175,0.2125,0.138461538,0.058333333,0.009166667,9.22222e-05,0.047619048,0.25,0.516363636,0.49
13838,Beef Products,"BEEF,RIB,LRG END (RIBS 6-9),LN&FAT,1/8FAT,ALL GRDS,RAW","Beef, rib, large end (ribs 6-9), separable lean and fat, trimmed to 1/8 fat, all grades, raw",,,,316,16.26,27.29,0.0,0.0,0.0,0.0,0.29,2.71,0.0,0.0,5,2.61,0.13,0.08,8,0.059,1.71,16,0.012,153,15.8,3.75,0.0,0.170588235,1.129166667,0.0,0.0,0.0125,0.163125,0.1,0.066666667,0.006666667,6.55556e-05,0.038095238,0.218571429,0.287272727,0.340909091
13839,Beef Products,"BEEF,RIB,LRG END (RIBS 6-9),LN&FAT,1/8FAT,ALL GRDS,CKD,BRLD","Beef, rib, large end (ribs 6-9), separable lean and fat, trimmed to 1/8 fat, all grades, cooked, broiled",,,,338,21.55,27.22,0.0,0.0,0.0,0.0,0.23,2.89,0.0,0.0,6,2.78,0.16,0.07,10,0.079,2.19,19,0.013,182,21.0,5.07,0.0,0.135294118,1.204166667,0.0,0.0,0.015,0.17375,0.123076923,0.058333333,0.008333333,8.77778e-05,0.045238095,0.26,0.381818182,0.460909091
13840,Beef Products,"BEEF,RIB,LRG END (RIBS 6-9),LN&FAT,1/8FAT,ALL GRDS,CKD,RSTD","Beef, rib, large end (ribs 6-9), separable lean and fat, trimmed to 1/8 fat, all grades, cooked, roasted",,,,355,23.01,28.51,0.0,0.0,0.0,0.0,0.23,2.34,0.0,0.23,7,3.67,0.19,0.07,10,0.089,2.35,20,0.014,173,21.6,5.84,0.0,0.135294118,0.975,0.0,0.015333333,0.0175,0.229375,0.146153846,0.058333333,0.008333333,9.88889e-05,0.047619048,0.247142857,0.392727273,0.530909091
13841,Beef Products,"BEEF,RIB,LRG END (RIBS 6-9),LN&FAT,1/8FAT,CHOIC,RAW","Beef, rib, large end (ribs 6-9), separable lean and fat, trimmed to 1/8 fat, choice, raw",,,,333,16.03,29.34,0.0,0.0,0.0,0.0,0.29,2.67,0.0,0.0,5,2.57,0.13,0.08,8,0.058,1.68,15,0.011,150,15.7,3.67,0.0,0.170588235,1.1125,0.0,0.0,0.0125,0.160625,0.1,0.066666667,0.006666667,6.44444e-05,0.035714286,0.214285714,0.285454545,0.333636364
13842,Beef Products,"BEEF,RIB,LRG END (RIBS 6-9),LN&FAT,1/8FAT,CHOIC,CKD,BRLD","Beef, rib, large end (ribs 6-9), separable lean and fat, trimmed to 1/8 fat, choice, cooked, broiled",,,,370,20.86,31.18,0.0,0.0,0.0,0.0,0.23,2.81,0.0,0.0,5,2.7,0.16,0.07,10,0.076,2.12,18,0.013,175,21.0,4.83,0.0,0.135294118,1.170833333,0.0,0.0,0.0125,0.16875,0.123076923,0.058333333,0.008333333,8.44444e-05,0.042857143,0.25,0.381818182,0.439090909
13843,Beef Products,"BEEF,RIB,LRG END (RIBS 6-9),LN&FAT,1/8FAT,CHOIC,CKD,RSTD","Beef, rib, large end (ribs 6-9), separable lean and fat, trimmed to 1/8 fat, choice, cooked, roasted",,,,378,22.5,31.28,0.0,0.0,0.0,0.0,0.22,2.31,0.0,0.0,7,3.59,0.18,0.07,10,0.087,2.3,19,0.013,169,21.6,5.65,0.0,0.129411765,0.9625,0.0,0.0,0.0175,0.224375,0.138461538,0.058333333,0.008333333,9.66667e-05,0.045238095,0.241428571,0.392727273,0.513636364
13844,Beef Products,"BEEF,RIB,LRG END (RIBS 6-9),LN&FAT,1/8FAT,SEL,RAW","Beef, rib, large end (ribs 6-9), separable lean and fat, trimmed to 1/8 fat, select, raw",,,,295,16.52,24.85,0.0,0.0,0.0,0.0,0.29,2.75,0.0,0.0,5,2.64,0.14,0.08,8,0.06,1.74,16,0.012,155,15.9,3.84,0.0,0.170588235,1.145833333,0.0,0.0,0.0125,0.165,0.107692308,0.066666667,0.006666667,6.66667e-05,0.038095238,0.221428571,0.289090909,0.349090909
13845,Beef Products,"BEEF,RIB,LRG END (RIBS 6-9),LN&FAT,1/8FAT,SEL,CKD,BRLD","Beef, rib, large end (ribs 6-9), separable lean and fat, trimmed to 1/8 fat, select, cooked, broiled",,,,324,21.55,25.71,0.0,0.0,0.0,0.0,0.23,2.89,0.0,0.0,6,2.78,0.16,0.07,10,0.079,2.19,19,0.013,182,21.2,5.07,0.0,0.135294118,1.204166667,0.0,0.0,0.015,0.17375,0.123076923,0.058333333,0.008333333,8.77778e-05,0.045238095,0.26,0.385454545,0.460909091
13846,Beef Products,"BEEF,RIB,LRG END (RIBS 6-9),LN&FAT,1/8FAT,SEL,CKD,RSTD","Beef, rib, large end (ribs 6-9), separable lean and fat, trimmed to 1/8 fat, select, cooked, roasted",,,,333,23.4,25.84,0.0,0.0,0.0,0.0,0.23,2.37,0.0,0.0,8,3.74,0.19,0.07,9,0.09,2.39,20,0.014,176,21.7,5.98,0.0,0.135294118,0.9875,0.0,0.0,0.02,0.23375,0.146153846,0.058333333,0.0075,0.0001,0.047619048,0.251428571,0.394545455,0.543636364
13847,Beef Products,"BEEF,RIB,LRG END (RIBS 6-9),LN&FAT,1/8FAT,PRIME,RAW","Beef, rib, large end (ribs 6-9), separable lean and fat, trimmed to 1/8 fat, prime, raw",URMIS #2037,,,367,15.77,33.26,0.0,0.0,0.0,0.0,0.28,2.63,0.0,0.0,5,2.53,0.13,0.08,8,0.057,1.65,15,0.011,147,16.2,3.58,0.0,0.164705882,1.095833333,0.0,0.0,0.0125,0.158125,0.1,0.066666667,0.006666667,6.33333e-05,0.035714286,0.21,0.294545455,0.325454545
13848,Beef Products,"BEEF,RIB,LRG END (RIBS 6-9),LN&FAT,1/8FAT,PRIME,CKD,BRLD","Beef, rib, large end (ribs 6-9), separable lean and fat, trimmed to 1/8 fat, prime, cooked, broiled",URMIS #2037,,,404,20.65,34.97,0.0,0.0,0.0,0.0,0.27,2.79,0.0,0.0,6,2.64,0.17,0.07,10,0.076,2.08,19,0.013,164,21.6,4.87,0.0,0.158823529,1.1625,0.0,0.0,0.015,0.165,0.130769231,0.058333333,0.008333333,8.44444e-05,0.045238095,0.234285714,0.392727273,0.442727273
13849,Beef Products,"BEEF,RIB,LRG END (RIBS 6-9),LN&FAT,1/8FAT,PRIME,CKD,RSTD","Beef, rib, large end (ribs 6-9), separable lean and fat, trimmed to 1/8 fat, prime, cooked, roasted",URMIS #2037,,,393,22.86,32.74,0.0,0.0,0.0,0.0,0.23,2.34,0.0,0.0,7,3.65,0.19,0.07,10,0.088,2.33,20,0.014,172,22.1,5.78,0.0,0.135294118,0.975,0.0,0.0,0.0175,0.228125,0.146153846,0.058333333,0.008333333,9.77778e-05,0.047619048,0.245714286,0.401818182,0.525454545
13850,Beef Products,"BEEF,RIB,SML END (RIBS 10-12),LN&FAT,1/8FAT,ALL GRDS,RAW","Beef, rib, small end (ribs 10-12), separable lean and fat, trimmed to 1/8 fat, all grades, raw",Prime Rib,,,254,19.33,19.06,0.0,0.0,0.0,0.0,0.527,1.0,0.0,0.42,10,5.699,0.093,0.06,23,0.065,1.39,20,0.01,176,21.5,3.33,0.0,0.31,0.416666667,0.0,0.028,0.025,0.3561875,0.071538462,0.05,0.019166667,7.22222e-05,0.047619048,0.251428571,0.390909091,0.302727273
13851,Beef Products,"BEEF,RIB,SML END (RIBS 10-12),LN&FAT,1/8FAT,ALL GRDS,CKD,BR","Beef, rib, small end (ribs 10-12), separable lean and fat, trimmed to 1/8 fat, all grades, cooked, broiled",Prime Rib,,,291,25.85,20.04,0.0,0.0,0.0,0.0,0.541,1.52,0.0,0.49,8,6.881,0.125,0.07,19,0.078,1.66,22,0.009,201,28.0,4.67,0.0,0.318235294,0.633333333,0.0,0.032666667,0.02,0.4300625,0.096153846,0.058333333,0.015833333,8.66667e-05,0.052380952,0.287142857,0.509090909,0.424545455
13852,Beef Products,"BEEF,RIB,SML END (RIBS 10-12),LN&FAT,1/8FAT,ALL GRDS,CKD,RS","Beef, rib, small end (ribs 10-12), separable lean and fat, trimmed to 1/8 fat, all grades, cooked, roasted",Prime Rib,,,341,22.54,27.14,0.0,0.0,0.0,0.0,0.24,2.88,0.0,0.0,6,3.16,0.16,0.06,13,0.078,2.42,20,0.014,183,21.9,4.93,0.0,0.141176471,1.2,0.0,0.0,0.015,0.1975,0.123076923,0.05,0.010833333,8.66667e-05,0.047619048,0.261428571,0.398181818,0.448181818
13853,Beef Products,"BEEF,RIB,SML END (RIBS 10-12),LN&FAT,1/8FAT,CHOIC,RAW","Beef, rib, small end (ribs 10-12), separable lean and fat, trimmed to 1/8 fat, choice, raw",Prime Rib,,,263,19.09,20.13,0.0,0.0,0.0,0.0,0.514,1.06,0.0,0.43,10,6.157,0.081,0.051,24,0.063,1.38,19,0.012,172,20.7,3.38,0.0,0.302352941,0.441666667,0.0,0.028666667,0.025,0.3848125,0.062307692,0.0425,0.02,7e-05,0.045238095,0.245714286,0.376363636,0.307272727
13854,Beef Products,"BEEF,RIB,SML END (RIBS 10-12),LN&FAT,1/8FAT,CHOIC,CKD,BRLD","Beef, rib, small end (ribs 10-12), separable lean and fat, trimmed to 1/8 fat, choice, cooked, broiled",Prime Rib,,,304,24.53,22.09,0.0,0.0,0.0,0.0,0.489,1.62,0.0,0.5,8,6.653,0.108,0.061,16,0.08,1.64,20,0.009,183,26.4,4.37,0.0,0.287647059,0.675,0.0,0.033333333,0.02,0.4158125,0.083076923,0.050833333,0.013333333,8.88889e-05,0.047619048,0.261428571,0.48,0.397272727
13855,Beef Products,"BEEF,RIB,SML END (RIBS 10-12),LN&FAT,1/8FAT,CHOIC,CKD,RSTD","Beef, rib, small end (ribs 10-12), separable lean and fat, trimmed to 1/8 fat, choice, cooked, roasted",Prime Rib,,,359,22.28,29.21,0.0,0.0,0.0,0.0,0.24,2.85,0.0,0.0,6,3.13,0.16,0.06,13,0.077,2.39,20,0.013,181,21.9,4.86,0.0,0.141176471,1.1875,0.0,0.0,0.015,0.195625,0.123076923,0.05,0.010833333,8.55556e-05,0.047619048,0.258571429,0.398181818,0.441818182
13856,Beef Products,"BEEF,RIB,SML END (RIBS 10-12),LN&FAT,1/8FAT,SEL,RAW","Beef, rib, small end (ribs 10-12), separable lean and fat, trimmed to 1/8 fat, select, raw",Prime Rib,,,246,19.56,18.0,0.0,0.0,0.0,0.0,0.54,0.93,0.0,0.4,10,5.228,0.106,0.07,22,0.067,1.4,20,0.009,180,22.4,3.28,0.0,0.317647059,0.3875,0.0,0.026666667,0.025,0.32675,0.081538462,0.058333333,0.018333333,7.44444e-05,0.047619048,0.257142857,0.407272727,0.298181818
13857,Beef Products,"BEEF,RIB,SML END (RIBS 10-12),LN&FAT,1/8FAT,SEL,CKD,BRLD","Beef, rib, small end (ribs 10-12), separable lean and fat, trimmed to 1/8 fat, select, cooked, broiled",Prime Rib,,,278,27.17,18.0,0.0,0.0,0.0,0.0,0.595,1.41,0.0,0.49,8,7.098,0.142,0.079,22,0.075,1.67,23,0.009,219,29.6,4.97,0.0,0.35,0.5875,0.0,0.032666667,0.02,0.443625,0.109230769,0.065833333,0.018333333,8.33333e-05,0.054761905,0.312857143,0.538181818,0.451818182
13858,Beef Products,"BEEF,RIB,SML END (RIBS 10-12),LN&FAT,1/8FAT,SEL,CKD,RSTD","Beef, rib, small end (ribs 10-12), separable lean and fat, trimmed to 1/8 fat, select, cooked, roasted",Prime Rib,,,323,22.76,25.02,0.0,0.0,0.0,0.0,0.24,2.9,0.0,0.0,6,3.19,0.16,0.06,13,0.078,2.44,20,0.014,185,22.0,5.0,0.0,0.141176471,1.208333333,0.0,0.0,0.015,0.199375,0.123076923,0.05,0.010833333,8.66667e-05,0.047619048,0.264285714,0.4,0.454545455
13859,Beef Products,"BEEF,RIB,SML END (RIBS 10-12),LN&FAT,1/8FAT,PRIME,RAW","Beef, rib, small end (ribs 10-12), separable lean and fat, trimmed to 1/8 fat, prime, raw","URMIS #2054, Prime Rib",,,335,16.74,29.18,0.0,0.0,0.0,0.0,0.35,2.97,0.0,0.0,5,3.08,0.13,0.08,10,0.057,1.77,17,0.012,160,16.3,3.62,0.0,0.205882353,1.2375,0.0,0.0,0.0125,0.1925,0.1,0.066666667,0.008333333,6.33333e-05,0.04047619,0.228571429,0.296363636,0.329090909
13860,Beef Products,"BEEF,RIB,SML END (RIBS 10-12),LN&FAT,1/8FAT,PRIME,CKD,BRLD","Beef, rib, small end (ribs 10-12), separable lean and fat, trimmed to 1/8 fat, prime, cooked, broiled","URMIS #2054, Prime Rib",,,354,24.13,27.86,0.0,0.0,0.0,0.0,0.34,2.94,0.0,0.0,7,4.07,0.19,0.09,13,0.088,2.23,22,0.014,178,21.7,5.73,0.0,0.2,1.225,0.0,0.0,0.0175,0.254375,0.146153846,0.075,0.010833333,9.77778e-05,0.052380952,0.254285714,0.394545455,0.520909091
13861,Beef Products,"BEEF,RIB,SML END (RIBS 10-12),LN&FAT,1/8FAT,PRIME,CKD,RSTD","Beef, rib, small end (ribs 10-12), separable lean and fat, trimmed to 1/8 fat, prime, cooked, roasted","URMIS #2054, Prime Rib",,,411,22.15,35.12,0.0,0.0,0.0,0.0,0.3,2.87,0.0,0.0,7,3.04,0.17,0.06,13,0.076,1.95,20,0.013,178,22.3,4.82,0.0,0.176470588,1.195833333,0.0,0.0,0.0175,0.19,0.130769231,0.05,0.010833333,8.44444e-05,0.047619048,0.254285714,0.405454545,0.438181818
13862,Beef Products,"BEEF,SHLDR TOP BLDE STK,BNLS,LN & FAT,0 FAT,SEL,CKD,G","Beef, shoulder top blade steak, boneless, separable lean and fat, trimmed to 0 fat, select, cooked, grilled",URMIS #1144,,,194,27.7,9.29,0.0,0.0,0.0,7.0,0.395,5.28,0.0,0.12,7,4.471,0.306,0.099,14,0.111,3.02,24,0.015,224,31.9,9.71,0.007777778,0.232352941,2.2,0.0,0.008,0.0175,0.2794375,0.235384615,0.0825,0.011666667,0.000123333,0.057142857,0.32,0.58,0.882727273
13863,Beef Products,"BEEF,SHLDR TOP BLADE STEAK,BNLS,LN & FAT,0 FAT,ALL GRDS,RAW","Beef, shoulder top blade steak, boneless, separable lean and fat, trimmed to 0 fat, all grades, raw",URMIS #1144,,,146,20.16,7.25,0.0,0.0,0.0,3.0,0.404,4.33,0.0,0.17,3,3.865,0.256,0.095,12,0.095,2.49,19,0.01,201,22.6,7.55,0.003333333,0.237647059,1.804166667,0.0,0.011333333,0.0075,0.2415625,0.196923077,0.079166667,0.01,0.000105556,0.045238095,0.287142857,0.410909091,0.686363636
13864,Beef Products,"BEEF,RND,FULL CUT,LN&FAT,1/8FAT,CHOIC,RAW","Beef, round, full cut, separable lean and fat, trimmed to 1/8 fat, choice, raw",URMIS #2316,,,195,20.56,11.92,0.0,0.0,0.0,0.0,0.47,2.82,0.0,0.18,8,3.74,0.17,0.1,4,0.075,1.99,22,0.013,199,19.6,3.24,0.0,0.276470588,1.175,0.0,0.012,0.02,0.23375,0.130769231,0.083333333,0.003333333,8.33333e-05,0.052380952,0.284285714,0.356363636,0.294545455
13865,Beef Products,"BEEF,RND,FULL CUT,LN&FAT,1/8FAT,CHOIC,CKD,BRLD","Beef, round, full cut, separable lean and fat, trimmed to 1/8 fat, choice, cooked, broiled",URMIS #2316,,,235,27.54,12.98,0.0,0.0,0.0,0.0,0.38,3.03,0.0,0.16,9,4.02,0.21,0.09,6,0.101,2.55,26,0.015,240,27.3,4.35,0.0,0.223529412,1.2625,0.0,0.010666667,0.0225,0.25125,0.161538462,0.075,0.005,0.000112222,0.061904762,0.342857143,0.496363636,0.395454545
13866,Beef Products,"BEEF,RND,FULL CUT,LN&FAT,1/8FAT,SEL,RAW","Beef, round, full cut, separable lean and fat, trimmed to 1/8 fat, select, raw",URMIS #1501,,,184,20.56,10.68,0.0,0.0,0.0,0.0,0.47,2.82,0.0,0.0,8,3.74,0.18,0.1,4,0.075,2.0,22,0.013,199,19.7,3.24,0.0,0.276470588,1.175,0.0,0.0,0.02,0.23375,0.138461538,0.083333333,0.003333333,8.33333e-05,0.052380952,0.284285714,0.358181818,0.294545455
13867,Beef Products,"BEEF,RND,FULL CUT,LN&FAT,1/8FAT,SEL,CKD,BRLD","Beef, round, full cut, separable lean and fat, trimmed to 1/8 fat, select, cooked, broiled",URMIS #1501,,,218,27.58,11.08,0.0,0.0,0.0,0.0,0.38,3.03,0.0,0.0,9,4.02,0.21,0.1,6,0.101,2.56,26,0.015,240,27.4,4.36,0.0,0.223529412,1.2625,0.0,0.0,0.0225,0.25125,0.161538462,0.083333333,0.005,0.000112222,0.061904762,0.342857143,0.498181818,0.396363636
13868,Beef Products,"BEEF,RND,BTTM RND,STEAK,LN & FAT,1/8 FAT,ALL GRDS,RAW","Beef, round, bottom round, steak, separable lean and fat, trimmed to 1/8 fat, all grades, raw",,,,192,20.7,11.54,0.0,0.0,0.0,0.0,0.613,1.49,0.0,0.35,11,6.183,0.126,0.082,20,0.091,1.74,22,0.013,199,24.8,3.82,0.0,0.360588235,0.620833333,0.0,0.023333333,0.0275,0.3864375,0.096923077,0.068333333,0.016666667,0.000101111,0.052380952,0.284285714,0.450909091,0.347272727
13869,Beef Products,"BEEF,RND,BTTM RND,STEAK,LN & FAT,1/8 FAT,ALL GRDS,CKD,BRSD","Beef, round, bottom round, steak, separable lean and fat, trimmed to 1/8 fat, all grades, cooked, braised",,,,247,32.76,11.87,0.0,0.0,0.0,0.0,0.43,1.82,0.0,0.48,10,5.726,0.174,0.075,8,0.078,2.67,21,0.011,204,33.5,5.49,0.0,0.252941176,0.758333333,0.0,0.032,0.025,0.357875,0.133846154,0.0625,0.006666667,8.66667e-05,0.05,0.291428571,0.609090909,0.499090909
13870,Beef Products,"BEEF,RND,BTTM RND,RST,LN & FAT,1/8 FAT,ALL GRDS,CKD,RSTD","Beef, round, bottom round, roast, separable lean and fat, trimmed to 1/8 fat, all grades, cooked, roasted",,,,218,26.41,11.64,0.0,0.0,0.0,0.0,0.347,1.47,0.0,0.41,8,4.616,0.141,0.061,6,0.063,2.16,17,0.009,164,27.0,4.43,0.0,0.204117647,0.6125,0.0,0.027333333,0.02,0.2885,0.108461538,0.050833333,0.005,7e-05,0.04047619,0.234285714,0.490909091,0.402727273
13871,Beef Products,"BEEF,RND,BTTM RND,STEAK,LN & FAT,1/8 FAT,CHOIC,RAW","Beef, round, bottom round, steak, separable lean and fat, trimmed to 1/8 fat, choice, raw",URMIS #2279,,,198,20.71,12.15,0.0,0.0,0.0,0.0,0.611,1.76,0.0,0.36,11,6.294,0.143,0.079,16,0.092,1.84,22,0.013,197,25.0,3.8,0.0,0.359411765,0.733333333,0.0,0.024,0.0275,0.393375,0.11,0.065833333,0.013333333,0.000102222,0.052380952,0.281428571,0.454545455,0.345454545
13872,Beef Products,"BEEF,RND,BTTM RND,STEAK,LN & FAT,1/8 FAT,CHOIC,CKD,BRSD","Beef, round, bottom round, steak, separable lean and fat, trimmed to 1/8 fat, choice, cooked, braised",URMIS #2279,,,254,32.85,12.56,0.0,0.0,0.0,0.0,0.432,1.97,0.0,0.49,10,5.939,0.185,0.068,7,0.071,2.7,21,0.011,199,34.4,5.4,0.0,0.254117647,0.820833333,0.0,0.032666667,0.025,0.3711875,0.142307692,0.056666667,0.005833333,7.88889e-05,0.05,0.284285714,0.625454545,0.490909091
13873,Beef Products,"BEEF,RND,BTTM RND,RST,LN & FAT,1/8 FAT,CHOIC,CKD,RSTD","Beef, round, bottom round, roast, separable lean and fat, trimmed to 1/8 fat, choice, cooked, roasted",URMIS #2279,,,223,26.05,12.44,0.0,0.0,0.0,0.0,0.342,1.56,0.0,0.41,8,4.71,0.146,0.054,6,0.057,2.15,17,0.009,159,27.4,4.31,0.0,0.201176471,0.65,0.0,0.027333333,0.02,0.294375,0.112307692,0.045,0.005,6.33333e-05,0.04047619,0.227142857,0.498181818,0.391818182
13874,Beef Products,"BEEF,RND,BTTM RND,STEAK,LN & FAT,1/8 FAT,SEL,RAW","Beef, round, bottom round, steak, separable lean and fat, trimmed to 1/8 fat, select, raw",URMIS #1464,,,187,20.68,10.93,0.0,0.0,0.0,0.0,0.615,1.23,0.0,0.35,11,6.071,0.11,0.084,23,0.089,1.63,22,0.013,201,24.7,3.85,0.0,0.361764706,0.5125,0.0,0.023333333,0.0275,0.3794375,0.084615385,0.07,0.019166667,9.88889e-05,0.052380952,0.287142857,0.449090909,0.35
13875,Beef Products,"BEEF,RND,BTTM RND,STEAK,LN & FAT,1/8 FAT,SEL,CKD,BRSD","Beef, round, bottom round, steak, separable lean and fat, trimmed to 1/8 fat, select, cooked, braised",URMIS #1464,,,240,32.67,11.19,0.0,0.0,0.0,0.0,0.429,1.67,0.0,0.47,10,5.512,0.164,0.082,8,0.085,2.64,22,0.012,208,32.6,5.58,0.0,0.252352941,0.695833333,0.0,0.031333333,0.025,0.3445,0.126153846,0.068333333,0.006666667,9.44444e-05,0.052380952,0.297142857,0.592727273,0.507272727
13876,Beef Products,"BEEF,RND,BTTM RND,RST,LN & FAT,1/8 FAT,SEL,CKD,RSTD","Beef, round, bottom round, roast, separable lean and fat, trimmed to 1/8 fat, select, cooked, roasted",URMIS #1464,,,212,26.77,10.85,0.0,0.0,0.0,0.0,0.352,1.37,0.0,0.4,8,4.517,0.134,0.067,7,0.069,2.16,18,0.01,170,26.6,4.56,0.0,0.207058824,0.570833333,0.0,0.026666667,0.02,0.2823125,0.103076923,0.055833333,0.005833333,7.66667e-05,0.042857143,0.242857143,0.483636364,0.414545455
13877,Beef Products,"BEEF,RND,EYE OF RND,RST,LN & FAT,1/8 FAT,ALL GRDS,RAW","Beef, round, eye of round, roast, separable lean and fat, trimmed to 1/8 fat, all grades, raw",,,,166,21.49,8.24,0.0,0.0,0.0,0.0,0.637,1.55,0.0,0.33,12,6.42,0.131,0.085,20,0.094,1.81,23,0.013,207,25.8,3.98,0.0,0.374705882,0.645833333,0.0,0.022,0.03,0.40125,0.100769231,0.070833333,0.016666667,0.000104444,0.054761905,0.295714286,0.469090909,0.361818182
13878,Beef Products,"BEEF,RND,EYE OF RND,RST,LN & FAT,1/8 FAT,ALL GRDS,CKD,RSTD","Beef, round, eye of round, roast, separable lean and fat, trimmed to 1/8 fat, all grades, cooked, roasted",,,,208,28.31,9.65,0.0,0.0,0.0,0.0,0.372,1.57,0.0,0.41,9,4.947,0.151,0.065,7,0.067,2.29,18,0.01,174,28.7,4.7,0.0,0.218823529,0.654166667,0.0,0.027333333,0.0225,0.3091875,0.116153846,0.054166667,0.005833333,7.44444e-05,0.042857143,0.248571429,0.521818182,0.427272727
13879,Beef Products,"BEEF,RND,EYE OF RND,RST,LN & FAT,1/8 FAT,CHOIC,RAW","Beef, round, eye of round, roast, separable lean and fat, trimmed to 1/8 fat, choice, raw",URMIS #2295,,,173,21.68,8.91,0.0,0.0,0.0,0.0,0.64,1.84,0.0,0.33,12,6.59,0.149,0.083,16,0.096,1.92,23,0.013,206,26.1,3.97,0.0,0.376470588,0.766666667,0.0,0.022,0.03,0.411875,0.114615385,0.069166667,0.013333333,0.000106667,0.054761905,0.294285714,0.474545455,0.360909091
13880,Beef Products,"BEEF,RND,EYE OF RND,RST,LN & FAT,1/8 FAT,CHOIC,CKD,RSTD","Beef, round, eye of round, roast, separable lean and fat, trimmed to 1/8 fat, choice, cooked, roasted",URMIS #2295,,,212,28.48,10.05,0.0,0.0,0.0,0.0,0.374,1.71,0.0,0.41,9,5.149,0.16,0.059,6,0.061,2.33,18,0.01,171,29.6,4.65,0.0,0.22,0.7125,0.0,0.027333333,0.0225,0.3218125,0.123076923,0.049166667,0.005,6.77778e-05,0.042857143,0.244285714,0.538181818,0.422727273
13881,Beef Products,"BEEF,RND,EYE OF RND,RST,LN & FAT,1/8 FAT,SEL,RAW","Beef, round, eye of round, roast, separable lean and fat, trimmed to 1/8 fat, select, raw",URMIS #1480,,,159,21.3,7.57,0.0,0.0,0.0,0.0,0.633,1.27,0.0,0.32,11,6.252,0.113,0.087,24,0.092,1.69,23,0.013,208,25.6,3.98,0.0,0.372352941,0.529166667,0.0,0.021333333,0.0275,0.39075,0.086923077,0.0725,0.02,0.000102222,0.054761905,0.297142857,0.465454545,0.361818182
13882,Beef Products,"BEEF,RND,EYE OF RND,RST,LN & FAT,1/8 FAT,SEL,CKD,RSTD","Beef, round, eye of round, roast, separable lean and fat, trimmed to 1/8 fat, select, cooked, roasted",URMIS #1480,,,204,28.13,9.26,0.0,0.0,0.0,0.0,0.369,1.44,0.0,0.4,9,4.747,0.141,0.071,7,0.072,2.24,18,0.01,177,27.7,4.74,0.0,0.217058824,0.6,0.0,0.026666667,0.0225,0.2966875,0.108461538,0.059166667,0.005833333,8e-05,0.042857143,0.252857143,0.503636364,0.430909091
13883,Beef Products,"BEEF,RND,TIP RND,LN&FAT,1/8FAT,ALL GRDS,RAW","Beef, round, tip round, separable lean and fat, trimmed to 1/8 fat, all grades, raw",,,,189,19.6,11.67,0.0,0.0,0.0,0.0,0.41,3.01,0.0,0.0,7,3.16,0.18,0.11,5,0.076,2.0,22,0.013,193,19.6,4.41,0.0,0.241176471,1.254166667,0.0,0.0,0.0175,0.1975,0.138461538,0.091666667,0.004166667,8.44444e-05,0.052380952,0.275714286,0.356363636,0.400909091
13884,Beef Products,"BEEF,RND,TIP RND,RST,LN & FAT,1/8 FAT,ALL GRDS,CKD,RSTD","Beef, round, tip round, roast, separable lean and fat, trimmed to 1/8 fat, all grades, cooked, roasted",,,,219,27.45,11.34,0.0,0.0,0.0,0.0,0.38,2.8,0.0,0.17,8,3.59,0.26,0.09,6,0.119,2.81,26,0.016,230,26.8,6.67,0.0,0.223529412,1.166666667,0.0,0.011333333,0.02,0.224375,0.2,0.075,0.005,0.000132222,0.061904762,0.328571429,0.487272727,0.606363636
13885,Beef Products,"BEEF,RND,TIP RND,LN&FAT,1/8FAT,CHOIC,RAW","Beef, round, tip round, separable lean and fat, trimmed to 1/8 fat, choice, raw",URMIS # 2340,,,199,19.48,12.83,0.0,0.0,0.0,0.0,0.41,3.0,0.0,0.0,7,3.14,0.18,0.11,5,0.076,1.99,21,0.013,192,19.6,4.37,0.0,0.241176471,1.25,0.0,0.0,0.0175,0.19625,0.138461538,0.091666667,0.004166667,8.44444e-05,0.05,0.274285714,0.356363636,0.397272727
13886,Beef Products,"BEEF,RND,TIP RND,RST,LN & FAT,1/8 FAT,CHOIC,CKD,RSTD","Beef, round, tip round, roast, separable lean and fat, trimmed to 1/8 fat, choice, cooked, roasted",URMIS # 2340,,,228,27.27,12.34,0.0,0.0,0.0,0.0,0.38,2.79,0.0,0.18,8,3.57,0.25,0.09,6,0.119,2.79,25,0.016,229,26.8,6.62,0.0,0.223529412,1.1625,0.0,0.012,0.02,0.223125,0.192307692,0.075,0.005,0.000132222,0.05952381,0.327142857,0.487272727,0.601818182
13887,Beef Products,"BEEF,RND,TIP RND,LN&FAT,1/8FAT,SEL,RAW","Beef, round, tip round, separable lean and fat, trimmed to 1/8 fat, select, raw",URMIS # 1525,,,178,19.74,10.39,0.0,0.0,0.0,0.0,0.41,3.03,0.0,0.0,7,3.18,0.18,0.11,5,0.077,2.02,22,0.013,195,19.6,4.45,0.0,0.241176471,1.2625,0.0,0.0,0.0175,0.19875,0.138461538,0.091666667,0.004166667,8.55556e-05,0.052380952,0.278571429,0.356363636,0.404545455
13888,Beef Products,"BEEF,RND,TIP RND,RST,LN & FAT,1/8 FAT,SEL,CKD,RSTD","Beef, round, tip round, roast, separable lean and fat, trimmed to 1/8 fat, select, cooked, roasted",URMIS # 1525,,,210,27.63,10.24,0.0,0.0,0.0,0.0,0.38,2.81,0.0,0.14,8,3.61,0.26,0.09,6,0.12,2.83,26,0.016,232,26.9,6.73,0.0,0.223529412,1.170833333,0.0,0.009333333,0.02,0.225625,0.2,0.075,0.005,0.000133333,0.061904762,0.331428571,0.489090909,0.611818182
13889,Beef Products,"BEEF,SHLDR TOP BLADE STEAK,BNLESS,LN & FAT,0 FAT,CHOIC,RAW","Beef, shoulder top blade steak, boneless, separable lean and fat, trimmed to 0 fat, choice, raw",URMIS #1144,,,152,20.07,7.94,0.0,0.0,0.0,3.0,0.414,4.29,0.0,0.16,3,3.793,0.245,0.08,12,0.093,2.5,19,0.01,199,22.2,7.53,0.003333333,0.243529412,1.7875,0.0,0.010666667,0.0075,0.2370625,0.188461538,0.066666667,0.01,0.000103333,0.045238095,0.284285714,0.403636364,0.684545455
13890,Beef Products,"BEEF,RND,TOP RND,LN,1/8 FAT,CHOIC,CKD,PAN-FRIED","Beef, round, top round, separable lean only, trimmed to 1/8 fat, choice, cooked, pan-fried","URMIS #2368, Round Steak, London Broil, Minute Steak",,,228,33.93,8.33,2.03,0.0,0.0,0.0,0.582,3.9,0.0,0.17,14,5.394,0.315,0.12,6,0.129,3.4,35,0.02,286,34.5,4.58,0.0,0.342352941,1.625,0.0,0.011333333,0.035,0.337125,0.242307692,0.1,0.005,0.000143333,0.083333333,0.408571429,0.627272727,0.416363636
13891,Beef Products,"BEEF,RND,TOP RND,STEAK,LN & FAT,1/8 FAT,ALL GRDS,RAW","Beef, round, top round, steak, separable lean and fat, trimmed to 1/8 fat, all grades, raw","London Broil, Round Steak, Minute Steak",,,166,22.06,7.93,0.0,0.0,0.0,0.0,0.653,1.59,0.0,0.33,12,6.589,0.135,0.087,21,0.097,1.85,24,0.013,212,26.5,4.08,0.0,0.384117647,0.6625,0.0,0.022,0.03,0.4118125,0.103846154,0.0725,0.0175,0.000107778,0.057142857,0.302857143,0.481818182,0.370909091
13892,Beef Products,"BEEF,RND,TOP RND,LN&FAT,1/8FAT,ALL GRDS,CKD,BRSD","Beef, round, top round, separable lean and fat, trimmed to 1/8 fat, all grades, cooked, braised","London Broil, Round Steak, Minute Steak",,,238,34.34,10.13,0.0,0.0,0.0,0.0,0.27,2.62,0.0,0.17,9,3.65,0.24,0.07,5,0.118,3.16,24,0.017,215,32.5,4.34,0.0,0.158823529,1.091666667,0.0,0.011333333,0.0225,0.228125,0.184615385,0.058333333,0.004166667,0.000131111,0.057142857,0.307142857,0.590909091,0.394545455
13893,Beef Products,"BEEF,RND,TOP RND STEAK,LN & FAT,1/8 FAT,ALL GRDS,CKD,BRLD","Beef, round, top round steak, separable lean and fat, trimmed to 1/8 fat, all grades, cooked, broiled","London Broil, Round Steak, Minute Steak",,,204,30.67,9.0,0.0,0.0,0.0,0.0,0.403,1.71,0.0,0.43,10,5.36,0.163,0.07,7,0.074,2.53,20,0.011,193,31.7,5.2,0.0,0.237058824,0.7125,0.0,0.028666667,0.025,0.335,0.125384615,0.058333333,0.005833333,8.22222e-05,0.047619048,0.275714286,0.576363636,0.472727273
13894,Beef Products,"BEEF,RND,TOP RND,STEAK,LN & FAT,1/8 FAT,CHOIC,RAW","Beef, round, top round, steak, separable lean and fat, trimmed to 1/8 fat, choice, raw","URMIS #2368, Round Steak, London Broil, Minute Steak",,,168,21.94,8.19,0.0,0.0,0.0,0.0,0.648,1.86,0.0,0.33,12,6.667,0.151,0.084,17,0.098,1.97,24,0.013,211,26.7,4.06,0.0,0.381176471,0.775,0.0,0.022,0.03,0.4166875,0.116153846,0.07,0.014166667,0.000108889,0.057142857,0.301428571,0.485454545,0.369090909
13895,Beef Products,"BEEF,RND,TOP RND,LN&FAT,1/8FAT,CHOIC,CKD,BRSD","Beef, round, top round, separable lean and fat, trimmed to 1/8 fat, choice, cooked, braised","URMIS #2368, Round Steak, London Broil, Minute Steak",,,250,34.09,11.61,0.0,0.0,0.0,0.0,0.27,2.61,0.0,0.0,9,3.63,0.24,0.07,5,0.118,3.14,24,0.017,214,32.5,4.31,0.0,0.158823529,1.0875,0.0,0.0,0.0225,0.226875,0.184615385,0.058333333,0.004166667,0.000131111,0.057142857,0.305714286,0.590909091,0.391818182
13896,Beef Products,"BEEF,RND,TOP RND,STEAK,LN & FAT,1/8 FAT,CHOIC,CKD,BRLD","Beef, round, top round, steak, separable lean and fat, trimmed to 1/8 fat, choice, cooked, broiled","URMIS #2368, Round Steak, London Broil, Minute Steak",,,224,30.7,10.27,0.0,0.0,0.0,0.0,0.403,1.84,0.0,0.44,10,5.55,0.173,0.064,7,0.067,2.54,20,0.011,187,32.4,5.09,0.0,0.237058824,0.766666667,0.0,0.029333333,0.025,0.346875,0.133076923,0.053333333,0.005833333,7.44444e-05,0.047619048,0.267142857,0.589090909,0.462727273
13897,Beef Products,"BEEF,RND,TOP RND,LN&FAT,1/8FAT,CHOIC,CKD,PAN-FRIED","Beef, round, top round, separable lean and fat, trimmed to 1/8 fat, choice, cooked, pan-fried","URMIS #2368, Round Steak, London Broil, Minute Steak",,,266,32.99,13.83,0.0,0.0,0.0,0.0,0.57,3.28,0.0,0.18,12,5.15,0.26,0.11,6,0.124,2.97,33,0.019,274,32.0,4.35,0.0,0.335294118,1.366666667,0.0,0.012,0.03,0.321875,0.2,0.091666667,0.005,0.000137778,0.078571429,0.391428571,0.581818182,0.395454545
13898,Beef Products,"BEEF,RND,TOP RND,STEAK,LN & FAT,1/8 FAT,SEL,RAW","Beef, round, top round, steak, separable lean and fat, trimmed to 1/8 fat, select, raw","URMIS #1553, Round Steak, London Broil, Minute Steak",,,164,22.18,7.68,0.0,0.0,0.0,0.0,0.659,1.32,0.0,0.3,12,6.51,0.118,0.09,25,0.095,1.74,24,0.013,214,26.3,4.1,0.0,0.387647059,0.55,0.0,0.02,0.03,0.406875,0.090769231,0.075,0.020833333,0.000105556,0.057142857,0.305714286,0.478181818,0.372727273
13899,Beef Products,"BEEF,RND,TOP RND,LN&FAT,1/8FAT,SEL,CKD,BRSD","Beef, round, top round, separable lean and fat, trimmed to 1/8 fat, select, cooked, braised","URMIS #1553, Round Steak, London Broil, Minute Steak",,,225,34.6,8.54,0.0,0.0,0.0,0.0,0.27,2.64,0.0,0.0,9,3.67,0.24,0.07,4,0.119,3.18,25,0.017,217,32.5,4.37,0.0,0.158823529,1.1,0.0,0.0,0.0225,0.229375,0.184615385,0.058333333,0.003333333,0.000132222,0.05952381,0.31,0.590909091,0.397272727
13900,Beef Products,"BEEF,RND,TOP RND,STEAK,LN & FAT,1/8 FAT,SEL,CKD,BRLD","Beef, round, top round, steak, separable lean and fat, trimmed to 1/8 fat, select, cooked, broiled","URMIS #1553, Round Steak, London Broil, Minute Steak",,,201,30.63,7.73,0.0,0.0,0.0,0.0,0.402,1.57,0.0,0.42,10,5.169,0.154,0.077,8,0.081,2.52,21,0.011,198,31.0,5.31,0.0,0.236470588,0.654166667,0.0,0.028,0.025,0.3230625,0.118461538,0.064166667,0.006666667,9e-05,0.05,0.282857143,0.563636364,0.482727273
13901,Beef Products,"BEEF,RND,TOP RND,LN&FAT,1/8FAT,PRIME,RAW","Beef, round, top round, separable lean and fat, trimmed to 1/8 fat, prime, raw","URMIS #2368, Round Steak, London Broil, Minute Steak",,,173,22.24,8.67,0.0,0.0,0.0,0.0,0.5,2.79,0.0,0.0,9,4.25,0.18,0.1,3,0.08,2.04,24,0.014,213,20.5,2.8,0.0,0.294117647,1.1625,0.0,0.0,0.0225,0.265625,0.138461538,0.083333333,0.0025,8.88889e-05,0.057142857,0.304285714,0.372727273,0.254545455
13902,Beef Products,"BEEF,RND,TOP RND,STEAK,LN & FAT,1/8 FAT,PRIME,CKD,BRLD","Beef, round, top round, steak, separable lean and fat, trimmed to 1/8 fat, prime, cooked, broiled","URMIS #2368, Round Steak, London Broil, Minute Steak",,,225,31.27,10.1,0.0,0.0,0.0,0.0,0.55,2.46,0.0,0.0,12,5.95,0.26,0.12,6,0.121,2.84,30,0.017,243,28.0,5.49,0.0,0.323529412,1.025,0.0,0.0,0.03,0.371875,0.2,0.1,0.005,0.000134444,0.071428571,0.347142857,0.509090909,0.499090909
13903,Beef Products,"BEEF,SHLDR TOP BLADE STEAK,BNLESS,LN & FAT,0 FAT,SEL,RAW","Beef, shoulder top blade steak, boneless, separable lean and fat, trimmed to 0 fat, select, raw",URMIS #1144,,,137,20.28,6.21,0.0,0.0,0.0,3.0,0.39,4.39,0.0,0.2,3,4.13,0.277,0.11,12,0.098,2.49,20,0.011,210,23.6,7.84,0.003333333,0.229411765,1.829166667,0.0,0.013333333,0.0075,0.258125,0.213076923,0.091666667,0.01,0.000108889,0.047619048,0.3,0.429090909,0.712727273
13904,Beef Products,"BEEF,BRISKET,FLAT HALF,BNLESS,LN & FAT,0 FAT,ALL GRDS,RAW","Beef, brisket, flat half, boneless, separable lean and fat, trimmed to 0 fat, all grades, raw",URMIS #1623,,,165,20.32,9.29,0.0,0.0,0.0,4.0,0.59,1.76,0.0,0.14,3,6.019,0.154,0.075,13,0.067,2.0,22,0.002,210,23.1,4.98,0.004444444,0.347058824,0.733333333,0.0,0.009333333,0.0075,0.3761875,0.118461538,0.0625,0.010833333,7.44444e-05,0.052380952,0.3,0.42,0.452727273
13905,Beef Products,"BEEF,SHRT LOIN,PRTRHS STEAK,LN&FAT,1/8FAT,CHOIC,RAW","Beef, short loin, porterhouse steak, separable lean and fat, trimmed to 1/8 fat, choice, raw","URMIS # 2145, Porterhouse steak",,,218,20.36,14.58,0.0,0.0,0.0,4.0,0.59,1.8,0.0,0.23,3,4.961,0.241,0.048,19,0.052,1.91,10,0.003,188,20.7,3.19,0.004444444,0.347058824,0.75,0.0,0.015333333,0.0075,0.3100625,0.185384615,0.04,0.015833333,5.77778e-05,0.023809524,0.268571429,0.376363636,0.29
13906,Beef Products,"BEEF,SHRT LOIN,PRTRHS STK,LN & FAT,1/8 FAT,CHOIC,CKD,GRILLD","Beef, short loin, porterhouse steak, separable lean and fat, trimmed to 1/8 fat, choice, cooked, grilled","URMIS # 2145, Porterhouse steak",,,284,24.85,19.78,0.0,0.0,0.0,7.0,0.657,2.01,0.0,0.34,6,5.67,0.234,0.054,19,0.064,2.95,20,0.003,207,25.7,4.09,0.007777778,0.386470588,0.8375,0.0,0.022666667,0.015,0.354375,0.18,0.045,0.015833333,7.11111e-05,0.047619048,0.295714286,0.467272727,0.371818182
13907,Beef Products,"BEEF,SHRT LOIN,T-BONE STEAK,LN&FAT,1/8FAT,CHOIC,RAW","Beef, short loin, t-bone steak, separable lean and fat, trimmed to 1/8 fat, choice, raw","URMIS # 2184, T-Bone steak",,,228,20.0,15.83,0.0,0.0,0.0,4.0,0.568,1.66,0.0,0.27,5,5.164,0.195,0.047,21,0.053,1.64,10,0.002,174,19.8,3.31,0.004444444,0.334117647,0.691666667,0.0,0.018,0.0125,0.32275,0.15,0.039166667,0.0175,5.88889e-05,0.023809524,0.248571429,0.36,0.300909091
13908,Beef Products,"BEEF,SHRT LN,T-BONE STK,L & F,1/8 FAT,CHOIC,CKD,GRILLED","Beef, short loin, t-bone steak, separable lean and fat, trimmed to 1/8 fat, choice, cooked, grilled","URMIS # 2184, T-Bone Steak",,,294,24.21,21.13,0.0,0.0,0.0,7.0,0.662,1.79,0.0,0.25,6,5.618,0.234,0.053,19,0.069,3.24,17,0.003,194,26.3,4.02,0.007777778,0.389411765,0.745833333,0.0,0.016666667,0.015,0.351125,0.18,0.044166667,0.015833333,7.66667e-05,0.04047619,0.277142857,0.478181818,0.365454545
13909,Beef Products,"BEEF,SHRT LOIN,TOP LOIN,STEAK,LN & FAT,1/8 FAT,ALL GRDS,RAW","Beef, short loin, top loin, steak, separable lean and fat, trimmed to 1/8 fat, all grades, raw","Kansas City Strip, Club Steak, Boneless Strip Steak, New York Strip",,,228,20.61,15.49,0.0,0.0,0.0,0.0,0.562,1.06,0.0,0.39,0,6.077,0.1,0.064,24,0.069,1.47,21,0.011,186,22.8,3.53,0.0,0.330588235,0.441666667,0.0,0.026,0.0,0.3798125,0.076923077,0.053333333,0.02,7.66667e-05,0.05,0.265714286,0.414545455,0.320909091
13910,Beef Products,"BEEF,LOIN,TOP LOIN,LN & FAT,1/8 FAT,ALL GRDS,CKD,GRILLED","Beef, loin, top loin, separable lean and fat, trimmed to 1/8 fat, all grades, cooked, grilled","Kansas City Strip, Club Steak, Boneless Strip Steak, New York Strip",,,264,26.44,16.78,0.0,0.0,0.0,0.0,0.553,1.56,0.0,0.46,8,7.037,0.127,0.071,19,0.079,1.69,22,0.009,204,28.5,4.75,0.0,0.325294118,0.65,0.0,0.030666667,0.02,0.4398125,0.097692308,0.059166667,0.015833333,8.77778e-05,0.052380952,0.291428571,0.518181818,0.431818182
13911,Beef Products,"BEEF,LOIN,TOP LOIN,LN & FAT,1/8 FAT,CHOIC,RAW","Beef, loin, top loin, separable lean and fat, trimmed to 1/8 fat, choice, raw","URMIS # 2219, Club Steak, Kansas City Strip, New York Strip, Boneless strip steak",,,237,19.32,17.1,0.0,0.0,0.0,0.0,0.4,2.79,0.0,0.0,0,3.95,0.14,0.09,6,0.071,1.61,19,0.013,166,16.6,3.2,0.0,0.235294118,1.1625,0.0,0.0,0.0,0.246875,0.107692308,0.075,0.005,7.88889e-05,0.045238095,0.237142857,0.301818182,0.290909091
13912,Beef Products,"BEEF,SHRT LOIN,TOP LN,STK,LN & FAT,1/8 FAT,CHOIC,CKD,GRLLD","Beef, short loin, top loin, steak, separable lean and fat, trimmed to 1/8 fat, choice, cooked, grilled","URMIS # 2219, Boneless Strip Steak, Kansas City Strip, New York Strip, Club Steak",,,278,26.16,18.45,0.0,0.0,0.0,0.0,0.521,1.73,0.0,0.48,0,7.095,0.115,0.065,17,0.085,1.75,21,0.009,195,28.1,4.65,0.0,0.306470588,0.720833333,0.0,0.032,0.0,0.4434375,0.088461538,0.054166667,0.014166667,9.44444e-05,0.05,0.278571429,0.510909091,0.422727273
13913,Beef Products,"BEEF,LOIN,TOP LOIN,LN & FAT,1/8 FAT,SEL,RAW","Beef, loin, top loin, separable lean and fat, trimmed to 1/8 fat, select, raw","URMIS # 1404, Club Steak, Kansas City Strip, New York Strip, Boneless strip steak",,,224,20.59,15.04,0.0,0.0,0.0,0.0,0.569,0.98,0.0,0.38,0,5.502,0.112,0.074,23,0.071,1.47,21,0.009,189,23.5,3.45,0.0,0.334705882,0.408333333,0.0,0.025333333,0.0,0.343875,0.086153846,0.061666667,0.019166667,7.88889e-05,0.05,0.27,0.427272727,0.313636364
13914,Beef Products,"BEEF,LOIN,TOP LOIN,LN & FAT,1/8 FAT,SEL,CKD,GRILLED","Beef, loin, top loin, separable lean and fat, trimmed to 1/8 fat, select, cooked, grilled","URMIS # 1404, Boneless Strip Steak, Kansas City Strip, New York Strip, Club Steak",,,250,26.72,15.11,0.0,0.0,0.0,0.0,0.585,1.38,0.0,0.45,0,6.978,0.14,0.078,22,0.073,1.63,23,0.009,213,28.8,4.85,0.0,0.344117647,0.575,0.0,0.03,0.0,0.436125,0.107692308,0.065,0.018333333,8.11111e-05,0.054761905,0.304285714,0.523636364,0.440909091
13915,Beef Products,"BEEF,SHRT LOIN,TOP LOIN,STEAK,LN & FAT,1/8 FAT,PRIME,RAW","Beef, short loin, top loin, steak, separable lean and fat, trimmed to 1/8 fat, prime, raw","Kansas City Strip, Club Steak, New York Strip",,,281,19.0,22.17,0.0,0.0,0.0,0.0,0.39,2.75,0.0,0.0,6,3.88,0.14,0.09,6,0.069,1.58,18,0.012,163,17.3,3.14,0.0,0.229411765,1.145833333,0.0,0.0,0.015,0.2425,0.107692308,0.075,0.005,7.66667e-05,0.042857143,0.232857143,0.314545455,0.285454545
13916,Beef Products,"BEEF,SHRT LOIN,TOP LOIN,LN&FAT,1/8FAT,PRIME,CKD,BRLD","Beef, short loin, top loin, separable lean and fat, trimmed to 1/8 fat, prime, cooked, broiled","Kansas City Strip, Club Steak, New York Strip",,,310,25.92,22.12,0.0,0.0,0.0,0.0,0.38,1.94,0.0,0.0,7,4.77,0.18,0.08,9,0.098,2.26,24,0.015,197,23.7,4.65,0.0,0.223529412,0.808333333,0.0,0.0,0.0175,0.298125,0.138461538,0.066666667,0.0075,0.000108889,0.057142857,0.281428571,0.430909091,0.422727273
13917,Beef Products,"BEEF,TENDERLOIN,STEAK,LN & FAT,1/8 FAT,ALL GRDS,RAW","Beef, tenderloin, steak, separable lean and fat, trimmed to 1/8 fat, all grades, raw","Filet Mignon, Beef Medallions",,,247,19.61,18.16,0.0,0.0,0.0,0.0,0.535,1.01,0.0,0.41,11,5.782,0.095,0.061,23,0.067,1.42,20,0.011,180,22.0,3.41,0.0,0.314705882,0.420833333,0.0,0.027333333,0.0275,0.361375,0.073076923,0.050833333,0.019166667,7.44444e-05,0.047619048,0.257142857,0.4,0.31
13918,Beef Products,"BEEF,TENDERLOIN,STEAK,LN & FAT,1/8 FAT,ALL GRDS,CKD,BRLD","Beef, tenderloin, steak, separable lean and fat, trimmed to 1/8 fat, all grades, cooked, broiled","Filet Mignon, Beef Medallions",,,267,26.46,17.12,0.0,0.0,0.0,0.0,0.554,1.56,0.0,0.47,8,7.041,0.128,0.072,19,0.079,1.69,22,0.009,205,28.6,4.76,0.0,0.325882353,0.65,0.0,0.031333333,0.02,0.4400625,0.098461538,0.06,0.015833333,8.77778e-05,0.052380952,0.292857143,0.52,0.432727273
13919,Beef Products,"BEEF,TENDERLOIN,RST,LN & FAT,1/8 FAT,ALL GRDS,CKD,RSTD","Beef, tenderloin, roast, separable lean and fat, trimmed to 1/8 fat, all grades, cooked, roasted","Filet Mignon, Beef Medallions",,,324,23.9,24.6,0.0,0.0,0.0,0.0,0.25,2.46,0.0,0.0,8,3.0,0.26,0.09,9,0.123,3.11,22,0.014,203,22.9,4.03,0.0,0.147058824,1.025,0.0,0.0,0.02,0.1875,0.2,0.075,0.0075,0.000136667,0.052380952,0.29,0.416363636,0.366363636
13920,Beef Products,"BEEF,TENDERLOIN,STEAK,LN & FAT,1/8 FAT,CHOIC,RAW","Beef, tenderloin, steak, separable lean and fat, trimmed to 1/8 fat, choice, raw","URMIS #1388, Filet Mignon, Beef Medallions",,,246,19.82,17.88,0.0,0.0,0.0,0.0,0.534,1.1,0.0,0.41,11,6.392,0.084,0.052,25,0.065,1.43,20,0.012,177,21.4,3.5,0.0,0.314117647,0.458333333,0.0,0.027333333,0.0275,0.3995,0.064615385,0.043333333,0.020833333,7.22222e-05,0.047619048,0.252857143,0.389090909,0.318181818
13921,Beef Products,"BEEF,TENDERLOIN,STEAK,LN & FAT,1/8 FAT,CHOIC,CKD,BRLD","Beef, tenderloin, steak, separable lean and fat, trimmed to 1/8 fat, choice, cooked, broiled","URMIS #1388, Filet Mignon, Beef Medallions",,,273,26.43,17.78,0.0,0.0,0.0,0.0,0.527,1.74,0.0,0.47,8,7.169,0.116,0.066,17,0.085,1.76,21,0.009,196,28.2,4.67,0.0,0.31,0.725,0.0,0.031333333,0.02,0.4480625,0.089230769,0.055,0.014166667,9.44444e-05,0.05,0.28,0.512727273,0.424545455
13922,Beef Products,"BEEF,TENDERLOIN,RST,LN & FAT,1/8 FAT,CHOIC,CKD,RSTD","Beef, tenderloin, roast, separable lean and fat, trimmed to 1/8 fat, choice, cooked, roasted","URMIS #1386, Filet Mignon, Beef Medallions",,,331,23.9,25.39,0.0,0.0,0.0,0.0,0.48,3.37,0.0,0.0,8,3.88,0.27,0.15,9,0.123,3.11,26,0.016,236,22.8,4.03,0.0,0.282352941,1.404166667,0.0,0.0,0.02,0.2425,0.207692308,0.125,0.0075,0.000136667,0.061904762,0.337142857,0.414545455,0.366363636
13923,Beef Products,"BEEF,TENDERLOIN,STEAK,LN & FAT,1/8 FAT,SEL,RAW","Beef, tenderloin, steak, separable lean and fat, trimmed to 1/8 fat, select, raw","URMIS #1388, Filet Mignon, Beef Medallions",,,249,19.37,18.46,0.0,0.0,0.0,0.0,0.535,0.92,0.0,0.41,10,5.176,0.105,0.069,22,0.068,1.42,20,0.009,182,22.6,3.32,0.0,0.314705882,0.383333333,0.0,0.027333333,0.025,0.3235,0.080769231,0.0575,0.018333333,7.55556e-05,0.047619048,0.26,0.410909091,0.301818182
13924,Beef Products,"BEEF,TENDERLOIN,STEAK,LN & FAT,1/8 FAT,SEL,CKD,BRLD","Beef, tenderloin, steak, separable lean and fat, trimmed to 1/8 fat, select, cooked, broiled","URMIS #1388, Filet Mignon, Beef Medallions",,,262,26.48,16.53,0.0,0.0,0.0,0.0,0.58,1.37,0.0,0.46,8,6.916,0.139,0.077,22,0.073,1.63,23,0.009,214,28.9,4.85,0.0,0.341176471,0.570833333,0.0,0.030666667,0.02,0.43225,0.106923077,0.064166667,0.018333333,8.11111e-05,0.054761905,0.305714286,0.525454545,0.440909091
13925,Beef Products,"BEEF,TENDERLOIN,RST,LN & FAT,1/8 FAT,SEL,CKD,RSTD","Beef, tenderloin, roast, separable lean and fat, trimmed to 1/8 fat, select, cooked, roasted","URMIS #1386, Filet Mignon, Beef Medallions",,,316,23.9,23.7,0.0,0.0,0.0,0.0,0.25,2.46,0.0,0.0,8,3.0,0.26,0.09,9,0.123,3.11,22,0.014,203,22.9,4.03,0.0,0.147058824,1.025,0.0,0.0,0.02,0.1875,0.2,0.075,0.0075,0.000136667,0.052380952,0.29,0.416363636,0.366363636
13926,Beef Products,"BEEF,TENDERLOIN,LN&FAT,1/8FAT,PRIME,RAW","Beef, tenderloin, separable lean and fat, trimmed to 1/8 fat, prime, raw","Filet Mignon, Beef Medallions",,,274,18.15,21.83,0.0,0.0,0.0,0.0,0.38,2.6,0.0,0.0,6,2.99,0.21,0.12,7,0.093,2.35,20,0.012,181,17.1,3.05,0.0,0.223529412,1.083333333,0.0,0.0,0.015,0.186875,0.161538462,0.1,0.005833333,0.000103333,0.047619048,0.258571429,0.310909091,0.277272727
13927,Beef Products,"BEEF,TENDERLOIN,STEAK,LN & FAT,1/8 FAT,PRIME,CKD,BRLD","Beef, tenderloin, steak, separable lean and fat, trimmed to 1/8 fat, prime, cooked, broiled","URMIS #1388, Filet Mignon, Beef Medallions",,,308,25.26,22.21,0.0,0.0,0.0,0.0,0.39,2.41,0.0,0.0,6,3.52,0.26,0.11,8,0.156,3.15,26,0.015,210,24.4,4.88,0.0,0.229411765,1.004166667,0.0,0.0,0.015,0.22,0.2,0.091666667,0.006666667,0.000173333,0.061904762,0.3,0.443636364,0.443636364
13928,Beef Products,"BEEF,TENDERLOIN,RST,LN & FAT,1/8 FAT,PRIME,CKD,RSTD","Beef, tenderloin, roast, separable lean and fat, trimmed to 1/8 fat, prime, cooked, roasted","URMIS #1386, Filet Mignon, Beef Medallions",,,343,24.04,26.67,0.0,0.0,0.0,0.0,0.33,2.53,0.0,0.55,7,3.01,0.27,0.09,8,0.142,3.12,23,0.014,203,23.1,4.39,0.0,0.194117647,1.054166667,0.0,0.036666667,0.0175,0.188125,0.207692308,0.075,0.006666667,0.000157778,0.054761905,0.29,0.42,0.399090909
13929,Beef Products,"BEEF,TOP SIRLOIN,STEAK,LN & FAT,1/8 FAT,ALL GRDS,RAW","Beef, top sirloin, steak, separable lean and fat, trimmed to 1/8 fat, all grades, raw","Sirloin strip, Sirloin steak",,,201,20.3,12.71,0.0,0.0,0.0,0.0,0.554,1.05,0.0,0.36,11,5.986,0.098,0.063,24,0.069,1.48,21,0.011,187,22.9,3.55,0.0,0.325882353,0.4375,0.0,0.024,0.0275,0.374125,0.075384615,0.0525,0.02,7.66667e-05,0.05,0.267142857,0.416363636,0.322727273
13930,Beef Products,"BEEF,TOP SIRLOIN,STEAK,LN & FAT,1/8 FAT,ALL GRDS,CKD,BRLD","Beef, top sirloin, steak, separable lean and fat, trimmed to 1/8 fat, all grades, cooked, broiled","Sirloin strip, Sirloin steak",,,243,26.96,14.23,0.0,0.0,0.0,0.0,0.564,1.59,0.0,0.44,8,7.176,0.13,0.073,20,0.081,1.73,22,0.009,209,29.2,4.87,0.0,0.331764706,0.6625,0.0,0.029333333,0.02,0.4485,0.1,0.060833333,0.016666667,9e-05,0.052380952,0.298571429,0.530909091,0.442727273
13931,Beef Products,"BEEF,TOP SIRLOIN,STEAK,LN & FAT,1/8 FAT,CHOIC,RAW","Beef, top sirloin, steak, separable lean and fat, trimmed to 1/8 fat, choice, raw","URMIS #2237, Sirloin steak, Sirloin strip",,,214,19.92,14.28,0.0,0.0,0.0,0.0,0.536,1.11,0.0,0.37,11,6.425,0.084,0.053,25,0.066,1.46,20,0.013,181,21.8,3.57,0.0,0.315294118,0.4625,0.0,0.024666667,0.0275,0.4015625,0.064615385,0.044166667,0.020833333,7.33333e-05,0.047619048,0.258571429,0.396363636,0.324545455
13932,Beef Products,"BEEF,TOP SIRLOIN,STEAK,LN & FAT,1/8 FAT,CHOIC,CKD,BRLD","Beef, top sirloin, steak, separable lean and fat, trimmed to 1/8 fat, choice, cooked, broiled","URMIS #2237, Sirloin steak, Sirloin strip",,,257,26.8,15.75,0.0,0.0,0.0,0.0,0.534,1.77,0.0,0.46,8,7.269,0.118,0.067,18,0.088,1.81,22,0.009,201,29.0,4.81,0.0,0.314117647,0.7375,0.0,0.030666667,0.02,0.4543125,0.090769231,0.055833333,0.015,9.77778e-05,0.052380952,0.287142857,0.527272727,0.437272727
13933,Beef Products,"BEEF,TOP SIRLOIN,STEAK,LN & FAT,1/8 FAT,CHOIC,CKD,PAN-FRIED","Beef, top sirloin, steak, separable lean and fat, trimmed to 1/8 fat, choice, cooked, pan-fried","URMIS #2237, Sirloin steak, Sirloin strip",,,313,28.77,21.06,0.0,0.0,0.0,0.0,0.44,3.34,0.0,0.54,9,3.83,0.29,0.12,12,0.131,3.42,28,0.017,235,29.8,5.55,0.0,0.258823529,1.391666667,0.0,0.036,0.0225,0.239375,0.223076923,0.1,0.01,0.000145556,0.066666667,0.335714286,0.541818182,0.504545455
13934,Beef Products,"BEEF,TOP SIRLOIN,STEAK,LN & FAT,1/8 FAT,SEL,RAW","Beef, top sirloin, steak, separable lean and fat, trimmed to 1/8 fat, select, raw","URMIS #1422, Sirloin steak, Sirloin strip",,,189,20.68,11.13,0.0,0.0,0.0,0.0,0.571,0.98,0.0,0.35,11,5.526,0.112,0.074,24,0.073,1.51,21,0.01,194,24.1,3.54,0.0,0.335882353,0.408333333,0.0,0.023333333,0.0275,0.345375,0.086153846,0.061666667,0.02,8.11111e-05,0.05,0.277142857,0.438181818,0.321818182
13935,Beef Products,"BEEF,TOP SIRLOIN,STEAK,LN & FAT,1/8 FAT,SEL,CKD,BRLD","Beef, top sirloin, steak, separable lean and fat, trimmed to 1/8 fat, select, cooked, broiled","URMIS #1422, Sirloin steak, Sirloin strip",,,230,27.12,12.71,0.0,0.0,0.0,0.0,0.594,1.41,0.0,0.43,8,7.083,0.142,0.079,22,0.074,1.66,23,0.009,217,29.3,4.93,0.0,0.349411765,0.5875,0.0,0.028666667,0.02,0.4426875,0.109230769,0.065833333,0.018333333,8.22222e-05,0.054761905,0.31,0.532727273,0.448181818
13937,Beef Products,"BEEF,CHUCK,CLOD RST,LN,0 FAT,CHOIC,CKD,RSTD","Beef, chuck, clod roast, separable lean only, trimmed to 0 fat, choice, cooked, roasted",URMIS #1947,,,171,25.95,6.69,0.0,0.0,0.0,0.0,0.269,2.97,0.0,0.17,9,3.415,0.244,0.087,7,0.1,3.2,22,0.0,223,30.0,6.39,0.0,0.158235294,1.2375,0.0,0.011333333,0.0225,0.2134375,0.187692308,0.0725,0.005833333,0.000111111,0.052380952,0.318571429,0.545454545,0.580909091
13940,Beef Products,"BEEF,CHUCK,CLOD RST,LN,0 FAT,SEL,CKD,RSTD","Beef, chuck, clod roast, separable lean only, trimmed to 0 fat, select, cooked, roasted",URMIS #1132,,,172,28.09,5.82,0.0,0.0,0.0,0.0,0.291,3.22,0.0,0.17,10,3.696,0.264,0.094,7,0.1,3.19,22,0.0,222,30.0,6.39,0.0,0.171176471,1.341666667,0.0,0.011333333,0.025,0.231,0.203076923,0.078333333,0.005833333,0.000111111,0.052380952,0.317142857,0.545454545,0.580909091
13943,Beef Products,"Beef, shoulder steak, boneless, lean only, 0, choice, grill","Beef, shoulder steak, boneless, separable lean only, trimmed to 0 fat, choice, cooked, grilled",URMIS #1133,,,178,28.54,6.25,0.0,0.0,0.0,1.0,0.681,3.3,0.0,0.12,7,5.613,0.218,0.08,12,0.107,2.95,26,0.013,249,32.6,8.03,0.001111111,0.400588235,1.375,0.0,0.008,0.0175,0.3508125,0.167692308,0.066666667,0.01,0.000118889,0.061904762,0.355714286,0.592727273,0.73
13946,Beef Products,"BEEF,SHLDR STEAK,BNLESS,LN,0 FAT,SEL,CKD,GRILLED","Beef, shoulder steak, boneless, separable lean only, trimmed to 0 fat, select, cooked, grilled",URMIS #1133,,,169,28.71,5.17,0.0,0.0,0.0,2.0,0.674,3.62,0.0,0.07,7,5.435,0.235,0.1,12,0.103,2.94,25,0.014,249,31.2,8.43,0.002222222,0.396470588,1.508333333,0.0,0.004666667,0.0175,0.3396875,0.180769231,0.083333333,0.01,0.000114444,0.05952381,0.355714286,0.567272727,0.766363636
13948,Beef Products,"BEEF,FLANK,STEAK,LN & FAT,0 FAT,ALL GRDS,CKD,BRLD","Beef, flank, steak, separable lean and fat, trimmed to 0 fat, all grades, cooked, broiled",,,,192,27.66,8.23,0.0,0.0,0.0,0.0,0.579,1.63,0.0,0.38,9,7.363,0.133,0.075,20,0.082,1.74,23,0.009,210,29.4,4.9,0.0,0.340588235,0.679166667,0.0,0.025333333,0.0225,0.4601875,0.102307692,0.0625,0.016666667,9.11111e-05,0.054761905,0.3,0.534545455,0.445454545
13949,Beef Products,"BEEF,FLANK,STEAK,LN & FAT,0 FAT,SEL,CKD,BRLD","Beef, flank, steak, separable lean and fat, trimmed to 0 fat, select, cooked, broiled",URMIS #1584,,,183,27.78,7.15,0.0,0.0,0.0,0.0,0.609,1.44,0.0,0.37,9,7.256,0.146,0.081,22,0.076,1.68,24,0.01,220,29.8,5.01,0.0,0.358235294,0.6,0.0,0.024666667,0.0225,0.4535,0.112307692,0.0675,0.018333333,8.44444e-05,0.057142857,0.314285714,0.541818182,0.455454545
13950,Beef Products,"BEEF,BRISKET,FLAT HALF,LN & FAT,0 FAT,SEL,CKD,BRSD","Beef, brisket, flat half, separable lean and fat, trimmed to 0 fat, select, cooked, braised",URMIS #1623,,,205,33.59,6.77,0.0,0.0,0.0,0.0,0.285,1.92,0.0,0.43,9,4.175,0.158,0.063,20,0.105,2.78,22,0.011,208,32.5,8.01,0.0,0.167647059,0.8,0.0,0.028666667,0.0225,0.2609375,0.121538462,0.0525,0.016666667,0.000116667,0.052380952,0.297142857,0.590909091,0.728181818
13951,Beef Products,"BEEF,RIB EYE,SML END (RIBS 10-12),LN & FAT,0,SEL,CKD,BRLD","Beef, rib eye, small end (ribs 10-12), separable lean and fat, trimmed to 0 fat, select, cooked, broiled",ribeye,,,234,27.95,12.71,0.0,0.0,0.0,0.0,0.612,1.45,0.0,0.44,9,7.301,0.146,0.081,22,0.076,1.7,24,0.01,223,30.1,5.06,0.0,0.36,0.604166667,0.0,0.029333333,0.0225,0.4563125,0.112307692,0.0675,0.018333333,8.44444e-05,0.057142857,0.318571429,0.547272727,0.46
13952,Beef Products,"BEEF,RIBEYE,SML END(RIBS 10-12),LN&FAT,0,ALL GRDS,CKD,BRLD","Beef, rib eye, small end (ribs 10-12), separable lean and fat, trimmed to 0 fat, all grades, cooked, broiled",ribeye,,,249,27.27,14.74,0.0,0.0,0.0,0.0,0.571,1.6,0.0,0.45,8,7.257,0.131,0.074,20,0.082,1.75,23,0.01,212,29.5,4.93,0.0,0.335882353,0.666666667,0.0,0.03,0.02,0.4535625,0.100769231,0.061666667,0.016666667,9.11111e-05,0.054761905,0.302857143,0.536363636,0.448181818
13954,Beef Products,"BEEF,BTTM SIRLOIN,TRI-TIP RST,LN & FAT,0 FAT,ALL GRDS,RAW","Beef, bottom sirloin, tri-tip roast, separable lean and fat, trimmed to 0 fat, all grades, raw",,,,165,20.64,8.55,0.0,0.0,0.0,0.0,0.563,1.06,0.0,0.32,11,6.087,0.1,0.064,25,0.07,1.49,21,0.011,189,23.1,3.58,0.0,0.331176471,0.441666667,0.0,0.021333333,0.0275,0.3804375,0.076923077,0.053333333,0.020833333,7.77778e-05,0.05,0.27,0.42,0.325454545
13955,Beef Products,"BEEF,BTTM SIRLOIN,TRI-TIP RST,LN & FAT,0 FAT,CHOIC,CKD,RSTD","Beef, bottom sirloin, tri-tip roast, separable lean and fat, trimmed to 0 fat, choice, cooked, roasted",URMIS #2244,,,221,25.66,12.36,0.0,0.0,0.0,0.0,0.511,1.69,0.0,0.41,8,6.959,0.113,0.064,17,0.083,1.7,20,0.009,189,27.3,4.52,0.0,0.300588235,0.704166667,0.0,0.027333333,0.02,0.4349375,0.086923077,0.053333333,0.014166667,9.22222e-05,0.047619048,0.27,0.496363636,0.410909091
13956,Beef Products,"BEEF,BTTM SIRLOIN,TRI-TIP RST,LN & FAT,0 FAT,CHOIC,RAW","Beef, bottom sirloin, tri-tip roast, separable lean and fat, trimmed to 0 fat, choice, raw",URMIS #2244,,,174,20.64,9.51,0.0,0.0,0.0,0.0,0.556,1.15,0.0,0.33,11,6.658,0.087,0.055,25,0.067,1.47,21,0.013,183,22.1,3.61,0.0,0.327058824,0.479166667,0.0,0.022,0.0275,0.416125,0.066923077,0.045833333,0.020833333,7.44444e-05,0.05,0.261428571,0.401818182,0.328181818
13957,Beef Products,"BEEF,BTTM SIRLOIN,TRI-TIP RST,LN & FAT,0 FAT,SEL,CKD,RSTD","Beef, bottom sirloin, tri-tip roast, separable lean and fat, trimmed to 0 fat, select, cooked, roasted",URMIS #1429,,,201,26.44,9.78,0.0,0.0,0.0,0.0,0.579,1.37,0.0,0.39,8,6.906,0.138,0.077,21,0.073,1.62,23,0.009,212,28.7,4.82,0.0,0.340588235,0.570833333,0.0,0.026,0.02,0.431625,0.106153846,0.064166667,0.0175,8.11111e-05,0.054761905,0.302857143,0.521818182,0.438181818
13958,Beef Products,"BEEF,BTTM SIRLOIN,TRI-TIP RST,LN & FAT,0 FAT,SEL,RAW","Beef, bottom sirloin, tri-tip roast, separable lean and fat, trimmed to 0 fat, select, raw",URMIS #1429,,,157,20.64,7.68,0.0,0.0,0.0,0.0,0.57,0.98,0.0,0.31,11,5.516,0.112,0.074,24,0.073,1.51,21,0.01,194,24.1,3.54,0.0,0.335294118,0.408333333,0.0,0.020666667,0.0275,0.34475,0.086153846,0.061666667,0.02,8.11111e-05,0.05,0.277142857,0.438181818,0.321818182
13959,Beef Products,"BEEF,RND,TOP RND STK,BNLS,LN & FAT,0 FAT,ALL GRDS,CKD,GRLD","Beef, round, top round steak, boneless, separable lean and fat, trimmed to 0 fat, all grades, cooked, grilled",Top Round Steak,,,167,29.96,4.28,0.0,0.0,0.0,5.0,0.878,2.28,0.0,0.32,5,8.935,0.326,0.088,18,0.066,3.24,17,0.005,305,30.7,5.12,0.005555556,0.516470588,0.95,0.0,0.021333333,0.0125,0.5584375,0.250769231,0.073333333,0.015,7.33333e-05,0.04047619,0.435714286,0.558181818,0.465454545
13961,Beef Products,"BEEF,CHUCK,MOCK TENDER STEAK,LN,0 FAT,CHOIC,CKD,BRLD","Beef, chuck, mock tender steak, separable lean only, trimmed to 0 fat, choice, cooked, broiled","URMIS #1931, Mock Tender Steak",,,161,25.74,5.69,0.0,0.0,0.0,0.0,0.32,3.37,0.0,0.16,8,3.613,0.229,0.11,8,0.121,3.02,23,0.0,234,25.2,7.83,0.0,0.188235294,1.404166667,0.0,0.010666667,0.02,0.2258125,0.176153846,0.091666667,0.006666667,0.000134444,0.054761905,0.334285714,0.458181818,0.711818182
13963,Beef Products,"BEEF,CHUCK,MOCK TENDER STEAK,LN,0 FAT,SEL,CKD,BRLD","Beef, chuck, mock tender steak, separable lean only, trimmed to 0 fat, select, cooked, broiled","URMIS #1116, Mock Tender Steak",,,157,26.13,5.02,0.0,0.0,0.0,0.0,0.324,3.42,0.0,0.16,8,3.668,0.232,0.112,7,0.112,2.8,23,0.0,217,25.3,7.83,0.0,0.190588235,1.425,0.0,0.010666667,0.02,0.22925,0.178461538,0.093333333,0.005833333,0.000124444,0.054761905,0.31,0.46,0.711818182
13965,Beef Products,"BEEF,CHUCK,TOP BLADE,LN,0 FAT,CHOIC,CKD,BRLD","Beef, chuck, top blade, separable lean only, trimmed to 0 fat, choice, cooked, broiled","URMIS #1959, Top Blade Roast, Boneless",,,217,26.11,11.65,0.0,0.0,0.0,0.0,0.324,3.42,0.0,0.18,8,3.665,0.232,0.112,7,0.113,2.81,24,0.0,218,20.0,8.92,0.0,0.190588235,1.425,0.0,0.012,0.02,0.2290625,0.178461538,0.093333333,0.005833333,0.000125556,0.057142857,0.311428571,0.363636364,0.810909091
13967,Beef Products,"BEEF,CHUCK,TOP BLADE,LN,0 FAT,SEL,CKD,BRLD","Beef, chuck, top blade, separable lean only, trimmed to 0 fat, select, cooked, broiled","URMIS #1144, Top Blade Roast, Boneless",,,184,26.16,8.0,0.0,0.0,0.0,0.0,0.478,3.78,0.0,0.16,9,4.049,0.228,0.141,7,0.112,2.8,24,0.0,217,20.0,8.92,0.0,0.281176471,1.575,0.0,0.010666667,0.0225,0.2530625,0.175384615,0.1175,0.005833333,0.000124444,0.057142857,0.31,0.363636364,0.810909091
13968,Beef Products,"BEEF,RND,TOP RND STK,BNLS,LN & FAT,0 FAT,CHOIC,CKD,GRLD","Beef, round, top round steak, boneless, separable lean and fat, trimmed to 0 fat, choice, cooked, grilled","URMIS #2368, Top Round Steak",,,170,30.12,4.62,0.0,0.0,0.0,4.0,0.887,2.3,0.0,0.34,5,9.215,0.313,0.088,18,0.066,3.26,17,0.006,305,30.3,5.22,0.004444444,0.521764706,0.958333333,0.0,0.022666667,0.0125,0.5759375,0.240769231,0.073333333,0.015,7.33333e-05,0.04047619,0.435714286,0.550909091,0.474545455
13969,Beef Products,"BEEF,RND,TOP RND STEAK,BNLS,LN & FAT,0 FAT,SEL,CKD,GRLD","Beef, round, top round steak, boneless, separable lean and fat, trimmed to 0 fat, select, cooked, grilled","URMIS #1553, Top Round Steak",,,162,29.7,3.85,0.0,0.0,0.0,5.0,0.865,2.25,0.0,0.29,5,8.514,0.345,0.088,19,0.066,3.25,16,0.004,304,31.4,4.89,0.005555556,0.508823529,0.9375,0.0,0.019333333,0.0125,0.532125,0.265384615,0.073333333,0.015833333,7.33333e-05,0.038095238,0.434285714,0.570909091,0.444545455
13970,Beef Products,"BEEF,FLANK,STEAK,LN & FAT,0 FAT,ALL GRDS,RAW","Beef, flank, steak, separable lean and fat, trimmed to 0 fat, all grades, raw",,,,155,21.22,7.17,0.0,0.0,0.0,0.0,0.579,1.09,0.0,0.31,11,6.257,0.102,0.066,25,0.072,1.55,22,0.012,195,23.9,3.7,0.0,0.340588235,0.454166667,0.0,0.020666667,0.0275,0.3910625,0.078461538,0.055,0.020833333,8e-05,0.052380952,0.278571429,0.434545455,0.336363636
13971,Beef Products,"BEEF,FLANK,STEAK,LN & FAT,0 FAT,SEL,RAW","Beef, flank, steak, separable lean and fat, trimmed to 0 fat, select, raw",URMIS #1584,,,145,21.22,6.06,0.0,0.0,0.0,0.0,0.586,1.01,0.0,0.3,11,5.671,0.115,0.076,24,0.074,1.54,22,0.01,197,24.5,3.6,0.0,0.344705882,0.420833333,0.0,0.02,0.0275,0.3544375,0.088461538,0.063333333,0.02,8.22222e-05,0.052380952,0.281428571,0.445454545,0.327272727
13972,Beef Products,"BEEF,CHK EYE RST,BNL,AMERICAS BF RST,LN,0 FAT,ALL GRD, RAW","Beef, chuck eye roast, boneless, Americas Beef Roast, separable lean only, trimmed to 0 fat, all grades, raw","URMIS #1095, Beef, Chuck, Chuck Eye Rst, (Americas Beef Rst)",,,137,20.61,6.01,0.0,0.0,0.0,2.0,0.403,2.95,0.0,0.2,3,4.593,0.16,0.065,18,0.065,2.18,21,0.011,204,22.5,8.21,0.002222222,0.237058824,1.229166667,0.0,0.013333333,0.0075,0.2870625,0.123076923,0.054166667,0.015,7.22222e-05,0.05,0.291428571,0.409090909,0.746363636
13973,Beef Products,"BEEF,CHK EYE RST,BNL,AMERICAS BF RST,LN,0 FAT,CHOIC,RAW","Beef, chuck eye roast, boneless, Americas Beef Roast, separable lean only, trimmed to 0 fat, choice, raw","URMIS #1095, Beef, Chuck, Chuck Eye Rst, (Americas Beef Rst)",,,139,20.67,6.21,0.0,0.0,0.0,2.0,0.383,2.91,0.0,0.23,3,4.593,0.157,0.06,17,0.063,2.18,21,0.011,201,21.8,8.25,0.002222222,0.225294118,1.2125,0.0,0.015333333,0.0075,0.2870625,0.120769231,0.05,0.014166667,7e-05,0.05,0.287142857,0.396363636,0.75
13974,Beef Products,"BEEF,CHUCK EYE RST,BNLESS,AMERICAS BF RST,LN,0 FAT,SEL,RAW","Beef, chuck eye roast, boneless, Americas Beef Roast, separable lean only, trimmed to 0 fat, select, raw","URMIS #1095, Beef, Chuck, Chuck Eye Rst, (Americas Beef Rst)",,,133,20.52,5.71,0.0,0.0,0.0,2.0,0.435,2.98,0.0,0.15,3,4.83,0.17,0.07,19,0.071,2.21,21,0.011,200,24.3,8.29,0.002222222,0.255882353,1.241666667,0.0,0.01,0.0075,0.301875,0.130769231,0.058333333,0.015833333,7.88889e-05,0.05,0.285714286,0.441818182,0.753636364
13975,Beef Products,"BEEF,BRISKET,FLAT HALF,BNLESS,LN & FAT,0 FAT,CHOIC,RAW","Beef, brisket, flat half, boneless, separable lean and fat, trimmed to 0 fat, choice, raw",URMIS #1623,,,169,20.15,9.86,0.0,0.0,0.0,4.0,0.586,1.68,0.0,0.16,3,6.115,0.154,0.07,13,0.069,1.98,22,0.002,212,21.6,4.93,0.004444444,0.344705882,0.7,0.0,0.010666667,0.0075,0.3821875,0.118461538,0.058333333,0.010833333,7.66667e-05,0.052380952,0.302857143,0.392727273,0.448181818
13977,Beef Products,"BEEF,PLATE,INSIDE SKIRT STEAK,LN,0 FAT,ALL GRDS,CKD,BRLD","Beef, plate, inside skirt steak, separable lean only, trimmed to 0 fat, all grades, cooked, broiled",Plate Skirt Steak,,,205,26.66,10.06,0.0,0.0,0.0,0.0,0.327,3.8,0.0,0.11,7,3.82,0.194,0.092,11,0.095,2.83,24,0.0,236,19.9,7.43,0.0,0.192352941,1.583333333,0.0,0.007333333,0.0175,0.23875,0.149230769,0.076666667,0.009166667,0.000105556,0.057142857,0.337142857,0.361818182,0.675454545
13979,Beef Products,"BEEF,PLATE,OUTSIDE SKIRT STEAK,LN,0 FAT,ALL GRDS,CKD,BRLD","Beef, plate, outside skirt steak, separable lean only, trimmed to 0 fat, all grades, cooked, broiled",Plate Skirt Steak,,,233,24.18,14.37,0.0,0.0,0.0,0.0,0.495,4.3,0.0,0.11,8,4.331,0.195,0.119,10,0.089,2.66,25,0.0,221,18.7,5.72,0.0,0.291176471,1.791666667,0.0,0.007333333,0.02,0.2706875,0.15,0.099166667,0.008333333,9.88889e-05,0.05952381,0.315714286,0.34,0.52
13980,Beef Products,"BEEF, CHUCK, SHORT RIBS, BNL, 0 FAT, CHOICE, CKED, BR","Beef, chuck, short ribs, boneless, separable lean only, trimmed to 0 fat, choice, cooked, braised","Beef, Chuck, Short Ribs, URMIS #1127",,,250,28.84,14.95,0.0,0.0,0.0,2.0,0.291,4.06,0.0,0.1,7,3.467,0.257,0.1,14,0.113,3.19,23,0.015,200,33.3,11.95,0.002222222,0.171176471,1.691666667,0.0,0.006666667,0.0175,0.2166875,0.197692308,0.083333333,0.011666667,0.000125556,0.054761905,0.285714286,0.605454545,1.086363636
13981,Beef Products,"BEEF,CHUCK,SHRT RIBS,BNLESS,LN,0 FAT,SEL,CKD,BRSD","Beef, chuck, short ribs, boneless, separable lean only, trimmed to 0 fat, select, cooked, braised","Beef, Chuck, Short Ribs, URMIS #1127",,,224,28.79,12.08,0.0,0.0,0.0,2.0,0.33,3.66,0.0,0.07,7,3.74,0.28,0.1,14,0.111,3.21,23,0.016,209,36.0,12.28,0.002222222,0.194117647,1.525,0.0,0.004666667,0.0175,0.23375,0.215384615,0.083333333,0.011666667,0.000123333,0.054761905,0.298571429,0.654545455,1.116363636
13982,Beef Products,"BEEF,CHUCK,SHRT RIBS,BNLESS,LN,0 FAT,ALL GRDS,CKD,BRSD","Beef, chuck, short ribs, boneless, separable lean only, trimmed to 0 fat, all grades, cooked, braised","Beef, Chuck, Short Ribs, URMIS #1127",,,240,28.82,13.8,0.0,0.0,0.0,2.0,0.308,3.92,0.0,0.09,7,3.523,0.263,0.1,14,0.114,3.2,23,0.016,201,33.9,11.99,0.002222222,0.181176471,1.633333333,0.0,0.006,0.0175,0.2201875,0.202307692,0.083333333,0.011666667,0.000126667,0.054761905,0.287142857,0.616363636,1.09
13983,Beef Products,"BEEF,BRISKET,FLAT HALF,BNLESS,LN & FAT,0 FAT,SEL,RAW","Beef, brisket, flat half, boneless, separable lean and fat, trimmed to 0 fat, select, raw",URMIS #1623,,,158,20.57,8.45,0.0,0.0,0.0,4.0,0.597,1.88,0.0,0.11,3,5.875,0.154,0.079,12,0.063,2.02,22,0.002,206,25.4,5.05,0.004444444,0.351176471,0.783333333,0.0,0.007333333,0.0075,0.3671875,0.118461538,0.065833333,0.01,7e-05,0.052380952,0.294285714,0.461818182,0.459090909
13985,Beef Products,"BF,LOIN,BTTM SIRLOIN BUTT,TRI-TIP,LN,0 FAT,ALL GRD,CKD,RSTD","Beef, loin, bottom sirloin butt, tri-tip roast, separable lean only, trimmed to 0 fat, all grades, cooked, roasted",,,,182,26.75,8.34,0.0,0.0,0.0,0.0,0.574,1.53,0.0,0.38,9,7.655,0.136,0.073,17,0.079,1.69,23,0.01,211,30.9,4.93,0.0,0.337647059,0.6375,0.0,0.025333333,0.0225,0.4784375,0.104615385,0.060833333,0.014166667,8.77778e-05,0.054761905,0.301428571,0.561818182,0.448181818
14003,Beverages,"ALCOHOLIC BEV,BEER,REG,ALL","Alcoholic beverage, beer, regular, all",,,,43,0.46,0.0,3.55,0.0,0.0,0.0,0.046,0.02,0.0,0.0,6,0.513,0.025,0.005,4,0.005,0.02,6,0.008,14,0.6,0.01,0.0,0.027058824,0.008333333,0.0,0.0,0.015,0.0320625,0.019230769,0.004166667,0.003333333,5.55556e-06,0.014285714,0.02,0.010909091,0.000909091
14004,Beverages,"ALCOHOLIC BEV,BEER,REG,BUDWEISER","Alcoholic beverage, beer, regular, BUDWEISER",,"Anheuser-Busch, Inc.",,41,0.36,0.0,2.97,0.0,0.0,0.0,0.0,0.0,0.0,0.0,0,0.0,0.0,0.0,4,0.003,0.0,7,0.009,13,0.0,0.0,0.0,0.0,0.0,0.0,0.0,0.0,0.0,0.0,0.0,0.003333333,3.33333e-06,0.016666667,0.018571429,0.0,0.0
14005,Beverages,"ALCOHOLIC BEV,BEER,LT,BUDWEISER SEL","Alcoholic beverage, beer, light, BUDWEISER SELECT",,"Anheuser-Busch, Inc.",,28,0.2,0.0,0.87,0.0,0.0,0.0,0.0,0.0,0.0,0.0,0,0.0,0.0,0.0,4,0.001,0.0,6,0.007,0,0.0,0.01,0.0,0.0,0.0,0.0,0.0,0.0,0.0,0.0,0.0,0.003333333,1.11111e-06,0.014285714,0.0,0.0,0.000909091
14006,Beverages,"ALCOHOLIC BEV,BEER,LT","Alcoholic beverage, beer, light",,,,29,0.24,0.0,1.64,0.09,0.0,0.0,0.034,0.02,0.0,0.0,6,0.391,0.015,0.005,4,0.006,0.03,5,0.006,12,0.4,0.01,0.0,0.02,0.008333333,0.0,0.0,0.015,0.0244375,0.011538462,0.004166667,0.003333333,6.66667e-06,0.011904762,0.017142857,0.007272727,0.000909091
14007,Beverages,"ALCOHOLIC BEV,BEER,LT,BUD LT","Alcoholic beverage, beer, light, BUD LIGHT",,"Anheuser-Busch, Inc.",,29,0.25,0.0,1.3,0.0,0.0,0.0,0.0,0.0,0.0,0.0,0,0.0,0.0,0.0,3,0.002,0.0,7,0.006,11,0.0,0.0,0.0,0.0,0.0,0.0,0.0,0.0,0.0,0.0,0.0,0.0025,2.22222e-06,0.016666667,0.015714286,0.0,0.0
14009,Beverages,"ALCOHOLIC BEV,DAIQUIRI,CND","Alcoholic beverage, daiquiri, canned",,,,125,0.0,0.0,15.7,0.0,0.0,0.0,0.003,0.0,1.3,0.0,1,0.014,0.001,0.001,0,0.016,0.01,1,0.005,2,0.1,0.03,0.0,0.001764706,0.0,0.014444444,0.0,0.0025,0.000875,0.000769231,0.000833333,0.0,1.77778e-05,0.002380952,0.002857143,0.001818182,0.002727273
14010,Beverages,"ALCOHOLIC BEV,DAIQUIRI,PREPARED-FROM-RECIPE","Alcoholic beverage, daiquiri, prepared-from-recipe",,,,186,0.06,0.06,6.94,5.58,0.1,0.0,0.008,0.0,1.6,0.03,2,0.051,0.005,0.013,3,0.022,0.09,2,0.015,5,0.1,0.04,0.0,0.004705882,0.0,0.017777778,0.002,0.005,0.0031875,0.003846154,0.010833333,0.0025,2.44444e-05,0.004761905,0.007142857,0.001818182,0.003636364
14013,Beverages,"ALCOHOLIC BEV,BEER,LT,MICHELOB ULTRA","Alcoholic beverage, beer, light, MICHELOB ULTRA",,"Anheuser-Busch, Inc.",,27,0.17,0.0,0.73,0.0,0.0,0.0,0.0,0.0,0.0,0.0,0,0.0,0.0,0.0,4,0.002,0.0,4,0.005,8,0.0,0.01,0.0,0.0,0.0,0.0,0.0,0.0,0.0,0.0,0.0,0.003333333,2.22222e-06,0.00952381,0.011428571,0.0,0.000909091
14015,Beverages,"ALCOHOLIC BEV,PINA COLADA,CND","Alcoholic beverage, pina colada, canned",,,,237,0.6,7.6,27.6,0.0,0.1,1.0,0.017,0.0,1.5,0.0,6,0.104,0.005,0.017,1,0.087,0.03,6,0.319,36,0.7,0.2,0.001111111,0.01,0.0,0.016666667,0.0,0.015,0.0065,0.003846154,0.014166667,0.000833333,9.66667e-05,0.014285714,0.051428571,0.012727273,0.018181818
14016,Beverages,"BEVERAGES,ALMOND MILK,SWTND,VANILLA FLAVOR,RTD","Beverages, almond milk, sweetened, vanilla flavor, ready-to-drink",,,,38,0.42,1.04,6.59,6.25,0.4,63.0,0.003,1.25,0.0,2.81,1,0.075,0.177,0.015,188,0.017,0.3,7,0.033,8,0.1,0.63,0.07,0.001764706,0.520833333,0.0,0.187333333,0.0025,0.0046875,0.136153846,0.0125,0.156666667,1.88889e-05,0.016666667,0.011428571,0.001818182,0.057272727
14017,Beverages,"ALCOHOLIC BEV,PINA COLADA,PREPARED-FROM-RECIPE","Alcoholic beverage, pina colada, prepared-from-recipe",,,,174,0.42,1.88,22.66,22.33,0.3,0.0,0.045,0.0,4.9,0.02,12,0.118,0.017,0.029,8,0.079,0.21,8,0.528,7,0.7,0.13,0.0,0.026470588,0.0,0.054444444,0.001333333,0.03,0.007375,0.013076923,0.024166667,0.006666667,8.77778e-05,0.019047619,0.01,0.012727273,0.011818182
14019,Beverages,"ALCOHOLIC BEV,TEQUILA SUNRISE,CND","Alcoholic beverage, tequila sunrise, canned",,,,110,0.3,0.1,11.3,0.0,0.0,5.0,0.05,0.0,19.3,0.0,11,0.19,0.016,0.038,0,0.042,0.02,7,0.014,10,0.0,0.6,0.005555556,0.029411765,0.0,0.214444444,0.0,0.0275,0.011875,0.012307692,0.031666667,0.0,4.66667e-05,0.016666667,0.014285714,0.0,0.054545455
14021,Beverages,"BEVERAGES,ENERGY DRK,CITRUS","Beverages,  Energy drink, Citrus",,,,45,0.0,0.0,11.27,10.42,0.0,0.0,0.0,0.0,25.0,0.0,0,0.0,0.0,0.0,8,0.0,0.0,0,0.0,0,0.0,0.0,0.0,0.0,0.0,0.277777778,0.0,0.0,0.0,0.0,0.0,0.006666667,0.0,0.0,0.0,0.0,0.0
14022,Beverages,"BEVERAGES,MONSTER ENERGY DRK,LO CARB","Beverages, MONSTER energy drink, low carb",,Monster energy company,,5,0.0,0.0,1.38,1.38,0.0,0.0,0.833,2.5,0.0,0.0,0,8.333,0.708,0.0,0,0.0,0.0,0,0.0,0,0.0,0.0,0.0,0.49,1.041666667,0.0,0.0,0.0,0.5208125,0.544615385,0.0,0.0,0.0,0.0,0.0,0.0,0.0
14024,Beverages,"WHISKEY SOUR MIX,PDR","Whiskey sour mix, powder",,,,383,0.6,0.1,97.3,97.3,0.0,2.0,0.0,0.01,2.7,0.0,0,0.0,0.0,0.005,272,0.13,0.39,19,0.0,13,0.6,0.14,0.002222222,0.0,0.004166667,0.03,0.0,0.0,0.0,0.0,0.004166667,0.226666667,0.000144444,0.045238095,0.018571429,0.010909091,0.012727273
14025,Beverages,"ALCOHOLIC BEV,WHISKEY SOUR,PREP W/ H2O,WHISKEY & PDR MIX","Alcoholic beverage, whiskey sour, prepared with water, whiskey and powder mix",,,,164,0.1,0.02,15.85,15.81,0.0,0.0,0.0,0.0,0.4,0.0,0,0.005,0.002,0.003,46,0.034,0.08,3,0.007,4,0.1,0.04,0.0,0.0,0.0,0.004444444,0.0,0.0,0.0003125,0.001538462,0.0025,0.038333333,3.77778e-05,0.007142857,0.005714286,0.001818182,0.003636364
14026,Beverages,"BEVERAGES,ENERGY DRK,SUGAR-FREE W/ GUARANA","Beverages, Energy Drink, sugar-free with guarana",,The Coca-Cola Company,,4,0.0,0.0,1.03,0.0,0.0,0.0,0.833,2.5,0.0,0.0,0,0.0,0.0,0.0,0,0.0,0.0,0,0.0,0,0.0,0.0,0.0,0.49,1.041666667,0.0,0.0,0.0,0.0,0.0,0.0,0.0,0.0,0.0,0.0,0.0,0.0
14027,Beverages,"ALCOHOLIC BEV,WHISKEY SOUR,CND","Alcoholic beverage, whiskey sour, canned",,,,119,0.0,0.0,13.4,0.0,0.1,1.0,0.0,0.0,1.6,0.0,0,0.02,0.006,0.011,0,0.009,0.01,1,0.006,6,0.1,0.06,0.001111111,0.0,0.0,0.017777778,0.0,0.0,0.00125,0.004615385,0.009166667,0.0,1e-05,0.002380952,0.008571429,0.001818182,0.005454545
14028,Beverages,"WHISKEY SOUR MIX,BTLD","Whiskey sour mix, bottled",,,,87,0.1,0.1,21.4,21.4,0.0,0.0,0.0,0.0,2.7,0.0,0,0.0,0.01,0.013,2,0.0,0.11,1,0.0,6,0.4,0.07,0.0,0.0,0.0,0.03,0.0,0.0,0.0,0.007692308,0.010833333,0.001666667,0.0,0.002380952,0.008571429,0.007272727,0.006363636
14029,Beverages,"ALCOHOLIC BEV,WHISKEY SOUR,PREP FROM ITEM 14028","Alcoholic beverage, whiskey sour, prepared from item 14028",,,,153,0.06,0.06,12.82,12.78,0.0,0.0,0.0,0.0,1.6,0.0,0,0.005,0.008,0.01,1,0.008,0.08,1,0.007,5,0.2,0.06,0.0,0.0,0.0,0.017777778,0.0,0.0,0.0003125,0.006153846,0.008333333,0.000833333,8.88889e-06,0.002380952,0.007142857,0.003636364,0.005454545
14030,Beverages,"BEVERAGES,ENERGY DRK,ORIGINAL,GRAPE,LOADED CHERRY, CITRUS","Beverages, energy drink, Original, grape, loaded cherry, charged citrus",,,,44,0.0,0.0,11.25,11.25,0.0,0.0,0.833,2.5,0.0,0.0,0,0.0,0.0,0.0,0,0.0,0.0,0,0.0,0,0.0,0.0,0.0,0.49,1.041666667,0.0,0.0,0.0,0.0,0.0,0.0,0.0,0.0,0.0,0.0,0.0,0.0
14031,Beverages,"BEVERAGES,H2O,BTLD,YUMBERRY,POMEGRANATE W/ ANTI-OXIDANTS","Beverages, water, bottled, yumberry, pomegranate with anti-oxidants",,,,5,0.0,0.0,1.25,0.0,0.0,0.0,0.083,0.25,25.0,0.56,0,0.833,0.0,0.0,0,0.0,0.0,0,0.0,0,0.0,0.0,0.0,0.048823529,0.104166667,0.277777778,0.037333333,0.0,0.0520625,0.0,0.0,0.0,0.0,0.0,0.0,0.0,0.0
14033,Beverages,"BEVERAGES,ABBOTT,EAS WHEY PROT PDR","Beverages, ABBOTT, EAS whey protein powder",,Abbotts Ross Products Division,,385,66.67,5.13,17.95,5.13,0.0,15.0,1.0,2.27,0.8,0.38,340,10.0,0.857,0.714,256,1.0,0.92,181,0.0,643,24.8,7.14,0.016666667,0.588235294,0.945833333,0.008888889,0.025333333,0.85,0.625,0.659230769,0.595,0.213333333,0.001111111,0.430952381,0.918571429,0.450909091,0.649090909
14034,Beverages,"ALCOHOLIC BEV,CREME DE MENTHE,72 PROOF","Alcoholic beverage, creme de menthe, 72 proof",,,,371,0.0,0.3,41.6,41.6,0.0,0.0,0.0,0.0,0.0,0.0,0,0.003,0.0,0.0,0,0.08,0.07,0,0.04,0,0.4,0.04,0.0,0.0,0.0,0.0,0.0,0.0,0.0001875,0.0,0.0,0.0,8.88889e-05,0.0,0.0,0.007272727,0.003636364
14035,Beverages,"BEVERAGES,ABBOTT,EAS SOY PROT PDR","Beverages, ABBOTT, EAS soy protein powder",,Abbotts Ross Products Division,,405,47.62,3.57,43.94,40.48,0.0,0.0,0.057,0.0,0.0,0.12,100,0.817,0.057,0.1,95,1.001,6.43,22,0.849,441,0.7,2.29,0.0,0.033529412,0.0,0.0,0.008,0.25,0.0510625,0.043846154,0.083333333,0.079166667,0.001112222,0.052380952,0.63,0.012727273,0.208181818
14036,Beverages,"BEVERAGES,CYTOSPORT,MUSCLE MILK,RTD","Beverages, CYTOSPORT, Muscle Milk, ready-to-drink",,CytoSport,,49,5.87,2.01,2.06,0.78,0.2,88.0,0.224,0.69,27.6,0.83,56,1.416,0.139,0.133,69,0.143,1.3,20,0.0,101,0.0,1.05,0.097777778,0.131764706,0.2875,0.306666667,0.055333333,0.14,0.0885,0.106923077,0.110833333,0.0575,0.000158889,0.047619048,0.144285714,0.0,0.095454545
14037,Beverages,"ALCOHOLIC BEV,DISTILLED,ALL (GIN,RUM,VODKA,WHISKEY) 80 PROOF","Alcoholic beverage, distilled, all (gin, rum, vodka, whiskey) 80 proof",,,,231,0.0,0.0,0.0,0.0,0.0,0.0,0.001,0.0,0.0,0.0,0,0.013,0.004,0.006,0,0.021,0.04,0,0.018,4,0.0,0.04,0.0,0.000588235,0.0,0.0,0.0,0.0,0.0008125,0.003076923,0.005,0.0,2.33333e-05,0.0,0.005714286,0.0,0.003636364
14038,Beverages,"BEVERAGES,OCEAN SPRAY,CRAN-ENERGY,CRANBERRY ENERGY JUC DRK","Beverages, OCEAN SPRAY, Cran-Energy, Cranberry Energy Juice Drink",,"Ocean Spray Cranberries, INc.",,15,0.0,0.0,3.75,3.75,0.0,0.0,0.417,1.25,25.0,0.0,0,4.167,0.354,0.003,0,0.01,0.0,2,0.029,1,0.0,0.01,0.0,0.245294118,0.520833333,0.277777778,0.0,0.0,0.2604375,0.272307692,0.0025,0.0,1.11111e-05,0.004761905,0.001428571,0.0,0.000909091
14041,Beverages,"BEVERAGES,NESTLE,BOOST PLUS,NUTRITIONAL DRK,RTD","Beverages, NESTLE, Boost plus, nutritional drink, ready-to-drink",,"Nestle USA, Inc.",,138,5.38,5.38,17.29,8.46,1.2,84.0,0.269,0.81,23.1,5.19,65,1.537,0.163,0.144,135,0.192,1.73,38,0.269,115,6.7,1.73,0.093333333,0.158235294,0.3375,0.256666667,0.346,0.1625,0.0960625,0.125384615,0.12,0.1125,0.000213333,0.09047619,0.164285714,0.121818182,0.157272727
14042,Beverages,"BEVERAGES,FORT LO CAL FRUIT JUC BEV","Beverages, fortified low calorie fruit juice beverage",,,,4,0.0,0.0,0.7,0.63,0.0,20.0,0.169,0.0,25.4,1.14,44,0.204,0.018,0.08,9,0.044,0.1,10,0.0,16,0.1,0.05,0.022222222,0.099411765,0.0,0.282222222,0.076,0.11,0.01275,0.013846154,0.066666667,0.0075,4.88889e-05,0.023809524,0.022857143,0.001818182,0.004545455
14043,Beverages,"BEV,NEST,CARN BRKFS ESSEN ,RTD,RH MIK CHOC FLAVOR,NO SUG AD","Beverages, NESTLE, CARNATION BREAKFAST ESSENTIALS , nutritional drink, ready-to-drink, Rich milk chocolate flavor, no sugar added",,"Nestle USA, Inc.",,45,3.86,1.49,4.75,3.56,0.6,200.0,0.149,0.45,24.9,1.04,50,1.485,0.126,0.111,149,0.149,1.34,36,7.425,149,13.8,1.11,0.222222222,0.087647059,0.1875,0.276666667,0.069333333,0.125,0.0928125,0.096923077,0.0925,0.124166667,0.000165556,0.085714286,0.212857143,0.250909091,0.100909091
14044,Beverages,"BEVERAGES,SLIMFAST,MEAL REPLCMNT,HI PROT SHAKE,RTD,3-2-1","Beverages, SLIMFAST, Meal replacement,  High Protein Shake, Ready-To-Drink, 3-2-1 plan",,Unilever,,58,6.59,2.88,0.85,0.6,0.4,171.0,0.208,0.6,19.4,4.58,69,2.39,0.19,0.17,130,0.014,0.96,44,0.0,136,4.5,0.85,0.19,0.122352941,0.25,0.215555556,0.305333333,0.1725,0.149375,0.146153846,0.141666667,0.108333333,1.55556e-05,0.104761905,0.194285714,0.081818182,0.077272727
14045,Beverages,"BEVERAGES,UNILEVER,SLIMFAST,MEAL REPLCMNT,REG,RTD,3-2-1 PLAN","Beverages, UNILEVER, SLIMFAST, meal replacement, regular, ready-to-drink,  3-2-1 Plan",,Unilever,,57,3.32,1.93,7.74,5.95,1.6,170.0,0.225,0.68,19.4,4.58,66,2.26,0.19,0.17,161,0.012,0.87,45,0.0,161,5.7,0.72,0.188888889,0.132352941,0.283333333,0.215555556,0.305333333,0.165,0.14125,0.146153846,0.141666667,0.134166667,1.33333e-05,0.107142857,0.23,0.103636364,0.065454545
14047,Beverages,"BEVERAGES,UNILEVER,SLIMFAST SHAKE MIX,PDR,3-2-1 PLAN","Beverages, UNILEVER, SLIMFAST Shake Mix, powder, 3-2-1 Plan",,Unilever,,379,8.13,13.34,66.99,38.02,18.1,1034.0,2.308,8.08,1.3,51.92,653,38.462,0.654,1.442,364,0.769,0.68,385,0.0,385,67.3,17.31,1.148888889,1.357647059,3.366666667,0.014444444,3.461333333,1.6325,2.403875,0.503076923,1.201666667,0.303333333,0.000854444,0.916666667,0.55,1.223636364,1.573636364
14049,Beverages,"ALCOHOLIC BEV,DISTILLED,GIN,90 PROOF","Alcoholic beverage, distilled, gin, 90 proof",,,,263,0.0,0.0,0.0,0.0,0.0,0.0,0.0,0.0,0.0,0.0,0,0.0,0.0,0.0,0,0.004,0.0,0,0.0,0,0.0,0.0,0.0,0.0,0.0,0.0,0.0,0.0,0.0,0.0,0.0,0.0,4.44444e-06,0.0,0.0,0.0,0.0
14050,Beverages,"ALCOHOLIC BEV,DISTILLED,RUM,80 PROOF","Alcoholic beverage, distilled, rum, 80 proof",,,,231,0.0,0.0,0.0,0.0,0.0,0.0,0.0,0.0,0.0,0.0,0,0.0,0.0,0.008,0,0.05,0.12,0,0.018,5,0.0,0.07,0.0,0.0,0.0,0.0,0.0,0.0,0.0,0.0,0.006666667,0.0,5.55556e-05,0.0,0.007142857,0.0,0.006363636
14051,Beverages,"ALCOHOLIC BEV,DISTILLED,VODKA,80 PROOF","Alcoholic beverage, distilled, vodka, 80 proof",,,,231,0.0,0.0,0.0,0.0,0.0,0.0,0.0,0.0,0.0,0.0,0,0.0,0.007,0.005,0,0.01,0.01,0,0.0,5,0.0,0.0,0.0,0.0,0.0,0.0,0.0,0.0,0.0,0.005384615,0.004166667,0.0,1.11111e-05,0.0,0.007142857,0.0,0.0
14052,Beverages,"ALCOHOLIC BEV,DISTILLED,WHISKEY,86 PROOF","Alcoholic beverage, distilled, whiskey, 86 proof",,,,250,0.0,0.0,0.1,0.1,0.0,0.0,0.0,0.0,0.0,0.0,0,0.05,0.001,0.008,0,0.014,0.02,0,0.008,3,0.0,0.02,0.0,0.0,0.0,0.0,0.0,0.0,0.003125,0.000769231,0.006666667,0.0,1.55556e-05,0.0,0.004285714,0.0,0.001818182
14054,Beverages,"BEVERAGES,ALMOND MILK,CHOC,RTD","Beverages, almond milk, chocolate, ready-to-drink",,,,50,0.63,1.25,9.38,8.75,0.4,63.0,0.006,1.25,4.4,2.81,1,0.103,0.177,0.022,188,0.067,0.53,12,0.083,19,0.2,0.63,0.07,0.003529412,0.520833333,0.048888889,0.187333333,0.0025,0.0064375,0.136153846,0.018333333,0.156666667,7.44444e-05,0.028571429,0.027142857,0.003636364,0.057272727
14055,Beverages,"BEVERAGES,UNILEVER,SLIMFAST SHAKE MIX,HI PROT,PDR,3-2-1 PLAN","Beverages, UNILEVER, SLIMFAST Shake Mix, high protein, powder, 3-2-1 Plan",,Unilever,,368,27.87,11.62,47.48,20.59,18.2,865.0,2.307,8.07,103.8,51.92,653,38.442,0.654,1.499,1039,0.769,24.84,473,269.1,563,67.5,17.29,0.961111111,1.357058824,3.3625,1.153333333,3.461333333,1.6325,2.402625,0.503076923,1.249166667,0.865833333,0.000854444,1.126190476,0.804285714,1.227272727,1.571818182
14057,Beverages,"ALCOHOLIC BEV,WINE,DSSRT,SWT","Alcoholic beverage, wine, dessert, sweet",,,,160,0.2,0.0,13.69,7.78,0.0,0.0,0.0,0.0,0.0,0.0,0,0.213,0.018,0.018,8,0.045,0.24,9,0.119,9,0.5,0.07,0.0,0.0,0.0,0.0,0.0,0.0,0.0133125,0.013846154,0.015,0.006666667,5e-05,0.021428571,0.012857143,0.009090909,0.006363636
14058,Beverages,"BEVERAGES,WHEY PROT PDR ISOLATE","Beverages, Whey protein powder isolate",,,,359,58.14,1.16,29.07,1.16,0.0,872.0,1.163,3.49,34.9,7.85,395,11.628,0.988,0.872,698,1.163,1.26,233,58.14,581,40.7,8.72,0.968888889,0.684117647,1.454166667,0.387777778,0.523333333,0.9875,0.72675,0.76,0.726666667,0.581666667,0.001292222,0.554761905,0.83,0.74,0.792727273
14059,Beverages,"BEVERAGES,KELLOGGS,SPL K PROT SHAKE","Beverages, KELLOGGS, SPECIAL K Protein Shake",,"Kellogg, Co.",,64,3.2,1.6,9.2,5.95,1.7,169.0,0.23,0.7,20.0,4.5,66,2.2,0.19,0.16,113,0.0,0.5,39,0.0,113,5.6,0.7,0.187777778,0.135294118,0.291666667,0.222222222,0.3,0.165,0.1375,0.146153846,0.133333333,0.094166667,0.0,0.092857143,0.161428571,0.101818182,0.063636364
14060,Beverages,"BEVERAGES,ENERGY DRK W/ CARB H2O & HI FRUCTOSE CORN SYRUP","Beverages, Energy Drink with carbonated water and high fructose corn syrup",,,,62,0.42,0.0,15.0,13.75,0.0,0.0,0.833,2.5,25.0,0.0,283,0.0,0.0,0.0,0,0.0,0.0,0,0.0,0,7.3,0.63,0.0,0.49,1.041666667,0.277777778,0.0,0.7075,0.0,0.0,0.0,0.0,0.0,0.0,0.0,0.132727273,0.057272727
14061,Beverages,"BEVERAGES,ENERGY DRK,SUGAR FREE","Beverages, Energy Drink, sugar free",,,,4,0.42,0.0,0.42,0.0,0.0,0.0,0.833,2.5,25.0,0.0,283,0.0,0.0,0.0,0,0.0,0.0,0,0.0,0,0.0,0.0,0.0,0.49,1.041666667,0.277777778,0.0,0.7075,0.0,0.0,0.0,0.0,0.0,0.0,0.0,0.0,0.0
14062,Beverages,"BEVERAGES,ABBOTT,ENSURE,NUTRITIONAL SHAKE,RTD","Beverages, ABBOTT, ENSURE, Nutritional Shake, Ready-to-Drink",,Abbotts Ross Products Division,,105,3.8,2.53,16.88,9.7,0.0,158.0,0.211,0.63,12.7,1.42,72,2.11,0.179,0.158,127,0.211,1.9,42,0.0,105,7.4,1.58,0.175555556,0.124117647,0.2625,0.141111111,0.094666667,0.18,0.131875,0.137692308,0.131666667,0.105833333,0.000234444,0.1,0.15,0.134545455,0.143636364
14063,Beverages,"BEVERAGES,CHOC PDR,NO SUGAR ADDED","Beverages, chocolate powder, no sugar added",,,,373,9.09,9.09,63.64,27.27,9.1,0.0,1.818,0.0,54.5,0.0,7,25.6,0.35,1.5,909,1.818,3.27,410,0.0,500,21.8,13.64,0.0,1.069411765,0.0,0.605555556,0.0,0.0175,1.6,0.269230769,1.25,0.7575,0.00202,0.976190476,0.714285714,0.396363636,1.24
14064,Beverages,"BEVERAGES,ORANGE JUC,LT,NO PULP","Beverages, Orange juice, light, No pulp",,,,21,0.21,0.0,5.42,4.17,0.0,10.0,0.05,0.0,30.0,1.25,10,0.333,0.028,0.063,0,0.018,0.0,10,0.0,4,0.0,0.02,0.011111111,0.029411765,0.0,0.333333333,0.083333333,0.025,0.0208125,0.021538462,0.0525,0.0,2e-05,0.023809524,0.005714286,0.0,0.001818182
14065,Beverages,"BEVERAGES,HI-C FLASHIN FRUIT PUNCH","Beverages, Hi-C Flashin Fruit Punch",,,,45,0.0,0.0,12.5,12.5,0.0,0.0,0.0,0.0,30.0,0.0,0,0.0,0.0,0.0,0,0.0,0.0,0,0.0,0,0.0,0.0,0.0,0.0,0.0,0.333333333,0.0,0.0,0.0,0.0,0.0,0.0,0.0,0.0,0.0,0.0,0.0
14066,Beverages,"BEVERAGES,PROT PDR WHEY BSD","Beverages, Protein powder whey based",,,,352,78.13,1.56,6.25,0.0,3.1,0.0,0.607,2.45,0.0,0.0,33,1.136,2.017,0.609,469,0.049,1.13,195,0.0,1321,26.7,6.18,0.0,0.357058824,1.020833333,0.0,0.0,0.0825,0.071,1.551538462,0.5075,0.390833333,5.44444e-05,0.464285714,1.887142857,0.485454545,0.561818182
14067,Beverages,"BEVERAGES,PROT PDR SOY BSD","Beverages, Protein powder soy based",,,,388,55.56,5.56,28.89,22.22,6.7,0.0,0.164,0.0,0.0,0.0,289,2.357,0.164,0.288,178,2.62,12.0,64,0.0,1272,1.3,6.6,0.0,0.096470588,0.0,0.0,0.0,0.7225,0.1473125,0.126153846,0.24,0.148333333,0.002911111,0.152380952,1.817142857,0.023636364,0.6
14068,Beverages,"BEVERAGES,KELLOGGS SPL K20,PROT H2O MIX","Beverages, KELLOGGS SPECIAL K20, protein water mix",,"Kellogg, Co.",,380,35.2,0.6,58.4,2.0,37.5,2.0,2.8,8.3,0.0,0.0,0,27.65,0.0,0.0,115,0.0,2.0,7,0.0,69,0.0,0.0,0.002222222,1.647058824,3.458333333,0.0,0.0,0.0,1.728125,0.0,0.0,0.095833333,0.0,0.016666667,0.098571429,0.0,0.0
14070,Beverages,"BEVERAGES,GRN TEA,LIPTON,BREWED FROM BAGS","Beverages, Green tea, LIPTON, brewed from bags",,Lipton,,1,0.25,0.0,0.0,0.0,0.0,0.0,0.005,0.0,0.3,0.0,0,0.03,0.058,0.007,0,0.005,0.02,1,0.169,0,0.0,0.01,0.0,0.002941176,0.0,0.003333333,0.0,0.0,0.001875,0.044615385,0.005833333,0.0,5.55556e-06,0.002380952,0.0,0.0,0.000909091
14071,Beverages,"BEVERAGES,GRN TEA,SALADA BREWED FROM BAGS","Beverages, Green tea, SALADA brewed from bags",,Salada,,1,0.19,0.0,0.0,0.0,0.0,0.0,0.0,0.0,0.0,0.0,0,0.0,0.0,0.0,1,0.005,0.02,0,0.184,0,0.0,0.01,0.0,0.0,0.0,0.0,0.0,0.0,0.0,0.0,0.0,0.000833333,5.55556e-06,0.0,0.0,0.0,0.000909091
14072,Beverages,"BEVERAGES,GRN TEA,BREWED,FROM BAGS","Beverages, Green tea, brewed, from bags",,,,1,0.18,0.0,0.0,0.0,0.0,0.0,0.0,0.0,0.0,0.0,0,0.0,0.0,0.0,0,0.004,0.02,1,0.216,0,0.0,0.01,0.0,0.0,0.0,0.0,0.0,0.0,0.0,0.0,0.0,0.0,4.44444e-06,0.002380952,0.0,0.0,0.000909091
14073,Beverages,"BEVERAGES,ZEVIA,COLA","Beverages, ZEVIA, cola",,Zevia,,0,0.0,0.0,1.13,0.0,0.0,0.0,0.0,0.0,0.0,0.0,0,0.0,0.0,0.0,0,0.0,0.0,0,0.0,0,0.0,0.0,0.0,0.0,0.0,0.0,0.0,0.0,0.0,0.0,0.0,0.0,0.0,0.0,0.0,0.0,0.0
14074,Beverages,"BEVERAGES,ZEVIA,COLA,CAFFEINE FREE","Beverages, ZEVIA, cola, caffeine free",,Zevia,,0,0.0,0.0,1.13,0.0,0.0,0.0,0.0,0.0,0.0,0.0,0,0.0,0.0,0.0,0,0.0,0.0,0,0.0,0,0.0,0.0,0.0,0.0,0.0,0.0,0.0,0.0,0.0,0.0,0.0,0.0,0.0,0.0,0.0,0.0,0.0
14075,Beverages,"BEVERAGES,H2O,BTLD,NATURALLY SPARKLING (CARBONATED),MINERAL","Beverages, water, bottled, naturally sparkling (carbonated), mineral",,,,0,0.0,0.0,0.0,0.0,0.0,0.0,0.0,0.0,0.0,0.0,0,0.0,0.0,0.0,33,0.0,0.0,11,0.0,0,0.0,0.0,0.0,0.0,0.0,0.0,0.0,0.0,0.0,0.0,0.0,0.0275,0.0,0.026190476,0.0,0.0,0.0
14076,Beverages,"BEVERAGES,ICELANDIC,GLACIAL NAT SPRING H2O","Beverages, ICELANDIC, Glacial Natural spring water",,Icelandic Glacial Inc.,,0,0.0,0.0,0.0,0.0,0.0,0.0,0.0,0.0,0.0,0.0,0,0.0,0.0,0.0,1,0.0,0.0,0,0.0,0,0.0,0.0,0.0,0.0,0.0,0.0,0.0,0.0,0.0,0.0,0.0,0.000833333,0.0,0.0,0.0,0.0,0.0
14078,Beverages,"BEVERAGES,PEPSICO,MOUNTAIN DEW,KICKSTART,BLACK CHERRY","Beverages, PEPSICO, Mountain Dew, Kickstart, Black Cherry",,Pepsi-Cola North America,,17,0.0,0.0,4.23,4.02,0.0,0.0,0.0,0.0,0.0,0.0,0,0.0,0.0,0.0,0,0.0,0.0,0,0.0,30,0.0,0.0,0.0,0.0,0.0,0.0,0.0,0.0,0.0,0.0,0.0,0.0,0.0,0.0,0.042857143,0.0,0.0
14079,Beverages,"BEVERAGES,PEPSICO,MOUNTAIN DEW ORIGINAL","Beverages, PEPSICO, Mountain Dew Original",,Pepsi-Cola North America,,49,0.0,0.0,13.11,12.9,0.0,0.0,0.0,0.0,0.0,0.0,0,0.0,0.0,0.0,0,0.0,0.0,0,0.0,0,0.0,0.0,0.0,0.0,0.0,0.0,0.0,0.0,0.0,0.0,0.0,0.0,0.0,0.0,0.0,0.0,0.0
14080,Beverages,"BEVERAGES,NESTLE,OVALTINE,RICH CHOC,PDR","Beverages, NESTLE, Ovaltine, rich chocolate, powder",,"Nestle USA, Inc.",,364,0.0,0.0,92.96,81.82,0.0,1365.0,1.818,0.0,54.5,12.27,0,18.182,0.0,1.364,909,1.818,16.36,218,0.0,0,0.0,13.64,1.516666667,1.069411765,0.0,0.605555556,0.818,0.0,1.136375,0.0,1.136666667,0.7575,0.00202,0.519047619,0.0,0.0,1.24
14082,Beverages,"BEVERAGES,GEROLSTEINER BRUNNEN GMBH H2O,BTLD,NAT SPARK,MIN","Beverages, GEROLSTEINER BRUNNEN GmbH & Co.KG,Gerolsteiner, water, bottled, naturally sparkling, mineral",,,,0,0.0,0.0,0.0,0.0,0.0,0.0,0.0,0.0,0.0,0.0,0,0.0,0.0,0.0,33,0.0,0.0,11,0.0,0,0.0,0.0,0.0,0.0,0.0,0.0,0.0,0.0,0.0,0.0,0.0,0.0275,0.0,0.026190476,0.0,0.0,0.0
14083,Beverages,"BEVERAGES,CHOC MALT,PDR,PREP W/ FAT FREE MILK","Beverages, Chocolate malt, powder, prepared with fat free milk",,,,49,3.25,0.17,8.64,7.77,0.0,137.0,0.116,0.36,3.3,0.54,5,0.865,0.134,0.093,234,0.089,0.74,20,0.0,97,2.0,0.97,0.152222222,0.068235294,0.15,0.036666667,0.036,0.0125,0.0540625,0.103076923,0.0775,0.195,9.88889e-05,0.047619048,0.138571429,0.036363636,0.088181818
14084,Beverages,"ALCOHOLIC BEV,WINE,TABLE,ALL","Alcoholic beverage, wine, table, all",,,,83,0.07,0.0,2.72,0.79,0.0,0.0,0.054,0.0,0.0,0.0,1,0.166,0.023,0.005,8,0.007,0.37,11,0.124,20,0.2,0.13,0.0,0.031764706,0.0,0.0,0.0,0.0025,0.010375,0.017692308,0.004166667,0.006666667,7.77778e-06,0.026190476,0.028571429,0.003636364,0.011818182
14086,Beverages,"V8 SPLASH SMOOTHIES,PEACH MANGO","V8 SPLASH Smoothies, Peach Mango",,Campbell Soup Co.,,37,1.22,0.0,7.76,7.35,0.0,0.0,0.082,0.24,24.5,0.0,0,0.816,0.0,0.0,41,0.0,0.15,0,0.0,0,0.0,0.0,0.0,0.048235294,0.1,0.272222222,0.0,0.0,0.051,0.0,0.0,0.034166667,0.0,0.0,0.0,0.0,0.0
14087,Beverages,"V8 SPLASH SMOOTHIES,STRAWBERRY BANANA","V8 SPLASH Smoothies, Strawberry Banana",,Campbell Soup Co.,,37,1.22,0.0,8.16,7.35,0.0,0.0,0.082,0.24,24.5,0.0,0,0.816,0.0,0.0,41,0.0,0.15,0,0.0,0,0.0,0.0,0.0,0.048235294,0.1,0.272222222,0.0,0.0,0.051,0.0,0.0,0.034166667,0.0,0.0,0.0,0.0,0.0
14088,Beverages,"V8 SPLASH SMOOTHIES,TROPICAL COLADA","V8 SPLASH Smoothies, Tropical Colada",,Campbell Soup Co.,,41,1.22,0.0,8.54,7.32,0.4,0.0,0.0,0.24,24.4,0.0,0,0.813,0.0,0.0,41,0.0,0.15,0,0.0,0,0.0,0.0,0.0,0.0,0.1,0.271111111,0.0,0.0,0.0508125,0.0,0.0,0.034166667,0.0,0.0,0.0,0.0,0.0
14090,Beverages,"BEVERAGES,COCNT H2O,RTD","Beverages, Coconut water, ready-to-drink",,,,18,0.22,0.0,4.24,3.92,0.0,0.0,0.0,0.0,9.9,0.0,0,0.0,0.0,0.03,7,0.008,0.03,6,0.221,5,0.0,0.02,0.0,0.0,0.0,0.11,0.0,0.0,0.0,0.0,0.025,0.005833333,8.88889e-06,0.014285714,0.007142857,0.0,0.001818182
14096,Beverages,"ALCOHOLIC BEV,WINE,TABLE,RED","Alcoholic beverage, wine, table, red",,,,85,0.07,0.0,2.61,0.62,0.0,0.0,0.057,0.0,0.0,0.0,1,0.224,0.031,0.005,8,0.011,0.46,12,0.132,23,0.2,0.14,0.0,0.033529412,0.0,0.0,0.0,0.0025,0.014,0.023846154,0.004166667,0.006666667,1.22222e-05,0.028571429,0.032857143,0.003636364,0.012727273
14097,Beverages,"ALCOHOLIC BEV,WINE,TABLE,RED,CABERNET SAUVIGNON","Alcoholic Beverage, wine, table, red, Cabernet Sauvignon",,,,83,0.07,0.0,2.6,0.0,0.0,0.0,0.0,0.0,0.0,0.0,0,0.0,0.0,0.0,0,0.0,0.0,0,0.0,0,0.0,0.0,0.0,0.0,0.0,0.0,0.0,0.0,0.0,0.0,0.0,0.0,0.0,0.0,0.0,0.0,0.0
14098,Beverages,"ALCOHOLIC BEV,WINE,TABLE,RED,CABERNET FRANC","Alcoholic Beverage, wine, table, red, Cabernet Franc",,,,83,0.07,0.0,2.45,0.0,0.0,0.0,0.0,0.0,0.0,0.0,0,0.0,0.0,0.0,0,0.0,0.0,0,0.0,0,0.0,0.0,0.0,0.0,0.0,0.0,0.0,0.0,0.0,0.0,0.0,0.0,0.0,0.0,0.0,0.0,0.0
14099,Beverages,"ALCOHOLIC BEV,WINE,TABLE,RED,PINOT NOIR","Alcoholic Beverage, wine, table, red, Pinot Noir",,,,82,0.07,0.0,2.31,0.0,0.0,0.0,0.0,0.0,0.0,0.0,0,0.0,0.0,0.0,0,0.0,0.0,0,0.0,0,0.0,0.0,0.0,0.0,0.0,0.0,0.0,0.0,0.0,0.0,0.0,0.0,0.0,0.0,0.0,0.0,0.0
14100,Beverages,"ALCOHOLIC BEV,WINE,TABLE,RED,SYRAH","Alcoholic Beverage, wine, table, red, Syrah",,,,83,0.07,0.0,2.58,0.0,0.0,0.0,0.0,0.0,0.0,0.0,0,0.0,0.0,0.0,0,0.0,0.0,0,0.0,0,0.0,0.0,0.0,0.0,0.0,0.0,0.0,0.0,0.0,0.0,0.0,0.0,0.0,0.0,0.0,0.0,0.0
14101,Beverages,"ALCOHOLIC BEV,WINE,TABLE,RED,BARBERA","Alcoholic Beverage, wine, table, red, Barbera",,,,85,0.07,0.0,2.79,0.0,0.0,0.0,0.0,0.0,0.0,0.0,0,0.0,0.0,0.0,0,0.0,0.0,0,0.0,0,0.0,0.0,0.0,0.0,0.0,0.0,0.0,0.0,0.0,0.0,0.0,0.0,0.0,0.0,0.0,0.0,0.0
14102,Beverages,"ALCOHOLIC BEV,WINE,TABLE,RED,ZINFANDEL","Alcoholic Beverage, wine, table, red, Zinfandel",,,,88,0.07,0.0,2.86,0.0,0.0,0.0,0.0,0.0,0.0,0.0,0,0.0,0.0,0.0,0,0.0,0.0,0,0.0,0,0.0,0.0,0.0,0.0,0.0,0.0,0.0,0.0,0.0,0.0,0.0,0.0,0.0,0.0,0.0,0.0,0.0
14103,Beverages,"ALCOHOLIC BEV,WINE,TABLE,RED,PETITE SIRAH","Alcoholic Beverage, wine, table, red, Petite Sirah",,,,85,0.07,0.0,2.68,0.0,0.0,0.0,0.0,0.0,0.0,0.0,0,0.0,0.0,0.0,0,0.0,0.0,0,0.0,0,0.0,0.0,0.0,0.0,0.0,0.0,0.0,0.0,0.0,0.0,0.0,0.0,0.0,0.0,0.0,0.0,0.0
14105,Beverages,"ALCOHOLIC BEV,WINE,TABLE,RED,CLARET","Alcoholic Beverage, wine, table, red, Claret",,,,83,0.07,0.0,3.01,0.0,0.0,0.0,0.0,0.0,0.0,0.0,0,0.0,0.0,0.0,0,0.0,0.0,0,0.0,0,0.0,0.0,0.0,0.0,0.0,0.0,0.0,0.0,0.0,0.0,0.0,0.0,0.0,0.0,0.0,0.0,0.0
14106,Beverages,"ALCOHOLIC BEV,WINE,TABLE,WHITE","Alcoholic beverage, wine, table, white",,,,82,0.07,0.0,2.6,0.96,0.0,0.0,0.05,0.0,0.0,0.0,1,0.108,0.015,0.005,9,0.004,0.27,10,0.117,18,0.1,0.12,0.0,0.029411765,0.0,0.0,0.0,0.0025,0.00675,0.011538462,0.004166667,0.0075,4.44444e-06,0.023809524,0.025714286,0.001818182,0.010909091
14107,Beverages,"ALCOHOLIC BEV,WINE,TABLE,RED,LEMBERGER","Alcoholic Beverage, wine, table, red, Lemberger",,,,80,0.07,0.0,2.46,0.0,0.0,0.0,0.0,0.0,0.0,0.0,0,0.0,0.0,0.0,0,0.0,0.0,0,0.0,0,0.0,0.0,0.0,0.0,0.0,0.0,0.0,0.0,0.0,0.0,0.0,0.0,0.0,0.0,0.0,0.0,0.0
14108,Beverages,"ALCOHOLIC BEV,WINE,TABLE,RED,SANGIOVESE","Alcoholic Beverage, wine, table, red, Sangiovese",,,,86,0.07,0.0,2.62,0.0,0.0,0.0,0.0,0.0,0.0,0.0,0,0.0,0.0,0.0,0,0.0,0.0,0,0.0,0,0.0,0.0,0.0,0.0,0.0,0.0,0.0,0.0,0.0,0.0,0.0,0.0,0.0,0.0,0.0,0.0,0.0
14109,Beverages,"ALCOHOLIC BEV,WINE,TABLE,RED,CARIGNANE","Alcoholic Beverage, wine, table, red, Carignane",,,,74,0.07,0.0,2.4,0.0,0.0,0.0,0.0,0.0,0.0,0.0,0,0.0,0.0,0.0,0,0.0,0.0,0,0.0,0,0.0,0.0,0.0,0.0,0.0,0.0,0.0,0.0,0.0,0.0,0.0,0.0,0.0,0.0,0.0,0.0,0.0
14113,Beverages,"ALCOHOLIC BEV,WINE,TABLE,WHITE,PINOT GRIS (GRIGIO)","Alcoholic beverage, wine, table, white, Pinot Gris (Grigio)",,,,83,0.07,0.0,2.06,0.0,0.0,0.0,0.0,0.0,0.0,0.0,0,0.0,0.0,0.0,0,0.0,0.0,0,0.0,0,0.0,0.0,0.0,0.0,0.0,0.0,0.0,0.0,0.0,0.0,0.0,0.0,0.0,0.0,0.0,0.0,0.0
14114,Beverages,"BEEF BROTH&TOMATO JUC,CND","Beef broth and tomato juice, canned",,,,37,0.6,0.1,8.5,0.0,0.1,6.0,0.024,0.05,0.9,0.0,4,0.164,0.029,0.001,11,0.017,0.58,3,0.028,13,0.7,0.02,0.006666667,0.014117647,0.020833333,0.01,0.0,0.01,0.01025,0.022307692,0.000833333,0.009166667,1.88889e-05,0.007142857,0.018571429,0.012727273,0.001818182
14116,Beverages,"ALCOHOLIC BEV,WINE,TABLE,WHITE,CHENIN BLANC","Alcoholic beverage, wine, table, white, Chenin Blanc",,,,80,0.07,0.0,3.31,0.0,0.0,0.0,0.0,0.0,0.0,0.0,0,0.0,0.0,0.0,0,0.0,0.0,0,0.0,0,0.0,0.0,0.0,0.0,0.0,0.0,0.0,0.0,0.0,0.0,0.0,0.0,0.0,0.0,0.0,0.0,0.0
14117,Beverages,"ALCOHOLIC BEV,WINE,TABLE,WHITE,FUME BLANC","Alcoholic beverage, wine, table, white, Fume Blanc",,,,82,0.07,0.0,2.27,0.0,0.0,0.0,0.0,0.0,0.0,0.0,0,0.0,0.0,0.0,0,0.0,0.0,0,0.0,0,0.0,0.0,0.0,0.0,0.0,0.0,0.0,0.0,0.0,0.0,0.0,0.0,0.0,0.0,0.0,0.0,0.0
14119,Beverages,"MIXED VEG & FRUIT JUC DRK,W/ ADDED NUTR","Mixed vegetable and fruit juice drink, with added nutrients",includes V-8 Splash drinks,,,29,0.04,0.01,7.47,2.1,0.0,104.0,0.01,0.0,32.5,1.63,0,0.018,0.004,0.003,3,0.009,0.04,1,0.012,2,0.1,0.01,0.115555556,0.005882353,0.0,0.361111111,0.108666667,0.0,0.001125,0.003076923,0.0025,0.0025,1e-05,0.002380952,0.002857143,0.001818182,0.000909091
14120,Beverages,"ALCOHOLIC BEV,WINE,TABLE,WHITE,MULLER THURGAU","Alcoholic beverage, wine, table, white, Muller Thurgau",,,,76,0.07,0.0,3.48,0.0,0.0,0.0,0.0,0.0,0.0,0.0,0,0.0,0.0,0.0,0,0.0,0.0,0,0.0,0,0.0,0.0,0.0,0.0,0.0,0.0,0.0,0.0,0.0,0.0,0.0,0.0,0.0,0.0,0.0,0.0,0.0
14121,Beverages,"CARBONATED BEV,CLUB SODA","Carbonated beverage, club soda",soft drink,,,0,0.0,0.0,0.0,0.0,0.0,0.0,0.0,0.0,0.0,0.0,0,0.0,0.0,0.0,5,0.006,0.01,1,0.001,0,0.0,0.1,0.0,0.0,0.0,0.0,0.0,0.0,0.0,0.0,0.0,0.004166667,6.66667e-06,0.002380952,0.0,0.0,0.009090909
14124,Beverages,"ALCOHOLIC BEV,WINE,TABLE,WHITE,GEWURZTRAMINER","Alcoholic beverage, wine, table, white, Gewurztraminer",,,,81,0.07,0.0,2.6,0.0,0.0,0.0,0.0,0.0,0.0,0.0,0,0.0,0.0,0.0,0,0.0,0.0,0,0.0,0,0.0,0.0,0.0,0.0,0.0,0.0,0.0,0.0,0.0,0.0,0.0,0.0,0.0,0.0,0.0,0.0,0.0
14125,Beverages,"ALCOHOLIC BEV,WINE,TABLE,WHITE,LATE HARVEST,GEWURZTRAMINER","Alcoholic beverage, wine, table, white, late harvest, Gewurztraminer",,,,108,0.07,0.0,11.39,0.0,0.0,0.0,0.0,0.0,0.0,0.0,0,0.0,0.0,0.0,0,0.0,0.0,0,0.0,0,0.0,0.0,0.0,0.0,0.0,0.0,0.0,0.0,0.0,0.0,0.0,0.0,0.0,0.0,0.0,0.0,0.0
14126,Beverages,"ALCOHOLIC BEV,WINE,TABLE,WHITE,SEMILLON","Alcoholic beverage, wine, table, white, Semillon",,,,82,0.07,0.0,3.12,0.0,0.0,0.0,0.0,0.0,0.0,0.0,0,0.0,0.0,0.0,0,0.0,0.0,0,0.0,0,0.0,0.0,0.0,0.0,0.0,0.0,0.0,0.0,0.0,0.0,0.0,0.0,0.0,0.0,0.0,0.0,0.0
14130,Beverages,"CARBONATED BEV,CRM SODA","Carbonated beverage, cream soda","soft drink, pop",,,51,0.0,0.0,13.3,13.3,0.0,0.0,0.0,0.0,0.0,0.0,0,0.0,0.0,0.0,5,0.008,0.05,1,0.013,0,0.0,0.07,0.0,0.0,0.0,0.0,0.0,0.0,0.0,0.0,0.0,0.004166667,8.88889e-06,0.002380952,0.0,0.0,0.006363636
14132,Beverages,"ALCOHOLIC BEV,WINE,TABLE,WHITE,RIESLING","Alcoholic beverage, wine, table, white, Riesling",,,,80,0.07,0.0,3.74,0.0,0.0,0.0,0.0,0.0,0.0,0.0,0,0.0,0.0,0.0,0,0.0,0.0,0,0.0,0,0.0,0.0,0.0,0.0,0.0,0.0,0.0,0.0,0.0,0.0,0.0,0.0,0.0,0.0,0.0,0.0,0.0
14134,Beverages,"ALCOHOLIC BEV,WINE,TABLE,WHITE,SAUVIGNON BLANC","Alcoholic beverage, wine, table, white, Sauvignon Blanc",,,,81,0.07,0.0,2.05,0.0,0.0,0.0,0.0,0.0,0.0,0.0,0,0.0,0.0,0.0,0,0.0,0.0,0,0.0,0,0.0,0.0,0.0,0.0,0.0,0.0,0.0,0.0,0.0,0.0,0.0,0.0,0.0,0.0,0.0,0.0,0.0
14135,Beverages,"ALCOHOLIC BEV,WINE,TABLE,WHITE,LATE HARVEST","Alcoholic beverage, wine, table, white, late harvest",,,,112,0.07,0.0,13.39,0.0,0.0,0.0,0.0,0.0,0.0,0.0,0,0.0,0.0,0.0,0,0.0,0.0,0,0.0,0,0.0,0.0,0.0,0.0,0.0,0.0,0.0,0.0,0.0,0.0,0.0,0.0,0.0,0.0,0.0,0.0,0.0
14136,Beverages,"CARBONATED BEV,GINGER ALE","Carbonated beverage, ginger ale","soft drink, pop, soda",,,34,0.0,0.0,8.77,8.7,0.0,0.0,0.0,0.0,0.0,0.0,0,0.0,0.0,0.0,3,0.018,0.18,1,0.013,0,0.1,0.05,0.0,0.0,0.0,0.0,0.0,0.0,0.0,0.0,0.0,0.0025,2e-05,0.002380952,0.0,0.001818182,0.004545455
14137,Beverages,"TEA,RTD,NESTLE,COOL NESTEA ICE TEA LEMON FLAVOR","Tea, ready-to-drink, NESTLE, COOL NESTEA ice tea lemon flavor",,"Nestle USA, Inc.",,36,0.0,0.0,9.09,9.09,0.0,0.0,0.0,0.0,0.0,0.0,0,0.0,0.0,0.0,3,0.008,0.0,1,0.131,36,0.0,0.06,0.0,0.0,0.0,0.0,0.0,0.0,0.0,0.0,0.0,0.0025,8.88889e-06,0.002380952,0.051428571,0.0,0.005454545
14138,Beverages,"ALCOHOLIC BEV,WINE,TABLE,WHITE,PINOT BLANC","Alcoholic beverage, wine, table, white, Pinot Blanc",,,,81,0.07,0.0,1.94,0.0,0.0,0.0,0.0,0.0,0.0,0.0,0,0.0,0.0,0.0,0,0.0,0.0,0,0.0,0,0.0,0.0,0.0,0.0,0.0,0.0,0.0,0.0,0.0,0.0,0.0,0.0,0.0,0.0,0.0,0.0,0.0
14140,Beverages,"ALCOHOLIC BEV,WINE,TABLE,WHITE,MUSCAT","Alcoholic beverage, wine, table, white, Muscat",,,,82,0.07,0.0,5.23,0.0,0.0,0.0,0.0,0.0,0.0,0.0,0,0.0,0.0,0.0,0,0.0,0.0,0,0.0,0,0.0,0.0,0.0,0.0,0.0,0.0,0.0,0.0,0.0,0.0,0.0,0.0,0.0,0.0,0.0,0.0,0.0
14142,Beverages,"CARBONATED BEV,GRAPE SODA","Carbonated beverage, grape soda","soft drink, pop",,,43,0.0,0.0,11.2,0.0,0.0,0.0,0.0,0.0,0.0,0.0,0,0.0,0.0,0.0,3,0.022,0.08,1,0.013,0,0.0,0.07,0.0,0.0,0.0,0.0,0.0,0.0,0.0,0.0,0.0,0.0025,2.44444e-05,0.002380952,0.0,0.0,0.006363636
14143,Beverages,"CARBONATED BEV,LO CAL,OTHER THAN COLA OR PEPPER,WO/ CAFFEINE","Carbonated beverage, low calorie, other than cola or pepper,  without caffeine","soft drink, pop, soda",,,0,0.1,0.0,0.0,0.0,0.0,0.0,0.0,0.0,0.0,0.0,0,0.0,0.0,0.0,4,0.025,0.04,1,0.017,0,0.0,0.0,0.0,0.0,0.0,0.0,0.0,0.0,0.0,0.0,0.0,0.003333333,2.77778e-05,0.002380952,0.0,0.0,0.0
14144,Beverages,"CARBONATED BEV,LEMON-LIME SODA,NO CAFFEINE","Carbonated beverage, lemon-lime soda, no caffeine","white soda, soft drink, pop",,,41,0.09,0.0,10.42,10.38,0.0,0.0,0.0,0.0,0.0,0.0,0,0.015,0.0,0.0,2,0.0,0.02,1,0.0,0,0.0,0.01,0.0,0.0,0.0,0.0,0.0,0.0,0.0009375,0.0,0.0,0.001666667,0.0,0.002380952,0.0,0.0,0.000909091
14145,Beverages,"CARBONATED BEV,SPRITE,LEMON-LIME,WO/ CAFFEINE","Carbonated beverage, SPRITE, lemon-lime, without caffeine","soft drink, white soda, pop",The Coca-Cola Company,,40,0.05,0.02,10.14,8.98,0.0,0.0,0.0,0.0,0.0,0.0,0,0.015,0.0,0.0,2,0.001,0.11,1,0.002,0,0.0,0.04,0.0,0.0,0.0,0.0,0.0,0.0,0.0009375,0.0,0.0,0.001666667,1.11111e-06,0.002380952,0.0,0.0,0.003636364
14146,Beverages,"CARBONATED BEV,LO CAL,COLA OR PEPPR-TYPE,W/ ASPRT,WO/ CAFFEN","Carbonated beverage, low calorie, cola or pepper-type, with aspartame, without caffeine","soft drink, pop, soda",,,1,0.12,0.0,0.12,0.0,0.0,0.0,0.0,0.0,0.0,0.0,0,0.0,0.023,0.005,3,0.002,0.02,0,0.0,10,0.1,0.01,0.0,0.0,0.0,0.0,0.0,0.0,0.0,0.017692308,0.004166667,0.0025,2.22222e-06,0.0,0.014285714,0.001818182,0.000909091
14147,Beverages,"CARBONATED BEV,COLA,WO/CAFFEINE","Carbonated beverage, cola, without caffeine","soft drink, pop, soda",,,41,0.0,0.0,10.58,10.58,0.0,0.0,0.0,0.0,0.0,0.0,0,0.0,0.0,0.0,2,0.0,0.02,0,0.0,11,0.1,0.01,0.0,0.0,0.0,0.0,0.0,0.0,0.0,0.0,0.0,0.001666667,0.0,0.0,0.015714286,0.001818182,0.000909091
14148,Beverages,"CARBONATED BEV,COLA","Carbonated beverage, cola","soft drink, pop, soda",,,41,0.0,0.0,10.58,10.75,0.0,0.0,0.0,0.0,0.0,0.0,0,0.0,0.0,0.0,2,0.0,0.02,0,0.0,11,0.1,0.01,0.0,0.0,0.0,0.0,0.0,0.0,0.0,0.0,0.0,0.001666667,0.0,0.0,0.015714286,0.001818182,0.000909091
14149,Beverages,"CARBONATED BEV,RED SUGAR,COLA,CONTAINS CAFFEINE & SWEETENERS","Carbonated beverage, reduced sugar, cola, contains caffeine and sweeteners",,,,20,0.0,0.0,5.16,5.16,0.0,0.0,0.0,0.0,0.0,0.0,0,0.0,0.0,0.0,2,0.0,0.02,0,0.0,11,0.1,0.01,0.0,0.0,0.0,0.0,0.0,0.0,0.0,0.0,0.0,0.001666667,0.0,0.0,0.015714286,0.001818182,0.000909091
14150,Beverages,"CARBONATED BEV,ORANGE","Carbonated beverage, orange","soft drink, pop, soda",,,48,0.0,0.0,12.3,0.0,0.0,0.0,0.0,0.0,0.0,0.0,0,0.0,0.0,0.0,5,0.015,0.06,1,0.013,1,0.0,0.1,0.0,0.0,0.0,0.0,0.0,0.0,0.0,0.0,0.0,0.004166667,1.66667e-05,0.002380952,0.001428571,0.0,0.009090909
14151,Beverages,"CARB BEV,LO CAL,OTHR THN COLA OR PEPPER,W/ ASPRT,CONTNS CAFF","Carbonated beverage, low calorie, other than cola or pepper, with aspartame, contains caffeine","soft drink, pop, soda",,,0,0.1,0.0,0.0,0.0,0.0,0.0,0.0,0.0,0.0,0.0,0,0.0,0.0,0.0,4,0.025,0.04,1,0.017,0,0.0,0.0,0.0,0.0,0.0,0.0,0.0,0.0,0.0,0.0,0.0,0.003333333,2.77778e-05,0.002380952,0.0,0.0,0.0
14152,Beverages,"ALCOHOLIC BEV,WINE,TABLE,RED,BURGUNDY","Alcoholic Beverage, wine, table, red, Burgundy",,,,86,0.07,0.0,3.69,0.0,0.0,0.0,0.0,0.0,0.0,0.0,0,0.0,0.0,0.0,0,0.0,0.0,0,0.0,0,0.0,0.0,0.0,0.0,0.0,0.0,0.0,0.0,0.0,0.0,0.0,0.0,0.0,0.0,0.0,0.0,0.0
14153,Beverages,"CARBONATED BEV,PEPPER-TYPE,CONTAINS CAFFEINE","Carbonated beverage, pepper-type, contains caffeine","soft drink, pop, soda",,,41,0.0,0.1,10.4,0.0,0.0,0.0,0.0,0.0,0.0,0.0,0,0.0,0.0,0.0,3,0.006,0.04,0,0.035,11,0.1,0.04,0.0,0.0,0.0,0.0,0.0,0.0,0.0,0.0,0.0,0.0025,6.66667e-06,0.0,0.015714286,0.001818182,0.003636364
14154,Beverages,"ENGY DRK,RED BULL,W/ ADD CAFFEINE,NIACIN,PANTO,VIT B6 & B12","Energy drink, RED BULL, with added caffeine, niacin, pantothenic acid, vitamins B6 and B12",,Red Bull North America/Red Bull GmbH,,45,0.25,0.08,10.94,10.06,0.0,0.0,1.959,1.96,0.0,0.0,0,8.5,0.575,0.025,13,0.005,0.02,3,0.003,0,0.2,0.0,0.0,1.152352941,0.816666667,0.0,0.0,0.0,0.53125,0.442307692,0.020833333,0.010833333,5.55556e-06,0.007142857,0.0,0.003636364,0.0
14155,Beverages,"CARBONATED BEV,TONIC H2O","Carbonated beverage, tonic water","soda, soft drink",,,34,0.0,0.0,8.8,8.8,0.0,0.0,0.0,0.0,0.0,0.0,0,0.0,0.0,0.0,1,0.006,0.01,0,0.001,0,0.0,0.1,0.0,0.0,0.0,0.0,0.0,0.0,0.0,0.0,0.0,0.000833333,6.66667e-06,0.0,0.0,0.0,0.009090909
14156,Beverages,"ENG DRK,RED BULL,SGR FR,W/ADD CAFF,NIACIN,PANTO,VIT B6 & B12","Energy drink, RED BULL, sugar free, with added caffeine, niacin, pantothenic acid, vitamins B6 and B12",,Red Bull North America/Red Bull GmbH,,5,0.25,0.08,0.7,0.0,0.0,0.0,1.995,1.99,0.0,0.0,0,8.5,0.575,0.025,13,0.005,0.02,3,0.003,0,0.2,0.0,0.0,1.173529412,0.829166667,0.0,0.0,0.0,0.53125,0.442307692,0.020833333,0.010833333,5.55556e-06,0.007142857,0.0,0.003636364,0.0
14157,Beverages,"CARBONATED BEV,ROOT BEER","Carbonated beverage, root beer","soft drink, pop, soda",,,41,0.0,0.0,10.6,10.6,0.0,0.0,0.0,0.0,0.0,0.0,0,0.0,0.0,0.0,5,0.007,0.05,1,0.013,0,0.1,0.07,0.0,0.0,0.0,0.0,0.0,0.0,0.0,0.0,0.0,0.004166667,7.77778e-06,0.002380952,0.0,0.001818182,0.006363636
14158,Beverages,"ALCOHOLIC BEV,WINE,TABLE,RED,GAMAY","Alcoholic Beverage, wine, table, red, Gamay",,,,78,0.07,0.0,2.38,0.0,0.0,0.0,0.0,0.0,0.0,0.0,0,0.0,0.0,0.0,0,0.0,0.0,0,0.0,0,0.0,0.0,0.0,0.0,0.0,0.0,0.0,0.0,0.0,0.0,0.0,0.0,0.0,0.0,0.0,0.0,0.0
14159,Beverages,"ALCOHOLIC BEV,WINE,TABLE,RED,MOUVEDRE","Alcoholic Beverage, wine, table, red, Mouvedre",,,,88,0.07,0.0,2.64,0.0,0.0,0.0,0.0,0.0,0.0,0.0,0,0.0,0.0,0.0,0,0.0,0.0,0,0.0,0,0.0,0.0,0.0,0.0,0.0,0.0,0.0,0.0,0.0,0.0,0.0,0.0,0.0,0.0,0.0,0.0,0.0
14160,Beverages,"ALCOHOLIC BEV,WINE,TABLE,WHITE,CHARDONNAY","Alcoholic beverage, wine, table, white, Chardonnay",,,,84,0.07,0.0,2.16,0.96,0.0,0.0,0.05,0.0,0.0,0.0,0,0.108,0.015,0.005,9,0.004,0.27,10,0.117,18,0.1,0.12,0.0,0.029411765,0.0,0.0,0.0,0.0,0.00675,0.011538462,0.004166667,0.0075,4.44444e-06,0.023809524,0.025714286,0.001818182,0.010909091
14166,Beverages,"CARBONATED BEV,LO CAL,COLA OR PEPR,W/ NA SACC,CONTAINS CAFFN","Carbonated beverage, low calorie, cola or pepper-types, with sodium saccharin, contains caffeine","soft drink, pop, soda",,,0,0.0,0.0,0.1,0.0,0.0,0.0,0.0,0.0,0.0,0.0,0,0.0,0.0,0.0,4,0.013,0.02,1,0.009,11,0.1,0.03,0.0,0.0,0.0,0.0,0.0,0.0,0.0,0.0,0.0,0.003333333,1.44444e-05,0.002380952,0.015714286,0.001818182,0.002727273
14168,Beverages,"CAROB-FLAVOR BEV MIX,PDR","Carob-flavor beverage mix, powder",,,,372,1.8,0.2,93.3,0.0,8.0,0.0,0.124,0.0,0.0,0.0,0,0.76,0.001,0.009,32,0.06,4.6,5,0.063,7,1.5,0.08,0.0,0.072941176,0.0,0.0,0.0,0.0,0.0475,0.000769231,0.0075,0.026666667,6.66667e-05,0.011904762,0.01,0.027272727,0.007272727
14169,Beverages,"CAROB-FLAVOR BEV MIX,PDR,PREP W/ WHL MILK","Carob-flavor beverage mix, powder, prepared with whole milk",,,,75,3.16,3.11,8.68,0.0,0.4,27.0,0.04,0.42,0.0,0.0,5,0.138,0.174,0.042,98,0.025,0.25,10,0.006,80,3.6,0.37,0.03,0.023529412,0.175,0.0,0.0,0.0125,0.008625,0.133846154,0.035,0.081666667,2.77778e-05,0.023809524,0.114285714,0.065454545,0.033636364
14177,Beverages,"CHOCOLATE-FLAVOR BEV MIX,PDR,PREP W/ WHL MILK","Chocolate-flavor beverage mix, powder, prepared with whole milk",,,,85,3.23,3.24,11.91,0.0,0.4,26.0,0.034,0.4,0.1,0.06,5,0.142,0.18,0.043,95,0.082,0.3,18,0.064,88,3.6,0.48,0.028888889,0.02,0.166666667,0.001111111,0.004,0.0125,0.008875,0.138461538,0.035833333,0.079166667,9.11111e-05,0.042857143,0.125714286,0.065454545,0.043636364
14181,Beverages,CHOCOLATE SYRUP,Chocolate syrup,,,,279,2.1,1.13,65.1,49.65,2.6,0.0,0.006,0.0,0.2,0.02,2,0.322,0.05,0.009,14,0.512,2.11,65,0.382,129,1.4,0.73,0.0,0.003529412,0.0,0.002222222,0.001333333,0.005,0.020125,0.038461538,0.0075,0.011666667,0.000568889,0.154761905,0.184285714,0.025454545,0.066363636
14182,Beverages,"CHOCOLATE SYRUP,PREP W/ WHL MILK","Chocolate syrup, prepared with whole milk",,,,90,3.07,2.96,12.78,11.31,0.3,25.0,0.032,0.38,0.0,0.05,5,0.137,0.165,0.039,89,0.09,0.32,18,0.055,90,3.4,0.43,0.027777778,0.018823529,0.158333333,0.0,0.003333333,0.0125,0.0085625,0.126923077,0.0325,0.074166667,0.0001,0.042857143,0.128571429,0.061818182,0.039090909
14187,Beverages,"CLAM&TOMATO JUC,CND","Clam and tomato juice, canned",,,,48,0.6,0.2,10.95,3.31,0.4,7.0,0.061,0.03,5.0,0.11,8,0.231,0.012,0.021,8,0.029,0.15,5,0.032,11,0.4,0.08,0.007777778,0.035882353,0.0125,0.055555556,0.007333333,0.02,0.0144375,0.009230769,0.0175,0.006666667,3.22222e-05,0.011904762,0.015714286,0.007272727,0.007272727
14192,Beverages,"COCOA MIX,PDR","Cocoa mix, powder",hot chocolate,,,398,6.67,4.0,83.73,65.55,3.7,1.0,0.114,0.35,0.2,0.19,6,0.586,0.565,0.096,133,0.286,1.19,83,0.269,315,5.0,1.46,0.001111111,0.067058824,0.145833333,0.002222222,0.012666667,0.015,0.036625,0.434615385,0.08,0.110833333,0.000317778,0.197619048,0.45,0.090909091,0.132727273
14194,Beverages,"COCOA MIX,PDR,PREP W/ H2O","Cocoa mix, powder, prepared with water",hot chocolate,,,55,0.92,0.55,11.54,9.03,0.5,0.0,0.016,0.05,0.0,0.03,1,0.081,0.078,0.013,21,0.048,0.17,12,0.037,43,0.7,0.21,0.0,0.009411765,0.020833333,0.0,0.002,0.0025,0.0050625,0.06,0.010833333,0.0175,5.33333e-05,0.028571429,0.061428571,0.012727273,0.019090909
14195,Beverages,"COCOA MIX,NESTLE,HOT COCOA MIX RICH CHOC W/ MARSHMALLOWS","Cocoa mix, NESTLE, Hot Cocoa Mix Rich Chocolate With Marshmallows",hot chocolate,"Nestle USA, Inc.",,400,2.8,15.0,75.0,65.0,3.7,0.0,0.0,0.0,0.0,0.0,0,0.0,0.0,0.0,80,0.0,1.8,0,0.0,0,0.0,0.0,0.0,0.0,0.0,0.0,0.0,0.0,0.0,0.0,0.0,0.066666667,0.0,0.0,0.0,0.0,0.0
14196,Beverages,"COCOA MIX,NO SUGAR ADDED,PDR","Cocoa mix, no sugar added, powder",hot chocolate,,,377,15.49,3.0,71.93,37.65,7.5,4.0,0.318,1.18,0.0,0.04,14,1.084,1.4,0.267,576,0.73,4.96,208,0.665,893,16.9,3.44,0.004444444,0.187058824,0.491666667,0.0,0.002666667,0.035,0.06775,1.076923077,0.2225,0.48,0.000811111,0.495238095,1.275714286,0.307272727,0.312727273
14197,Beverages,"COCOA MIX,NESTLE,RICH CHOC HOT COCOA MIX","Cocoa mix, NESTLE, Rich Chocolate Hot Cocoa Mix",hot chocolate,"Nestle USA, Inc.",,400,3.0,15.0,75.0,60.0,4.0,0.0,0.0,0.0,0.0,0.0,0,0.0,0.0,0.0,100,0.0,1.8,0,0.0,0,0.0,0.0,0.0,0.0,0.0,0.0,0.0,0.0,0.0,0.0,0.0,0.083333333,0.0,0.0,0.0,0.0,0.0
14201,Beverages,"COFFEE,BREWED FROM GROUNDS,PREP W/ TAP H2O,DECAFFEINATED","Coffee, brewed from grounds, prepared with tap water, decaffeinated",,,,0,0.1,0.0,0.0,0.0,0.0,0.0,0.0,0.0,0.0,0.0,0,0.222,0.0,0.0,2,0.007,0.05,5,0.027,1,0.1,0.02,0.0,0.0,0.0,0.0,0.0,0.0,0.013875,0.0,0.0,0.001666667,7.77778e-06,0.011904762,0.001428571,0.001818182,0.001818182
14202,Beverages,"COFFEE,BREWED,ESPRESSO,REST-PREP,DECAFFEINATED","Coffee, brewed, espresso, restaurant-prepared, decaffeinated",,,,9,0.1,0.18,1.69,0.0,0.0,0.0,0.002,0.0,0.2,0.0,1,5.207,0.177,0.001,2,0.05,0.13,80,0.05,7,0.0,0.05,0.0,0.001176471,0.0,0.002222222,0.0,0.0025,0.3254375,0.136153846,0.000833333,0.001666667,5.55556e-05,0.19047619,0.01,0.0,0.004545455
14203,Beverages,"COFFEE,INST,REG,PDR,HALF THE CAFFEINE","Coffee, instant, regular, powder, half the caffeine",,,,352,14.42,0.5,73.18,0.0,0.0,0.0,0.029,0.0,0.0,0.0,0,28.173,0.074,0.008,141,0.139,4.41,327,1.712,303,12.6,0.35,0.0,0.017058824,0.0,0.0,0.0,0.0,1.7608125,0.056923077,0.006666667,0.1175,0.000154444,0.778571429,0.432857143,0.229090909,0.031818182
14204,Beverages,"COFFEE&COCOA (MOCHA) PDR,W/WHTNR&LO CAL SWTNR,DECAFFEINATED","Coffee and cocoa (mocha) powder, with whitener and low calorie sweetener, decaffeinated",,,,440,9.0,13.21,71.4,34.98,4.8,0.0,0.03,0.0,0.0,0.09,5,4.655,0.109,0.021,60,0.56,3.06,122,0.807,451,4.0,1.01,0.0,0.017647059,0.0,0.0,0.006,0.0125,0.2909375,0.083846154,0.0175,0.05,0.000622222,0.29047619,0.644285714,0.072727273,0.091818182
14209,Beverages,"COFFEE,BREWED FROM GROUNDS,PREP W/ TAP H2O","Coffee, brewed from grounds, prepared with tap water",,,,1,0.12,0.02,0.0,0.0,0.0,0.0,0.001,0.0,0.0,0.01,2,0.191,0.076,0.014,2,0.002,0.01,3,0.023,3,0.0,0.02,0.0,0.000588235,0.0,0.0,0.000666667,0.005,0.0119375,0.058461538,0.011666667,0.001666667,2.22222e-06,0.007142857,0.004285714,0.0,0.001818182
14210,Beverages,"COFFEE,BREWED,ESPRESSO,REST-PREP","Coffee, brewed, espresso, restaurant-prepared",,,,9,0.12,0.18,1.67,0.0,0.0,0.0,0.002,0.0,0.2,0.01,1,5.207,0.177,0.001,2,0.05,0.13,80,0.05,7,0.0,0.05,0.0,0.001176471,0.0,0.002222222,0.000666667,0.0025,0.3254375,0.136153846,0.000833333,0.001666667,5.55556e-05,0.19047619,0.01,0.0,0.004545455
14214,Beverages,"COFFEE,INST,REG,PDR","Coffee, instant, regular, powder",,,,353,12.2,0.5,75.4,0.0,0.0,0.0,0.029,0.0,0.0,0.0,0,28.173,0.074,0.008,141,0.139,4.41,327,1.712,303,12.6,0.35,0.0,0.017058824,0.0,0.0,0.0,0.0,1.7608125,0.056923077,0.006666667,0.1175,0.000154444,0.778571429,0.432857143,0.229090909,0.031818182
14215,Beverages,"COFFEE,INST,REG,PREP W/H2O","Coffee, instant, regular, prepared with water",,,,2,0.1,0.0,0.34,0.0,0.0,0.0,0.0,0.0,0.0,0.0,0,0.236,0.001,0.0,4,0.011,0.04,4,0.015,3,0.1,0.01,0.0,0.0,0.0,0.0,0.0,0.0,0.01475,0.000769231,0.0,0.003333333,1.22222e-05,0.00952381,0.004285714,0.001818182,0.000909091
14218,Beverages,"COFFEE,INST,DECAFFEINATED,PDR","Coffee, instant, decaffeinated, powder",,,,351,11.6,0.2,76.0,0.0,0.0,0.0,0.0,0.0,0.0,0.0,0,28.075,1.36,0.0,140,0.069,3.8,311,1.222,286,17.3,0.11,0.0,0.0,0.0,0.0,0.0,0.0,1.7546875,1.046153846,0.0,0.116666667,7.66667e-05,0.74047619,0.408571429,0.314545455,0.01
14219,Beverages,"COFFEE,INST,DECAFFEINATED,PDR,PREP W/H2O","Coffee, instant, decaffeinated, powder, prepared with water",,,,2,0.12,0.0,0.43,0.0,0.0,0.0,0.0,0.0,0.0,0.0,0,0.282,0.014,0.0,4,0.01,0.04,4,0.012,3,0.2,0.01,0.0,0.0,0.0,0.0,0.0,0.0,0.017625,0.010769231,0.0,0.003333333,1.11111e-05,0.00952381,0.004285714,0.003636364,0.000909091
14222,Beverages,"COFFEE,INST,W/CHICORY,PDR","Coffee, instant, with chicory, powder",,,,355,9.3,0.2,78.9,0.0,0.5,0.0,0.029,0.0,0.0,0.0,0,21.667,0.29,0.0,103,0.05,4.76,213,1.2,271,9.4,0.37,0.0,0.017058824,0.0,0.0,0.0,0.0,1.3541875,0.223076923,0.0,0.085833333,5.55556e-05,0.507142857,0.387142857,0.170909091,0.033636364
14223,Beverages,"COFFEE,INST,W/ CHICORY,PREP W/ H2O","Coffee, instant, with chicory, prepared with water",,,,3,0.09,0.0,0.75,0.0,0.0,0.0,0.0,0.0,0.0,0.0,0,0.218,0.003,0.0,4,0.01,0.05,3,0.012,3,0.1,0.01,0.0,0.0,0.0,0.0,0.0,0.0,0.013625,0.002307692,0.0,0.003333333,1.11111e-05,0.007142857,0.004285714,0.001818182,0.000909091
14224,Beverages,"COFFEE,INST,W/SUGAR,MOCHA-FLAVOR,PDR","Coffee, instant, with sugar, mocha-flavor, powder",,,,460,5.29,15.87,74.04,58.2,1.9,1.0,0.055,0.45,0.6,0.0,9,2.263,0.028,0.031,271,0.435,0.0,68,0.445,251,6.2,0.96,0.001111111,0.032352941,0.1875,0.006666667,0.0,0.0225,0.1414375,0.021538462,0.025833333,0.225833333,0.000483333,0.161904762,0.358571429,0.112727273,0.087272727
14236,Beverages,"COFFEE SUB,CRL GRAIN BEV,PDR","Coffee substitute, cereal grain beverage, powder",,,,360,6.01,2.52,78.42,4.63,23.3,0.0,0.747,0.0,0.0,0.98,52,17.664,0.095,0.413,58,0.208,4.6,244,1.1,580,64.1,0.51,0.0,0.439411765,0.0,0.0,0.065333333,0.13,1.104,0.073076923,0.344166667,0.048333333,0.000231111,0.580952381,0.828571429,1.165454545,0.046363636
14237,Beverages,"COFFEE SUB,CRL GRAIN BEV,PREP W/ H2O","Coffee substitute, cereal grain beverage, prepared with water",,,,6,0.1,0.04,1.3,0.08,0.4,0.0,0.012,0.0,0.0,0.02,1,0.294,0.002,0.007,4,0.013,0.08,5,0.019,10,1.1,0.01,0.0,0.007058824,0.0,0.0,0.001333333,0.0025,0.018375,0.001538462,0.005833333,0.003333333,1.44444e-05,0.011904762,0.014285714,0.02,0.000909091
14238,Beverages,"CRANBERRY-APPLE JUC DRK,BTLD","Cranberry-apple juice drink, bottled",,,,63,0.0,0.11,15.85,14.5,0.0,0.0,0.0,0.0,39.5,0.12,0,0.0,0.0,0.0,3,0.01,0.07,1,0.029,2,0.0,0.02,0.0,0.0,0.0,0.438888889,0.008,0.0,0.0,0.0,0.0,0.0025,1.11111e-05,0.002380952,0.002857143,0.0,0.001818182
14240,Beverages,"CRANBERRY-APRICOT JUC DRK,BTLD","Cranberry-apricot juice drink, bottled",,,,64,0.2,0.0,16.2,0.0,0.1,23.0,0.02,0.0,0.0,0.0,1,0.12,0.01,0.005,9,0.015,0.15,3,0.125,5,0.0,0.04,0.025555556,0.011764706,0.0,0.0,0.0,0.0025,0.0075,0.007692308,0.004166667,0.0075,1.66667e-05,0.007142857,0.007142857,0.0,0.003636364
14241,Beverages,"CRANBERRY-GRAPE JUC DRK,BTLD","Cranberry-grape juice drink, bottled",,,,56,0.2,0.1,14.0,0.0,0.1,0.0,0.028,0.0,32.0,0.0,1,0.12,0.018,0.01,8,0.007,0.01,3,0.158,4,0.0,0.04,0.0,0.016470588,0.0,0.355555556,0.0,0.0025,0.0075,0.013846154,0.008333333,0.006666667,7.77778e-06,0.007142857,0.005714286,0.0,0.003636364
14242,Beverages,"CRANBERRY JUC COCKTAIL,BTLD","Cranberry juice cocktail, bottled",,,,54,0.0,0.1,13.52,11.87,0.0,0.0,0.0,0.0,42.3,0.22,0,0.041,0.0,0.0,3,0.01,0.1,1,0.048,1,0.2,0.03,0.0,0.0,0.0,0.47,0.014666667,0.0,0.0025625,0.0,0.0,0.0025,1.11111e-05,0.002380952,0.001428571,0.003636364,0.002727273
14243,Beverages,"CRANBERRY JUC COCKTAIL,BTLD,LO CAL,W/CA,SACCHARIN&CORN SWTNR","Cranberry juice cocktail, bottled, low calorie, with calcium, saccharin and corn sweetener",,,,19,0.02,0.01,4.6,4.59,0.0,0.0,0.002,0.0,32.2,0.05,0,0.004,0.002,0.0,9,0.01,0.04,2,0.006,1,0.0,0.02,0.0,0.001176471,0.0,0.357777778,0.003333333,0.0,0.00025,0.001538462,0.0,0.0075,1.11111e-05,0.004761905,0.001428571,0.0,0.001818182
14245,Beverages,"EGGNOG-FLAVOR MIX,PDR,PREP W/ WHL MILK","Eggnog-flavor mix, powder, prepared with whole milk",,,,95,2.93,3.02,14.2,12.66,0.0,26.0,0.033,0.39,0.0,0.06,5,0.112,0.166,0.04,92,0.022,0.12,10,0.007,77,3.4,0.35,0.028888889,0.019411765,0.1625,0.0,0.004,0.0125,0.007,0.127692308,0.033333333,0.076666667,2.44444e-05,0.023809524,0.11,0.061818182,0.031818182
14262,Beverages,"CITRUS FRUIT JUC DRK,FRZ CONC","Citrus fruit juice drink, frozen concentrate",,,,162,1.2,0.1,40.2,28.63,0.2,7.0,0.066,0.0,95.3,0.22,26,0.263,0.034,0.051,25,0.097,3.94,20,0.255,36,0.4,0.12,0.007777778,0.038823529,0.0,1.058888889,0.014666667,0.065,0.0164375,0.026153846,0.0425,0.020833333,0.000107778,0.047619048,0.051428571,0.007272727,0.010909091
14263,Beverages,"CITRUS FRUIT JUC DRK,FRZ CONC,PREP W/H2O","Citrus fruit juice drink, frozen concentrate, prepared with water",,,,46,0.34,0.03,11.42,8.13,0.1,2.0,0.019,0.0,27.1,0.06,7,0.075,0.01,0.014,9,0.035,1.12,6,0.073,10,0.1,0.04,0.002222222,0.011176471,0.0,0.301111111,0.004,0.0175,0.0046875,0.007692308,0.011666667,0.0075,3.88889e-05,0.014285714,0.014285714,0.001818182,0.003636364
14264,Beverages,"FRUIT PUNCH DRK,WO/ ADDED NUTR,CND","Fruit punch drink, without added nutrients, canned",,,,48,0.0,0.0,11.97,11.29,0.0,0.0,0.011,0.0,0.4,0.02,4,0.021,0.023,0.022,8,0.01,0.09,3,0.084,3,0.2,0.01,0.0,0.006470588,0.0,0.004444444,0.001333333,0.01,0.0013125,0.017692308,0.018333333,0.006666667,1.11111e-05,0.007142857,0.004285714,0.003636364,0.000909091
14267,Beverages,"FRUIT PUNCH DRK,W/ ADDED NUTR,CND","Fruit punch drink, with added nutrients, canned",,,,47,0.0,0.0,11.94,11.29,0.2,2.0,0.011,0.0,29.6,0.01,1,0.021,0.023,0.005,8,0.01,0.09,3,0.084,3,0.2,0.01,0.002222222,0.006470588,0.0,0.328888889,0.000666667,0.0025,0.0013125,0.017692308,0.004166667,0.006666667,1.11111e-05,0.007142857,0.004285714,0.003636364,0.000909091
14268,Beverages,"FRUIT PUNCH DRK,FRZ CONC","Fruit punch drink, frozen concentrate",,,,162,0.2,0.0,41.4,0.0,0.4,2.0,0.021,0.0,155.6,0.0,3,0.074,0.046,0.034,8,0.09,0.3,6,0.36,2,0.0,0.07,0.002222222,0.012352941,0.0,1.728888889,0.0,0.0075,0.004625,0.035384615,0.028333333,0.006666667,0.0001,0.014285714,0.002857143,0.0,0.006363636
14269,Beverages,"FRUIT PUNCH DRK,FRZ CONC,PREP W/H2O","Fruit punch drink, frozen concentrate, prepared with water",,,,46,0.06,0.0,11.66,0.0,0.1,1.0,0.006,0.0,43.8,0.0,1,0.021,0.013,0.01,4,0.032,0.09,2,0.102,1,0.0,0.02,0.001111111,0.003529412,0.0,0.486666667,0.0,0.0025,0.0013125,0.01,0.008333333,0.003333333,3.55556e-05,0.004761905,0.001428571,0.0,0.001818182
14277,Beverages,"GRAPE DRINK,CANNED","Grape drink, canned",,,,61,0.0,0.0,15.72,13.06,0.0,0.0,0.002,0.0,31.4,0.0,0,0.01,0.004,0.001,52,0.013,0.07,1,0.027,0,0.1,0.12,0.0,0.001176471,0.0,0.348888889,0.0,0.0,0.000625,0.003076923,0.000833333,0.043333333,1.44444e-05,0.002380952,0.0,0.001818182,0.010909091
14282,Beverages,"GRAPE JUICE DRINK,CANNED","Grape juice drink, canned",,,,57,0.0,0.0,14.55,14.11,0.1,0.0,0.035,0.0,26.5,0.0,1,0.142,0.354,0.225,7,0.022,0.13,6,0.2,6,0.1,0.03,0.0,0.020588235,0.0,0.294444444,0.0,0.0025,0.008875,0.272307692,0.1875,0.005833333,2.44444e-05,0.014285714,0.008571429,0.001818182,0.002727273
14287,Beverages,"LEMONADE,POWDER","Lemonade, powder",,,,376,0.0,1.05,97.57,94.7,0.4,0.0,0.026,0.0,39.9,0.14,6,0.13,0.0,0.015,20,0.045,0.19,247,0.016,4,0.6,0.1,0.0,0.015294118,0.0,0.443333333,0.009333333,0.015,0.008125,0.0,0.0125,0.016666667,5e-05,0.588095238,0.005714286,0.010909091,0.009090909
14288,Beverages,"LEMONADE,PDR,PREP W/H2O","Lemonade, powder, prepared with water",,,,14,0.0,0.04,3.59,3.5,0.0,0.0,0.001,0.0,1.5,0.01,0,0.005,0.0,0.001,4,0.011,0.01,10,0.001,0,0.0,0.01,0.0,0.000588235,0.0,0.016666667,0.000666667,0.0,0.0003125,0.0,0.000833333,0.003333333,1.22222e-05,0.023809524,0.0,0.0,0.000909091
14292,Beverages,"LEMONADE,FRZ CONC,WHITE","Lemonade, frozen concentrate, white",,,,196,0.22,0.7,49.89,44.46,0.3,0.0,0.02,0.0,13.1,0.09,7,0.11,0.0,0.02,7,0.013,0.09,7,0.013,7,0.4,0.04,0.0,0.011764706,0.0,0.145555556,0.006,0.0175,0.006875,0.0,0.016666667,0.005833333,1.44444e-05,0.016666667,0.01,0.007272727,0.003636364
14293,Beverages,"LEMONADE,FRZ CONC,WHITE,PREP W/H2O","Lemonade, frozen concentrate, white, prepared with water",,,,40,0.07,0.04,10.42,9.98,0.0,0.0,0.006,0.0,3.9,0.01,1,0.016,0.021,0.006,4,0.021,0.16,2,0.005,2,0.1,0.02,0.0,0.003529412,0.0,0.043333333,0.000666667,0.0025,0.001,0.016153846,0.005,0.003333333,2.33333e-05,0.004761905,0.002857143,0.001818182,0.001818182
14296,Beverages,"LEMONADE-FLAVOR DRK,PDR","Lemonade-flavor drink, powder",,,,380,0.0,1.01,97.9,97.15,0.0,0.0,0.0,0.0,40.6,0.08,0,0.0,0.011,0.002,11,0.025,0.17,165,0.011,99,0.3,0.03,0.0,0.0,0.0,0.451111111,0.005333333,0.0,0.0,0.008461538,0.001666667,0.009166667,2.77778e-05,0.392857143,0.141428571,0.005454545,0.002727273
14297,Beverages,"LEMONADE-FLAVOR DRK,PDR,PREP W/H2O","Lemonade-flavor drink, powder, prepared with water",,,,27,0.0,0.07,6.9,6.87,0.0,0.0,0.0,0.0,2.9,0.0,0,0.0,0.001,0.0,4,0.011,0.01,13,0.001,7,0.0,0.01,0.0,0.0,0.0,0.032222222,0.0,0.0,0.0,0.000769231,0.0,0.003333333,1.22222e-05,0.030952381,0.01,0.0,0.000909091
14303,Beverages,"LIMEADE,FRZ CONC,PREP W/H2O","Limeade, frozen concentrate, prepared with water",,,,52,0.0,0.0,13.79,13.27,0.0,0.0,0.004,0.0,3.1,0.0,1,0.009,0.003,0.002,2,0.016,0.0,2,0.001,1,0.1,0.01,0.0,0.002352941,0.0,0.034444444,0.0,0.0025,0.0005625,0.002307692,0.001666667,0.001666667,1.77778e-05,0.004761905,0.001428571,0.001818182,0.000909091
14305,Beverages,"MALT BEV,INCL NON-ALCOHOLIC BEER","Malt beverage, includes non-alcoholic beer",,,,37,0.21,0.12,8.05,8.05,0.0,0.0,0.027,0.02,0.5,0.0,14,1.113,0.048,0.016,7,0.008,0.06,7,0.013,16,1.2,0.02,0.0,0.015882353,0.008333333,0.005555556,0.0,0.035,0.0695625,0.036923077,0.013333333,0.005833333,8.88889e-06,0.016666667,0.022857143,0.021818182,0.001818182
14309,Beverages,"BEVERAGES,OVALTINE,CLASSIC MALT PDR","Beverages, OVALTINE, Classic Malt powder",,"Nestle USA, Inc.",,372,0.0,0.0,93.33,63.64,0.0,1365.0,1.818,0.0,54.5,12.27,0,18.182,0.0,1.364,909,1.818,16.36,218,0.0,0,0.0,13.64,1.516666667,1.069411765,0.0,0.605555556,0.818,0.0,1.136375,0.0,1.136666667,0.7575,0.00202,0.519047619,0.0,0.0,1.24
14310,Beverages,"MALTED DRK MIX,NAT,W/ ADDED NUTR,PDR,PREP W/ WHL MILK","Malted drink mix, natural, with added nutrients, powder, prepared with whole milk",,,,86,3.67,3.21,10.67,8.37,0.0,281.0,0.325,0.4,10.4,0.0,6,3.993,0.455,0.277,123,0.044,1.36,15,0.037,107,4.2,0.41,0.312222222,0.191176471,0.166666667,0.115555556,0.0,0.015,0.2495625,0.35,0.230833333,0.1025,4.88889e-05,0.035714286,0.152857143,0.076363636,0.037272727
14311,Beverages,"MALTED DRK MIX,NAT,PDR,HAS MILK","Malted drink mix, natural, powder, has milk",,,,428,14.29,9.52,71.21,47.62,0.1,63.0,0.41,0.8,2.9,0.36,46,5.246,0.92,0.505,298,0.2,0.7,93,0.237,358,16.4,0.99,0.07,0.241176471,0.333333333,0.032222222,0.024,0.115,0.327875,0.707692308,0.420833333,0.248333333,0.000222222,0.221428571,0.511428571,0.298181818,0.09
14312,Beverages,"MALTED DRK MIX,NAT,PDR,PREP W/ WHL MILK","Malted drink mix, natural, powder, prepared with whole milk",,,,88,3.86,3.62,10.23,9.56,0.1,33.0,0.066,0.46,0.2,0.0,8,0.519,0.242,0.081,117,0.037,0.09,17,0.021,106,5.2,0.43,0.036666667,0.038823529,0.191666667,0.002222222,0.0,0.02,0.0324375,0.186153846,0.0675,0.0975,4.11111e-05,0.04047619,0.151428571,0.094545455,0.039090909
14315,Beverages,"BEVERAGES,OVALTINE,CHOC MALT PDR","Beverages, OVALTINE, chocolate malt powder",,Ovaltine,,372,0.0,0.0,92.96,72.73,0.0,1365.0,1.818,0.0,54.5,12.27,0,18.182,0.0,1.364,909,1.818,16.36,218,0.0,0,0.0,13.64,1.516666667,1.069411765,0.0,0.605555556,0.818,0.0,1.136375,0.0,1.136666667,0.7575,0.00202,0.519047619,0.0,0.0,1.24
14316,Beverages,"MALTED DRK MIX,CHOC,W/ ADDED NUTR,PDR,PREP W/ WHL MILK","Malted drink mix, chocolate, with added nutrients, powder, prepared with whole milk",,,,87,3.29,3.26,11.19,10.49,0.4,357.0,0.383,0.42,12.0,0.07,5,4.164,0.484,0.287,139,0.074,1.42,17,0.054,109,3.6,0.43,0.396666667,0.225294118,0.175,0.133333333,0.004666667,0.0125,0.26025,0.372307692,0.239166667,0.115833333,8.22222e-05,0.04047619,0.155714286,0.065454545,0.039090909
14317,Beverages,"MALTED DRK MIX,CHOC,PDR","Malted drink mix, chocolate, powder",,,,411,5.1,4.76,86.94,66.67,4.8,33.0,0.156,0.42,1.5,0.17,50,2.003,0.2,0.173,60,0.2,2.28,70,0.0,175,6.9,0.8,0.036666667,0.091764706,0.175,0.016666667,0.011333333,0.125,0.1251875,0.153846154,0.144166667,0.05,0.000222222,0.166666667,0.25,0.125454545,0.072727273
14318,Beverages,"MALTED DRK MIX,CHOC,PDR,PREP W/ WHL MILK","Malted drink mix, chocolate, powder, prepared with whole milk",,,,85,3.37,3.29,11.2,6.68,0.5,26.0,0.046,0.42,0.1,0.06,9,0.259,0.184,0.054,98,0.037,0.21,15,0.08,91,5.4,0.41,0.028888889,0.027058824,0.175,0.001111111,0.004,0.0225,0.0161875,0.141538462,0.045,0.081666667,4.11111e-05,0.035714286,0.13,0.098181818,0.037272727
14323,Beverages,"ORANGE DRK,CND,W/ ADDED VIT C","Orange drink, canned, with added vitamin C",,,,49,0.0,0.07,12.34,11.03,0.0,1.0,0.0,0.0,57.3,0.02,2,0.011,0.0,0.0,5,0.0,0.04,2,0.011,1,0.0,0.02,0.001111111,0.0,0.0,0.636666667,0.001333333,0.005,0.0006875,0.0,0.0,0.004166667,0.0,0.004761905,0.001428571,0.0,0.001818182
14327,Beverages,"ORANGE&APRICOT JUC DRK,CND","Orange and apricot juice drink, canned",,,,51,0.3,0.1,12.7,12.06,0.1,9.0,0.037,0.0,20.0,0.11,7,0.2,0.01,0.02,5,0.032,0.1,5,0.009,8,0.1,0.04,0.01,0.021764706,0.0,0.222222222,0.007333333,0.0175,0.0125,0.007692308,0.016666667,0.004166667,3.55556e-05,0.011904762,0.011428571,0.001818182,0.003636364
14334,Beverages,"PINEAPPLE&GRAPEFRUIT JUC DRK,CND","Pineapple and grapefruit juice drink, canned",,,,47,0.2,0.1,11.6,11.52,0.1,0.0,0.042,0.0,46.0,0.01,9,0.267,0.016,0.03,7,0.045,0.31,6,0.413,6,0.1,0.06,0.0,0.024705882,0.0,0.511111111,0.000666667,0.0225,0.0166875,0.012307692,0.025,0.005833333,5e-05,0.014285714,0.008571429,0.001818182,0.005454545
14341,Beverages,"PINEAPPLE&ORANGE JUC DRK,CND","Pineapple and orange juice drink, canned",,,,50,1.3,0.0,11.8,11.59,0.1,1.0,0.047,0.0,22.5,0.03,9,0.207,0.019,0.03,5,0.041,0.27,6,0.361,4,0.1,0.06,0.001111111,0.027647059,0.0,0.25,0.002,0.0225,0.0129375,0.014615385,0.025,0.004166667,4.55556e-05,0.014285714,0.005714286,0.001818182,0.005454545
14347,Beverages,"SHAKE,FAST FOOD,VANILLA","Shake, fast food, vanilla",,,,148,3.37,6.52,19.59,13.63,0.9,91.0,0.06,0.22,0.0,0.25,0,0.213,0.66,0.026,115,0.103,0.46,13,0.035,98,3.2,0.57,0.101111111,0.035294118,0.091666667,0.0,0.016666667,0.0,0.0133125,0.507692308,0.021666667,0.095833333,0.000114444,0.030952381,0.14,0.058181818,0.051818182
14350,Beverages,"STRAWBERRY-FLAVOR BEV MIX,PDR","Strawberry-flavor beverage mix, powder",,,,389,0.1,0.2,99.1,95.45,0.0,0.0,0.002,0.0,0.3,0.0,0,0.073,0.11,0.003,4,0.0,0.44,1,0.0,5,0.5,0.0,0.0,0.001176471,0.0,0.003333333,0.0,0.0,0.0045625,0.084615385,0.0025,0.003333333,0.0,0.002380952,0.007142857,0.009090909,0.0
14351,Beverages,"STRAWBERRY-FLAVOR BEV MIX,PDR,PREP W/ WHL MILK","Strawberry-flavor beverage mix, powder, prepared with whole milk",,,,88,3.0,3.1,12.3,0.0,0.0,26.0,0.039,0.33,0.9,0.0,5,0.083,0.158,0.035,110,0.009,0.08,12,0.002,86,1.8,0.35,0.028888889,0.022941176,0.1375,0.01,0.0,0.0125,0.0051875,0.121538462,0.029166667,0.091666667,1e-05,0.028571429,0.122857143,0.032727273,0.031818182
14352,Beverages,"TEA,BLACK,BREWED,PREP W/ TAP H2O,DECAFFEINATED","Tea, black, brewed, prepared with tap water, decaffeinated",,,,1,0.0,0.0,0.3,0.0,0.0,0.0,0.0,0.0,0.0,0.0,5,0.0,0.014,0.0,0,0.01,0.02,3,0.219,1,0.0,0.02,0.0,0.0,0.0,0.0,0.0,0.0125,0.0,0.010769231,0.0,0.0,1.11111e-05,0.007142857,0.001428571,0.0,0.001818182
14353,Beverages,"TEA,INST,UNSWTND,PDR,DECAFFEINATED","Tea, instant, unsweetened, powder, decaffeinated",,,,315,20.21,0.0,58.66,5.53,8.5,0.0,0.356,0.0,0.0,0.0,103,10.8,0.985,0.0,118,0.55,2.26,272,133.0,239,5.3,1.69,0.0,0.209411765,0.0,0.0,0.0,0.2575,0.675,0.757692308,0.0,0.098333333,0.000611111,0.647619048,0.341428571,0.096363636,0.153636364
14355,Beverages,"TEA,BLACK,BREWED,PREP W/ TAP H2O","Tea, black, brewed, prepared with tap water",,,,1,0.0,0.0,0.3,0.0,0.0,0.0,0.0,0.0,0.0,0.0,5,0.0,0.014,0.0,0,0.01,0.02,3,0.219,1,0.0,0.02,0.0,0.0,0.0,0.0,0.0,0.0125,0.0,0.010769231,0.0,0.0,1.11111e-05,0.007142857,0.001428571,0.0,0.001818182
14356,Beverages,"TEA,INST,SWTND W/ NON-NUTRSWTNR,LEMON-FLAVOR,PDR,DECAFFE","Tea, instant, sweetened with non-nutritive sweetener, lemon-flavored, powder, decaffeinated",,,,338,3.3,0.6,85.4,1.88,0.0,0.0,0.121,0.0,0.0,0.0,35,3.88,0.335,0.0,21,0.12,8.87,125,30.37,140,1.8,0.89,0.0,0.071176471,0.0,0.0,0.0,0.0875,0.2425,0.257692308,0.0,0.0175,0.000133333,0.297619048,0.2,0.032727273,0.080909091
14357,Beverages,"TEA,INST,SWTND W/SUGAR,LEMN-FLAV,WO/ VIT C,PDR,DECAFFEINATED","Tea, instant, sweetened with sugar, lemon-flavored, without added ascorbic acid, powder,  decaffeinated",,,,401,0.12,0.73,98.55,95.29,0.0,0.0,0.015,0.0,0.0,0.0,1,0.125,0.0,0.011,2,0.01,0.21,3,2.965,2,0.6,0.03,0.0,0.008823529,0.0,0.0,0.0,0.0025,0.0078125,0.0,0.009166667,0.001666667,1.11111e-05,0.007142857,0.002857143,0.010909091,0.002727273
14366,Beverages,"TEA,INST,UNSWTND,PDR","Tea, instant, unsweetened, powder",,,,315,20.21,0.0,58.66,5.53,8.5,0.0,0.356,0.0,0.0,0.0,103,10.8,0.985,0.0,118,0.55,2.26,272,133.0,239,5.3,1.69,0.0,0.209411765,0.0,0.0,0.0,0.2575,0.675,0.757692308,0.0,0.098333333,0.000611111,0.647619048,0.341428571,0.096363636,0.153636364
14367,Beverages,"TEA,INST,UNSWTND,PDR,PREP","Tea, instant, unsweetened, powder, prepared",,,,1,0.06,0.0,0.17,0.02,0.0,0.0,0.001,0.0,0.0,0.0,0,0.032,0.003,0.0,3,0.011,0.01,2,0.392,1,0.0,0.01,0.0,0.000588235,0.0,0.0,0.0,0.0,0.002,0.002307692,0.0,0.0025,1.22222e-05,0.004761905,0.001428571,0.0,0.000909091
14368,Beverages,"TEA,INST,UNSWTND,LEMON-FLAVORED,PDR","Tea, instant, unsweetened, lemon-flavored, powder",,,,345,7.4,0.18,78.52,4.52,5.0,0.0,0.223,0.0,0.0,0.09,61,6.168,0.558,0.017,28,0.331,0.75,139,30.67,107,3.0,0.98,0.0,0.131176471,0.0,0.0,0.006,0.1525,0.3855,0.429230769,0.014166667,0.023333333,0.000367778,0.330952381,0.152857143,0.054545455,0.089090909
14370,Beverages,"TEA,INST,SWTND W/SUGAR,LEMON-FLAVORED,WO/ VIT C,PDR","Tea, instant, sweetened with sugar, lemon-flavored, without added ascorbic acid, powder",,,,401,0.12,0.73,98.55,95.29,0.7,0.0,0.015,0.0,0.0,0.0,1,0.125,0.0,0.011,2,0.01,0.21,3,1.41,2,0.6,0.03,0.0,0.008823529,0.0,0.0,0.0,0.0025,0.0078125,0.0,0.009166667,0.001666667,1.11111e-05,0.007142857,0.002857143,0.010909091,0.002727273
14371,Beverages,"TEA,INST,SWTND W/SUGAR,LEMON-FLAVORED,WO/ VIT C,PDR,PREP","Tea, instant, sweetened with sugar, lemon-flavored, without added ascorbic acid, powder, prepared",,,,35,0.01,0.06,8.61,8.33,0.1,0.0,0.001,0.0,0.0,0.0,0,0.011,0.0,0.001,2,0.007,0.02,1,0.124,0,0.1,0.01,0.0,0.000588235,0.0,0.0,0.0,0.0,0.0006875,0.0,0.000833333,0.001666667,7.77778e-06,0.002380952,0.0,0.001818182,0.000909091
14375,Beverages,"TEA,INST,SWTND W/NA SACCHARIN,LEMON-FLAVORED,PDR","Tea, instant, sweetened with sodium saccharin, lemon-flavored, powder",,,,338,3.3,0.6,85.4,1.88,0.0,0.0,0.121,0.0,0.0,0.0,35,3.88,0.335,0.0,21,0.12,8.87,125,30.37,140,1.8,0.89,0.0,0.071176471,0.0,0.0,0.0,0.0875,0.2425,0.257692308,0.0,0.0175,0.000133333,0.297619048,0.2,0.032727273,0.080909091
14376,Beverages,"TEA,INST,SWTND W/ NON-NUTRITIVE SWTNR,LEMON-FLAVORED,PREP","Tea, instant, sweetened with sweetened with non-nutritive sweetener, lemon-flavored, prepared",,,,2,0.02,0.0,0.44,0.01,0.0,0.0,0.001,0.0,0.0,0.0,0,0.02,0.002,0.0,3,0.01,0.05,2,0.155,1,0.0,0.01,0.0,0.000588235,0.0,0.0,0.0,0.0,0.00125,0.001538462,0.0,0.0025,1.11111e-05,0.004761905,0.001428571,0.0,0.000909091
14381,Beverages,"TEA,HERB,OTHER THAN CHAMOMILE,BREWED","Tea, herb, other than chamomile, brewed",,,,1,0.0,0.0,0.2,0.0,0.0,0.0,0.0,0.0,0.0,0.0,1,0.0,0.004,0.01,2,0.015,0.08,1,0.044,0,0.0,0.04,0.0,0.0,0.0,0.0,0.0,0.0025,0.0,0.003076923,0.008333333,0.001666667,1.66667e-05,0.002380952,0.0,0.0,0.003636364
14384,Beverages,"WATER,BTLD,PERRIER","Water, bottled, PERRIER",,Nestle Waters North America Inc.,,0,0.0,0.0,0.0,0.0,0.0,0.0,0.0,0.0,0.0,0.0,0,0.0,0.0,0.0,14,0.0,0.0,0,0.0,0,0.0,0.0,0.0,0.0,0.0,0.0,0.0,0.0,0.0,0.0,0.0,0.011666667,0.0,0.0,0.0,0.0,0.0
14385,Beverages,"WATER,BTLD,POLAND SPRING","Water, bottled, POLAND SPRING",,Nestle Waters North America Inc.,,0,0.0,0.0,0.0,0.0,0.0,0.0,0.0,0.0,0.0,0.0,0,0.0,0.0,0.0,1,0.0,0.01,1,0.0,0,0.0,0.0,0.0,0.0,0.0,0.0,0.0,0.0,0.0,0.0,0.0,0.000833333,0.0,0.002380952,0.0,0.0,0.0
14390,Beverages,"COCOA MIX,W/ ASPRT,PDR,PREP W/ H2O","Cocoa mix, with aspartame, powder, prepared with water",hot chocolate,,,29,1.21,0.23,5.61,2.93,0.6,0.0,0.025,0.09,0.0,0.0,1,0.085,0.109,0.021,48,0.066,0.39,17,0.052,70,1.3,0.27,0.0,0.014705882,0.0375,0.0,0.0,0.0025,0.0053125,0.083846154,0.0175,0.04,7.33333e-05,0.04047619,0.1,0.023636364,0.024545455
14400,Beverages,"CARBONATED BEV,COLA,CONTAINS CAFFEINE,FAST-FOOD COLA","Carbonated beverage, cola, contains caffeine, fast-food cola","soft drink, pop, soda",,,37,0.07,0.02,9.56,8.97,0.0,0.0,0.0,0.0,0.0,0.0,0,0.0,0.0,0.0,2,0.001,0.11,0,0.002,10,0.1,0.02,0.0,0.0,0.0,0.0,0.0,0.0,0.0,0.0,0.0,0.001666667,1.11111e-06,0.0,0.014285714,0.001818182,0.001818182
14405,Beverages,"FRUIT PUNCH JUC DRK,FRZ CONC","Fruit punch juice drink, frozen concentrate",,,,175,0.3,0.7,43.1,0.0,0.2,1.0,0.045,0.0,19.7,0.0,7,0.208,0.23,0.004,20,0.07,0.8,11,0.21,12,0.0,0.7,0.001111111,0.026470588,0.0,0.218888889,0.0,0.0175,0.013,0.176923077,0.003333333,0.016666667,7.77778e-05,0.026190476,0.017142857,0.0,0.063636364
14406,Beverages,"FRUIT PUNCH JUC DRK,FRZ CONC,PREP W/H2O","Fruit punch juice drink, frozen concentrate, prepared with water",,,,42,0.07,0.17,11.4,11.4,0.0,0.0,0.011,0.0,4.8,0.0,2,0.05,0.056,0.001,7,0.024,0.2,3,0.051,3,0.0,0.17,0.0,0.006470588,0.0,0.053333333,0.0,0.005,0.003125,0.043076923,0.000833333,0.005833333,2.66667e-05,0.007142857,0.004285714,0.0,0.015454545
14407,Beverages,"ORANGE-FLAVOR DRK,BRKFST TYPE,PDR","Orange-flavor drink, breakfast type, powder",,,,386,0.0,0.0,98.94,92.31,0.4,600.0,0.8,0.0,230.8,0.0,0,8.0,0.68,0.001,385,0.013,0.02,0,0.05,151,0.5,0.01,0.666666667,0.470588235,0.0,2.564444444,0.0,0.0,0.5,0.523076923,0.000833333,0.320833333,1.44444e-05,0.0,0.215714286,0.009090909,0.000909091
14408,Beverages,"ORANGE-FLAVOR DRK,BRKFST TYPE,PDR,PREP W/ H2O","Orange-flavor drink, breakfast type, powder, prepared with water",,,,49,0.0,0.0,12.65,11.8,0.1,77.0,0.102,0.0,29.5,0.0,0,1.023,0.087,0.0,52,0.01,0.0,1,0.007,19,0.1,0.01,0.085555556,0.06,0.0,0.327777778,0.0,0.0,0.0639375,0.066923077,0.0,0.043333333,1.11111e-05,0.002380952,0.027142857,0.001818182,0.000909091
14409,Beverages,"BEVERAGES,ORANGE-FLAVOR DRK,BRKFST TYPE,LO CAL,PDR","Beverages, Orange-flavor drink, breakfast type, low calorie, powder",,,,217,3.6,0.0,85.9,2.6,3.8,6006.0,8.0,0.0,2400.0,0.0,0,80.0,6.8,0.0,1378,0.003,0.07,275,0.0,629,0.0,0.0,6.673333333,4.705882353,0.0,26.66666667,0.0,0.0,5.0,5.230769231,0.0,1.148333333,3.33333e-06,0.654761905,0.898571429,0.0,0.0
14411,Beverages,"WATER,TAP,DRINKING","Water, tap, drinking",,,,0,0.0,0.0,0.0,0.0,0.0,0.0,0.0,0.0,0.0,0.0,0,0.0,0.0,0.0,3,0.01,0.0,1,0.0,0,0.0,0.01,0.0,0.0,0.0,0.0,0.0,0.0,0.0,0.0,0.0,0.0025,1.11111e-05,0.002380952,0.0,0.0,0.000909091
14412,Beverages,"WATER,TAP,WELL","Water, tap, well",,,,0,0.0,0.0,0.0,0.0,0.0,0.0,0.0,0.0,0.0,0.0,0,0.0,0.0,0.0,3,0.016,0.0,1,0.0,0,0.0,0.01,0.0,0.0,0.0,0.0,0.0,0.0,0.0,0.0,0.0,0.0025,1.77778e-05,0.002380952,0.0,0.0,0.000909091
14414,Beverages,"ALCOHOLIC BEV,LIQUEUR,COFFEE,53 PROOF","Alcoholic beverage, liqueur, coffee, 53 proof",,,,336,0.1,0.3,46.8,38.3,0.0,0.0,0.0,0.0,0.0,0.0,0,0.144,0.012,0.004,1,0.04,0.06,3,0.014,6,0.4,0.03,0.0,0.0,0.0,0.0,0.0,0.0,0.009,0.009230769,0.003333333,0.000833333,4.44444e-05,0.007142857,0.008571429,0.007272727,0.002727273
14415,Beverages,"ALCOHOLIC BEV,LIQUEUR,COFFEE W/CRM,34 PROOF","Alcoholic beverage, liqueur, coffee with cream, 34 proof",,,,327,2.8,15.7,20.9,19.76,0.0,173.0,0.011,0.08,0.2,0.45,2,0.078,0.057,0.011,16,0.04,0.13,2,0.006,50,0.4,0.16,0.192222222,0.006470588,0.033333333,0.002222222,0.03,0.005,0.004875,0.043846154,0.009166667,0.013333333,4.44444e-05,0.004761905,0.071428571,0.007272727,0.014545455
14416,Beverages,"CARB BEV,LO CAL,COLA OR PEP,W/ ASPRT, CAF","Carbonated beverage, low calorie, cola or pepper-type, with aspartame, contains caffeine","soft drink, pop, soda",,,2,0.11,0.03,0.29,0.0,0.0,0.0,0.0,0.0,0.0,0.0,0,0.0,0.023,0.005,3,0.002,0.11,1,0.107,9,0.0,0.01,0.0,0.0,0.0,0.0,0.0,0.0,0.0,0.017692308,0.004166667,0.0025,2.22222e-06,0.002380952,0.012857143,0.0,0.000909091
14421,Beverages,"COFFEE SUB,CRL GRAIN BEV,PDR,PREP W/ WHL MILK","Coffee substitute, cereal grain beverage, powder, prepared with whole milk",,,,65,3.3,3.3,5.6,0.0,0.1,28.0,0.042,0.35,0.9,0.0,5,0.293,0.161,0.038,119,0.012,0.11,16,0.016,99,5.5,0.38,0.031111111,0.024705882,0.145833333,0.01,0.0,0.0125,0.0183125,0.123846154,0.031666667,0.099166667,1.33333e-05,0.038095238,0.141428571,0.1,0.034545455
14422,Beverages,"DAIRY DRK MIX,CHOC,RED CAL,W/ LOW-CALORIE SWEETENERS,PDR","Dairy drink mix, chocolate, reduced calorie, with low-calorie sweeteners, powder",,,,329,25.0,2.6,51.4,32.94,9.4,209.0,0.11,2.03,5.6,0.04,33,1.25,1.938,0.112,1412,0.8,7.7,210,0.73,893,21.5,3.6,0.232222222,0.064705882,0.845833333,0.062222222,0.002666667,0.0825,0.078125,1.490769231,0.093333333,1.176666667,0.000888889,0.5,1.275714286,0.390909091,0.327272727
14423,Beverages,"DAIRY DRK MIX,CHOC,RED CAL,W/ ASPRT,PDR,PREP W/ H2O & ICE","Dairy drink mix, chocolate, reduced calorie, with aspartame, powder, prepared with water and ice",,,,29,2.19,0.23,4.51,2.89,0.8,18.0,0.01,0.18,0.5,0.0,3,0.11,0.17,0.01,127,0.079,0.68,19,0.064,78,1.9,0.32,0.02,0.005882353,0.075,0.005555556,0.0,0.0075,0.006875,0.130769231,0.008333333,0.105833333,8.77778e-05,0.045238095,0.111428571,0.034545455,0.029090909
14424,Beverages,"ORANGE-FLAVOR DRK,BRKFST TYPE,W/PULP,FRZ CONC","Orange-flavor drink, breakfast type, with pulp, frozen concentrate",,,,172,0.1,0.5,42.9,11.7,0.2,0.0,0.0,0.0,243.1,0.3,30,0.0,0.133,0.422,130,0.039,0.26,2,0.028,76,0.3,0.06,0.0,0.0,0.0,2.701111111,0.02,0.075,0.0,0.102307692,0.351666667,0.108333333,4.33333e-05,0.004761905,0.108571429,0.005454545,0.005454545
14425,Beverages,"ORANGE-FLAVOR DRK,BRKFST TYPE,W/PULP,FRZ CONC,PREP W/H2O","Orange-flavor drink, breakfast type, with pulp, frozen concentrate, prepared with water",,,,49,0.03,0.14,12.21,11.91,0.0,0.0,0.0,0.0,69.2,0.0,9,0.0,0.038,0.12,39,0.018,0.08,1,0.008,22,0.1,0.02,0.0,0.0,0.0,0.768888889,0.0,0.0225,0.0,0.029230769,0.1,0.0325,2e-05,0.002380952,0.031428571,0.001818182,0.001818182
14426,Beverages,"ORANGE DRK,BRKFST TYPE,W/ JUC & PULP,FRZ CONC","Orange drink, breakfast type, with juice and pulp, frozen concentrate",,,,153,0.4,0.0,39.0,38.05,0.1,1.0,0.244,0.0,189.7,0.09,0,0.87,3.59,0.363,399,0.32,0.26,34,0.048,115,0.0,0.12,0.001111111,0.143529412,0.0,2.107777778,0.006,0.0,0.054375,2.761538462,0.3025,0.3325,0.000355556,0.080952381,0.164285714,0.0,0.010909091
14427,Beverages,"ORANGE DRK,BRKFST TYPE,W/JUC&PULP,FRZ CONC,PREP W/H2O","Orange drink, breakfast type, with juice and pulp, frozen concentrate, prepared with water",,,,45,0.12,0.0,11.32,11.05,0.0,0.0,0.071,0.0,55.1,0.02,0,0.253,1.042,0.105,118,0.1,0.08,11,0.014,33,0.0,0.04,0.0,0.041764706,0.0,0.612222222,0.001333333,0.0,0.0158125,0.801538462,0.0875,0.098333333,0.000111111,0.026190476,0.047142857,0.0,0.003636364
14428,Beverages,"SHAKE,FAST FD,STRAWBERRY","Shake, fast food, strawberry",,,,113,3.4,2.8,18.9,0.0,0.4,26.0,0.044,0.31,0.8,0.0,3,0.175,0.195,0.045,113,0.022,0.11,13,0.015,100,2.1,0.36,0.028888889,0.025882353,0.129166667,0.008888889,0.0,0.0075,0.0109375,0.15,0.0375,0.094166667,2.44444e-05,0.030952381,0.142857143,0.038181818,0.032727273
14429,Beverages,"WATER,TAP,MUNICIPAL","Water, tap, municipal",,,,0,0.0,0.0,0.0,0.0,0.0,0.0,0.0,0.0,0.0,0.0,0,0.0,0.0,0.0,3,0.009,0.0,1,0.0,0,0.0,0.0,0.0,0.0,0.0,0.0,0.0,0.0,0.0,0.0,0.0,0.0025,1e-05,0.002380952,0.0,0.0,0.0
14430,Beverages,"CRANBERRY JUC COCKTAIL,FRZ CONC","Cranberry juice cocktail, frozen concentrate",,,,201,0.05,0.0,51.45,42.5,0.2,2.0,0.049,0.0,45.8,0.0,0,0.04,0.032,0.023,11,0.02,0.3,5,0.14,5,0.0,0.07,0.002222222,0.028823529,0.0,0.508888889,0.0,0.0,0.0025,0.024615385,0.019166667,0.009166667,2.22222e-05,0.011904762,0.007142857,0.0,0.006363636
14431,Beverages,"CRANBERRY JUC COCKTAIL,FRZ CONC,PREP W/ H2O","Cranberry juice cocktail, frozen concentrate, prepared with water",,,,47,0.01,0.0,11.81,9.76,0.0,0.0,0.011,0.0,10.5,0.0,0,0.009,0.007,0.005,5,0.012,0.07,2,0.032,1,0.0,0.02,0.0,0.006470588,0.0,0.116666667,0.0,0.0,0.0005625,0.005384615,0.004166667,0.004166667,1.33333e-05,0.004761905,0.001428571,0.0,0.001818182
14432,Beverages,"WATER,BTLD,NON-CARBONATED,DANNON","Water, bottled, non-carbonated, DANNON",,"The Dannon Company, Inc.",,0,0.0,0.0,0.0,0.0,0.0,0.0,0.0,0.0,0.0,0.0,0,0.0,0.0,0.0,3,0.0,0.0,1,0.0,0,0.0,0.0,0.0,0.0,0.0,0.0,0.0,0.0,0.0,0.0,0.0,0.0025,0.0,0.002380952,0.0,0.0,0.0
14433,Beverages,"WATER,BTLD,NON-CARBONATED,PEPSI,AQUAFINA","Water, bottled, non-carbonated, PEPSI, AQUAFINA",,Pepsi-Cola North America,,0,0.0,0.0,0.0,0.0,0.0,0.0,0.0,0.0,0.0,0.0,0,0.0,0.0,0.0,0,0.0,0.0,0,0.0,0,0.0,0.0,0.0,0.0,0.0,0.0,0.0,0.0,0.0,0.0,0.0,0.0,0.0,0.0,0.0,0.0,0.0
14434,Beverages,"WATER,BTLD,NON-CARBONATED,DASANI","Water, bottled, non-carbonated, DASANI",,The Coca-Cola Company,,0,0.0,0.0,0.0,0.0,0.0,0.0,0.0,0.0,0.0,0.0,0,0.0,0.0,0.0,0,0.0,0.0,0,0.0,0,0.0,0.0,0.0,0.0,0.0,0.0,0.0,0.0,0.0,0.0,0.0,0.0,0.0,0.0,0.0,0.0,0.0
14436,Beverages,"ORANGE BRKFST DRK,RTD,W/ ADDED NUTR","Orange breakfast drink, ready-to-drink, with added nutrients",,,,53,0.0,0.0,13.2,8.02,0.1,21.0,0.02,0.0,24.0,0.04,5,0.09,0.01,0.12,100,0.027,0.05,5,0.013,7,0.0,0.05,0.023333333,0.011764706,0.0,0.266666667,0.002666667,0.0125,0.005625,0.007692308,0.1,0.083333333,3e-05,0.011904762,0.01,0.0,0.004545455
14437,Beverages,"WATER,BTLD,NON-CARBONATED,CALISTOGA","Water, bottled, non-carbonated, CALISTOGA",,Nestle Waters North America Inc.,,0,0.0,0.0,0.0,0.0,0.0,0.0,0.0,0.0,0.0,0.0,0,0.0,0.0,0.0,0,0.0,0.0,0,0.0,0,0.0,0.0,0.0,0.0,0.0,0.0,0.0,0.0,0.0,0.0,0.0,0.0,0.0,0.0,0.0,0.0,0.0
14438,Beverages,"WATER,BTLD,NON-CARBONATED,CRYSTAL GEYSER","Water, bottled, non-carbonated, CRYSTAL GEYSER",,Crystal Geyser Alpine Spring Water,,0,0.0,0.0,0.0,0.0,0.0,0.0,0.0,0.0,0.0,0.0,0,0.0,0.0,0.0,3,0.0,0.0,0,0.0,0,0.0,0.0,0.0,0.0,0.0,0.0,0.0,0.0,0.0,0.0,0.0,0.0025,0.0,0.0,0.0,0.0,0.0
14439,Beverages,"WATER,BTLD,NON-CARBONATED,NAYA","Water, bottled, non-carbonated, NAYA",,NAYA Inc.,,0,0.0,0.0,0.0,0.0,0.0,0.0,0.0,0.0,0.0,0.0,0,0.0,0.0,0.0,4,0.0,0.0,2,0.0,0,0.0,0.0,0.0,0.0,0.0,0.0,0.0,0.0,0.0,0.0,0.0,0.003333333,0.0,0.004761905,0.0,0.0,0.0
14440,Beverages,"WATER,BTLD,NON-CARBONATED,DANNON FLUORIDE TO GO","Water, bottled, non-carbonated, DANNON Fluoride To Go",,,,0,0.0,0.0,0.03,0.0,0.0,0.0,0.0,0.0,0.0,0.0,0,0.0,0.0,0.0,3,0.0,0.01,1,0.0,0,0.0,0.0,0.0,0.0,0.0,0.0,0.0,0.0,0.0,0.0,0.0,0.0025,0.0,0.002380952,0.0,0.0,0.0
14450,Beverages,"DRINK MIX,QUAKER OATS,GATORADE,ORANGE FLAVOR,PDR","Drink mix, QUAKER OATS, GATORADE, orange flavor, powder",,"Quaker Oats Company - The Gatorade Company,  a unit of Pepsi Co.",,388,0.0,1.23,94.11,80.5,0.0,0.0,0.022,0.0,0.4,0.0,0,0.22,0.802,0.011,40,0.25,0.34,1,0.05,120,0.0,0.06,0.0,0.012941176,0.0,0.004444444,0.0,0.0,0.01375,0.616923077,0.009166667,0.033333333,0.000277778,0.002380952,0.171428571,0.0,0.005454545
14460,Beverages,"BEVERAGES,PEPSICO QUAKER,GATORADE,G PERFORMANCE O 2,RTD.","Beverages, PEPSICO QUAKER, Gatorade, G performance O 2, ready-to-drink.","thirst quencher, Gatorade G02 Perform","Quaker Oats Company - The Gatorade Company,  a unit of Pepsi Co.",,26,0.0,0.0,6.43,5.24,0.0,0.0,0.022,0.0,0.4,0.0,0,0.22,0.0,0.011,1,0.006,0.05,0,0.013,10,0.0,0.01,0.0,0.012941176,0.0,0.004444444,0.0,0.0,0.01375,0.0,0.009166667,0.000833333,6.66667e-06,0.0,0.014285714,0.0,0.000909091
14461,Beverages,"BEVERAGES,COCA-COLA,POWERADE,LEMON-LIME FLAV,RTD","Beverages, COCA-COLA, POWERADE, lemon-lime flavored, ready-to-drink",thirst quencher,The Coca-Cola Company,,32,0.0,0.05,7.84,6.11,0.0,0.0,0.153,0.91,0.0,0.0,0,1.565,0.0,0.011,1,0.0,0.09,0,0.0,1,0.0,0.01,0.0,0.09,0.379166667,0.0,0.0,0.0,0.0978125,0.0,0.009166667,0.000833333,0.0,0.0,0.001428571,0.0,0.000909091
14462,Beverages,"BEVERAGES,PROPEL ZERO,FRUIT-FLAVORED,NON-CARBONATED","Beverages, Propel Zero, fruit-flavored, non-carbonated","thirst quencher, sport drink",,,5,0.0,0.0,1.14,0.0,0.0,0.0,0.556,0.0,8.8,1.67,0,4.095,0.0,0.0,1,0.0,0.03,0,0.0,25,0.0,0.0,0.0,0.327058824,0.0,0.097777778,0.111333333,0.0,0.2559375,0.0,0.0,0.000833333,0.0,0.0,0.035714286,0.0,0.0
14475,Beverages,"TEA,RTD,ARIZONA ICED TEA,W/ LEMON FLAVOR","Tea, ready-to-drink, ARIZONA iced tea, with lemon flavor",,Arizona Beverage Co.,,39,0.0,0.0,9.77,9.63,0.0,0.0,0.0,0.0,0.0,0.0,0,0.0,0.0,0.0,3,0.005,0.0,1,0.16,1,0.0,0.01,0.0,0.0,0.0,0.0,0.0,0.0,0.0,0.0,0.0,0.0025,5.55556e-06,0.002380952,0.001428571,0.0,0.000909091
14476,Beverages,"TEA,RTD,LIPTON BRISK ICED TEA,W/ LEMON FLAVOR","Tea, ready-to-drink, LIPTON BRISK iced tea, with lemon flavor",,Lipton,,35,0.0,0.0,8.81,8.69,0.0,0.0,0.0,0.0,0.0,0.0,0,0.0,0.0,0.0,1,0.005,0.0,0,0.146,26,0.0,0.01,0.0,0.0,0.0,0.0,0.0,0.0,0.0,0.0,0.0,0.000833333,5.55556e-06,0.0,0.037142857,0.0,0.000909091
14530,Beverages,"WHISKEY SOUR MIX,BTLD,W/ K&NA","Whiskey sour mix, bottled, with added potassium and sodium",,,,84,0.1,0.1,21.4,0.0,0.0,1.0,0.0,0.0,2.7,0.0,0,0.0,0.01,0.013,2,0.0,0.11,1,0.0,6,0.1,0.07,0.001111111,0.0,0.0,0.03,0.0,0.0,0.0,0.007692308,0.010833333,0.001666667,0.0,0.002380952,0.008571429,0.001818182,0.006363636
14531,Beverages,"BEVERAGES,ALCOHOLIC WHISKEY SOUR","Beverages, alcoholic , whiskey sour",,,,149,0.0,0.03,13.1,0.0,0.0,0.0,0.0,0.0,1.6,0.0,0,0.02,0.006,0.011,1,0.009,0.08,1,0.006,6,0.1,0.06,0.0,0.0,0.0,0.017777778,0.0,0.0,0.00125,0.004615385,0.009166667,0.000833333,1e-05,0.002380952,0.008571429,0.001818182,0.005454545
14532,Beverages,"ALCOHOLIC BEV,DISTILLED,ALL (GIN,RUM,VODKA,WHISKEY) 94 PROOF","Alcoholic beverage, distilled, all (gin, rum, vodka, whiskey) 94 proof",,,,275,0.0,0.0,0.0,0.0,0.0,0.0,0.001,0.0,0.0,0.0,0,0.013,0.004,0.006,0,0.021,0.04,0,0.018,4,0.0,0.04,0.0,0.000588235,0.0,0.0,0.0,0.0,0.0008125,0.003076923,0.005,0.0,2.33333e-05,0.0,0.005714286,0.0,0.003636364
14533,Beverages,"ALCOHOLIC BEV,DISTILLED,ALL 100 PROOF","Alcoholic beverage, distilled, all (gin, rum, vodka, whiskey) 100 proof",,,,295,0.0,0.0,0.0,0.0,0.0,0.0,0.001,0.0,0.0,0.0,0,0.013,0.004,0.006,0,0.021,0.04,0,0.018,4,0.0,0.04,0.0,0.000588235,0.0,0.0,0.0,0.0,0.0008125,0.003076923,0.005,0.0,2.33333e-05,0.0,0.005714286,0.0,0.003636364
14534,Beverages,"ALCOHOLIC BEV,LIQUEUR,COFFEE,63 PROOF","Alcoholic beverage, liqueur, coffee, 63 proof",,,,308,0.1,0.3,32.2,32.2,0.0,0.0,0.0,0.0,0.0,0.0,0,0.144,0.012,0.004,1,0.04,0.06,3,0.017,6,0.3,0.03,0.0,0.0,0.0,0.0,0.0,0.0,0.009,0.009230769,0.003333333,0.000833333,4.44444e-05,0.007142857,0.008571429,0.005454545,0.002727273
14536,Beverages,"ALCOHOLIC BEV,WINE,DSSRT,DRY","Alcoholic beverage, wine, dessert, dry",,,,152,0.2,0.0,11.67,1.09,0.0,0.0,0.0,0.0,0.0,0.0,0,0.213,0.018,0.018,8,0.045,0.24,9,0.119,9,0.5,0.07,0.0,0.0,0.0,0.0,0.0,0.0,0.0133125,0.013846154,0.015,0.006666667,5e-05,0.021428571,0.012857143,0.009090909,0.006363636
14537,Beverages,"CARBONATED BEV,LOCAL,OTHR THAN COLA OR PEP,W/ NA SAC,WO/ CAF","Carbonated beverage, low calorie, other than cola or pepper, with sodium saccharin, without caffeine","soft drink, pop, soda",,,0,0.0,0.0,0.1,0.0,0.0,0.0,0.0,0.0,0.0,0.0,0,0.0,0.0,0.0,4,0.025,0.04,1,0.017,0,0.0,0.05,0.0,0.0,0.0,0.0,0.0,0.0,0.0,0.0,0.0,0.003333333,2.77778e-05,0.002380952,0.0,0.0,0.004545455
14538,Beverages,"BEVE,COCA MIX,LO CAL,PDR,W/ ADD CA,P,ASPRT,WO/ ADD NA, VIT A","Beverages, Cocoa mix, low calorie, powder, with added calcium, phosphorus, aspartame, without added sodium or vitamin A",,,,359,25.1,3.0,58.0,55.58,1.1,479.0,0.318,2.78,0.0,0.21,27,1.084,1.4,0.267,1440,0.73,4.96,208,0.665,1630,24.0,3.44,0.532222222,0.187058824,1.158333333,0.0,0.014,0.0675,0.06775,1.076923077,0.2225,1.2,0.000811111,0.495238095,2.328571429,0.436363636,0.312727273
14541,Beverages,"FRUIT PUNCH-FLAVOR DRK,PDR,WO/ NA,PREP W/H2O","Fruit punch-flavor drink, powder, without added sodium, prepared with water",,,,37,0.0,0.01,9.47,9.23,0.0,0.0,0.0,0.0,11.8,0.0,0,0.001,0.002,0.0,17,0.021,0.05,1,0.003,0,0.1,0.02,0.0,0.0,0.0,0.131111111,0.0,0.0,6.25e-05,0.001538462,0.0,0.014166667,2.33333e-05,0.002380952,0.0,0.001818182,0.001818182
14542,Beverages,"LEMONADE,FRZ CONC,PINK","Lemonade, frozen concentrate, pink",,,,192,0.22,0.69,48.86,46.46,0.3,0.0,0.015,0.0,14.1,0.07,11,0.12,0.0,0.017,8,0.011,0.08,7,0.014,7,0.0,0.03,0.0,0.008823529,0.0,0.156666667,0.004666667,0.0275,0.0075,0.0,0.014166667,0.006666667,1.22222e-05,0.016666667,0.01,0.0,0.002727273
14543,Beverages,"LEMONADE,FRZ CONC,PINK,PREP W/H2O","Lemonade, frozen concentrate, pink, prepared with water",,,,43,0.05,0.15,10.81,10.28,0.1,0.0,0.003,0.0,3.1,0.02,2,0.027,0.0,0.004,4,0.01,0.02,2,0.003,2,0.0,0.01,0.0,0.001764706,0.0,0.034444444,0.001333333,0.005,0.0016875,0.0,0.003333333,0.003333333,1.11111e-05,0.004761905,0.002857143,0.0,0.000909091
14544,Beverages,"TEA,BLACK,BREWED,PREP W/ DISTILLED H2O","Tea, black, brewed, prepared with distilled water",,,,1,0.0,0.0,0.3,0.0,0.0,0.0,0.0,0.0,0.0,0.0,5,0.0,0.014,0.0,0,0.008,0.01,1,0.219,1,0.0,0.01,0.0,0.0,0.0,0.0,0.0,0.0125,0.0,0.010769231,0.0,0.0,8.88889e-06,0.002380952,0.001428571,0.0,0.000909091
14545,Beverages,"TEA,HERB,CHAMOMILE,BREWED","Tea, herb, chamomile, brewed",,,,1,0.0,0.0,0.2,0.0,0.0,1.0,0.0,0.0,0.0,0.0,1,0.0,0.004,0.01,2,0.015,0.08,1,0.044,0,0.0,0.04,0.001111111,0.0,0.0,0.0,0.0,0.0025,0.0,0.003076923,0.008333333,0.001666667,1.66667e-05,0.002380952,0.0,0.0,0.003636364
14548,Beverages,"TEA,INST,SWTND W/SUGAR,LEMON-FLAVORED,W/ VIT C,PDR","Tea, instant, sweetened with sugar, lemon-flavored, with added ascorbic acid, powder",,,,385,0.6,0.3,97.6,0.0,0.0,0.0,0.022,0.0,100.0,0.0,43,0.407,0.2,0.0,3,0.025,0.16,11,2.965,14,0.7,0.1,0.0,0.012941176,0.0,1.111111111,0.0,0.1075,0.0254375,0.153846154,0.0,0.0025,2.77778e-05,0.026190476,0.02,0.012727273,0.009090909
14550,Beverages,"ALCOHOLIC BEV,DISTILLED,ALL (GIN,RUM,VODKA,WHISKEY) 86 PROOF","Alcoholic beverage, distilled, all (gin, rum, vodka, whiskey) 86 proof",,,,250,0.0,0.0,0.1,0.0,0.0,0.0,0.001,0.0,0.0,0.0,0,0.013,0.004,0.006,0,0.021,0.04,0,0.018,4,0.0,0.04,0.0,0.000588235,0.0,0.0,0.0,0.0,0.0008125,0.003076923,0.005,0.0,2.33333e-05,0.0,0.005714286,0.0,0.003636364
14551,Beverages,"ALCOHOLIC BEV,DISTILLED,ALL (GIN,RUM,VODKA,WHISKEY) 90 PROOF","Alcoholic beverage, distilled, all (gin, rum, vodka, whiskey) 90 proof",,,,263,0.0,0.0,0.0,0.0,0.0,0.0,0.001,0.0,0.0,0.0,0,0.013,0.004,0.006,0,0.021,0.04,0,0.018,4,0.0,0.04,0.0,0.000588235,0.0,0.0,0.0,0.0,0.0008125,0.003076923,0.005,0.0,2.33333e-05,0.0,0.005714286,0.0,0.003636364
14552,Beverages,"CARBONATED BEV,CHOCOLATE-FLAVORED SODA","Carbonated beverage, chocolate-flavored soda","soft drink, pop",,,42,0.0,0.0,10.7,10.7,0.0,0.0,0.0,0.0,0.0,0.0,0,0.0,0.0,0.0,4,0.013,0.1,1,0.036,1,0.1,0.16,0.0,0.0,0.0,0.0,0.0,0.0,0.0,0.0,0.0,0.003333333,1.44444e-05,0.002380952,0.001428571,0.001818182,0.014545455
14553,Beverages,"WINE,NON-ALCOHOLIC","Wine, non-alcoholic",,,,6,0.5,0.0,1.1,1.1,0.0,0.0,0.02,0.0,0.0,0.0,1,0.1,0.01,0.0,9,0.011,0.4,10,0.0,15,0.2,0.08,0.0,0.011764706,0.0,0.0,0.0,0.0025,0.00625,0.007692308,0.0,0.0075,1.22222e-05,0.023809524,0.021428571,0.003636364,0.007272727
14555,Beverages,"WATER,BTLD,GENERIC","Water, bottled, generic",,,,0,0.0,0.0,0.0,0.0,0.0,0.0,0.0,0.0,0.0,0.0,0,0.0,0.0,0.0,10,0.007,0.0,2,0.0,0,0.0,0.0,0.0,0.0,0.0,0.0,0.0,0.0,0.0,0.0,0.0,0.008333333,7.77778e-06,0.004761905,0.0,0.0,0.0
14557,Beverages,"CHOCOLATE-FLAVOR BEV MIX FOR MILK,PDR,W/ ADDED NUTR","Chocolate-flavor beverage mix for milk, powder, with added nutrients",,,,400,4.55,2.27,90.28,81.82,4.5,0.0,0.909,0.0,27.3,0.04,4,0.199,0.056,0.009,455,0.909,0.0,53,0.707,86,1.9,6.82,0.0,0.534705882,0.0,0.303333333,0.002666667,0.01,0.0124375,0.043076923,0.0075,0.379166667,0.00101,0.126190476,0.122857143,0.034545455,0.62
14558,Beverages,"CHOCOLATE-FLAVOR BEV MIX W/ ADDED NUTR,PREP W/ WHL MILK","Chocolate-flavor beverage mix for milk, powder, with added nutrients, prepared with whole milk",,,,89,3.27,3.17,11.87,11.59,0.4,42.0,0.108,0.41,2.3,0.07,5,0.098,0.159,0.043,141,0.098,0.03,14,0.062,84,3.5,0.91,0.046666667,0.063529412,0.170833333,0.025555556,0.004666667,0.0125,0.006125,0.122307692,0.035833333,0.1175,0.000108889,0.033333333,0.12,0.063636364,0.082727273
14559,Beverages,"WATER,BTLD,NON-CARBONATED,EVIAN","Water, bottled, non-carbonated, EVIAN",,S.A. Evian Co.,,0,0.0,0.0,0.0,0.0,0.0,0.0,0.0,0.0,0.0,0.0,0,0.0,0.0,0.0,8,0.0,0.0,2,0.0,0,0.0,0.0,0.0,0.0,0.0,0.0,0.0,0.0,0.0,0.0,0.0,0.006666667,0.0,0.004761905,0.0,0.0,0.0
14599,Beverages,"BEVERAGES,POWERADE ZERO ION4,CALORIE-FREE,ASSORTED FLAVORS","Beverages, Powerade Zero Ion4, calorie-free, assorted flavors",,,,0,0.0,0.0,0.0,0.0,0.0,0.0,0.056,0.17,2.5,0.57,0,0.845,0.0,0.011,2,0.006,0.05,1,0.0,0,0.0,0.01,0.0,0.032941176,0.070833333,0.027777778,0.038,0.0,0.0528125,0.0,0.009166667,0.001666667,6.66667e-06,0.002380952,0.0,0.0,0.000909091
14601,Beverages,"TEA,RTD,UNSWTND,WENDYS,FAST FD,WO/ ICE","Tea, ready-to-drink, unsweetened, WENDYS, fast food, without ice",,"Wendys International, Inc.",,1,0.22,0.0,0.0,0.0,0.0,0.0,0.0,0.0,0.0,0.0,0,0.0,0.024,0.018,2,0.008,0.0,1,0.136,1,0.0,0.01,0.0,0.0,0.0,0.0,0.0,0.0,0.0,0.018461538,0.015,0.001666667,8.88889e-06,0.002380952,0.001428571,0.0,0.000909091
14602,Beverages,"ALCOHOLIC BEV,WINE,TABLE,RED,MERLOT","Alcoholic Beverage, wine, table, red, Merlot",,,,83,0.07,0.0,2.51,0.62,0.0,0.0,0.057,0.0,0.0,0.0,0,0.224,0.031,0.005,8,0.011,0.46,12,0.132,23,0.2,0.14,0.0,0.033529412,0.0,0.0,0.0,0.0,0.014,0.023846154,0.004166667,0.006666667,1.22222e-05,0.028571429,0.032857143,0.003636364,0.012727273
14604,Beverages,"WATER,NON-CARBONATED,FRUIT FLAVORS,SWTND W/ LO CAL SWTNR","Water, non-carbonated, bottles, natural fruit flavors, sweetened with low calorie sweetener",,,,1,0.0,0.0,0.13,0.0,0.0,0.0,0.0,0.0,0.0,0.0,0,0.0,0.0,0.0,1,0.0,0.0,0,0.003,0,0.0,0.0,0.0,0.0,0.0,0.0,0.0,0.0,0.0,0.0,0.0,0.000833333,0.0,0.0,0.0,0.0,0.0
14605,Beverages,"BEV,H2O W/ ADDED VIT & MIN,BOTTLES,SWTND,AST FRUIT FLAVORS","Beverages, Water with added vitamins and minerals, bottles, sweetened, assorted fruit flavors",,,,22,0.0,0.0,5.49,5.49,0.0,32.0,0.084,0.25,12.7,1.9,14,0.844,0.0,0.0,17,0.007,0.0,3,0.0,0,0.0,0.32,0.035555556,0.049411765,0.104166667,0.141111111,0.126666667,0.035,0.05275,0.0,0.0,0.014166667,7.77778e-06,0.007142857,0.0,0.0,0.029090909
14607,Beverages,"V8 SPLASH JUC DRINKS,DIET BERRY BLEND","V8 SPLASH Juice Drinks, Diet Berry Blend",,Campbell Soup Co.,,4,0.0,0.0,1.23,0.41,0.0,0.0,0.0,0.0,24.7,1.11,0,0.0,0.0,0.0,0,0.0,0.0,0,0.0,0,0.0,0.0,0.0,0.0,0.0,0.274444444,0.074,0.0,0.0,0.0,0.0,0.0,0.0,0.0,0.0,0.0,0.0
14608,Beverages,"V8 SPLASH JUC DRINKS,DIET FRUIT MEDLEY","V8 SPLASH Juice Drinks, Diet Fruit Medley",,Campbell Soup Co.,,4,0.0,0.0,1.26,0.84,0.0,0.0,0.0,0.0,25.2,1.13,0,0.0,0.0,0.0,0,0.0,0.0,0,0.0,0,0.0,0.0,0.0,0.0,0.0,0.28,0.075333333,0.0,0.0,0.0,0.0,0.0,0.0,0.0,0.0,0.0,0.0
14609,Beverages,"V8 SPLASH,DIET STRAWBERRY KIWI","V8 SPLASH Juice Drinks, Diet Strawberry Kiwi",,Campbell Soup Co.,,4,0.0,0.0,1.26,0.84,0.0,0.0,0.0,0.0,25.2,1.13,0,0.0,0.0,0.0,8,0.0,0.3,0,0.0,0,0.0,0.0,0.0,0.0,0.0,0.28,0.075333333,0.0,0.0,0.0,0.0,0.006666667,0.0,0.0,0.0,0.0,0.0
14610,Beverages,"V8 SPLASH,DIET TROPICAL BLEND","V8 SPLASH Juice Drinks, Diet Tropical Blend",,Campbell Soup Co.,,4,0.0,0.0,1.26,0.42,0.0,0.0,0.0,0.0,25.2,1.13,0,0.0,0.0,0.0,0,0.0,0.0,0,0.0,0,0.0,0.0,0.0,0.0,0.0,0.28,0.075333333,0.0,0.0,0.0,0.0,0.0,0.0,0.0,0.0,0.0,0.0
14611,Beverages,"V8 SPLASH JUC DRINKS,BERRY BLEND","V8 SPLASH Juice Drinks, Berry Blend",,Campbell Soup Co.,,29,0.0,0.0,7.41,7.41,0.0,0.0,0.0,0.0,24.7,1.11,0,0.0,0.0,0.0,0,0.0,0.0,0,0.0,0,0.0,0.0,0.0,0.0,0.0,0.274444444,0.074,0.0,0.0,0.0,0.0,0.0,0.0,0.0,0.0,0.0,0.0
14612,Beverages,"V8 SPLASH JUC DRINKS,FRUIT MEDLEY","V8 SPLASH Juice Drinks, Fruit Medley",,Campbell Soup Co.,,33,0.0,0.0,7.82,7.82,0.0,0.0,0.0,0.0,24.7,1.11,0,0.0,0.0,0.0,0,0.0,0.0,0,0.0,0,0.0,0.0,0.0,0.0,0.0,0.274444444,0.074,0.0,0.0,0.0,0.0,0.0,0.0,0.0,0.0,0.0,0.0
14613,Beverages,"V8 SPLASH JUC,GUAVA PASSION FRUIT","V8 SPLASH Juice Drinks, Guava Passion Fruit",,Campbell Soup Co.,,33,0.0,0.0,7.82,7.82,0.0,0.0,0.0,0.0,24.7,1.11,0,0.0,0.0,0.0,0,0.0,0.0,0,0.0,0,0.0,0.0,0.0,0.0,0.0,0.274444444,0.074,0.0,0.0,0.0,0.0,0.0,0.0,0.0,0.0,0.0,0.0
14614,Beverages,"V8 SPLASH JUC DRINKS,MANGO PEACH","V8 SPLASH Juice Drinks, Mango Peach",,Campbell Soup Co.,,33,0.0,0.0,8.23,8.23,0.0,0.0,0.0,0.0,24.7,1.11,0,0.0,0.0,0.0,0,0.0,0.0,0,0.0,0,0.0,0.0,0.0,0.0,0.0,0.274444444,0.074,0.0,0.0,0.0,0.0,0.0,0.0,0.0,0.0,0.0,0.0
14615,Beverages,"V8 SPLASH JUC DRINKS,ORANGE PNAPPL","V8 SPLASH Juice Drinks, Orange Pineapple",,Campbell Soup Co.,,29,0.0,0.0,7.41,7.41,0.0,0.0,0.0,0.0,24.7,1.11,0,0.0,0.0,0.0,0,0.0,0.0,0,0.0,0,0.0,0.0,0.0,0.0,0.0,0.274444444,0.074,0.0,0.0,0.0,0.0,0.0,0.0,0.0,0.0,0.0,0.0
14616,Beverages,"V8 SPLASH JUC DRINKS,ORCHARD BLEND","V8 SPLASH Juice Drinks, Orchard Blend",,Campbell Soup Co.,,33,0.0,0.0,7.82,7.82,0.0,0.0,0.0,0.0,24.7,1.11,0,0.0,0.0,0.0,0,0.0,0.0,0,0.0,0,0.0,0.0,0.0,0.0,0.0,0.274444444,0.074,0.0,0.0,0.0,0.0,0.0,0.0,0.0,0.0,0.0,0.0
14617,Beverages,"V8 SPLASH JUC DRINKS,STRAWBERRY BANANA","V8 SPLASH Juice Drinks, Strawberry Banana",,Campbell Soup Co.,,29,0.0,0.0,7.41,7.41,0.0,0.0,0.0,0.0,24.7,1.11,0,0.0,0.0,0.0,0,0.0,0.0,0,0.0,0,0.0,0.0,0.0,0.0,0.0,0.274444444,0.074,0.0,0.0,0.0,0.0,0.0,0.0,0.0,0.0,0.0,0.0
14618,Beverages,"V8 SPLASH JUC DRINKS,STRAWBERRY KIWI","V8 SPLASH Juice Drinks, Strawberry Kiwi",,Campbell Soup Co.,,29,0.0,0.0,7.41,7.41,0.0,0.0,0.0,0.0,24.7,1.11,0,0.0,0.0,0.0,0,0.0,0.0,0,0.0,0,0.0,0.0,0.0,0.0,0.0,0.274444444,0.074,0.0,0.0,0.0,0.0,0.0,0.0,0.0,0.0,0.0,0.0
14619,Beverages,"V8 SPLASH JUC DRINKS,TROPICAL BLEND","V8 SPLASH Juice Drinks, Tropical Blend",,Campbell Soup Co.,,29,0.0,0.0,7.41,7.41,0.0,0.0,0.0,0.0,24.7,1.11,0,0.0,0.0,0.0,0,0.0,0.0,0,0.0,0,0.0,0.0,0.0,0.0,0.0,0.274444444,0.074,0.0,0.0,0.0,0.0,0.0,0.0,0.0,0.0,0.0,0.0
14620,Beverages,"V8 V. FUSION JUICES,PEACH MANGO","V8 V. FUSION Juices, Peach Mango",,Campbell Soup Co.,,49,0.41,0.0,11.38,10.57,0.0,0.0,0.016,0.0,24.4,0.55,0,0.0,0.0,0.0,8,0.0,0.15,7,0.0,0,0.0,0.0,0.0,0.009411765,0.0,0.271111111,0.036666667,0.0,0.0,0.0,0.0,0.006666667,0.0,0.016666667,0.0,0.0,0.0
14621,Beverages,"V8 V. FUSION JUICES,STRAWBERRY BANANA","V8 V. FUSION Juices, Strawberry Banana",,Campbell Soup Co.,,49,0.41,0.0,11.79,10.16,0.0,0.0,0.016,0.0,24.4,0.55,0,0.0,0.0,0.0,8,0.0,0.15,7,0.0,0,0.0,0.0,0.0,0.009411765,0.0,0.271111111,0.036666667,0.0,0.0,0.0,0.0,0.006666667,0.0,0.016666667,0.0,0.0,0.0
14622,Beverages,"V8 V. FUSION JUICES,TROPICAL","V8 V. FUSION Juices, Tropical",,Campbell Soup Co.,,49,0.41,0.0,11.38,10.16,0.0,0.0,0.016,0.0,24.4,0.55,0,0.0,0.0,0.0,8,0.0,0.15,7,0.0,0,0.0,0.0,0.0,0.009411765,0.0,0.271111111,0.036666667,0.0,0.0,0.0,0.0,0.006666667,0.0,0.016666667,0.0,0.0,0.0
14623,Beverages,"V8 V. FUSION JUICES,ACAI BERRY","V8 V. FUSION Juices, Acai Berry",,Campbell Soup Co.,,45,0.0,0.0,10.98,10.57,0.0,0.0,0.0,0.0,40.7,1.83,0,0.0,0.0,0.0,1,0.0,0.81,0,0.0,0,0.0,0.0,0.0,0.0,0.0,0.452222222,0.122,0.0,0.0,0.0,0.0,0.000833333,0.0,0.0,0.0,0.0,0.0
14625,Beverages,"ENERGY DRK,AMP","Energy drink, AMP",,Pepsi-Cola North America,,46,0.25,0.08,12.08,12.08,0.0,0.0,0.2,0.6,0.0,0.0,0,2.0,0.34,0.025,13,0.005,0.02,3,0.0,17,0.2,0.0,0.0,0.117647059,0.25,0.0,0.0,0.0,0.125,0.261538462,0.020833333,0.010833333,5.55556e-06,0.007142857,0.024285714,0.003636364,0.0
14626,Beverages,"ENERGY DRK,FULL THROTTLE","Energy drink, FULL THROTTLE",,The Coca-Cola Company,,46,0.25,0.08,12.08,12.08,0.0,0.0,0.167,0.25,0.0,0.0,0,1.667,0.0,0.025,13,0.005,0.02,3,0.0,0,0.2,0.0,0.0,0.098235294,0.104166667,0.0,0.0,0.0,0.1041875,0.0,0.020833333,0.010833333,5.55556e-06,0.007142857,0.0,0.003636364,0.0
14627,Beverages,"ENERGY DRK,MONSTER","Energy Drink, Monster",,,,42,0.0,0.0,11.25,11.25,0.0,0.0,0.833,2.5,0.0,0.0,0,8.333,0.708,0.0,3,0.008,0.01,1,0.001,0,0.0,0.0,0.0,0.49,1.041666667,0.0,0.0,0.0,0.5208125,0.544615385,0.0,0.0025,8.88889e-06,0.002380952,0.0,0.0,0.0
14628,Beverages,"ENERGY DRK,AMP,SUGAR FREE","Energy drink, AMP, sugar free",,,,2,0.0,0.0,1.03,0.0,0.0,0.0,0.083,0.25,0.0,0.0,0,0.833,0.142,0.0,0,0.005,0.0,3,0.0,17,0.2,0.0,0.0,0.048823529,0.104166667,0.0,0.0,0.0,0.0520625,0.109230769,0.0,0.0,5.55556e-06,0.007142857,0.024285714,0.003636364,0.0
14629,Beverages,"ENERGY DRK,ROCKSTAR","Energy drink, ROCKSTAR",,"Rockstar, Inc.",,58,0.34,0.22,12.7,12.26,0.0,0.0,1.353,3.77,0.0,0.0,0,9.82,1.6,0.0,1,0.0,0.05,0,0.0,0,0.0,0.05,0.0,0.795882353,1.570833333,0.0,0.0,0.0,0.61375,1.230769231,0.0,0.000833333,0.0,0.0,0.0,0.0,0.004545455
14630,Beverages,"ENERGY DRK,ROCKSTAR,SUGAR FREE","Energy drink, ROCKSTAR, sugar free",,,,4,0.25,0.08,0.7,0.0,0.0,0.0,0.833,2.5,0.0,0.0,0,8.333,1.417,0.025,13,0.005,0.02,3,0.0,0,0.2,0.0,0.0,0.49,1.041666667,0.0,0.0,0.0,0.5208125,1.09,0.020833333,0.010833333,5.55556e-06,0.007142857,0.0,0.003636364,0.0
14631,Beverages,"HORCHATA,DRY MIX,UNPREP,VAR OF BRANDS,ALL W/ MORRO SEEDS","Beverage, Horchata, dry mix, unprepared, variety of brands, all with morro seeds",Latino food,,,413,7.5,7.46,79.05,38.9,4.0,0.0,0.179,0.0,0.3,0.37,12,2.2,0.17,0.03,60,0.47,5.8,77,1.2,180,7.8,1.6,0.0,0.105294118,0.0,0.003333333,0.024666667,0.03,0.1375,0.130769231,0.025,0.05,0.000522222,0.183333333,0.257142857,0.141818182,0.145454545
14632,Beverages,"MEAL SUPP DRK,NESTLE,SUPLIGEN,CND,PNUT FLAVOR","Meal supplement drink, NESTLE, SUPLIGEN, canned, peanut flavor",,,,101,3.5,3.07,14.74,0.0,0.0,0.0,0.54,0.53,0.7,0.09,0,6.6,1.3,0.43,110,0.03,2.2,16,0.071,110,0.0,0.42,0.0,0.317647059,0.220833333,0.007777778,0.006,0.0,0.4125,1.0,0.358333333,0.091666667,3.33333e-05,0.038095238,0.157142857,0.0,0.038181818
14633,Beverages,"VEGETABLE & FRUIT JUC DRK,RED CAL,ADDED VIT C","Vegetable and fruit juice drink, reduced calorie, with low-calorie sweetener, added vitamin C",,,,4,0.0,0.0,1.1,0.63,0.0,105.0,0.004,0.0,25.1,1.13,0,0.013,0.001,0.001,8,0.012,0.3,1,0.005,1,0.0,0.01,0.116666667,0.002352941,0.0,0.278888889,0.075333333,0.0,0.0008125,0.000769231,0.000833333,0.006666667,1.33333e-05,0.002380952,0.001428571,0.0,0.000909091
14634,Beverages,"READY-TO-DRINK RED FAT MILK,FLAV & SWTND,W/CA,VIT A & VIT D","Ready-to-drink reduced fat milk beverage, flavored and sweetened, with added calcium, vitamin A and vitamin D",Nesquik ready-to-drink,,,77,3.05,1.83,12.08,11.4,0.4,51.0,0.035,0.49,0.2,0.03,4,0.085,0.172,0.036,164,0.006,0.03,10,0.013,85,2.3,0.45,0.056666667,0.020588235,0.204166667,0.002222222,0.002,0.01,0.0053125,0.132307692,0.03,0.136666667,6.66667e-06,0.023809524,0.121428571,0.041818182,0.040909091
14635,Beverages,"BEVERAGES,VEG & FRUIT JUC BLEND,W/ ADDED VITAMINS A,C,E","Beverages, vegetable and fruit juice blend, 100% juice, with added vitamins A, C, E",includes V8 V-fusion juices,,,46,0.3,0.01,11.15,10.37,0.0,36.0,0.016,0.0,28.5,0.87,3,0.013,0.001,0.001,8,0.012,0.31,7,0.0,1,0.0,0.01,0.04,0.009411765,0.0,0.316666667,0.058,0.0075,0.0008125,0.000769231,0.000833333,0.006666667,1.33333e-05,0.016666667,0.001428571,0.0,0.000909091
14636,Beverages,"BEVERAGES,FRUIT JUC DRK,RED SUGAR,W/ VITAMIN E ADDED","Beverages, fruit juice drink, reduced sugar, with vitamin E added",includes Capri Sun,,,39,0.0,0.07,10.0,9.0,0.0,0.0,0.0,0.0,0.0,0.68,1,0.015,0.0,0.0,5,0.0,0.04,2,0.011,1,0.2,0.02,0.0,0.0,0.0,0.0,0.045333333,0.0025,0.0009375,0.0,0.0,0.004166667,0.0,0.004761905,0.001428571,0.003636364,0.001818182
14637,Beverages,"WATER,W/ CORN SYRUP AND/OR SUGAR & LO CAL SWTNR,FRUIT FLAV","Water, with corn syrup and/or sugar and low calorie sweetener, fruit flavored",includes Caprisun Roarin Waters,,,18,0.0,0.0,4.5,4.5,0.0,32.0,0.084,0.25,12.7,1.9,14,0.844,0.0,0.0,17,0.007,0.0,3,0.0,0,0.0,0.32,0.035555556,0.049411765,0.104166667,0.141111111,0.126666667,0.035,0.05275,0.0,0.0,0.014166667,7.77778e-06,0.007142857,0.0,0.0,0.029090909
14638,Beverages,"BEVERAGE,HORCHATA,AS SERVED IN RESTAURANT","Beverage, Horchata, as served in restaurant",Latino food,,,54,0.48,0.71,11.52,9.36,0.0,0.0,0.017,0.0,0.0,0.24,0,0.047,0.0,0.0,18,0.002,0.01,3,0.01,15,0.4,0.06,0.0,0.01,0.0,0.0,0.016,0.0,0.0029375,0.0,0.0,0.015,2.22222e-06,0.007142857,0.021428571,0.007272727,0.005454545
14639,Beverages,"RICE DRK,UNSWTND,W/ ADDED CA,VITAMINS A & D","Rice drink, unsweetened, with added calcium, vitamins A and D","ricemilk, rice milk",,,47,0.28,0.97,9.17,5.28,0.3,63.0,0.039,0.63,0.0,0.47,2,0.39,0.142,0.027,118,0.037,0.2,11,0.282,56,2.2,0.13,0.07,0.022941176,0.2625,0.0,0.031333333,0.005,0.024375,0.109230769,0.0225,0.098333333,4.11111e-05,0.026190476,0.08,0.04,0.011818182
14640,Beverages,"ENERGY DRK,VAULT,CITRUS FLAVOR","Energy drink, VAULT, citrus flavor",,The Coca-Cola Company,,49,0.0,0.0,12.99,12.99,0.0,0.0,0.0,0.0,0.0,0.0,0,0.015,0.0,0.025,2,0.005,0.02,3,0.0,0,0.2,0.0,0.0,0.0,0.0,0.0,0.0,0.0,0.0009375,0.0,0.020833333,0.001666667,5.55556e-06,0.007142857,0.0,0.003636364,0.0
14641,Beverages,"ENERGY DRK,VAULT ZERO,SUGAR-FREE,CITRUS FLAVOR","Energy drink, VAULT Zero, sugar-free, citrus flavor",,The Coca-Cola Company,,1,0.25,0.08,0.7,0.0,0.0,0.0,0.0,0.0,0.0,0.0,0,0.015,0.0,0.025,2,0.005,0.02,3,0.0,0,0.2,0.0,0.0,0.0,0.0,0.0,0.0,0.0,0.0009375,0.0,0.020833333,0.001666667,5.55556e-06,0.007142857,0.0,0.003636364,0.0
14644,Beverages,"BEVERAGES,PEPSICO QUAKER,GATORADE G2,LO CAL","Beverages, , PEPSICO QUAKER, Gatorade G2, low calorie",,"Quaker Oats Company - The Gatorade Company,  a unit of Pepsi Co.",,8,0.05,0.01,1.94,1.3,0.0,0.0,0.0,3.38,0.0,0.0,0,0.0,0.0,0.0,0,0.0,0.0,0,0.0,7,0.0,0.0,0.0,0.0,1.408333333,0.0,0.0,0.0,0.0,0.0,0.0,0.0,0.0,0.0,0.01,0.0,0.0
14645,Beverages,"FRUIT FLAV DRK,LESS THAN 3% JUC,NOT FORT W/ VIT C","Fruit flavored drink, less than 3% juice, not fortified with vitamin C",,,,64,0.0,0.0,16.03,15.85,0.0,0.0,0.0,0.0,0.0,0.0,0,0.0,0.0,0.0,3,0.009,0.0,1,0.0,0,0.0,0.0,0.0,0.0,0.0,0.0,0.0,0.0,0.0,0.0,0.0,0.0025,1e-05,0.002380952,0.0,0.0,0.0
14646,Beverages,"FRUIT FLAV DRK CONTAINING LESS THAN 3% FRUIT JUC,W/ HI VIT C","Fruit flavored drink containing less than 3% fruit juice, with high vitamin C",,,,27,0.0,0.0,6.67,5.0,0.0,0.0,0.0,0.0,25.0,0.0,0,0.0,0.0,0.0,3,0.009,0.0,1,0.0,0,0.0,0.0,0.0,0.0,0.0,0.277777778,0.0,0.0,0.0,0.0,0.0,0.0025,1e-05,0.002380952,0.0,0.0,0.0
14647,Beverages,"FRUIT FLAV DRK,RED SUGAR,JUC,HI VIT C,ADDED CA","Fruit flavored drink, reduced sugar, greater than 3% fruit juice, high vitamin C, added calcium",,,,29,0.0,0.37,6.67,5.0,0.0,0.0,0.0,0.0,25.0,0.0,2,0.0,0.0,0.0,42,0.0,0.0,1,0.0,0,0.1,0.04,0.0,0.0,0.0,0.277777778,0.0,0.005,0.0,0.0,0.0,0.035,0.0,0.002380952,0.0,0.001818182,0.003636364
14648,Beverages,"FRUIT JUC DRK,OVER 3% FRUIT JUC,HI VIT C & ADDED THIAMIN","Fruit juice drink, greater than 3% fruit juice, high vitamin C and added thiamin",,,,54,0.13,0.0,13.16,12.11,0.1,5.0,0.032,0.0,25.4,0.05,0,0.036,0.014,0.095,3,0.013,0.25,5,0.0,7,0.1,0.04,0.005555556,0.018823529,0.0,0.282222222,0.003333333,0.0,0.00225,0.010769231,0.079166667,0.0025,1.44444e-05,0.011904762,0.01,0.001818182,0.003636364
14649,Beverages,HIBISCUS TEA,Hibiscus tea,,,,37,0.43,0.65,7.41,6.0,0.3,15.0,0.0,0.0,18.4,0.0,1,0.0,0.099,1.279,1,0.073,8.64,1,0.0,3,0.0,0.12,0.016666667,0.0,0.0,0.204444444,0.0,0.0025,0.0,0.076153846,1.065833333,0.000833333,8.11111e-05,0.002380952,0.004285714,0.0,0.010909091
14651,Beverages,"FRUIT JUC DRK,GREATER THAN 3% JUC,HI VIT C","Fruit juice drink, greater than 3% juice, high vitamin C",,,,46,0.13,0.11,11.35,10.69,0.1,5.0,0.032,0.0,25.0,0.05,0,0.036,0.014,0.003,3,0.013,0.25,5,0.06,7,0.1,0.04,0.005555556,0.018823529,0.0,0.277777778,0.003333333,0.0,0.00225,0.010769231,0.0025,0.0025,1.44444e-05,0.011904762,0.01,0.001818182,0.003636364
14654,Beverages,"BEVERAGES,NUTRITIONAL SHAKE MIX,HI PROT,PDR","Beverages, nutritional shake mix, high protein, powder",,,,392,53.57,10.71,20.38,3.57,0.0,1875.0,2.5,6.43,75.0,16.88,971,25.0,2.125,2.143,714,2.5,22.5,500,125.0,1429,87.5,18.75,2.083333333,1.470588235,2.679166667,0.833333333,1.125333333,2.4275,1.5625,1.634615385,1.785833333,0.595,0.002777778,1.19047619,2.041428571,1.590909091,1.704545455
15001,Finfish and Shellfish Products,"ANCHOVY,EUROPEAN,RAW","Fish, anchovy, european, raw",,,Engraulis encrasicholus (L.),131,20.35,4.84,0.0,0.0,0.0,15.0,0.143,0.62,0.0,0.57,9,14.024,0.256,0.055,147,0.211,3.25,41,0.07,174,36.5,1.72,0.016666667,0.084117647,0.258333333,0.0,0.038,0.0225,0.8765,0.196923077,0.045833333,0.1225,0.000234444,0.097619048,0.248571429,0.663636364,0.156363636
15002,Finfish and Shellfish Products,"ANCHOVY,EUROPEAN,CND IN OIL,DRND SOL","Fish, anchovy, european, canned in oil, drained solids",,,,210,28.89,9.71,0.0,0.0,0.0,12.0,0.203,0.88,0.0,3.33,13,19.903,0.363,0.078,232,0.339,4.63,69,0.1,252,68.1,2.44,0.013333333,0.119411765,0.366666667,0.0,0.222,0.0325,1.2439375,0.279230769,0.065,0.193333333,0.000376667,0.164285714,0.36,1.238181818,0.221818182
15003,Finfish and Shellfish Products,"BASS,FRSH H2O,MXD SP,RAW","Fish, bass, fresh water, mixed species, raw",,,Percichthyidae and Centrarchidae,114,18.86,3.69,0.0,0.0,0.0,30.0,0.12,2.0,2.0,0.0,15,1.25,0.074,0.075,80,0.093,1.49,30,0.889,200,12.6,0.65,0.033333333,0.070588235,0.833333333,0.022222222,0.0,0.0375,0.078125,0.056923077,0.0625,0.066666667,0.000103333,0.071428571,0.285714286,0.229090909,0.059090909
15004,Finfish and Shellfish Products,"BASS,STRIPED,RAW","Fish, bass, striped, raw",,,Morone saxatilis (Walbaum),97,17.73,2.33,0.0,0.0,0.0,27.0,0.3,3.82,0.0,0.0,9,2.1,0.03,0.1,15,0.031,0.84,40,0.015,198,36.5,0.4,0.03,0.176470588,1.591666667,0.0,0.0,0.0225,0.13125,0.023076923,0.083333333,0.0125,3.44444e-05,0.095238095,0.282857143,0.663636364,0.036363636
15005,Finfish and Shellfish Products,"BLUEFISH,RAW","Fish, bluefish, raw",,,Pomatomus saltatrix (L.),124,20.04,4.24,0.0,0.0,0.0,120.0,0.402,5.39,0.0,0.0,2,5.95,0.08,0.058,7,0.053,0.48,33,0.021,227,36.5,0.81,0.133333333,0.236470588,2.245833333,0.0,0.0,0.005,0.371875,0.061538462,0.048333333,0.005833333,5.88889e-05,0.078571429,0.324285714,0.663636364,0.073636364
15006,Finfish and Shellfish Products,"BURBOT,RAW","Fish, burbot, raw",,,Lota lota (L.),90,19.31,0.81,0.0,0.0,0.0,5.0,0.3,0.8,0.0,0.0,1,1.62,0.141,0.372,50,0.2,0.9,32,0.7,200,12.6,0.76,0.005555556,0.176470588,0.333333333,0.0,0.0,0.0025,0.10125,0.108461538,0.31,0.041666667,0.000222222,0.076190476,0.285714286,0.229090909,0.069090909
15007,Finfish and Shellfish Products,"BUTTERFISH,RAW","Fish, butterfish, raw",,,Peprilus triacanthus (Peck),146,17.28,8.02,0.0,0.0,0.0,30.0,0.3,1.9,0.0,0.0,15,4.5,0.15,0.12,22,0.054,0.5,25,0.015,240,36.5,0.77,0.033333333,0.176470588,0.791666667,0.0,0.0,0.0375,0.28125,0.115384615,0.1,0.018333333,6e-05,0.05952381,0.342857143,0.663636364,0.07
15008,Finfish and Shellfish Products,"CARP,RAW","Fish, carp, raw",,,Cyprinus carpio (L.),127,17.83,5.6,0.0,0.0,0.0,9.0,0.19,1.53,1.6,0.63,15,1.64,0.055,0.115,41,0.057,1.24,29,0.042,415,12.6,1.48,0.01,0.111764706,0.6375,0.017777778,0.042,0.0375,0.1025,0.042307692,0.095833333,0.034166667,6.33333e-05,0.069047619,0.592857143,0.229090909,0.134545455
15009,Finfish and Shellfish Products,"CARP,COOKED,DRY HEAT","Fish, carp, cooked, dry heat",,,,162,22.86,7.17,0.0,0.0,0.0,10.0,0.219,1.47,1.6,0.0,17,2.1,0.07,0.14,52,0.073,1.59,38,0.05,531,16.2,1.9,0.011111111,0.128823529,0.6125,0.017777778,0.0,0.0425,0.13125,0.053846154,0.116666667,0.043333333,8.11111e-05,0.09047619,0.758571429,0.294545455,0.172727273
15010,Finfish and Shellfish Products,"CATFISH,CHANNEL,WILD,RAW","Fish, catfish, channel, wild, raw",,,Ictalurus punctatus (Rafinesque),95,16.38,2.82,0.0,0.0,0.0,15.0,0.116,2.23,0.7,0.0,10,1.907,0.072,0.21,14,0.034,0.3,23,0.025,209,12.6,0.51,0.016666667,0.068235294,0.929166667,0.007777778,0.0,0.025,0.1191875,0.055384615,0.175,0.011666667,3.77778e-05,0.054761905,0.298571429,0.229090909,0.046363636
15011,Finfish and Shellfish Products,"CATFISH,CHANNEL,CKD,BREADED&FRIED","Fish, catfish, channel, cooked, breaded and fried",,,,229,18.09,13.33,8.04,0.0,0.7,8.0,0.19,1.9,0.0,0.0,39,2.282,0.133,0.073,44,0.101,1.43,27,0.04,216,13.9,0.86,0.008888889,0.111764706,0.791666667,0.0,0.0,0.0975,0.142625,0.102307692,0.060833333,0.036666667,0.000112222,0.064285714,0.308571429,0.252727273,0.078181818
15012,Finfish and Shellfish Products,"CAVIAR,BLACK&RED,GRANULAR","Fish, caviar, black and red, granular",,,,264,24.6,17.9,4.0,0.0,0.0,271.0,0.32,20.0,0.0,1.89,50,0.12,0.62,0.19,275,0.11,11.88,300,0.05,356,65.5,0.95,0.301111111,0.188235294,8.333333333,0.0,0.126,0.125,0.0075,0.476923077,0.158333333,0.229166667,0.000122222,0.714285714,0.508571429,1.190909091,0.086363636
15013,Finfish and Shellfish Products,"CISCO,RAW","Fish, cisco, raw",,,Coregonus artedi Lesueur,98,18.99,1.91,0.0,0.0,0.0,30.0,0.3,1.0,0.0,0.0,15,2.51,0.1,0.088,12,0.072,0.4,17,0.067,152,12.6,0.37,0.033333333,0.176470588,0.416666667,0.0,0.0,0.0375,0.156875,0.076923077,0.073333333,0.01,8e-05,0.04047619,0.217142857,0.229090909,0.033636364
15014,Finfish and Shellfish Products,"CISCO,SMOKED","Fish, cisco, smoked",,,,177,16.36,11.9,0.0,0.0,0.0,283.0,0.268,4.26,0.0,0.22,2,2.31,0.159,0.046,26,0.215,0.49,17,0.021,150,18.1,0.3,0.314444444,0.157647059,1.775,0.0,0.014666667,0.005,0.144375,0.122307692,0.038333333,0.021666667,0.000238889,0.04047619,0.214285714,0.329090909,0.027272727
15015,Finfish and Shellfish Products,"COD,ATLANTIC,RAW","Fish, cod, Atlantic, raw",,,Gadus morhua (L.),82,17.81,0.67,0.0,0.0,0.0,12.0,0.245,0.91,1.0,0.64,7,2.063,0.065,0.076,16,0.028,0.38,32,0.015,203,33.1,0.45,0.013333333,0.144117647,0.379166667,0.011111111,0.042666667,0.0175,0.1289375,0.05,0.063333333,0.013333333,3.11111e-05,0.076190476,0.29,0.601818182,0.040909091
15016,Finfish and Shellfish Products,"COD,ATLANTIC,CKD,DRY HEAT","Fish, cod, Atlantic, cooked, dry heat",,,,105,22.83,0.86,0.0,0.0,0.0,14.0,0.283,1.05,1.0,0.81,8,2.513,0.079,0.088,14,0.036,0.49,42,0.02,138,37.6,0.58,0.015555556,0.166470588,0.4375,0.011111111,0.054,0.02,0.1570625,0.060769231,0.073333333,0.011666667,4e-05,0.1,0.197142857,0.683636364,0.052727273
15017,Finfish and Shellfish Products,"COD,ATLANTIC,CND,SOL&LIQ","Fish, cod, Atlantic, canned, solids and liquid",,,,105,22.76,0.86,0.0,0.0,0.0,14.0,0.282,1.05,1.0,0.82,8,2.505,0.079,0.087,21,0.037,0.49,41,0.02,260,38.1,0.58,0.015555556,0.165882353,0.4375,0.011111111,0.054666667,0.02,0.1565625,0.060769231,0.0725,0.0175,4.11111e-05,0.097619048,0.371428571,0.692727273,0.052727273
15018,Finfish and Shellfish Products,"COD,ATLANTIC,DRIED&SALTED","Fish, cod, Atlantic, dried and salted",,,,290,62.82,2.37,0.0,0.0,0.0,42.0,0.864,10.0,3.5,2.84,25,7.5,0.24,0.268,160,0.176,2.5,133,0.05,950,147.8,1.59,0.046666667,0.508235294,4.166666667,0.038888889,0.189333333,0.0625,0.46875,0.184615385,0.223333333,0.133333333,0.000195556,0.316666667,1.357142857,2.687272727,0.144545455
15019,Finfish and Shellfish Products,"COD,PACIFIC,RAW","Fish, cod, Pacific, raw",,,Gadus macrocephalus Tilesius,69,15.27,0.41,0.0,0.0,0.0,2.0,0.117,1.98,0.0,0.54,7,1.095,0.045,0.033,8,0.019,0.16,20,0.012,281,22.9,0.31,0.002222222,0.068823529,0.825,0.0,0.036,0.0175,0.0684375,0.034615385,0.0275,0.006666667,2.11111e-05,0.047619048,0.401428571,0.416363636,0.028181818
15020,Finfish and Shellfish Products,"CROAKER,ATLANTIC,RAW","Fish, croaker, Atlantic, raw",,,Micropogonias undulatus (L.),104,17.78,3.17,0.0,0.0,0.0,12.0,0.3,2.5,0.0,1.29,15,4.2,0.095,0.075,15,0.042,0.37,40,0.025,210,36.5,0.42,0.013333333,0.176470588,1.041666667,0.0,0.086,0.0375,0.2625,0.073076923,0.0625,0.0125,4.66667e-05,0.095238095,0.3,0.663636364,0.038181818
15021,Finfish and Shellfish Products,"CROAKER,ATLANTIC,CKD,BREADED&FRIED","Fish, croaker, Atlantic, cooked, breaded and fried",,,,221,18.2,12.67,7.54,0.0,0.4,23.0,0.26,2.1,0.0,0.0,45,4.3,0.13,0.09,32,0.065,0.86,42,0.08,217,38.8,0.52,0.025555556,0.152941176,0.875,0.0,0.0,0.1125,0.26875,0.1,0.075,0.026666667,7.22222e-05,0.1,0.31,0.705454545,0.047272727
15022,Finfish and Shellfish Products,"CUSK,RAW","Fish, cusk, raw",,,Brosme brosme (Muller),87,18.99,0.69,0.0,0.0,0.0,18.0,0.387,1.04,0.0,0.0,2,2.686,0.133,0.042,10,0.018,0.83,31,0.015,204,36.5,0.38,0.02,0.227647059,0.433333333,0.0,0.0,0.005,0.167875,0.102307692,0.035,0.008333333,2e-05,0.073809524,0.291428571,0.663636364,0.034545455
15023,Finfish and Shellfish Products,"DOLPHINFISH,RAW","Fish, dolphinfish, raw",,,Coryphaena hippurus (L.),85,18.5,0.7,0.0,0.0,0.0,54.0,0.4,0.6,0.0,0.0,5,6.1,0.07,0.02,15,0.041,1.13,30,0.015,143,36.5,0.46,0.06,0.235294118,0.25,0.0,0.0,0.0125,0.38125,0.053846154,0.016666667,0.0125,4.55556e-05,0.071428571,0.204285714,0.663636364,0.041818182
15024,Finfish and Shellfish Products,"DRUM,FRESHWATER,RAW","Fish, drum, freshwater, raw",,,Aplodinotus grunniens Rafinesque,119,17.54,4.93,0.0,0.0,0.0,51.0,0.3,2.0,1.0,0.0,15,2.35,0.17,0.07,60,0.232,0.9,30,0.7,180,12.6,0.66,0.056666667,0.176470588,0.833333333,0.011111111,0.0,0.0375,0.146875,0.130769231,0.058333333,0.05,0.000257778,0.071428571,0.257142857,0.229090909,0.06
15025,Finfish and Shellfish Products,"EEL,MIXED SPECIES,RAW","Fish, eel, mixed species, raw",,,Anguilla spp.,184,18.44,11.66,0.0,0.0,0.0,1043.0,0.067,3.0,1.8,4.0,15,3.5,0.04,0.15,20,0.023,0.5,20,0.035,216,6.5,1.62,1.158888889,0.039411765,1.25,0.02,0.266666667,0.0375,0.21875,0.030769231,0.125,0.016666667,2.55556e-05,0.047619048,0.308571429,0.118181818,0.147272727
15026,Finfish and Shellfish Products,"EEL,MXD SP,CKD,DRY HEAT","Fish, eel, mixed species, cooked, dry heat",,,,236,23.65,14.95,0.0,0.0,0.0,1137.0,0.077,2.89,1.8,0.0,17,4.487,0.051,0.183,26,0.029,0.64,26,0.04,277,8.3,2.08,1.263333333,0.045294118,1.204166667,0.02,0.0,0.0425,0.2804375,0.039230769,0.1525,0.021666667,3.22222e-05,0.061904762,0.395714286,0.150909091,0.189090909
15027,Finfish and Shellfish Products,"FISH,FISH STKS,FRZ,PREP","Fish, fish sticks, frozen, prepared",,,,277,11.01,16.23,21.66,1.65,1.5,4.0,0.078,0.96,0.0,6.88,24,1.536,0.116,0.122,16,0.059,0.84,25,0.182,191,15.7,0.42,0.004444444,0.045882353,0.4,0.0,0.458666667,0.06,0.096,0.089230769,0.101666667,0.013333333,6.55556e-05,0.05952381,0.272857143,0.285454545,0.038181818
15028,Finfish and Shellfish Products,"FLATFISH (FLOUNDER&SOLE SP),RAW","Fish, flatfish (flounder and sole species), raw",,,Bothidae and Pleuronectidae,70,12.41,1.93,0.0,0.0,0.0,10.0,0.098,1.13,0.0,0.63,5,1.04,0.02,0.022,21,0.019,0.18,18,0.014,252,26.6,0.32,0.011111111,0.057647059,0.470833333,0.0,0.042,0.0125,0.065,0.015384615,0.018333333,0.0175,2.11111e-05,0.042857143,0.36,0.483636364,0.029090909
15029,Finfish and Shellfish Products,"FLATFISH (FLOUNDER&SOLE SP),CKD,DRY HEAT","Fish, flatfish (flounder and sole species), cooked, dry heat",,,,86,15.24,2.37,0.0,0.0,0.0,12.0,0.115,1.31,0.0,0.77,6,1.278,0.025,0.026,25,0.023,0.23,22,0.017,309,32.6,0.39,0.013333333,0.067647059,0.545833333,0.0,0.051333333,0.015,0.079875,0.019230769,0.021666667,0.020833333,2.55556e-05,0.052380952,0.441428571,0.592727273,0.035454545
15030,Finfish and Shellfish Products,"GEFILTEFISH,COMM,SWT RECIPE","Fish, gefiltefish, commercial, sweet recipe",,,,84,9.07,1.73,7.41,0.0,0.0,27.0,0.08,0.84,0.8,0.0,3,1.0,0.059,0.065,23,0.195,2.48,9,0.073,73,10.5,0.82,0.03,0.047058824,0.35,0.008888889,0.0,0.0075,0.0625,0.045384615,0.054166667,0.019166667,0.000216667,0.021428571,0.104285714,0.190909091,0.074545455
15031,Finfish and Shellfish Products,"GROUPER,MIXED SPECIES,RAW","Fish, grouper, mixed species, raw",,,Epinephelus spp.,92,19.38,1.02,0.0,0.0,0.0,43.0,0.3,0.6,0.0,0.0,9,0.313,0.005,0.07,27,0.02,0.89,31,0.014,162,36.5,0.48,0.047777778,0.176470588,0.25,0.0,0.0,0.0225,0.0195625,0.003846154,0.058333333,0.0225,2.22222e-05,0.073809524,0.231428571,0.663636364,0.043636364
15032,Finfish and Shellfish Products,"GROUPER,MXD SP,CKD,DRY HEAT","Fish, grouper, mixed species, cooked, dry heat",,,,118,24.84,1.3,0.0,0.0,0.0,50.0,0.35,0.69,0.0,0.0,10,0.381,0.006,0.081,21,0.045,1.14,37,0.012,143,46.8,0.51,0.055555556,0.205882353,0.2875,0.0,0.0,0.025,0.0238125,0.004615385,0.0675,0.0175,5e-05,0.088095238,0.204285714,0.850909091,0.046363636
15033,Finfish and Shellfish Products,"HADDOCK,RAW","Fish, haddock, raw",,,Melanogrammus aeglefinus (L.),74,16.32,0.45,0.0,0.0,0.0,17.0,0.281,1.83,0.0,0.45,12,3.363,0.057,0.02,11,0.021,0.17,21,0.011,227,25.9,0.32,0.018888889,0.165294118,0.7625,0.0,0.03,0.03,0.2101875,0.043846154,0.016666667,0.009166667,2.33333e-05,0.05,0.324285714,0.470909091,0.029090909
15034,Finfish and Shellfish Products,"HADDOCK,COOKED,DRY HEAT","Fish, haddock, cooked, dry heat",,,,90,19.99,0.55,0.0,0.0,0.0,21.0,0.327,2.13,0.0,0.55,13,4.119,0.069,0.023,14,0.026,0.21,26,0.013,278,31.7,0.4,0.023333333,0.192352941,0.8875,0.0,0.036666667,0.0325,0.2574375,0.053076923,0.019166667,0.011666667,2.88889e-05,0.061904762,0.397142857,0.576363636,0.036363636
15035,Finfish and Shellfish Products,"HADDOCK,SMOKED","Fish, haddock, smoked",,,,116,25.23,0.96,0.0,0.0,0.0,24.0,0.4,1.6,0.0,0.55,15,5.073,0.049,0.047,49,0.042,1.4,54,0.03,251,42.9,0.5,0.026666667,0.235294118,0.666666667,0.0,0.036666667,0.0375,0.3170625,0.037692308,0.039166667,0.040833333,4.66667e-05,0.128571429,0.358571429,0.78,0.045454545
15036,Finfish and Shellfish Products,"HALIBUT,ATLANTIC&PACIFIC,RAW","Fish, halibut, Atlantic and Pacific, raw",,,Hippoglossus hippoglossus (L.) and H. stenolepis Schmidt,91,18.56,1.33,0.0,0.0,0.0,20.0,0.548,1.1,0.0,0.61,12,6.513,0.03,0.05,7,0.023,0.16,23,0.011,236,45.6,0.36,0.022222222,0.322352941,0.458333333,0.0,0.040666667,0.03,0.4070625,0.023076923,0.041666667,0.005833333,2.55556e-05,0.054761905,0.337142857,0.829090909,0.032727273
15037,Finfish and Shellfish Products,"HALIBUT,ATLANTIC&PACIFIC,CKD,DRY HEAT","Fish, halibut, Atlantic and Pacific, cooked, dry heat",,,,111,22.54,1.61,0.0,0.0,0.0,24.0,0.632,1.27,0.0,0.74,14,7.911,0.036,0.058,9,0.028,0.2,28,0.013,287,55.4,0.43,0.026666667,0.371764706,0.529166667,0.0,0.049333333,0.035,0.4944375,0.027692308,0.048333333,0.0075,3.11111e-05,0.066666667,0.41,1.007272727,0.039090909
15038,Finfish and Shellfish Products,"HALIBUT,GREENLAND,RAW","Fish, halibut, Greenland, raw",,,Reinhardtius hippoglossoides (Walbaum),186,14.37,13.84,0.0,0.0,0.0,14.0,0.42,1.0,0.0,0.73,1,1.5,0.08,0.06,3,0.03,0.66,26,0.012,164,36.5,0.4,0.015555556,0.247058824,0.416666667,0.0,0.048666667,0.0025,0.09375,0.061538462,0.05,0.0025,3.33333e-05,0.061904762,0.234285714,0.663636364,0.036363636
15039,Finfish and Shellfish Products,"HERRING,ATLANTIC,RAW","Fish, herring, Atlantic, raw",,,Clupea harengus harengus (L.),158,17.96,9.04,0.0,0.0,0.0,28.0,0.302,13.67,0.7,1.07,10,3.217,0.233,0.092,57,0.092,1.1,32,0.035,236,36.5,0.99,0.031111111,0.177647059,5.695833333,0.007777778,0.071333333,0.025,0.2010625,0.179230769,0.076666667,0.0475,0.000102222,0.076190476,0.337142857,0.663636364,0.09
15040,Finfish and Shellfish Products,"HERRING,ATLANTIC,CKD,DRY HEAT","Fish, herring, Atlantic, cooked, dry heat",,,,203,23.03,11.59,0.0,0.0,0.0,36.0,0.348,13.14,0.7,1.37,12,4.124,0.299,0.112,74,0.118,1.41,41,0.04,303,46.8,1.27,0.04,0.204705882,5.475,0.007777778,0.091333333,0.03,0.25775,0.23,0.093333333,0.061666667,0.000131111,0.097619048,0.432857143,0.850909091,0.115454545
15041,Finfish and Shellfish Products,"HERRING,ATLANTIC,PICKLED","Fish, herring, Atlantic, pickled",,,,262,14.19,18.0,9.64,7.71,0.0,258.0,0.17,4.27,0.0,1.71,2,3.3,0.139,0.036,77,0.105,1.22,8,0.04,89,58.5,0.53,0.286666667,0.1,1.779166667,0.0,0.114,0.005,0.20625,0.106923077,0.03,0.064166667,0.000116667,0.019047619,0.127142857,1.063636364,0.048181818
15042,Finfish and Shellfish Products,"HERRING,ATLANTIC,KIPPERED","Fish, herring, Atlantic, kippered",,,,217,24.58,12.37,0.0,0.0,0.0,40.0,0.413,18.7,1.0,1.54,14,4.402,0.319,0.126,84,0.135,1.51,46,0.05,325,52.6,1.36,0.044444444,0.242941176,7.791666667,0.011111111,0.102666667,0.035,0.275125,0.245384615,0.105,0.07,0.00015,0.10952381,0.464285714,0.956363636,0.123636364
15043,Finfish and Shellfish Products,"HERRING,PACIFIC,RAW","Fish, herring, Pacific, raw",,,Clupea harengus pallasi Valenciennes,195,16.39,13.88,0.0,0.0,0.0,32.0,0.45,10.0,0.0,0.0,5,2.2,0.2,0.06,83,0.078,1.12,32,0.045,228,36.5,0.53,0.035555556,0.264705882,4.166666667,0.0,0.0,0.0125,0.1375,0.153846154,0.05,0.069166667,8.66667e-05,0.076190476,0.325714286,0.663636364,0.048181818
15044,Finfish and Shellfish Products,"LING,RAW","Fish, ling, raw",,,Molva molva (L.),87,18.99,0.64,0.0,0.0,0.0,30.0,0.304,0.56,0.0,0.0,7,2.3,0.19,0.11,34,0.11,0.65,63,0.03,198,36.5,0.78,0.033333333,0.178823529,0.233333333,0.0,0.0,0.0175,0.14375,0.146153846,0.091666667,0.028333333,0.000122222,0.15,0.282857143,0.663636364,0.070909091
15045,Finfish and Shellfish Products,"LINGCOD,RAW","Fish, lingcod, raw",,,Ophiodon elongatus Girard,85,17.66,1.06,0.0,0.0,0.0,15.0,0.3,3.6,0.0,0.0,9,1.9,0.114,0.03,14,0.027,0.32,26,0.02,201,36.5,0.45,0.016666667,0.176470588,1.5,0.0,0.0,0.0225,0.11875,0.087692308,0.025,0.011666667,3e-05,0.061904762,0.287142857,0.663636364,0.040909091
15046,Finfish and Shellfish Products,"MACKEREL,ATLANTIC,RAW","Fish, mackerel, Atlantic, raw",,,Scomber scombrus L.,205,18.6,13.89,0.0,0.0,0.0,50.0,0.399,8.71,0.4,1.52,1,9.08,0.312,0.176,12,0.073,1.63,76,0.015,217,44.1,0.63,0.055555556,0.234705882,3.629166667,0.004444444,0.101333333,0.0025,0.5675,0.24,0.146666667,0.01,8.11111e-05,0.180952381,0.31,0.801818182,0.057272727
15047,Finfish and Shellfish Products,"MACKEREL,ATLANTIC,CKD,DRY HEAT","Fish, mackerel, Atlantic, cooked, dry heat",,,,262,23.85,17.81,0.0,0.0,0.0,54.0,0.46,19.0,0.4,0.0,2,6.85,0.412,0.159,15,0.094,1.57,97,0.02,278,51.6,0.94,0.06,0.270588235,7.916666667,0.004444444,0.0,0.005,0.428125,0.316923077,0.1325,0.0125,0.000104444,0.230952381,0.397142857,0.938181818,0.085454545
15048,Finfish and Shellfish Products,"MACKEREL,JACK,CND,DRND SOL","Fish, mackerel, jack, canned, drained solids",,,Trachurus symmetricus (Ayers),156,23.19,6.3,0.0,0.0,0.0,130.0,0.21,6.94,0.9,1.03,5,6.18,0.212,0.04,241,0.147,2.04,37,0.04,301,37.7,1.02,0.144444444,0.123529412,2.891666667,0.01,0.068666667,0.0125,0.38625,0.163076923,0.033333333,0.200833333,0.000163333,0.088095238,0.43,0.685454545,0.092727273
15049,Finfish and Shellfish Products,"MACKEREL,KING,RAW","Fish, mackerel, king, raw",,,Scombermorus cavalla (Cuvier),105,20.28,2.0,0.0,0.0,0.0,218.0,0.442,15.6,1.6,0.0,8,8.59,0.476,0.1,31,0.026,1.78,32,0.005,248,36.5,0.56,0.242222222,0.26,6.5,0.017777778,0.0,0.02,0.536875,0.366153846,0.083333333,0.025833333,2.88889e-05,0.076190476,0.354285714,0.663636364,0.050909091
15050,Finfish and Shellfish Products,"MACKEREL,PACIFIC&JACK,MXD SP,RAW","Fish, mackerel, Pacific and jack, mixed species, raw",,,Scomber spp. and Trachurus spp.,158,20.07,7.89,0.0,0.0,0.0,19.0,0.33,4.4,2.0,1.0,2,8.32,0.421,0.111,23,0.093,1.16,28,0.015,125,36.5,0.67,0.021111111,0.194117647,1.833333333,0.022222222,0.066666667,0.005,0.52,0.323846154,0.0925,0.019166667,0.000103333,0.066666667,0.178571429,0.663636364,0.060909091
15051,Finfish and Shellfish Products,"MACKEREL,SPANISH,RAW","Fish, mackerel, spanish, raw",,,Scombermorus maculatus (Mitchill),139,19.29,6.3,0.0,0.0,0.0,39.0,0.4,2.4,1.6,0.69,1,2.3,0.17,0.13,11,0.055,0.44,33,0.014,205,36.5,0.49,0.043333333,0.235294118,1.0,0.017777778,0.046,0.0025,0.14375,0.130769231,0.108333333,0.009166667,6.11111e-05,0.078571429,0.292857143,0.663636364,0.044545455
15052,Finfish and Shellfish Products,"MACKEREL,SPANISH,CKD,DRY HEAT","Fish, mackerel, spanish, cooked, dry heat",,,,158,23.59,6.32,0.0,0.0,0.0,33.0,0.46,7.0,1.6,0.0,1,5.0,0.21,0.13,13,0.065,0.74,38,0.012,271,40.6,0.62,0.036666667,0.270588235,2.916666667,0.017777778,0.0,0.0025,0.3125,0.161538462,0.108333333,0.010833333,7.22222e-05,0.09047619,0.387142857,0.738181818,0.056363636
15053,Finfish and Shellfish Products,"MILKFISH,RAW","Fish, milkfish, raw",,,Chanos chanos (Forskaal),148,20.53,6.73,0.0,0.0,0.0,30.0,0.423,3.4,0.0,0.0,16,6.44,0.054,0.013,51,0.034,0.32,30,0.02,162,12.6,0.82,0.033333333,0.248823529,1.416666667,0.0,0.0,0.04,0.4025,0.041538462,0.010833333,0.0425,3.77778e-05,0.071428571,0.231428571,0.229090909,0.074545455
15054,Finfish and Shellfish Products,"MONKFISH,RAW","Fish, monkfish, raw",,,Lophius piscatorius L.,76,14.48,1.52,0.0,0.0,0.0,12.0,0.24,0.9,1.0,0.0,7,2.1,0.06,0.025,8,0.028,0.32,21,0.024,200,36.5,0.41,0.013333333,0.141176471,0.375,0.011111111,0.0,0.0175,0.13125,0.046153846,0.020833333,0.006666667,3.11111e-05,0.05,0.285714286,0.663636364,0.037272727
15055,Finfish and Shellfish Products,"MULLET,STRIPED,RAW","Fish, mullet, striped, raw",,,Mugil cephalus L.,117,19.35,3.79,0.0,0.0,0.0,37.0,0.425,0.22,1.2,1.0,9,5.2,0.08,0.09,41,0.051,1.02,29,0.016,221,36.5,0.52,0.041111111,0.25,0.091666667,0.013333333,0.066666667,0.0225,0.325,0.061538462,0.075,0.034166667,5.66667e-05,0.069047619,0.315714286,0.663636364,0.047272727
15056,Finfish and Shellfish Products,"MULLET,STRIPED,CKD,DRY HEAT","Fish, mullet, striped, cooked, dry heat",,,,150,24.81,4.86,0.0,0.0,0.0,42.0,0.49,0.25,1.2,0.0,10,6.3,0.1,0.1,31,0.141,1.41,33,0.022,244,46.8,0.88,0.046666667,0.288235294,0.104166667,0.013333333,0.0,0.025,0.39375,0.076923077,0.083333333,0.025833333,0.000156667,0.078571429,0.348571429,0.850909091,0.08
15057,Finfish and Shellfish Products,"OCEAN PERCH,ATLANTIC,RAW","Fish, ocean perch, Atlantic, raw",,,Sebastes marinus L.,79,15.31,1.54,0.0,0.0,0.0,12.0,0.073,1.5,0.0,0.76,9,1.005,0.048,0.04,28,0.021,0.22,23,0.011,248,28.6,0.29,0.013333333,0.042941176,0.625,0.0,0.050666667,0.0225,0.0628125,0.036923077,0.033333333,0.023333333,2.33333e-05,0.054761905,0.354285714,0.52,0.026363636
15058,Finfish and Shellfish Products,"OCEAN PERCH,ATLANTIC,CKD,DRY HEAT","Fish, ocean perch, Atlantic, cooked, dry heat",,,,96,18.51,1.87,0.0,0.0,0.0,15.0,0.084,1.72,0.0,0.91,10,1.215,0.057,0.046,34,0.026,0.27,27,0.013,300,34.6,0.35,0.016666667,0.049411765,0.716666667,0.0,0.060666667,0.025,0.0759375,0.043846154,0.038333333,0.028333333,2.88889e-05,0.064285714,0.428571429,0.629090909,0.031818182
15059,Finfish and Shellfish Products,"POUT,OCEAN,RAW","Fish, pout, ocean, raw",,,Macrozoarces americanus (Schneider),79,16.64,0.91,0.0,0.0,0.0,12.0,0.24,0.9,0.0,0.0,7,2.1,0.06,0.08,10,0.032,0.28,13,0.015,200,36.5,1.03,0.013333333,0.141176471,0.375,0.0,0.0,0.0175,0.13125,0.046153846,0.066666667,0.008333333,3.55556e-05,0.030952381,0.285714286,0.663636364,0.093636364
15060,Finfish and Shellfish Products,"PERCH,MIXED SPECIES,RAW","Fish, perch, mixed species, raw",,,Morone americana Gmelin and Perca flavescens (Mitchill),91,19.39,0.92,0.0,0.0,0.0,9.0,0.12,1.9,1.7,0.2,5,1.52,0.1,0.07,80,0.15,0.9,30,0.7,200,12.6,1.11,0.01,0.070588235,0.791666667,0.018888889,0.013333333,0.0125,0.095,0.076923077,0.058333333,0.066666667,0.000166667,0.071428571,0.285714286,0.229090909,0.100909091
15061,Finfish and Shellfish Products,"PERCH,MXD SP,CKD,DRY HEAT","Fish, perch, mixed species, cooked, dry heat",,,,117,24.86,1.18,0.0,0.0,0.0,10.0,0.14,2.2,1.7,0.0,6,1.9,0.12,0.08,102,0.192,1.16,38,0.9,257,16.1,1.43,0.011111111,0.082352941,0.916666667,0.018888889,0.0,0.015,0.11875,0.092307692,0.066666667,0.085,0.000213333,0.09047619,0.367142857,0.292727273,0.13
15062,Finfish and Shellfish Products,"PIKE,NORTHERN,RAW","Fish, pike, northern, raw",,,Esox lucius L.,88,19.26,0.69,0.0,0.0,0.0,21.0,0.117,2.0,3.8,0.2,15,2.3,0.063,0.058,57,0.051,0.55,31,0.24,220,12.6,0.67,0.023333333,0.068823529,0.833333333,0.042222222,0.013333333,0.0375,0.14375,0.048461538,0.048333333,0.0475,5.66667e-05,0.073809524,0.314285714,0.229090909,0.060909091
15063,Finfish and Shellfish Products,"PIKE,NORTHERN,CKD,DRY HEAT","Fish, pike, northern, cooked, dry heat",,,,113,24.69,0.88,0.0,0.0,0.0,24.0,0.135,2.3,3.8,0.0,17,2.8,0.077,0.067,73,0.065,0.71,40,0.31,282,16.2,0.86,0.026666667,0.079411765,0.958333333,0.042222222,0.0,0.0425,0.175,0.059230769,0.055833333,0.060833333,7.22222e-05,0.095238095,0.402857143,0.294545455,0.078181818
15064,Finfish and Shellfish Products,"PIKE,WALLEYE,RAW","Fish, pike, walleye, raw",,,Stizostedion vitreum vitreum (Mitchill),93,19.14,1.22,0.0,0.0,0.0,21.0,0.12,2.0,0.0,0.0,15,2.3,0.16,0.27,110,0.178,1.3,30,0.8,210,12.6,0.62,0.023333333,0.070588235,0.833333333,0.0,0.0,0.0375,0.14375,0.123076923,0.225,0.091666667,0.000197778,0.071428571,0.3,0.229090909,0.056363636
15065,Finfish and Shellfish Products,"POLLOCK,ATLANTIC,RAW","Fish, pollock, Atlantic, raw",,,Pollachius virens L.,92,19.44,0.98,0.0,0.0,0.0,14.0,0.287,3.19,0.0,0.23,3,3.27,0.185,0.047,60,0.05,0.46,67,0.015,221,36.5,0.47,0.015555556,0.168823529,1.329166667,0.0,0.015333333,0.0075,0.204375,0.142307692,0.039166667,0.05,5.55556e-05,0.15952381,0.315714286,0.663636364,0.042727273
15066,Finfish and Shellfish Products,"FISH,POLLOCK,ALASKA,RAW","Fish, pollock, Alaska, raw",,,Theragra chalcogramma (Pallas),56,12.19,0.41,0.0,0.0,0.0,3.0,0.069,1.63,0.0,0.49,3,0.653,0.08,0.03,15,0.031,0.22,16,0.011,284,15.9,0.31,0.003333333,0.040588235,0.679166667,0.0,0.032666667,0.0075,0.0408125,0.061538462,0.025,0.0125,3.44444e-05,0.038095238,0.405714286,0.289090909,0.028181818
15067,Finfish and Shellfish Products,"FISH,POLLOCK,ALASKA,CKD,DRY HEAT","Fish, pollock, Alaska, cooked, dry heat",,,,111,23.48,1.18,0.0,0.0,0.0,17.0,0.329,3.66,0.0,0.28,3,3.949,0.223,0.054,72,0.06,0.56,81,0.018,267,44.1,0.57,0.018888889,0.193529412,1.525,0.0,0.018666667,0.0075,0.2468125,0.171538462,0.045,0.06,6.66667e-05,0.192857143,0.381428571,0.801818182,0.051818182
15068,Finfish and Shellfish Products,"POMPANO,FLORIDA,RAW","Fish, pompano, florida, raw",,,Trachinotus carolinus (L.),164,18.48,9.47,0.0,0.0,0.0,40.0,0.2,1.3,0.0,0.18,15,3.0,0.12,0.56,22,0.038,0.6,27,0.013,195,36.5,0.72,0.044444444,0.117647059,0.541666667,0.0,0.012,0.0375,0.1875,0.092307692,0.466666667,0.018333333,4.22222e-05,0.064285714,0.278571429,0.663636364,0.065454545
15069,Finfish and Shellfish Products,"POMPANO,FLORIDA,CKD,DRY HEAT","Fish, pompano, florida, cooked, dry heat",,,,211,23.69,12.14,0.0,0.0,0.0,36.0,0.23,1.2,0.0,0.0,17,3.8,0.15,0.68,43,0.078,0.67,31,0.025,341,46.8,0.69,0.04,0.135294118,0.5,0.0,0.0,0.0425,0.2375,0.115384615,0.566666667,0.035833333,8.66667e-05,0.073809524,0.487142857,0.850909091,0.062727273
15070,Finfish and Shellfish Products,"ROCKFISH,PACIFIC,MXD SP,RAW","Fish, rockfish, Pacific, mixed species, raw",,,Sebastes spp.,90,18.36,1.34,0.0,0.0,0.0,4.0,0.21,1.39,0.0,0.36,9,2.393,0.187,0.023,14,0.034,0.3,27,0.011,205,63.0,0.36,0.004444444,0.123529412,0.579166667,0.0,0.024,0.0225,0.1495625,0.143846154,0.019166667,0.011666667,3.77778e-05,0.064285714,0.292857143,1.145454545,0.032727273
15071,Finfish and Shellfish Products,"ROCKFISH,PACIFIC,MXD SP,CKD,DRY HEAT","Fish, rockfish, Pacific, mixed species, cooked, dry heat",,,,109,22.23,1.62,0.0,0.0,0.0,5.0,0.241,1.59,0.0,0.44,10,2.897,0.226,0.027,17,0.041,0.36,33,0.013,248,76.2,0.43,0.005555556,0.141764706,0.6625,0.0,0.029333333,0.025,0.1810625,0.173846154,0.0225,0.014166667,4.55556e-05,0.078571429,0.354285714,1.385454545,0.039090909
15072,Finfish and Shellfish Products,"ROE,MIXED SPECIES,RAW","Fish, roe, mixed species, raw",,,,143,22.32,6.42,1.5,0.0,0.0,90.0,0.16,10.0,16.0,7.0,80,1.8,0.74,0.24,22,0.1,0.6,20,0.01,402,40.3,1.0,0.1,0.094117647,4.166666667,0.177777778,0.466666667,0.2,0.1125,0.569230769,0.2,0.018333333,0.000111111,0.047619048,0.574285714,0.732727273,0.090909091
15073,Finfish and Shellfish Products,"ROUGHY,ORANGE,RAW","Fish, roughy, orange, raw",,,Hoplostethus atlanticus,76,16.41,0.7,0.0,0.0,0.0,21.0,0.052,0.38,0.0,1.2,26,1.53,0.045,0.031,9,0.075,1.01,17,0.05,107,66.7,0.23,0.023333333,0.030588235,0.158333333,0.0,0.08,0.065,0.095625,0.034615385,0.025833333,0.0075,8.33333e-05,0.04047619,0.152857143,1.212727273,0.020909091
15074,Finfish and Shellfish Products,"SABLEFISH,RAW","Fish, sablefish, raw",,,Anoplopoma fimbria (Pallas),195,13.41,15.3,0.0,0.0,0.0,93.0,0.3,1.5,0.0,0.0,15,4.0,0.09,0.1,35,0.022,1.28,55,0.015,168,36.5,0.32,0.103333333,0.176470588,0.625,0.0,0.0,0.0375,0.25,0.069230769,0.083333333,0.029166667,2.44444e-05,0.130952381,0.24,0.663636364,0.029090909
15075,Finfish and Shellfish Products,"SABLEFISH,SMOKED","Fish, sablefish, smoked",,,,257,17.65,20.14,0.0,0.0,0.0,122.0,0.39,2.0,0.0,0.0,20,5.3,0.12,0.13,50,0.036,1.69,74,0.02,222,50.2,0.43,0.135555556,0.229411765,0.833333333,0.0,0.0,0.05,0.33125,0.092307692,0.108333333,0.041666667,4e-05,0.176190476,0.317142857,0.912727273,0.039090909
15076,Finfish and Shellfish Products,"SALMON,ATLANTIC,WILD,RAW","Fish, salmon, Atlantic, wild, raw",,,Salmo salar L.,142,19.84,6.34,0.0,0.0,0.0,12.0,0.818,3.18,0.0,0.0,25,7.86,0.38,0.226,12,0.25,0.8,29,0.016,200,36.5,0.64,0.013333333,0.481176471,1.325,0.0,0.0,0.0625,0.49125,0.292307692,0.188333333,0.01,0.000277778,0.069047619,0.285714286,0.663636364,0.058181818
15077,Finfish and Shellfish Products,"SALMON,CHINOOK,SMOKED","Fish, salmon, chinook, smoked",,,,117,18.28,4.32,0.0,0.0,0.0,26.0,0.278,3.26,0.0,1.35,2,4.72,0.101,0.023,11,0.23,0.85,18,0.017,164,32.4,0.31,0.028888889,0.163529412,1.358333333,0.0,0.09,0.005,0.295,0.077692308,0.019166667,0.009166667,0.000255556,0.042857143,0.234285714,0.589090909,0.028181818
15078,Finfish and Shellfish Products,"SALMON,CHINOOK,RAW","Fish, salmon, chinook, raw",,,Oncorhynchus tshawytscha (Walbaum),179,19.93,10.43,0.0,0.0,0.0,136.0,0.4,1.3,4.0,1.22,30,8.42,0.113,0.054,26,0.041,0.25,95,0.015,289,36.5,0.44,0.151111111,0.235294118,0.541666667,0.044444444,0.081333333,0.075,0.52625,0.086923077,0.045,0.021666667,4.55556e-05,0.226190476,0.412857143,0.663636364,0.04
15079,Finfish and Shellfish Products,"SALMON,CHUM,RAW","Fish, salmon, chum, raw",,,Oncorhynchus keta (Walbaum),120,20.14,3.77,0.0,0.0,0.0,30.0,0.4,3.0,0.0,1.09,4,7.0,0.18,0.08,11,0.055,0.55,22,0.015,283,36.5,0.47,0.033333333,0.235294118,1.25,0.0,0.072666667,0.01,0.4375,0.138461538,0.066666667,0.009166667,6.11111e-05,0.052380952,0.404285714,0.663636364,0.042727273
15080,Finfish and Shellfish Products,"SALMON,CHUM,DRND SOL W/BONE","Fish, salmon, chum, canned, drained solids with bone",,,,141,21.43,5.5,0.0,0.0,0.0,18.0,0.38,4.4,0.0,1.6,20,7.0,0.16,0.02,249,0.1,0.7,30,0.02,354,43.3,1.0,0.02,0.223529412,1.833333333,0.0,0.106666667,0.05,0.4375,0.123076923,0.016666667,0.2075,0.000111111,0.071428571,0.505714286,0.787272727,0.090909091
15081,Finfish and Shellfish Products,"SALMON,COHO,WILD,RAW","Fish, salmon, coho, wild, raw",,,Oncorhynchus kisutch (Walbaum),146,21.62,5.93,0.0,0.0,0.0,40.0,0.549,4.17,1.0,0.73,9,7.23,0.14,0.113,36,0.051,0.56,31,0.014,262,36.5,0.41,0.044444444,0.322941176,1.7375,0.011111111,0.048666667,0.0225,0.451875,0.107692308,0.094166667,0.03,5.66667e-05,0.073809524,0.374285714,0.663636364,0.037272727
15082,Finfish and Shellfish Products,"SALMON,COHO,WILD,CKD,MOIST HEAT","Fish, salmon, coho, wild, cooked, moist heat",,,,184,27.36,7.5,0.0,0.0,0.0,32.0,0.556,4.48,1.0,0.0,9,7.779,0.159,0.115,46,0.065,0.71,35,0.018,298,46.2,0.52,0.035555556,0.327058824,1.866666667,0.011111111,0.0,0.0225,0.4861875,0.122307692,0.095833333,0.038333333,7.22222e-05,0.083333333,0.425714286,0.84,0.047272727
15083,Finfish and Shellfish Products,"SALMON,PINK,RAW","Fish, salmon, pink, raw",,,Oncorhynchus gorbuscha (Walbaum),127,20.5,4.4,0.0,0.0,0.0,35.0,0.611,4.15,0.0,0.4,4,7.995,0.105,0.08,7,0.063,0.38,27,0.011,261,31.4,0.39,0.038888889,0.359411765,1.729166667,0.0,0.026666667,0.01,0.4996875,0.080769231,0.066666667,0.005833333,7e-05,0.064285714,0.372857143,0.570909091,0.035454545
15084,Finfish and Shellfish Products,"FISH,SALMON,PINK,CND,TOTAL CAN CONTENTS","Fish, salmon, pink, canned, total can contents",,,,129,19.68,4.97,0.0,0.0,0.0,17.0,0.3,4.4,0.0,0.64,15,6.536,0.186,0.023,215,0.069,0.64,30,0.024,337,33.2,0.76,0.018888889,0.176470588,1.833333333,0.0,0.042666667,0.0375,0.4085,0.143076923,0.019166667,0.179166667,7.66667e-05,0.071428571,0.481428571,0.603636364,0.069090909
15085,Finfish and Shellfish Products,"SALMON,SOCKEYE,RAW","Fish, salmon, sockeye, raw",,,Oncorhynchus nerka (Walbaum),142,21.31,5.61,0.0,0.0,0.0,58.0,0.612,5.95,0.0,0.95,8,8.138,0.118,0.18,10,0.061,0.42,30,0.011,266,30.6,0.42,0.064444444,0.36,2.479166667,0.0,0.063333333,0.02,0.508625,0.090769231,0.15,0.008333333,6.77778e-05,0.071428571,0.38,0.556363636,0.038181818
15086,Finfish and Shellfish Products,"SALMON,SOCKEYE,CKD,DRY HEAT","Fish, salmon, sockeye, cooked, dry heat",,,,169,25.4,6.69,0.0,0.0,0.0,69.0,0.693,5.67,0.0,1.14,9,9.698,0.14,0.215,12,0.072,0.5,36,0.013,317,36.5,0.5,0.076666667,0.407647059,2.3625,0.0,0.076,0.0225,0.606125,0.107692308,0.179166667,0.01,8e-05,0.085714286,0.452857143,0.663636364,0.045454545
15087,Finfish and Shellfish Products,"FISH,SALMON,SOCKEYE,CND,DRND SOL","Fish, salmon, sockeye, canned, drained solids",,,,167,23.59,7.39,0.0,0.0,0.0,55.0,0.119,5.5,0.0,2.07,4,7.621,0.212,0.032,232,0.072,0.65,31,0.029,338,34.3,0.84,0.061111111,0.07,2.291666667,0.0,0.138,0.01,0.4763125,0.163076923,0.026666667,0.193333333,8e-05,0.073809524,0.482857143,0.623636364,0.076363636
15088,Finfish and Shellfish Products,"SARDINE,ATLANTIC,CND IN OIL,DRND SOL W/BONE","Fish, sardine, Atlantic, canned in oil, drained solids with bone",,,Clupea harengus harengus L.,208,24.62,11.45,0.0,0.0,0.0,32.0,0.167,8.94,0.0,2.04,10,5.245,0.227,0.08,382,0.186,2.92,39,0.108,490,52.7,1.31,0.035555556,0.098235294,3.725,0.0,0.136,0.025,0.3278125,0.174615385,0.066666667,0.318333333,0.000206667,0.092857143,0.7,0.958181818,0.119090909
15089,Finfish and Shellfish Products,"SARDINE,PACIFIC,CND IN TOMATO SAU,DRND SOL W/BONE","Fish, sardine, Pacific, canned in tomato sauce, drained solids with bone",,,Sardinops spp.,185,20.86,10.45,0.54,0.43,0.1,34.0,0.123,9.0,1.0,1.38,24,4.2,0.233,0.044,240,0.272,2.3,34,0.206,366,40.6,1.4,0.037777778,0.072352941,3.75,0.011111111,0.092,0.06,0.2625,0.179230769,0.036666667,0.2,0.000302222,0.080952381,0.522857143,0.738181818,0.127272727
15090,Finfish and Shellfish Products,"SCUP,RAW","Fish, scup, raw",,,Stenotomus chrysops L.,105,18.88,2.73,0.0,0.0,0.0,27.0,0.3,1.4,0.0,0.5,15,4.1,0.1,0.11,40,0.051,0.53,23,0.035,185,36.5,0.48,0.03,0.176470588,0.583333333,0.0,0.033333333,0.0375,0.25625,0.076923077,0.091666667,0.033333333,5.66667e-05,0.054761905,0.264285714,0.663636364,0.043636364
15091,Finfish and Shellfish Products,"SEA BASS,MXD SP,RAW","Fish, sea bass, mixed species, raw",,,Centropristes striata L. and Lateolabrax japonicus (Cuvier),97,18.43,2.0,0.0,0.0,0.0,46.0,0.4,0.3,0.0,0.84,5,1.6,0.12,0.11,10,0.019,0.29,41,0.015,194,36.5,0.4,0.051111111,0.235294118,0.125,0.0,0.056,0.0125,0.1,0.092307692,0.091666667,0.008333333,2.11111e-05,0.097619048,0.277142857,0.663636364,0.036363636
15092,Finfish and Shellfish Products,"SEA BASS,MXD SP,CKD,DRY HEAT","Fish, sea bass, mixed species, cooked, dry heat",,,,124,23.63,2.56,0.0,0.0,0.0,64.0,0.46,0.3,0.0,0.0,6,1.9,0.15,0.13,13,0.024,0.37,53,0.02,248,46.8,0.52,0.071111111,0.270588235,0.125,0.0,0.0,0.015,0.11875,0.115384615,0.108333333,0.010833333,2.66667e-05,0.126190476,0.354285714,0.850909091,0.047272727
15093,Finfish and Shellfish Products,"SEATROUT,MXD SP,RAW","Fish, seatrout, mixed species, raw",,,Cynoscion spp.,104,16.74,3.61,0.0,0.0,0.0,30.0,0.4,3.0,0.0,0.0,5,2.4,0.17,0.06,17,0.03,0.27,31,0.015,250,36.5,0.45,0.033333333,0.235294118,1.25,0.0,0.0,0.0125,0.15,0.130769231,0.05,0.014166667,3.33333e-05,0.073809524,0.357142857,0.663636364,0.040909091
15094,Finfish and Shellfish Products,"SHAD,AMERICAN,RAW","Fish, shad, american, raw",,,Alosa sapidissima (Wilson),197,16.93,13.77,0.0,0.0,0.0,32.0,0.4,0.15,0.0,1.22,15,8.4,0.24,0.15,47,0.064,0.97,30,0.042,272,36.5,0.37,0.035555556,0.235294118,0.0625,0.0,0.081333333,0.0375,0.525,0.184615385,0.125,0.039166667,7.11111e-05,0.071428571,0.388571429,0.663636364,0.033636364
15095,Finfish and Shellfish Products,"SHARK,MIXED SPECIES,RAW","Fish, shark, mixed species, raw",,,Squaliformes,130,20.98,4.51,0.0,0.0,0.0,70.0,0.4,1.49,0.0,1.0,3,2.938,0.062,0.042,34,0.033,0.84,49,0.015,210,36.5,0.43,0.077777778,0.235294118,0.620833333,0.0,0.066666667,0.0075,0.183625,0.047692308,0.035,0.028333333,3.66667e-05,0.116666667,0.3,0.663636364,0.039090909
15096,Finfish and Shellfish Products,"SHARK,MXD SP,CKD,BATTER-DIPPED&FRIED","Fish, shark, mixed species, cooked, batter-dipped and fried",,,,228,18.62,13.82,6.39,0.0,0.0,54.0,0.3,1.21,0.0,0.0,22,2.783,0.097,0.072,50,0.042,1.11,43,0.05,194,34.0,0.48,0.06,0.176470588,0.504166667,0.0,0.0,0.055,0.1739375,0.074615385,0.06,0.041666667,4.66667e-05,0.102380952,0.277142857,0.618181818,0.043636364
15097,Finfish and Shellfish Products,"SHEEPSHEAD,RAW","Fish, sheepshead, raw",,,Archosargus probatocephalus (Walbaum),108,20.21,2.41,0.0,0.0,0.0,30.0,0.3,2.0,0.0,0.0,15,1.5,0.04,0.01,21,0.031,0.46,32,0.013,313,36.5,0.39,0.033333333,0.176470588,0.833333333,0.0,0.0,0.0375,0.09375,0.030769231,0.008333333,0.0175,3.44444e-05,0.076190476,0.447142857,0.663636364,0.035454545
15098,Finfish and Shellfish Products,"SHEEPSHEAD,CKD,DRY HEAT","Fish, sheepshead, cooked, dry heat",,,,126,26.02,1.63,0.0,0.0,0.0,35.0,0.35,2.3,0.0,0.0,17,1.8,0.05,0.01,37,0.122,0.67,35,0.021,350,51.3,0.63,0.038888889,0.205882353,0.958333333,0.0,0.0,0.0425,0.1125,0.038461538,0.008333333,0.030833333,0.000135556,0.083333333,0.5,0.932727273,0.057272727
15099,Finfish and Shellfish Products,"SMELT,RAINBOW,RAW","Fish, smelt, rainbow, raw",,,Osmerus mordax (Mitchill),97,17.63,2.42,0.0,0.0,0.0,15.0,0.15,3.44,0.0,0.5,4,1.45,0.12,0.01,60,0.139,0.9,30,0.7,230,36.5,1.65,0.016666667,0.088235294,1.433333333,0.0,0.033333333,0.01,0.090625,0.092307692,0.008333333,0.05,0.000154444,0.071428571,0.328571429,0.663636364,0.15
15100,Finfish and Shellfish Products,"SMELT,RAINBOW,CKD,DRY HEAT","Fish, smelt, rainbow, cooked, dry heat",,,,124,22.6,3.1,0.0,0.0,0.0,17.0,0.17,3.97,0.0,0.0,5,1.766,0.146,0.01,77,0.178,1.15,38,0.9,295,46.8,2.12,0.018888889,0.1,1.654166667,0.0,0.0,0.0125,0.110375,0.112307692,0.008333333,0.064166667,0.000197778,0.09047619,0.421428571,0.850909091,0.192727273
15101,Finfish and Shellfish Products,"SNAPPER,MIXED SPECIES,RAW","Fish, snapper, mixed species, raw",,,Lutjanidae,100,20.51,1.34,0.0,0.0,0.0,32.0,0.4,3.0,1.6,0.96,5,0.284,0.003,0.046,32,0.028,0.18,32,0.013,198,38.2,0.36,0.035555556,0.235294118,1.25,0.017777778,0.064,0.0125,0.01775,0.002307692,0.038333333,0.026666667,3.11111e-05,0.076190476,0.282857143,0.694545455,0.032727273
15102,Finfish and Shellfish Products,"SNAPPER,MXD SP,CKD,DRY HEAT","Fish, snapper, mixed species, cooked, dry heat",,,,128,26.3,1.72,0.0,0.0,0.0,35.0,0.46,3.5,1.6,0.0,6,0.346,0.004,0.053,40,0.046,0.24,37,0.017,201,49.0,0.44,0.038888889,0.270588235,1.458333333,0.017777778,0.0,0.015,0.021625,0.003076923,0.044166667,0.033333333,5.11111e-05,0.088095238,0.287142857,0.890909091,0.04
15103,Finfish and Shellfish Products,"SPOT,RAW","Fish, spot, raw",,,Leiostomus xanthuras Lacepede,123,18.51,4.9,0.0,0.0,0.0,30.0,0.4,3.0,0.0,0.0,5,7.0,0.22,0.16,14,0.046,0.32,42,0.035,186,36.5,0.51,0.033333333,0.235294118,1.25,0.0,0.0,0.0125,0.4375,0.169230769,0.133333333,0.011666667,5.11111e-05,0.1,0.265714286,0.663636364,0.046363636
15104,Finfish and Shellfish Products,"STURGEON,MXD SP,RAW","Fish, sturgeon, mixed species, raw",,,Acipenser spp.,105,16.14,4.04,0.0,0.0,0.0,210.0,0.2,2.2,0.0,0.5,15,8.3,0.07,0.07,13,0.041,0.7,35,0.025,211,12.6,0.42,0.233333333,0.117647059,0.916666667,0.0,0.033333333,0.0375,0.51875,0.053846154,0.058333333,0.010833333,4.55556e-05,0.083333333,0.301428571,0.229090909,0.038181818
15105,Finfish and Shellfish Products,"STURGEON,MXD SP,CKD,DRY HEAT","Fish, sturgeon, mixed species, cooked, dry heat",,,,135,20.7,5.18,0.0,0.0,0.0,263.0,0.23,2.5,0.0,0.63,17,10.1,0.09,0.08,17,0.053,0.9,45,0.03,271,16.2,0.54,0.292222222,0.135294118,1.041666667,0.0,0.042,0.0425,0.63125,0.069230769,0.066666667,0.014166667,5.88889e-05,0.107142857,0.387142857,0.294545455,0.049090909
15106,Finfish and Shellfish Products,"STURGEON,MXD SP,SMOKED","Fish, sturgeon, mixed species, smoked",,,,173,31.2,4.4,0.0,0.0,0.0,280.0,0.27,2.9,0.0,0.5,20,11.1,0.09,0.09,17,0.05,0.93,47,0.03,281,20.1,0.56,0.311111111,0.158823529,1.208333333,0.0,0.033333333,0.05,0.69375,0.069230769,0.075,0.014166667,5.55556e-05,0.111904762,0.401428571,0.365454545,0.050909091
15107,Finfish and Shellfish Products,"SUCKER,WHITE,RAW","Fish, sucker, white, raw",,,Catostomus commersoni (Lacepede),92,16.76,2.32,0.0,0.0,0.0,51.0,0.2,2.0,0.0,0.0,15,1.2,0.07,0.01,70,0.195,1.3,30,0.6,210,12.6,0.75,0.056666667,0.117647059,0.833333333,0.0,0.0,0.0375,0.075,0.053846154,0.008333333,0.058333333,0.000216667,0.071428571,0.3,0.229090909,0.068181818
15108,Finfish and Shellfish Products,"SUNFISH,PUMPKIN SEED,RAW","Fish, sunfish, pumpkin seed, raw",,,Lepomis gibbosus (L.),89,19.4,0.7,0.0,0.0,0.0,15.0,0.12,2.0,1.0,0.0,15,1.2,0.07,0.08,80,0.3,1.2,30,0.7,180,12.6,1.55,0.016666667,0.070588235,0.833333333,0.011111111,0.0,0.0375,0.075,0.053846154,0.066666667,0.066666667,0.000333333,0.071428571,0.257142857,0.229090909,0.140909091
15109,Finfish and Shellfish Products,SURIMI,"Fish, surimi",,,,99,15.18,0.9,6.85,0.0,0.0,20.0,0.03,1.6,0.0,0.63,2,0.22,0.021,0.02,9,0.032,0.26,43,0.011,282,28.1,0.33,0.022222222,0.017647059,0.666666667,0.0,0.042,0.005,0.01375,0.016153846,0.016666667,0.0075,3.55556e-05,0.102380952,0.402857143,0.510909091,0.03
15110,Finfish and Shellfish Products,"SWORDFISH,RAW","Fish, swordfish, raw",,,Xiphias gladius L.,144,19.66,6.65,0.0,0.0,0.0,36.0,0.543,1.7,0.0,2.02,2,7.76,0.053,0.075,5,0.039,0.38,29,0.011,255,57.4,0.66,0.04,0.319411765,0.708333333,0.0,0.134666667,0.005,0.485,0.040769231,0.0625,0.004166667,4.33333e-05,0.069047619,0.364285714,1.043636364,0.06
15111,Finfish and Shellfish Products,"SWORDFISH,COOKED,DRY HEAT","Fish, swordfish, cooked, dry heat",,,,172,23.45,7.93,0.0,0.0,0.0,43.0,0.615,1.62,0.0,2.41,2,9.254,0.063,0.089,6,0.046,0.45,35,0.013,304,68.5,0.78,0.047777778,0.361764706,0.675,0.0,0.160666667,0.005,0.578375,0.048461538,0.074166667,0.005,5.11111e-05,0.083333333,0.434285714,1.245454545,0.070909091
15112,Finfish and Shellfish Products,"TILEFISH,RAW","Fish, tilefish, raw",,,Lopholatilus chamaeleonticeps Goode and Bean,96,17.5,2.31,0.0,0.0,0.0,18.0,0.26,2.2,0.0,0.0,15,2.9,0.16,0.12,26,0.041,0.25,28,0.01,187,36.5,0.37,0.02,0.152941176,0.916666667,0.0,0.0,0.0375,0.18125,0.123076923,0.1,0.021666667,4.55556e-05,0.066666667,0.267142857,0.663636364,0.033636364
15113,Finfish and Shellfish Products,"TILEFISH,COOKED,DRY HEAT","Fish, tilefish, cooked, dry heat",,,,147,24.49,4.69,0.0,0.0,0.0,21.0,0.3,2.5,0.0,0.0,17,3.5,0.19,0.14,26,0.052,0.31,33,0.015,236,51.5,0.53,0.023333333,0.176470588,1.041666667,0.0,0.0,0.0425,0.21875,0.146153846,0.116666667,0.021666667,5.77778e-05,0.078571429,0.337142857,0.936363636,0.048181818
15114,Finfish and Shellfish Products,"TROUT,MIXED SPECIES,RAW","Fish, trout, mixed species, raw",,,Salmonidae,148,20.77,6.61,0.0,0.0,0.0,17.0,0.2,7.79,0.5,0.2,13,4.5,0.33,0.35,43,0.188,1.5,22,0.851,245,12.6,0.66,0.018888889,0.117647059,3.245833333,0.005555556,0.013333333,0.0325,0.28125,0.253846154,0.291666667,0.035833333,0.000208889,0.052380952,0.35,0.229090909,0.06
15115,Finfish and Shellfish Products,"TROUT,RAINBOW,WILD,RAW","Fish, trout, rainbow, wild, raw",,,Salmo gairdneri Richardson,119,20.48,3.46,0.0,0.0,0.0,19.0,0.406,4.45,2.4,0.0,12,5.384,0.105,0.123,67,0.109,0.7,31,0.158,271,12.6,1.08,0.021111111,0.238823529,1.854166667,0.026666667,0.0,0.03,0.3365,0.080769231,0.1025,0.055833333,0.000121111,0.073809524,0.387142857,0.229090909,0.098181818
15116,Finfish and Shellfish Products,"TROUT,RAINBOW,WILD,CKD,DRY HEAT","Fish, trout, rainbow, wild, cooked, dry heat",,,,150,22.92,5.82,0.0,0.0,0.0,15.0,0.346,6.3,2.0,0.0,19,5.77,0.097,0.152,86,0.058,0.38,31,0.021,269,13.2,0.51,0.016666667,0.203529412,2.625,0.022222222,0.0,0.0475,0.360625,0.074615385,0.126666667,0.071666667,6.44444e-05,0.073809524,0.384285714,0.24,0.046363636
15117,Finfish and Shellfish Products,"TUNA,FRESH,BLUEFIN,RAW","Fish, tuna, fresh, bluefin, raw",,,Thunnus thynnus (L.),144,23.33,4.9,0.0,0.0,0.0,655.0,0.455,9.43,0.0,1.0,2,8.654,0.251,0.241,8,0.086,1.02,50,0.015,254,36.5,0.6,0.727777778,0.267647059,3.929166667,0.0,0.066666667,0.005,0.540875,0.193076923,0.200833333,0.006666667,9.55556e-05,0.119047619,0.362857143,0.663636364,0.054545455
15118,Finfish and Shellfish Products,"TUNA,FRSH,BLUEFIN,CKD,DRY HEAT","Fish, tuna, fresh, bluefin, cooked, dry heat",,,,184,29.91,6.28,0.0,0.0,0.0,757.0,0.525,10.88,0.0,0.0,2,10.54,0.306,0.278,10,0.11,1.31,64,0.02,326,46.8,0.77,0.841111111,0.308823529,4.533333333,0.0,0.0,0.005,0.65875,0.235384615,0.231666667,0.008333333,0.000122222,0.152380952,0.465714286,0.850909091,0.07
15119,Finfish and Shellfish Products,"TUNA,LT,CND IN OIL,DRND SOL","Fish, tuna, light, canned in oil, drained solids",,,,198,29.13,8.21,0.0,0.0,0.0,23.0,0.11,2.2,0.0,0.87,5,12.4,0.12,0.038,13,0.071,1.39,31,0.015,311,76.0,0.9,0.025555556,0.064705882,0.916666667,0.0,0.058,0.0125,0.775,0.092307692,0.031666667,0.010833333,7.88889e-05,0.073809524,0.444285714,1.381818182,0.081818182
15121,Finfish and Shellfish Products,"FISH,TUNA,LT,CND IN H2O,DRND SOL","Fish, tuna, light, canned in water, drained solids",,,,86,19.44,0.96,0.0,0.0,0.0,17.0,0.319,2.55,0.0,0.33,4,10.136,0.084,0.03,17,0.05,1.63,23,0.019,139,70.6,0.69,0.018888889,0.187647059,1.0625,0.0,0.022,0.01,0.6335,0.064615385,0.025,0.014166667,5.55556e-05,0.054761905,0.198571429,1.283636364,0.062727273
15123,Finfish and Shellfish Products,"TUNA,FRESH,SKIPJACK,RAW","Fish, tuna, fresh, skipjack, raw",,,Euthynnus pelamis (L.),103,22.0,1.01,0.0,0.0,0.0,16.0,0.85,1.9,1.0,0.0,9,15.4,0.1,0.033,29,0.086,1.25,34,0.015,222,36.5,0.82,0.017777778,0.5,0.791666667,0.011111111,0.0,0.0225,0.9625,0.076923077,0.0275,0.024166667,9.55556e-05,0.080952381,0.317142857,0.663636364,0.074545455
15124,Finfish and Shellfish Products,"TUNA,WHITE,CND IN OIL,DRND SOL","Fish, tuna, white, canned in oil, drained solids",,,,186,26.53,8.08,0.0,0.0,0.0,5.0,0.43,2.2,0.0,2.3,5,11.698,0.079,0.017,4,0.13,0.65,34,0.016,267,60.1,0.47,0.005555556,0.252941176,0.916666667,0.0,0.153333333,0.0125,0.731125,0.060769231,0.014166667,0.003333333,0.000144444,0.080952381,0.381428571,1.092727273,0.042727273
15126,Finfish and Shellfish Products,"TUNA,WHITE,CND IN H2O,DRND SOL","Fish, tuna, white, canned in water, drained solids",,,,128,23.62,2.97,0.0,0.0,0.0,6.0,0.217,1.17,0.0,0.85,2,5.799,0.044,0.008,14,0.039,0.97,33,0.019,217,65.7,0.48,0.006666667,0.127647059,0.4875,0.0,0.056666667,0.005,0.3624375,0.033846154,0.006666667,0.011666667,4.33333e-05,0.078571429,0.31,1.194545455,0.043636364
15127,Finfish and Shellfish Products,"TUNA,FRESH,YELLOWFIN,RAW","Fish, tuna, fresh, yellowfin, raw",,,Thunnus albacares (Bonnaterre),109,24.4,0.49,0.0,0.0,0.0,18.0,0.933,2.08,0.0,0.24,2,18.475,0.115,0.118,4,0.036,0.77,35,0.011,278,90.6,0.37,0.02,0.548823529,0.866666667,0.0,0.016,0.005,1.1546875,0.088461538,0.098333333,0.003333333,4e-05,0.083333333,0.397142857,1.647272727,0.033636364
15128,Finfish and Shellfish Products,TUNA SALAD,"Fish, tuna salad",,,,187,16.04,9.26,9.41,0.0,0.0,24.0,0.081,1.2,2.2,0.0,8,6.7,0.07,0.031,17,0.145,1.0,19,0.04,178,41.2,0.56,0.026666667,0.047647059,0.5,0.024444444,0.0,0.02,0.41875,0.053846154,0.025833333,0.014166667,0.000161111,0.045238095,0.254285714,0.749090909,0.050909091
15129,Finfish and Shellfish Products,"TURBOT,EUROPEAN,RAW","Fish, turbot, european, raw",,,Scophthalmus maximus (L.),95,16.05,2.95,0.0,0.0,0.0,11.0,0.21,2.2,1.7,0.0,8,2.2,0.08,0.066,18,0.037,0.36,51,0.017,129,36.5,0.22,0.012222222,0.123529412,0.916666667,0.018888889,0.0,0.02,0.1375,0.061538462,0.055,0.015,4.11111e-05,0.121428571,0.184285714,0.663636364,0.02
15130,Finfish and Shellfish Products,"WHITEFISH,MXD SP,RAW","Fish, whitefish, mixed species, raw",,,Coregonus spp.,134,19.09,5.86,0.0,0.0,0.0,36.0,0.3,1.0,0.0,0.2,15,3.0,0.12,0.14,26,0.072,0.37,33,0.067,270,12.6,0.99,0.04,0.176470588,0.416666667,0.0,0.013333333,0.0375,0.1875,0.092307692,0.116666667,0.021666667,8e-05,0.078571429,0.385714286,0.229090909,0.09
15131,Finfish and Shellfish Products,"WHITEFISH,MXD SP,SMOKED","Fish, whitefish, mixed species, smoked",,,,108,23.4,0.93,0.0,0.0,0.0,57.0,0.389,3.26,0.0,0.21,7,2.4,0.101,0.032,18,0.315,0.5,23,0.034,132,13.5,0.49,0.063333333,0.228823529,1.358333333,0.0,0.014,0.0175,0.15,0.077692308,0.026666667,0.015,0.00035,0.054761905,0.188571429,0.245454545,0.044545455
15132,Finfish and Shellfish Products,"WHITING,MIXED SPECIES,RAW","Fish, whiting, mixed species, raw",,,Gadidae,90,18.31,1.31,0.0,0.0,0.0,30.0,0.156,2.3,0.0,0.3,13,1.3,0.046,0.056,48,0.031,0.34,21,0.104,222,32.1,0.88,0.033333333,0.091764706,0.958333333,0.0,0.02,0.0325,0.08125,0.035384615,0.046666667,0.04,3.44444e-05,0.05,0.317142857,0.583636364,0.08
15133,Finfish and Shellfish Products,"WHITING,MXD SP,CKD,DRY HEAT","Fish, whiting, mixed species, cooked, dry heat",,,,116,23.48,1.69,0.0,0.0,0.0,38.0,0.18,2.6,0.0,0.38,15,1.67,0.06,0.068,62,0.04,0.42,27,0.13,285,41.1,0.53,0.042222222,0.105882353,1.083333333,0.0,0.025333333,0.0375,0.104375,0.046153846,0.056666667,0.051666667,4.44444e-05,0.064285714,0.407142857,0.747272727,0.048181818
15134,Finfish and Shellfish Products,"WOLFFISH,ATLANTIC,RAW","Fish, wolffish, Atlantic, raw",,,Anarhichas lupus (L.),96,17.5,2.39,0.0,0.0,0.0,113.0,0.4,2.03,0.0,0.0,5,2.133,0.08,0.18,6,0.029,0.09,30,0.015,200,36.5,0.78,0.125555556,0.235294118,0.845833333,0.0,0.0,0.0125,0.1333125,0.061538462,0.15,0.005,3.22222e-05,0.071428571,0.285714286,0.663636364,0.070909091
15135,Finfish and Shellfish Products,"YELLOWTAIL,MXD SP,RAW","Fish, yellowtail, mixed species, raw",,,Seriola spp.,146,23.14,5.24,0.0,0.0,0.0,29.0,0.16,1.3,2.8,0.0,4,6.8,0.04,0.144,23,0.045,0.49,30,0.015,157,36.5,0.52,0.032222222,0.094117647,0.541666667,0.031111111,0.0,0.01,0.425,0.030769231,0.12,0.019166667,5e-05,0.071428571,0.224285714,0.663636364,0.047272727
15136,Finfish and Shellfish Products,"CRAB,ALASKA KING,RAW","Crustaceans, crab, alaska king, raw",,,Paralithodes camtschatica (Tilesius),84,18.29,0.6,0.0,0.0,0.0,7.0,0.15,9.0,7.0,0.0,44,1.1,0.043,0.043,46,0.922,0.59,49,0.035,219,36.4,5.95,0.007777778,0.088235294,3.75,0.077777778,0.0,0.11,0.06875,0.033076923,0.035833333,0.038333333,0.001024444,0.116666667,0.312857143,0.661818182,0.540909091
15137,Finfish and Shellfish Products,"CRAB,ALASKA KING,CKD,MOIST HEAT","Crustaceans, crab, alaska king, cooked, moist heat",,,,97,19.35,1.54,0.0,0.0,0.0,9.0,0.18,11.5,7.6,0.0,51,1.34,0.055,0.053,59,1.182,0.76,63,0.04,280,40.0,7.62,0.01,0.105882353,4.791666667,0.084444444,0.0,0.1275,0.08375,0.042307692,0.044166667,0.049166667,0.001313333,0.15,0.4,0.727272727,0.692727273
15138,Finfish and Shellfish Products,"CRAB,ALASKA KING,IMITN,MADE FROM SURIMI","Crustaceans, crab, alaska king, imitation, made from surimi",,,,95,7.62,0.46,15.0,6.25,0.5,0.0,0.13,0.57,0.0,0.17,0,0.62,0.08,0.03,13,0.032,0.39,43,0.011,282,22.3,0.33,0.0,0.076470588,0.2375,0.0,0.011333333,0.0,0.03875,0.061538462,0.025,0.010833333,3.55556e-05,0.102380952,0.402857143,0.405454545,0.03
15139,Finfish and Shellfish Products,"CRAB,BLUE,RAW","Crustaceans, crab, blue, raw",,,Callinectes sapidus Rathbun,87,18.06,1.08,0.04,0.0,0.0,2.0,0.15,9.0,3.0,0.0,44,2.7,0.04,0.08,89,0.669,0.74,34,0.15,229,37.4,3.54,0.002222222,0.088235294,3.75,0.033333333,0.0,0.11,0.16875,0.030769231,0.066666667,0.074166667,0.000743333,0.080952381,0.327142857,0.68,0.321818182
15140,Finfish and Shellfish Products,"CRAB,BLUE,CKD,MOIST HEAT","Crustaceans, crab, blue, cooked, moist heat",,,,83,17.88,0.74,0.0,0.0,0.0,1.0,0.156,3.33,3.3,1.84,51,2.747,0.093,0.023,91,0.814,0.5,36,0.074,234,42.9,3.81,0.001111111,0.091764706,1.3875,0.036666667,0.122666667,0.1275,0.1716875,0.071538462,0.019166667,0.075833333,0.000904444,0.085714286,0.334285714,0.78,0.346363636
15141,Finfish and Shellfish Products,"CRAB,BLUE,CANNED","Crustaceans, crab, blue, canned",,,,83,17.88,0.74,0.0,0.0,0.0,1.0,0.156,3.33,3.3,1.84,51,2.747,0.093,0.023,91,0.814,0.5,36,0.074,234,42.9,3.81,0.001111111,0.091764706,1.3875,0.036666667,0.122666667,0.1275,0.1716875,0.071538462,0.019166667,0.075833333,0.000904444,0.085714286,0.334285714,0.78,0.346363636
15142,Finfish and Shellfish Products,"CRUSTACEANS,CRAB,BLUE,CRAB CAKES,HOME RECIPE","Crustaceans, crab, blue, crab cakes, home recipe",,,,155,20.21,7.52,0.48,0.0,0.0,57.0,0.17,5.94,2.8,0.0,61,2.9,0.08,0.09,105,0.61,1.08,33,0.19,213,40.7,4.09,0.063333333,0.1,2.475,0.031111111,0.0,0.1525,0.18125,0.061538462,0.075,0.0875,0.000677778,0.078571429,0.304285714,0.74,0.371818182
15143,Finfish and Shellfish Products,"CRAB,DUNGENESS,RAW","Crustaceans, crab, dungeness, raw",,,Cancer magister Dana,86,17.41,0.97,0.74,0.0,0.0,27.0,0.15,9.0,3.5,0.0,44,3.14,0.167,0.047,46,0.674,0.37,45,0.08,182,37.1,4.27,0.03,0.088235294,3.75,0.038888889,0.0,0.11,0.19625,0.128461538,0.039166667,0.038333333,0.000748889,0.107142857,0.26,0.674545455,0.388181818
15144,Finfish and Shellfish Products,"CRAB,QUEEN,RAW","Crustaceans, crab, queen, raw",,,Chionoectes opilio (O. Fabricius),90,18.5,1.18,0.0,0.0,0.0,45.0,0.15,9.0,7.0,0.0,44,2.5,0.2,0.08,26,0.57,2.5,49,0.03,133,34.6,2.8,0.05,0.088235294,3.75,0.077777778,0.0,0.11,0.15625,0.153846154,0.066666667,0.021666667,0.000633333,0.116666667,0.19,0.629090909,0.254545455
15145,Finfish and Shellfish Products,"CRAYFISH,MXD SP,WILD,RAW","Crustaceans, crayfish, mixed species, wild, raw",,,"Astacus, Orconectes, and Procambarus spp.",77,15.97,0.95,0.0,0.0,0.0,16.0,0.108,2.0,1.2,2.85,37,2.208,0.032,0.07,27,0.419,0.84,27,0.226,256,31.6,1.3,0.017777778,0.063529412,0.833333333,0.013333333,0.19,0.0925,0.138,0.024615385,0.058333333,0.0225,0.000465556,0.064285714,0.365714286,0.574545455,0.118181818
15146,Finfish and Shellfish Products,"CRAYFISH,MXD SP,WILD,CKD,MOIST HEAT","Crustaceans, crayfish, mixed species, wild, cooked, moist heat",,,,82,16.77,1.2,0.0,0.0,0.0,15.0,0.076,2.15,0.9,1.5,44,2.28,0.085,0.05,60,0.685,0.83,33,0.522,270,36.7,1.76,0.016666667,0.044705882,0.895833333,0.01,0.1,0.11,0.1425,0.065384615,0.041666667,0.05,0.000761111,0.078571429,0.385714286,0.667272727,0.16
15147,Finfish and Shellfish Products,"LOBSTER,NORTHERN,RAW","Crustaceans, lobster, northern, raw",,,Homarus americanus Milne-Edwards,77,16.52,0.75,0.0,0.0,0.0,1.0,0.104,1.25,0.0,0.87,10,1.591,0.014,0.02,84,1.349,0.26,38,0.056,161,63.6,3.53,0.001111111,0.061176471,0.520833333,0.0,0.058,0.025,0.0994375,0.010769231,0.016666667,0.07,0.001498889,0.09047619,0.23,1.156363636,0.320909091
15148,Finfish and Shellfish Products,"LOBSTER,NORTHERN,CKD,MOIST HEAT","Crustaceans, lobster, northern, cooked, moist heat",,,,89,19.0,0.86,0.0,0.0,0.0,1.0,0.119,1.43,0.0,1.0,11,1.83,0.017,0.023,96,1.55,0.29,43,0.065,185,73.1,4.05,0.001111111,0.07,0.595833333,0.0,0.066666667,0.0275,0.114375,0.013076923,0.019166667,0.08,0.001722222,0.102380952,0.264285714,1.329090909,0.368181818
15149,Finfish and Shellfish Products,"SHRIMP,MIXED SPECIES,RAW","Crustaceans, shrimp, mixed species, raw",,,Penaeidae and Pandalidae,71,13.61,1.01,0.91,0.0,0.0,54.0,0.161,1.11,0.0,1.32,19,1.778,0.015,0.02,54,0.182,0.21,22,0.029,244,29.6,0.97,0.06,0.094705882,0.4625,0.0,0.088,0.0475,0.111125,0.011538462,0.016666667,0.045,0.000202222,0.052380952,0.348571429,0.538181818,0.088181818
15150,Finfish and Shellfish Products,"SHRIMP,MXD SP,CKD,BREADED&FRIED","Crustaceans, shrimp, mixed species, cooked, breaded and fried",,,,242,21.39,12.28,11.47,0.8,0.4,56.0,0.098,1.87,1.5,1.3,39,3.07,0.136,0.129,67,0.274,1.26,40,0.1,218,41.7,1.38,0.062222222,0.057647059,0.779166667,0.016666667,0.086666667,0.0975,0.191875,0.104615385,0.1075,0.055833333,0.000304444,0.095238095,0.311428571,0.758181818,0.125454545
15151,Finfish and Shellfish Products,"SHRIMP,MXD SP,CKD,MOIST HEAT","Crustaceans, shrimp, mixed species, cooked, moist heat",,,,119,22.78,1.7,1.52,0.0,0.0,90.0,0.242,1.66,0.0,2.2,24,2.678,0.024,0.032,91,0.258,0.32,37,0.049,306,49.5,1.63,0.1,0.142352941,0.691666667,0.0,0.146666667,0.06,0.167375,0.018461538,0.026666667,0.075833333,0.000286667,0.088095238,0.437142857,0.9,0.148181818
15152,Finfish and Shellfish Products,"SHRIMP,MXD SP,CND","Crustaceans, shrimp, mixed species, canned",,,,100,20.42,1.36,0.0,0.0,0.0,0.0,0.01,0.74,4.1,1.1,9,0.558,0.015,0.007,145,0.262,2.13,33,0.396,195,47.5,1.96,0.0,0.005882353,0.308333333,0.045555556,0.073333333,0.0225,0.034875,0.011538462,0.005833333,0.120833333,0.000291111,0.078571429,0.278571429,0.863636364,0.178181818
15153,Finfish and Shellfish Products,"SHRIMP,MXD SP,IMITN,MADE FROM SURIMI","Crustaceans, shrimp, mixed species, imitation, made from surimi",,,,101,12.39,1.47,9.13,0.0,0.0,20.0,0.03,1.6,0.0,0.0,2,0.17,0.034,0.024,19,0.032,0.6,43,0.011,282,22.9,0.33,0.022222222,0.017647059,0.666666667,0.0,0.0,0.005,0.010625,0.026153846,0.02,0.015833333,3.55556e-05,0.102380952,0.402857143,0.416363636,0.03
15154,Finfish and Shellfish Products,"SPINY LOBSTER,MXD SP,RAW","Crustaceans, spiny lobster, mixed species, raw",,,Jasus spp. and Panulirus spp.,112,20.6,1.51,2.43,0.0,0.0,5.0,0.15,3.5,2.0,0.0,1,4.245,0.046,0.007,49,0.381,1.22,40,0.015,238,46.2,5.67,0.005555556,0.088235294,1.458333333,0.022222222,0.0,0.0025,0.2653125,0.035384615,0.005833333,0.040833333,0.000423333,0.095238095,0.34,0.84,0.515454545
15155,Finfish and Shellfish Products,"ABALONE,MIXED SPECIES,RAW","Mollusks, abalone, mixed species, raw",,,Haliotis spp.,105,17.1,0.76,6.01,0.0,0.0,2.0,0.15,0.73,2.0,4.0,5,1.5,0.1,0.19,31,0.196,3.19,48,0.04,190,44.8,0.82,0.002222222,0.088235294,0.304166667,0.022222222,0.266666667,0.0125,0.09375,0.076923077,0.158333333,0.025833333,0.000217778,0.114285714,0.271428571,0.814545455,0.074545455
15156,Finfish and Shellfish Products,"ABALONE,MXD SP,CKD,FRIED","Mollusks, abalone, mixed species, cooked, fried",,,,189,19.63,6.78,11.05,0.0,0.0,2.0,0.15,0.69,1.8,0.0,20,1.9,0.13,0.22,37,0.228,3.8,56,0.07,217,51.8,0.95,0.002222222,0.088235294,0.2875,0.02,0.0,0.05,0.11875,0.1,0.183333333,0.030833333,0.000253333,0.133333333,0.31,0.941818182,0.086363636
15157,Finfish and Shellfish Products,"CLAM,MIXED SPECIES,RAW","Mollusks, clam, mixed species, raw",,,Lamellibranchia,86,14.67,0.96,3.57,0.0,0.0,90.0,0.01,11.28,0.0,0.68,5,0.35,0.04,0.015,39,0.053,1.62,19,0.085,198,30.6,0.51,0.1,0.005882353,4.7,0.0,0.045333333,0.0125,0.021875,0.030769231,0.0125,0.0325,5.88889e-05,0.045238095,0.282857143,0.556363636,0.046363636
15158,Finfish and Shellfish Products,"CLAM,MXD SP,CKD,BREADED&FRIED","Mollusks, clam, mixed species, cooked, breaded and fried",,,,202,14.24,11.15,10.33,0.0,0.0,91.0,0.06,40.27,10.0,0.0,48,2.064,0.244,0.1,63,0.356,13.91,14,0.54,188,28.9,1.46,0.101111111,0.035294118,16.77916667,0.111111111,0.0,0.12,0.129,0.187692308,0.083333333,0.0525,0.000395556,0.033333333,0.268571429,0.525454545,0.132727273
15159,Finfish and Shellfish Products,"CLAM,MXD SP,CKD,MOIST HEAT","Mollusks, clam, mixed species, cooked, moist heat",,,,148,25.55,1.95,5.13,0.0,0.0,171.0,0.11,98.89,22.1,0.0,29,3.354,0.426,0.15,92,0.688,2.81,18,1.0,338,64.0,2.73,0.19,0.064705882,41.20416667,0.245555556,0.0,0.0725,0.209625,0.327692308,0.125,0.076666667,0.000764444,0.042857143,0.482857143,1.163636364,0.248181818
15160,Finfish and Shellfish Products,"CLAM,MXD SP,CND,DRND SOL","Mollusks, clam, mixed species, canned, drained solids",,,,142,24.25,1.59,5.9,0.0,0.0,149.0,0.016,18.63,0.0,1.12,7,0.578,0.066,0.024,65,0.087,2.68,32,0.14,327,50.5,0.84,0.165555556,0.009411765,7.7625,0.0,0.074666667,0.0175,0.036125,0.050769231,0.02,0.054166667,9.66667e-05,0.076190476,0.467142857,0.918181818,0.076363636
15162,Finfish and Shellfish Products,"CLAM,MXD SP,CND,LIQ","Mollusks, clam, mixed species, canned, liquid",,,,2,0.4,0.02,0.1,0.0,0.0,9.0,0.01,5.0,1.0,0.31,2,0.18,0.02,0.01,13,0.389,0.3,11,0.074,114,4.1,0.1,0.01,0.005882353,2.083333333,0.011111111,0.020666667,0.005,0.01125,0.015384615,0.008333333,0.010833333,0.000432222,0.026190476,0.162857143,0.074545455,0.009090909
15163,Finfish and Shellfish Products,"CUTTLEFISH,MXD SP,RAW","Mollusks, cuttlefish, mixed species, raw",,,Sepiidae,79,16.24,0.7,0.82,0.0,0.0,113.0,0.15,3.0,5.3,0.0,16,1.216,0.91,0.009,90,0.587,6.02,30,0.11,387,44.8,1.73,0.125555556,0.088235294,1.25,0.058888889,0.0,0.04,0.076,0.7,0.0075,0.075,0.000652222,0.071428571,0.552857143,0.814545455,0.157272727
15164,Finfish and Shellfish Products,"MUSSEL,BLUE,RAW","Mollusks, mussel, blue, raw",,,Mytilus edulis L.,86,11.9,2.24,3.69,0.0,0.0,48.0,0.05,12.0,8.0,0.55,42,1.6,0.21,0.16,26,0.094,3.95,34,3.4,197,44.8,1.6,0.053333333,0.029411765,5.0,0.088888889,0.036666667,0.105,0.1,0.161538462,0.133333333,0.021666667,0.000104444,0.080952381,0.281428571,0.814545455,0.145454545
15165,Finfish and Shellfish Products,"MUSSEL,BLUE,CKD,MOIST HEAT","Mollusks, mussel, blue, cooked, moist heat",,,,172,23.8,4.48,7.39,0.0,0.0,91.0,0.1,24.0,13.6,0.0,76,3.0,0.42,0.3,33,0.149,6.72,37,6.8,285,89.6,2.67,0.101111111,0.058823529,10.0,0.151111111,0.0,0.19,0.1875,0.323076923,0.25,0.0275,0.000165556,0.088095238,0.407142857,1.629090909,0.242727273
15166,Finfish and Shellfish Products,"OCTOPUS,COMMON,RAW","Mollusks, octopus, common, raw",,,Octopus vulgaris Lamarck,82,14.91,1.04,2.2,0.0,0.0,45.0,0.36,20.0,5.0,1.2,16,2.1,0.04,0.03,53,0.435,5.3,30,0.025,186,44.8,1.68,0.05,0.211764706,8.333333333,0.055555556,0.08,0.04,0.13125,0.030769231,0.025,0.044166667,0.000483333,0.071428571,0.265714286,0.814545455,0.152727273
15167,Finfish and Shellfish Products,"OYSTER,EASTERN,WILD,RAW","Mollusks, oyster, eastern, wild, raw",,,Crassostrea virginica (Gmelin),51,5.71,1.71,2.72,0.62,0.0,13.0,0.031,8.75,0.0,0.85,7,0.925,0.09,0.018,59,2.858,4.61,18,0.296,97,19.7,39.3,0.014444444,0.018235294,3.645833333,0.0,0.056666667,0.0175,0.0578125,0.069230769,0.015,0.049166667,0.003175556,0.042857143,0.138571429,0.358181818,3.572727273
15168,Finfish and Shellfish Products,"OYSTER,EASTERN,CKD,BREADED&FRIED","Mollusks, oyster, eastern, cooked, breaded and fried",,,,199,8.77,12.58,11.62,0.0,0.0,90.0,0.064,15.63,3.8,0.0,43,1.65,0.202,0.15,62,4.294,6.95,58,0.49,159,66.5,87.13,0.1,0.037647059,6.5125,0.042222222,0.0,0.1075,0.103125,0.155384615,0.125,0.051666667,0.004771111,0.138095238,0.227142857,1.209090909,7.920909091
15169,Finfish and Shellfish Products,"OYSTER,EASTERN,WILD,CKD,MOIST HEAT","Mollusks, oyster, eastern, wild, cooked, moist heat",,,,102,11.42,3.42,5.45,1.23,0.0,26.0,0.061,17.5,0.0,1.7,14,1.85,0.18,0.036,116,5.707,9.21,35,0.591,194,39.5,78.6,0.028888889,0.035882353,7.291666667,0.0,0.113333333,0.035,0.115625,0.138461538,0.03,0.096666667,0.006341111,0.083333333,0.277142857,0.718181818,7.145454545
15170,Finfish and Shellfish Products,"OYSTER,EASTERN,CANNED","Mollusks, oyster, eastern, canned",,,,68,7.06,2.47,3.91,0.0,0.0,90.0,0.095,19.13,5.0,0.85,9,1.244,0.166,0.15,45,4.461,6.7,54,0.45,139,35.8,90.95,0.1,0.055882353,7.970833333,0.055555556,0.056666667,0.0225,0.07775,0.127692308,0.125,0.0375,0.004956667,0.128571429,0.198571429,0.650909091,8.268181818
15171,Finfish and Shellfish Products,"OYSTER,PACIFIC,RAW","Mollusks, oyster, Pacific, raw",,,Crassostrea gigas (Thunberg),81,9.45,2.3,4.95,0.0,0.0,81.0,0.05,16.0,8.0,0.0,10,2.01,0.233,0.067,8,1.576,5.11,22,0.643,162,77.0,16.62,0.09,0.029411765,6.666666667,0.088888889,0.0,0.025,0.125625,0.179230769,0.055833333,0.006666667,0.001751111,0.052380952,0.231428571,1.4,1.510909091
15172,Finfish and Shellfish Products,"SCALLOP,MIXED SPECIES,RAW","Mollusks, scallop, mixed species, raw",,,Pectinidae,69,12.06,0.49,3.18,0.0,0.0,1.0,0.073,1.41,0.0,0.0,16,0.703,0.015,0.007,6,0.023,0.38,22,0.017,334,12.8,0.91,0.001111111,0.042941176,0.5875,0.0,0.0,0.04,0.0439375,0.011538462,0.005833333,0.005,2.55556e-05,0.052380952,0.477142857,0.232727273,0.082727273
15173,Finfish and Shellfish Products,"SCALLOP,MXD SP,CKD,BREADED&FRIED","Mollusks, scallop, mixed species, cooked, breaded and fried",,,,216,18.07,10.94,10.13,0.0,0.0,22.0,0.14,1.32,2.3,0.0,50,1.505,0.11,0.042,42,0.078,0.82,59,0.14,236,26.9,1.06,0.024444444,0.082352941,0.55,0.025555556,0.0,0.125,0.0940625,0.084615385,0.035,0.035,8.66667e-05,0.14047619,0.337142857,0.489090909,0.096363636
15174,Finfish and Shellfish Products,"SCALLOP,MXD SP,IMITN,MADE FROM SURIMI","Mollusks, scallop, mixed species, imitation, made from surimi",,,,99,12.77,0.41,10.62,0.0,0.0,20.0,0.03,1.6,0.0,0.0,2,0.31,0.016,0.01,8,0.032,0.31,43,0.011,282,23.6,0.33,0.022222222,0.017647059,0.666666667,0.0,0.0,0.005,0.019375,0.012307692,0.008333333,0.006666667,3.55556e-05,0.102380952,0.402857143,0.429090909,0.03
15175,Finfish and Shellfish Products,"SQUID,MIXED SPECIES,RAW","Mollusks, squid, mixed species, raw",,,Loligoidae and Ommastrephidae,92,15.58,1.38,3.08,0.0,0.0,10.0,0.056,1.3,4.7,1.2,5,2.175,0.412,0.02,32,1.891,0.68,33,0.035,221,44.8,1.53,0.011111111,0.032941176,0.541666667,0.052222222,0.08,0.0125,0.1359375,0.316923077,0.016666667,0.026666667,0.002101111,0.078571429,0.315714286,0.814545455,0.139090909
15176,Finfish and Shellfish Products,"SQUID,MXD SP,CKD,FRIED","Mollusks, squid, mixed species, cooked, fried",,,,175,17.94,7.48,7.79,0.0,0.0,11.0,0.058,1.23,4.2,0.0,20,2.602,0.458,0.056,39,2.114,1.01,38,0.07,251,51.8,1.74,0.012222222,0.034117647,0.5125,0.046666667,0.0,0.05,0.162625,0.352307692,0.046666667,0.0325,0.002348889,0.09047619,0.358571429,0.941818182,0.158181818
15177,Finfish and Shellfish Products,"WHELK,UNSPECIFIED,RAW","Mollusks, whelk, unspecified, raw",,,Buccinidae,137,23.84,0.4,7.76,0.0,0.0,26.0,0.342,9.07,4.0,0.13,6,1.05,0.107,0.026,57,1.03,5.03,86,0.447,141,44.8,1.63,0.028888889,0.201176471,3.779166667,0.044444444,0.008666667,0.015,0.065625,0.082307692,0.021666667,0.0475,0.001144444,0.204761905,0.201428571,0.814545455,0.148181818
15178,Finfish and Shellfish Products,"WHELK,UNSPEC,CKD,MOIST HEAT","Mollusks, whelk, unspecified, cooked, moist heat",,,,275,47.68,0.8,15.52,0.0,0.0,49.0,0.65,18.14,6.8,0.0,11,1.995,0.214,0.049,113,2.06,10.06,172,0.89,282,89.6,3.26,0.054444444,0.382352941,7.558333333,0.075555556,0.0,0.0275,0.1246875,0.164615385,0.040833333,0.094166667,0.002288889,0.40952381,0.402857143,1.629090909,0.296363636
15179,Finfish and Shellfish Products,"SALMON,CHINOOK,SMOKED,(LOX),REG","Fish, salmon, chinook, smoked, (lox), regular",,,,117,18.28,4.32,0.0,0.0,0.0,26.0,0.278,3.26,0.0,0.0,2,4.72,0.101,0.023,11,0.23,0.85,18,0.017,164,38.1,0.31,0.028888889,0.163529412,1.358333333,0.0,0.0,0.005,0.295,0.077692308,0.019166667,0.009166667,0.000255556,0.042857143,0.234285714,0.692727273,0.028181818
15180,Finfish and Shellfish Products,"SALMON,CHUM,CND,WO/SALT,DRND SOL W/BONE","Fish, salmon, chum, canned, without salt, drained solids with bone",,,,141,21.43,5.5,0.0,0.0,0.0,18.0,0.38,4.4,0.0,0.0,20,7.0,0.16,0.02,249,0.1,0.7,30,0.02,354,43.3,1.0,0.02,0.223529412,1.833333333,0.0,0.0,0.05,0.4375,0.123076923,0.016666667,0.2075,0.000111111,0.071428571,0.505714286,0.787272727,0.090909091
15181,Finfish and Shellfish Products,"SALMON,PINK,CND,WO/SALT,SOL W/BONE&LIQ","Fish, salmon, pink, canned, without salt, solids with bone and liquid",,,,139,19.78,6.05,0.0,0.0,0.0,17.0,0.3,4.4,0.0,0.0,15,6.536,0.186,0.023,213,0.102,0.84,34,0.02,329,33.2,0.92,0.018888889,0.176470588,1.833333333,0.0,0.0,0.0375,0.4085,0.143076923,0.019166667,0.1775,0.000113333,0.080952381,0.47,0.603636364,0.083636364
15182,Finfish and Shellfish Products,"SALMON,SOCKEYE,CND,WO/SALT,DRND SOL W/BONE","Fish, salmon, sockeye, canned, without salt, drained solids with bone",,,,153,20.47,7.31,0.0,0.0,0.0,53.0,0.3,0.3,0.0,0.0,10,5.48,0.193,0.016,239,0.084,1.06,29,0.03,326,35.4,1.02,0.058888889,0.176470588,0.125,0.0,0.0,0.025,0.3425,0.148461538,0.013333333,0.199166667,9.33333e-05,0.069047619,0.465714286,0.643636364,0.092727273
15183,Finfish and Shellfish Products,"TUNA,LT,CND IN OIL,WO/SALT,DRND SOL","Fish, tuna, light, canned in oil, without salt, drained solids",,,,198,29.13,8.21,0.0,0.0,0.0,0.0,0.11,2.2,0.0,0.0,5,12.4,0.12,0.038,13,0.071,1.39,31,0.015,311,76.0,0.9,0.0,0.064705882,0.916666667,0.0,0.0,0.0125,0.775,0.092307692,0.031666667,0.010833333,7.88889e-05,0.073809524,0.444285714,1.381818182,0.081818182
15184,Finfish and Shellfish Products,"TUNA,LT,CND IN H2O,WO/SALT,DRND SOL","Fish, tuna, light, canned in water, without salt, drained solids",,,,116,25.51,0.82,0.0,0.0,0.0,0.0,0.35,2.99,0.0,0.0,4,13.28,0.074,0.032,11,0.051,1.53,27,0.011,163,80.4,0.77,0.0,0.205882353,1.245833333,0.0,0.0,0.01,0.83,0.056923077,0.026666667,0.009166667,5.66667e-05,0.064285714,0.232857143,1.461818182,0.07
15185,Finfish and Shellfish Products,"TUNA,WHITE,CND IN OIL,WO/SALT,DRND SOL","Fish, tuna, white, canned in oil, without salt, drained solids",,,,186,26.53,8.08,0.0,0.0,0.0,0.0,0.43,2.2,0.0,0.0,5,11.698,0.079,0.017,4,0.13,0.65,34,0.016,267,60.1,0.47,0.0,0.252941176,0.916666667,0.0,0.0,0.0125,0.731125,0.060769231,0.014166667,0.003333333,0.000144444,0.080952381,0.381428571,1.092727273,0.042727273
15186,Finfish and Shellfish Products,"TUNA,WHITE,CND IN H2O,WO/SALT,DRND SOL","Fish, tuna, white, canned in water, without salt, drained solids",,,,128,23.62,2.97,0.0,0.0,0.0,6.0,0.217,1.17,0.0,0.0,2,5.799,0.044,0.008,14,0.039,0.97,33,0.019,217,65.7,0.48,0.006666667,0.127647059,0.4875,0.0,0.0,0.005,0.3624375,0.033846154,0.006666667,0.011666667,4.33333e-05,0.078571429,0.31,1.194545455,0.043636364
15187,Finfish and Shellfish Products,"BASS,FRESHWATER,MXD SP,CKD,DRY HEAT","Fish, bass, freshwater, mixed species, cooked, dry heat",,,,146,24.18,4.73,0.0,0.0,0.0,35.0,0.138,2.31,2.1,0.0,17,1.522,0.09,0.087,103,0.119,1.91,38,1.14,256,16.2,0.83,0.038888889,0.081176471,0.9625,0.023333333,0.0,0.0425,0.095125,0.069230769,0.0725,0.085833333,0.000132222,0.09047619,0.365714286,0.294545455,0.075454545
15188,Finfish and Shellfish Products,"BASS,STRIPED,CKD,DRY HEAT","Fish, bass, striped, cooked, dry heat",,,,124,22.73,2.99,0.0,0.0,0.0,31.0,0.346,4.41,0.0,0.0,10,2.558,0.037,0.115,19,0.04,1.08,51,0.019,254,46.8,0.51,0.034444444,0.203529412,1.8375,0.0,0.0,0.025,0.159875,0.028461538,0.095833333,0.015833333,4.44444e-05,0.121428571,0.362857143,0.850909091,0.046363636
15189,Finfish and Shellfish Products,"BLUEFISH,COOKED,DRY HEAT","Fish, bluefish, cooked, dry heat",,,,159,25.69,5.44,0.0,0.0,0.0,138.0,0.464,6.22,0.0,0.0,2,7.247,0.097,0.067,9,0.068,0.62,42,0.027,291,46.8,1.04,0.153333333,0.272941176,2.591666667,0.0,0.0,0.005,0.4529375,0.074615385,0.055833333,0.0075,7.55556e-05,0.1,0.415714286,0.850909091,0.094545455
15190,Finfish and Shellfish Products,"BURBOT,COOKED,DRY HEAT","Fish, burbot, cooked, dry heat",,,,115,24.76,1.04,0.0,0.0,0.0,5.0,0.346,0.92,0.0,0.0,1,1.973,0.172,0.429,64,0.256,1.15,41,0.897,256,16.2,0.97,0.005555556,0.203529412,0.383333333,0.0,0.0,0.0025,0.1233125,0.132307692,0.3575,0.053333333,0.000284444,0.097619048,0.365714286,0.294545455,0.088181818
15191,Finfish and Shellfish Products,"BUTTERFISH,CKD,DRY HEAT","Fish, butterfish, cooked, dry heat",,,,187,22.15,10.28,0.0,0.0,0.0,33.0,0.346,1.83,0.0,0.0,17,5.769,0.192,0.146,28,0.069,0.64,32,0.019,308,46.8,0.99,0.036666667,0.203529412,0.7625,0.0,0.0,0.0425,0.3605625,0.147692308,0.121666667,0.023333333,7.66667e-05,0.076190476,0.44,0.850909091,0.09
15192,Finfish and Shellfish Products,"COD,PACIFIC,CKD,DRY HEAT","Fish, cod, Pacific, cooked, dry heat",,,,85,18.73,0.5,0.0,0.0,0.0,2.0,0.136,2.31,0.0,0.67,8,1.343,0.055,0.038,10,0.024,0.2,24,0.015,345,28.0,0.39,0.002222222,0.08,0.9625,0.0,0.044666667,0.02,0.0839375,0.042307692,0.031666667,0.008333333,2.66667e-05,0.057142857,0.492857143,0.509090909,0.035454545
15193,Finfish and Shellfish Products,"CUSK,COOKED,DRY HEAT","Fish, cusk, cooked, dry heat",,,,112,24.35,0.88,0.0,0.0,0.0,21.0,0.447,1.2,0.0,0.0,2,3.271,0.162,0.048,13,0.023,1.06,40,0.019,262,46.8,0.49,0.023333333,0.262941176,0.5,0.0,0.0,0.005,0.2044375,0.124615385,0.04,0.010833333,2.55556e-05,0.095238095,0.374285714,0.850909091,0.044545455
15194,Finfish and Shellfish Products,"DOLPHINFISH,CKD,DRY HEAT","Fish, dolphinfish, cooked, dry heat",,,,109,23.72,0.9,0.0,0.0,0.0,62.0,0.462,0.69,0.0,0.0,6,7.429,0.085,0.023,19,0.053,1.45,38,0.019,183,46.8,0.59,0.068888889,0.271764706,0.2875,0.0,0.0,0.015,0.4643125,0.065384615,0.019166667,0.015833333,5.88889e-05,0.09047619,0.261428571,0.850909091,0.053636364
15195,Finfish and Shellfish Products,"DRUM,FRESHWATER,CKD,DRY HEAT","Fish, drum, freshwater, cooked, dry heat",,,,153,22.49,6.32,0.0,0.0,0.0,59.0,0.346,2.31,1.0,0.0,17,2.862,0.207,0.081,77,0.297,1.15,38,0.897,231,16.2,0.85,0.065555556,0.203529412,0.9625,0.011111111,0.0,0.0425,0.178875,0.159230769,0.0675,0.064166667,0.00033,0.09047619,0.33,0.294545455,0.077272727
15196,Finfish and Shellfish Products,"HALIBUT,GREENLAND,CKD,DRY HEAT","Fish, halibut, greenland, cooked, dry heat",,,,239,18.42,17.74,0.0,0.0,0.0,18.0,0.485,0.96,0.0,0.0,1,1.923,0.103,0.073,4,0.038,0.85,33,0.015,210,46.8,0.51,0.02,0.285294118,0.4,0.0,0.0,0.0025,0.1201875,0.079230769,0.060833333,0.003333333,4.22222e-05,0.078571429,0.3,0.850909091,0.046363636
15197,Finfish and Shellfish Products,"HERRING,PACIFIC,CKD,DRY HEAT","Fish, herring, Pacific, cooked, dry heat",,,,250,21.01,17.79,0.0,0.0,0.0,35.0,0.519,9.62,0.0,0.0,6,2.821,0.256,0.073,106,0.1,1.44,41,0.058,292,46.8,0.68,0.038888889,0.305294118,4.008333333,0.0,0.0,0.015,0.1763125,0.196923077,0.060833333,0.088333333,0.000111111,0.097619048,0.417142857,0.850909091,0.061818182
15198,Finfish and Shellfish Products,"LING,COOKED,DRY HEAT","Fish, ling, cooked, dry heat",,,,111,24.35,0.82,0.0,0.0,0.0,35.0,0.351,0.65,0.0,0.0,8,2.801,0.231,0.127,44,0.141,0.83,81,0.038,254,46.8,1.0,0.038888889,0.206470588,0.270833333,0.0,0.0,0.02,0.1750625,0.177692308,0.105833333,0.036666667,0.000156667,0.192857143,0.362857143,0.850909091,0.090909091
15199,Finfish and Shellfish Products,"LINGCOD,COOKED,DRY HEAT","Fish, lingcod, cooked, dry heat",,,,109,22.64,1.36,0.0,0.0,0.0,17.0,0.346,4.15,0.0,0.0,10,2.314,0.139,0.035,18,0.035,0.41,33,0.026,258,46.8,0.58,0.018888889,0.203529412,1.729166667,0.0,0.0,0.025,0.144625,0.106923077,0.029166667,0.015,3.88889e-05,0.078571429,0.368571429,0.850909091,0.052727273
15200,Finfish and Shellfish Products,"MACKEREL,KING,CKD,DRY HEAT","Fish, mackerel, king, cooked, dry heat",,,,134,26.0,2.56,0.0,0.0,0.0,252.0,0.51,18.0,1.6,0.0,9,10.462,0.58,0.115,40,0.033,2.28,41,0.006,318,46.8,0.72,0.28,0.3,7.5,0.017777778,0.0,0.0225,0.653875,0.446153846,0.095833333,0.033333333,3.66667e-05,0.097619048,0.454285714,0.850909091,0.065454545
15201,Finfish and Shellfish Products,"MACKEREL,PACIFIC&JACK,MXD SP,CKD,DRY HEAT","Fish, mackerel, Pacific and jack, mixed species, cooked, dry heat",,,,201,25.73,10.12,0.0,0.0,0.0,23.0,0.381,4.23,2.1,1.25,2,10.667,0.54,0.135,29,0.119,1.49,36,0.019,160,46.8,0.86,0.025555556,0.224117647,1.7625,0.023333333,0.083333333,0.005,0.6666875,0.415384615,0.1125,0.024166667,0.000132222,0.085714286,0.228571429,0.850909091,0.078181818
15202,Finfish and Shellfish Products,"MILKFISH,COOKED,DRY HEAT","Fish, milkfish, cooked, dry heat",,,,190,26.32,8.63,0.0,0.0,0.0,33.0,0.488,3.27,0.0,0.0,18,8.256,0.069,0.016,65,0.044,0.41,38,0.026,208,16.2,1.05,0.036666667,0.287058824,1.3625,0.0,0.0,0.045,0.516,0.053076923,0.013333333,0.054166667,4.88889e-05,0.09047619,0.297142857,0.294545455,0.095454545
15203,Finfish and Shellfish Products,"MONKFISH,COOKED,DRY HEAT","Fish, monkfish, cooked, dry heat",,,,97,18.56,1.95,0.0,0.0,0.0,14.0,0.277,1.04,1.0,0.0,8,2.558,0.073,0.029,10,0.036,0.41,27,0.031,256,46.8,0.53,0.015555556,0.162941176,0.433333333,0.011111111,0.0,0.02,0.159875,0.056153846,0.024166667,0.008333333,4e-05,0.064285714,0.365714286,0.850909091,0.048181818
15204,Finfish and Shellfish Products,"PIKE,WALLEYE,CKD,DRY HEAT","Fish, pike, walleye, cooked, dry heat",,,,119,24.54,1.56,0.0,0.0,0.0,24.0,0.138,2.31,0.0,0.0,17,2.801,0.195,0.312,141,0.228,1.67,38,1.026,269,16.2,0.79,0.026666667,0.081176471,0.9625,0.0,0.0,0.0425,0.1750625,0.15,0.26,0.1175,0.000253333,0.09047619,0.384285714,0.294545455,0.071818182
15205,Finfish and Shellfish Products,"POLLOCK,ATLANTIC,CKD,DRY HEAT","Fish, pollock, Atlantic, cooked, dry heat",,,,118,24.92,1.26,0.0,0.0,0.0,12.0,0.331,3.68,0.0,0.0,3,3.983,0.225,0.054,77,0.064,0.59,86,0.019,283,46.8,0.6,0.013333333,0.194705882,1.533333333,0.0,0.0,0.0075,0.2489375,0.173076923,0.045,0.064166667,7.11111e-05,0.204761905,0.404285714,0.850909091,0.054545455
15206,Finfish and Shellfish Products,"POUT,OCEAN,CKD,DRY HEAT","Fish, pout, ocean, cooked, dry heat",,,,102,21.33,1.17,0.0,0.0,0.0,14.0,0.277,1.04,0.0,0.0,8,2.558,0.073,0.092,13,0.041,0.36,17,0.019,256,46.8,1.32,0.015555556,0.162941176,0.433333333,0.0,0.0,0.02,0.159875,0.056153846,0.076666667,0.010833333,4.55556e-05,0.04047619,0.365714286,0.850909091,0.12
15207,Finfish and Shellfish Products,"ROE,MXD SP,CKD,DRY HEAT","Fish, roe, mixed species, cooked, dry heat",,,,204,28.62,8.23,1.92,0.0,0.0,91.0,0.185,11.54,16.4,0.0,92,2.192,0.949,0.277,28,0.128,0.77,26,0.013,515,51.7,1.28,0.101111111,0.108823529,4.808333333,0.182222222,0.0,0.23,0.137,0.73,0.230833333,0.023333333,0.000142222,0.061904762,0.735714286,0.94,0.116363636
15208,Finfish and Shellfish Products,"SABLEFISH,COOKED,DRY HEAT","Fish, sablefish, cooked, dry heat",,,,250,17.19,19.62,0.0,0.0,0.0,102.0,0.346,1.44,0.0,0.0,17,5.128,0.115,0.122,45,0.028,1.64,71,0.019,215,46.8,0.41,0.113333333,0.203529412,0.6,0.0,0.0,0.0425,0.3205,0.088461538,0.101666667,0.0375,3.11111e-05,0.169047619,0.307142857,0.850909091,0.037272727
15209,Finfish and Shellfish Products,"SALMON,ATLANTIC,WILD,CKD,DRY HEAT","Fish, salmon, Atlantic, wild, cooked, dry heat",,,,182,25.44,8.13,0.0,0.0,0.0,13.0,0.944,3.05,0.0,0.0,29,10.077,0.487,0.275,15,0.321,1.03,37,0.021,256,46.8,0.82,0.014444444,0.555294118,1.270833333,0.0,0.0,0.0725,0.6298125,0.374615385,0.229166667,0.0125,0.000356667,0.088095238,0.365714286,0.850909091,0.074545455
15210,Finfish and Shellfish Products,"SALMON,CHINOOK,CKD,DRY HEAT","Fish, salmon, chinook, cooked, dry heat",,,,231,25.72,13.38,0.0,0.0,0.0,149.0,0.462,2.87,4.1,0.0,35,10.045,0.154,0.044,28,0.053,0.91,122,0.019,371,46.8,0.56,0.165555556,0.271764706,1.195833333,0.045555556,0.0,0.0875,0.6278125,0.118461538,0.036666667,0.023333333,5.88889e-05,0.29047619,0.53,0.850909091,0.050909091
15211,Finfish and Shellfish Products,"SALMON,CHUM,CKD,DRY HEAT","Fish, salmon, chum, cooked, dry heat",,,,154,25.82,4.83,0.0,0.0,0.0,34.0,0.462,3.46,0.0,0.0,5,8.526,0.219,0.092,14,0.071,0.71,28,0.019,363,46.8,0.6,0.037777778,0.271764706,1.441666667,0.0,0.0,0.0125,0.532875,0.168461538,0.076666667,0.011666667,7.88889e-05,0.066666667,0.518571429,0.850909091,0.054545455
15212,Finfish and Shellfish Products,"SALMON,PINK,CKD,DRY HEAT","Fish, salmon, pink, cooked, dry heat",,,,153,24.58,5.28,0.0,0.0,0.0,42.0,0.696,4.73,0.0,0.48,5,9.588,0.126,0.091,8,0.075,0.45,32,0.013,313,37.6,0.46,0.046666667,0.409411765,1.970833333,0.0,0.032,0.0125,0.59925,0.096923077,0.075833333,0.006666667,8.33333e-05,0.076190476,0.447142857,0.683636364,0.041818182
15213,Finfish and Shellfish Products,"SCUP,COOKED,DRY HEAT","Fish, scup, cooked, dry heat",,,,135,24.21,3.5,0.0,0.0,0.0,31.0,0.346,1.62,0.0,0.0,17,4.994,0.122,0.127,51,0.065,0.68,29,0.045,237,46.8,0.62,0.034444444,0.203529412,0.675,0.0,0.0,0.0425,0.312125,0.093846154,0.105833333,0.0425,7.22222e-05,0.069047619,0.338571429,0.850909091,0.056363636
15214,Finfish and Shellfish Products,"SEATROUT,MXD SP,CKD,DRY HEAT","Fish, seatrout, mixed species, cooked, dry heat",,,,133,21.46,4.63,0.0,0.0,0.0,35.0,0.462,3.46,0.0,0.0,6,2.923,0.207,0.069,22,0.038,0.35,40,0.019,321,46.8,0.58,0.038888889,0.271764706,1.441666667,0.0,0.0,0.015,0.1826875,0.159230769,0.0575,0.018333333,4.22222e-05,0.095238095,0.458571429,0.850909091,0.052727273
15215,Finfish and Shellfish Products,"SHAD,AMERICAN,CKD,DRY HEAT","Fish, shad, american, cooked, dry heat",,,,252,21.71,17.65,0.0,0.0,0.0,36.0,0.462,0.14,0.0,0.0,17,10.769,0.308,0.183,60,0.082,1.24,38,0.054,349,46.8,0.47,0.04,0.271764706,0.058333333,0.0,0.0,0.0425,0.6730625,0.236923077,0.1525,0.05,9.11111e-05,0.09047619,0.498571429,0.850909091,0.042727273
15216,Finfish and Shellfish Products,"SPOT,COOKED,DRY HEAT","Fish, spot, cooked, dry heat",,,,158,23.73,6.28,0.0,0.0,0.0,35.0,0.462,3.46,0.0,0.0,6,8.526,0.268,0.185,18,0.059,0.41,54,0.045,238,46.8,0.65,0.038888889,0.271764706,1.441666667,0.0,0.0,0.015,0.532875,0.206153846,0.154166667,0.015,6.55556e-05,0.128571429,0.34,0.850909091,0.059090909
15217,Finfish and Shellfish Products,"SUCKER,WHITE,CKD,DRY HEAT","Fish, sucker, white, cooked, dry heat",,,,119,21.49,2.97,0.0,0.0,0.0,59.0,0.231,2.31,0.0,0.0,17,1.462,0.085,0.012,90,0.25,1.67,38,0.769,269,16.2,0.96,0.065555556,0.135882353,0.9625,0.0,0.0,0.0425,0.091375,0.065384615,0.01,0.075,0.000277778,0.09047619,0.384285714,0.294545455,0.087272727
15218,Finfish and Shellfish Products,"SUNFISH,PUMPKIN SD,CKD,DRY HEAT","Fish, sunfish, pumpkin seed, cooked, dry heat",,,,114,24.87,0.9,0.0,0.0,0.0,17.0,0.138,2.31,1.0,0.0,17,1.462,0.085,0.092,103,0.385,1.54,38,0.897,231,16.2,1.99,0.018888889,0.081176471,0.9625,0.011111111,0.0,0.0425,0.091375,0.065384615,0.076666667,0.085833333,0.000427778,0.09047619,0.33,0.294545455,0.180909091
15219,Finfish and Shellfish Products,"TROUT,MXD SP,CKD,DRY HEAT","Fish, trout, mixed species, cooked, dry heat",,,,190,26.63,8.47,0.0,0.0,0.0,19.0,0.231,7.49,0.5,0.0,15,5.769,0.423,0.426,55,0.241,1.92,28,1.091,314,16.2,0.85,0.021111111,0.135882353,3.120833333,0.005555556,0.0,0.0375,0.3605625,0.325384615,0.355,0.045833333,0.000267778,0.066666667,0.448571429,0.294545455,0.077272727
15220,Finfish and Shellfish Products,"TUNA,SKIPJACK,FRSH,CKD,DRY HEAT","Fish, tuna, skipjack, fresh, cooked, dry heat",,,,132,28.21,1.29,0.0,0.0,0.0,18.0,0.981,2.19,1.0,0.0,10,18.756,0.122,0.038,37,0.11,1.6,44,0.019,285,46.8,1.05,0.02,0.577058824,0.9125,0.011111111,0.0,0.025,1.17225,0.093846154,0.031666667,0.030833333,0.000122222,0.104761905,0.407142857,0.850909091,0.095454545
15221,Finfish and Shellfish Products,"TUNA,YELLOWFIN,FRSH,CKD,DRY HEAT","Fish, tuna, yellowfin, fresh, cooked, dry heat",,,,130,29.15,0.59,0.0,0.0,0.0,22.0,1.038,2.35,0.0,0.29,2,22.07,0.137,0.134,4,0.043,0.92,42,0.013,333,108.2,0.45,0.024444444,0.610588235,0.979166667,0.0,0.019333333,0.005,1.379375,0.105384615,0.111666667,0.003333333,4.77778e-05,0.1,0.475714286,1.967272727,0.040909091
15222,Finfish and Shellfish Products,"TURBOT,EUROPEAN,CKD,DRY HEAT","Fish, turbot, european, cooked, dry heat",,,,122,20.58,3.78,0.0,0.0,0.0,12.0,0.242,2.54,1.7,0.0,9,2.679,0.097,0.076,23,0.047,0.46,65,0.022,165,46.8,0.28,0.013333333,0.142352941,1.058333333,0.018888889,0.0,0.0225,0.1674375,0.074615385,0.063333333,0.019166667,5.22222e-05,0.154761905,0.235714286,0.850909091,0.025454545
15223,Finfish and Shellfish Products,"WHITEFISH,MXD SP,CKD,DRY HEAT","Fish, whitefish, mixed species, cooked, dry heat",,,,172,24.47,7.51,0.0,0.0,0.0,39.0,0.346,0.96,0.0,0.0,17,3.846,0.154,0.171,33,0.092,0.47,42,0.086,346,16.2,1.27,0.043333333,0.203529412,0.4,0.0,0.0,0.0425,0.240375,0.118461538,0.1425,0.0275,0.000102222,0.1,0.494285714,0.294545455,0.115454545
15224,Finfish and Shellfish Products,"WOLFFISH,ATLANTIC,CKD,DRY HEAT","Fish, wolffish, Atlantic, cooked, dry heat",,,,123,22.44,3.06,0.0,0.0,0.0,130.0,0.462,2.35,0.0,0.0,6,2.598,0.097,0.208,8,0.037,0.12,38,0.019,256,46.8,1.0,0.144444444,0.271764706,0.979166667,0.0,0.0,0.015,0.162375,0.074615385,0.173333333,0.006666667,4.11111e-05,0.09047619,0.365714286,0.850909091,0.090909091
15225,Finfish and Shellfish Products,"YELLOWTAIL,MXD SP,CKD,DRY HEAT","Fish, yellowtail, mixed species, cooked, dry heat",,,,187,29.67,6.72,0.0,0.0,0.0,31.0,0.185,1.25,2.9,0.0,4,8.718,0.051,0.175,29,0.058,0.63,38,0.019,201,46.8,0.67,0.034444444,0.108823529,0.520833333,0.032222222,0.0,0.01,0.544875,0.039230769,0.145833333,0.024166667,6.44444e-05,0.09047619,0.287142857,0.850909091,0.060909091
15226,Finfish and Shellfish Products,"CRAB,DUNGENESS,CKD,MOIST HEAT","Crustaceans, crab, dungeness, cooked, moist heat",,,,110,22.32,1.24,0.95,0.0,0.0,31.0,0.173,10.38,3.6,0.0,42,3.623,0.203,0.057,59,0.734,0.43,58,0.097,175,47.6,5.47,0.034444444,0.101764706,4.325,0.04,0.0,0.105,0.2264375,0.156153846,0.0475,0.049166667,0.000815556,0.138095238,0.25,0.865454545,0.497272727
15227,Finfish and Shellfish Products,"CRAB,QUEEN,CKD,MOIST HEAT","Crustaceans, crab, queen, cooked, moist heat",,,,115,23.72,1.51,0.0,0.0,0.0,52.0,0.173,10.38,7.2,0.0,42,2.885,0.244,0.097,33,0.621,2.88,63,0.037,128,44.4,3.59,0.057777778,0.101764706,4.325,0.08,0.0,0.105,0.1803125,0.187692308,0.080833333,0.0275,0.00069,0.15,0.182857143,0.807272727,0.326363636
15228,Finfish and Shellfish Products,"SPINY LOBSTER,MXD SP,CKD,MOIST HEAT","Crustaceans, spiny lobster, mixed species, cooked, moist heat",,,,143,26.41,1.94,3.12,0.0,0.0,6.0,0.173,4.04,2.1,0.0,1,4.898,0.056,0.009,63,0.415,1.41,51,0.018,229,59.2,7.27,0.006666667,0.101764706,1.683333333,0.023333333,0.0,0.0025,0.306125,0.043076923,0.0075,0.0525,0.000461111,0.121428571,0.327142857,1.076363636,0.660909091
15229,Finfish and Shellfish Products,"CUTTLEFISH,MXD SP,CKD,MOIST HEAT","Mollusks, cuttlefish, mixed species, cooked, moist heat",,,,158,32.48,1.4,1.64,0.0,0.0,203.0,0.27,5.4,8.5,0.0,24,2.189,1.729,0.017,180,0.998,10.84,60,0.209,580,89.6,3.46,0.225555556,0.158823529,2.25,0.094444444,0.0,0.06,0.1368125,1.33,0.014166667,0.15,0.001108889,0.142857143,0.828571429,1.629090909,0.314545455
15230,Finfish and Shellfish Products,"OCTOPUS,COMMON,CKD,MOIST HEAT","Mollusks, octopus, common, cooked, moist heat",,,,164,29.82,2.08,4.4,0.0,0.0,90.0,0.648,36.0,8.0,1.2,24,3.78,0.076,0.057,106,0.739,9.54,60,0.047,279,89.6,3.36,0.1,0.381176471,15.0,0.088888889,0.08,0.06,0.23625,0.058461538,0.0475,0.088333333,0.000821111,0.142857143,0.398571429,1.629090909,0.305454545
15231,Finfish and Shellfish Products,"OYSTER,PACIFIC,CKD,MOIST HEAT","Mollusks, oyster, Pacific, cooked, moist heat",,,,163,18.9,4.6,9.9,0.0,0.0,146.0,0.09,28.8,12.8,0.85,15,3.618,0.443,0.127,16,2.679,9.2,44,1.222,243,154.0,33.24,0.162222222,0.052941176,12.0,0.142222222,0.056666667,0.0375,0.226125,0.340769231,0.105833333,0.013333333,0.002976667,0.104761905,0.347142857,2.8,3.021818182
15232,Finfish and Shellfish Products,"ROUGHY,ORANGE,CKD,DRY HEAT","Fish, roughy, orange, cooked, dry heat",,,,105,22.64,0.9,0.0,0.0,0.0,24.0,0.067,0.47,0.0,1.87,5,1.82,0.063,0.045,11,0.075,1.13,18,0.037,102,88.3,0.32,0.026666667,0.039411765,0.195833333,0.0,0.124666667,0.0125,0.11375,0.048461538,0.0375,0.009166667,8.33333e-05,0.042857143,0.145714286,1.605454545,0.029090909
15233,Finfish and Shellfish Products,"CATFISH,CHANNEL,WILD,CKD,DRY HEAT","Fish, catfish, channel, wild, cooked, dry heat",,,,105,18.47,2.85,0.0,0.0,0.0,15.0,0.106,2.9,0.8,0.0,10,2.385,0.067,0.227,11,0.039,0.35,28,0.027,304,14.3,0.61,0.016666667,0.062352941,1.208333333,0.008888889,0.0,0.025,0.1490625,0.051538462,0.189166667,0.009166667,4.33333e-05,0.066666667,0.434285714,0.26,0.055454545
15234,Finfish and Shellfish Products,"CATFISH,CHANNEL,FARMED,RAW","Fish, catfish, channel, farmed, raw",,,Ictalurus punctatus (Rafinesque),119,15.23,5.94,0.0,0.0,0.0,0.0,0.154,2.88,0.0,0.81,10,2.105,0.083,0.02,8,0.032,0.23,19,0.015,204,8.2,0.48,0.0,0.090588235,1.2,0.0,0.054,0.025,0.1315625,0.063846154,0.016666667,0.006666667,3.55556e-05,0.045238095,0.291428571,0.149090909,0.043636364
15235,Finfish and Shellfish Products,"CATFISH,CHANNEL,FARMED,CKD,DRY HEAT","Fish, catfish, channel, farmed, cooked, dry heat",,,,144,18.44,7.19,0.0,0.0,0.0,1.0,0.177,2.78,0.0,0.97,12,2.548,0.1,0.024,9,0.039,0.28,23,0.018,247,9.9,0.58,0.001111111,0.104117647,1.158333333,0.0,0.064666667,0.03,0.15925,0.076923077,0.02,0.0075,4.33333e-05,0.054761905,0.352857143,0.18,0.052727273
15236,Finfish and Shellfish Products,"SALMON,ATLANTIC,FARMED,RAW","Fish, salmon, Atlantic, farmed, raw",,,Salmo salar L.,208,20.42,13.42,0.0,0.0,0.0,0.0,0.636,3.23,3.9,3.55,26,8.672,0.155,0.207,9,0.045,0.34,27,0.011,240,24.0,0.36,0.0,0.374117647,1.345833333,0.043333333,0.236666667,0.065,0.542,0.119230769,0.1725,0.0075,5e-05,0.064285714,0.342857143,0.436363636,0.032727273
15237,Finfish and Shellfish Products,"SALMON,ATLANTIC,FARMED,CKD,DRY HEAT","Fish, salmon, Atlantic, farmed, cooked, dry heat",,,,206,22.1,12.35,0.0,0.0,0.0,0.0,0.647,2.8,3.7,0.0,34,8.045,0.135,0.34,15,0.049,0.34,30,0.016,252,41.4,0.43,0.0,0.380588235,1.166666667,0.041111111,0.0,0.085,0.5028125,0.103846154,0.283333333,0.0125,5.44444e-05,0.071428571,0.36,0.752727273,0.039090909
15238,Finfish and Shellfish Products,"SALMON,COHO,FARMED,RAW","Fish, salmon, coho, farmed, raw",,,Oncorhynchus kisutch (Walbaum),160,21.27,7.67,0.0,0.0,0.0,56.0,0.66,2.67,1.1,0.0,13,6.813,0.11,0.09,12,0.048,0.34,31,0.012,292,12.6,0.43,0.062222222,0.388235294,1.1125,0.012222222,0.0,0.0325,0.4258125,0.084615385,0.075,0.01,5.33333e-05,0.073809524,0.417142857,0.229090909,0.039090909
15239,Finfish and Shellfish Products,"SALMON,COHO,FARMED,CKD,DRY HEAT","Fish, salmon, coho, farmed, cooked, dry heat",,,,178,24.3,8.23,0.0,0.0,0.0,59.0,0.568,3.17,1.5,0.0,14,7.393,0.113,0.1,12,0.089,0.39,34,0.021,332,14.1,0.47,0.065555556,0.334117647,1.320833333,0.016666667,0.0,0.035,0.4620625,0.086923077,0.083333333,0.01,9.88889e-05,0.080952381,0.474285714,0.256363636,0.042727273
15240,Finfish and Shellfish Products,"TROUT,RAINBOW,FARMED,RAW","Fish, trout, rainbow, farmed, raw",,,Salmo gairdneri Richardson,141,19.94,6.18,0.0,0.0,0.0,84.0,0.34,4.3,2.9,2.34,11,5.567,0.09,0.12,25,0.046,0.31,25,0.011,226,23.6,0.45,0.093333333,0.2,1.791666667,0.032222222,0.156,0.0275,0.3479375,0.069230769,0.1,0.020833333,5.11111e-05,0.05952381,0.322857143,0.429090909,0.040909091
15241,Finfish and Shellfish Products,"TROUT,RAINBOW,FARMED,CKD,DRY HEAT","Fish, trout, rainbow, farmed, cooked, dry heat",,,,168,23.8,7.38,0.0,0.0,0.0,100.0,0.386,4.11,2.9,2.79,12,6.646,0.107,0.143,30,0.055,0.36,30,0.013,270,28.1,0.54,0.111111111,0.227058824,1.7125,0.032222222,0.186,0.03,0.415375,0.082307692,0.119166667,0.025,6.11111e-05,0.071428571,0.385714286,0.510909091,0.049090909
15242,Finfish and Shellfish Products,"CRAYFISH,MXD SP,FARMED,RAW","Crustaceans, crayfish, mixed species, farmed, raw",,,"Astacus, Orconectes, and Procambarus spp.",72,14.85,0.97,0.0,0.0,0.0,15.0,0.076,2.1,0.5,0.0,30,1.867,0.032,0.045,25,0.237,0.55,30,0.146,218,28.4,1.01,0.016666667,0.044705882,0.875,0.005555556,0.0,0.075,0.1166875,0.024615385,0.0375,0.020833333,0.000263333,0.071428571,0.311428571,0.516363636,0.091818182
15243,Finfish and Shellfish Products,"CRAYFISH,MXD SP,FARMED,CKD,MOIST HEAT","Crustaceans, crayfish, mixed species, farmed, cooked, moist heat",,,,87,17.52,1.3,0.0,0.0,0.0,15.0,0.134,3.1,0.5,0.0,11,1.667,0.08,0.047,51,0.58,1.11,33,0.217,241,34.2,1.48,0.016666667,0.078823529,1.291666667,0.005555556,0.0,0.0275,0.1041875,0.061538462,0.039166667,0.0425,0.000644444,0.078571429,0.344285714,0.621818182,0.134545455
15244,Finfish and Shellfish Products,"OYSTER,EASTERN,WILD,CKD,DRY HEAT","Mollusks, oyster, eastern, wild, cooked, dry heat",,,,79,8.87,2.65,4.23,0.96,0.0,20.0,0.045,12.91,0.0,1.32,10,1.365,0.112,0.025,92,4.439,7.16,28,0.459,150,30.7,61.04,0.022222222,0.026470588,5.379166667,0.0,0.088,0.025,0.0853125,0.086153846,0.020833333,0.076666667,0.004932222,0.066666667,0.214285714,0.558181818,5.549090909
15245,Finfish and Shellfish Products,"OYSTER,EASTERN,FARMED,RAW","Mollusks, oyster, eastern, farmed, raw",,,Crassostrea virginica (Gmelin),59,5.22,1.55,5.53,0.0,0.0,8.0,0.06,16.2,4.7,0.0,18,1.267,0.065,0.105,44,0.738,5.78,33,0.394,93,63.7,37.92,0.008888889,0.035294118,6.75,0.052222222,0.0,0.045,0.0791875,0.05,0.0875,0.036666667,0.00082,0.078571429,0.132857143,1.158181818,3.447272727
15246,Finfish and Shellfish Products,"OYSTER,EASTERN,FARMED,CKD,DRY HEAT","Mollusks, oyster, eastern, farmed, cooked, dry heat",,,,79,7.0,2.12,7.28,0.0,0.0,19.0,0.076,24.3,6.0,0.0,24,1.792,0.055,0.13,56,1.434,7.77,33,0.425,115,77.5,45.15,0.021111111,0.044705882,10.125,0.066666667,0.0,0.06,0.112,0.042307692,0.108333333,0.046666667,0.001593333,0.078571429,0.164285714,1.409090909,4.104545455
15247,Finfish and Shellfish Products,"SALMON,COHO,WILD,CKD,DRY HEAT","Fish, salmon, coho, wild, cooked, dry heat",,,,139,23.45,4.3,0.0,0.0,0.0,51.0,0.568,5.0,1.4,0.92,13,7.95,0.14,0.075,45,0.071,0.61,33,0.019,322,38.0,0.56,0.056666667,0.334117647,2.083333333,0.015555556,0.061333333,0.0325,0.496875,0.107692308,0.0625,0.0375,7.88889e-05,0.078571429,0.46,0.690909091,0.050909091
15250,Finfish and Shellfish Products,"CONCH,BAKED OR BROILED","Mollusks, conch, baked or broiled",,,,130,26.3,1.2,1.7,0.0,0.0,7.0,0.06,5.25,0.0,6.33,179,1.04,0.08,0.06,98,0.435,1.41,238,0.0,217,40.3,1.71,0.007777778,0.035294118,2.1875,0.0,0.422,0.4475,0.065,0.061538462,0.05,0.081666667,0.000483333,0.566666667,0.31,0.732727273,0.155454545
15251,Finfish and Shellfish Products,"USDA COMMODITY,SALMON NUGGETS,BREADED,FRZ,HTD","USDA Commodity, salmon nuggets, breaded, frozen, heated",,,,212,12.69,11.72,13.96,0.0,0.0,0.0,0.222,2.07,0.0,0.0,11,4.527,0.156,0.207,8,0.077,1.24,20,0.118,176,0.0,0.52,0.0,0.130588235,0.8625,0.0,0.0,0.0275,0.2829375,0.12,0.1725,0.006666667,8.55556e-05,0.047619048,0.251428571,0.0,0.047272727
15252,Finfish and Shellfish Products,"USDA COMMODITY,SALMON NUGGETS,CKD AS PURCHASED,UNHTD","USDA Commodity, salmon nuggets, cooked as purchased, unheated",,,,189,11.97,10.43,11.85,0.0,0.0,0.0,0.22,2.18,0.0,0.0,11,5.948,0.14,0.195,9,0.069,1.46,20,0.106,173,0.0,0.46,0.0,0.129411765,0.908333333,0.0,0.0,0.0275,0.37175,0.107692308,0.1625,0.0075,7.66667e-05,0.047619048,0.247142857,0.0,0.041818182
15253,Finfish and Shellfish Products,"SALMON,SOCKEYE,CND,TOTAL CAN CONTENTS","Salmon, sockeye, canned, total can contents",,,,153,20.63,7.17,0.0,0.0,0.0,39.0,0.33,0.4,0.0,1.88,3,6.0,0.2,0.02,198,0.061,0.57,30,0.024,321,30.1,0.67,0.043333333,0.194117647,0.166666667,0.0,0.125333333,0.0075,0.375,0.153846154,0.016666667,0.165,6.77778e-05,0.071428571,0.458571429,0.547272727,0.060909091
15260,Finfish and Shellfish Products,"FISH,SALMON,PINK,CND,DRND SOL","Fish, salmon, pink, canned, drained solids",,,,138,23.1,5.02,0.0,0.0,0.0,20.0,0.105,4.95,0.0,1.28,4,7.409,0.202,0.027,283,0.082,0.77,32,0.031,379,39.5,0.96,0.022222222,0.061764706,2.0625,0.0,0.085333333,0.01,0.4630625,0.155384615,0.0225,0.235833333,9.11111e-05,0.076190476,0.541428571,0.718181818,0.087272727
15261,Finfish and Shellfish Products,"FISH,TILAPIA,RAW","Fish, tilapia, raw",,,,96,20.08,1.7,0.0,0.0,0.0,0.0,0.162,1.58,0.0,0.4,24,3.903,0.063,0.041,10,0.075,0.56,27,0.037,170,41.8,0.33,0.0,0.095294118,0.658333333,0.0,0.026666667,0.06,0.2439375,0.048461538,0.034166667,0.008333333,8.33333e-05,0.064285714,0.242857143,0.76,0.03
15262,Finfish and Shellfish Products,"FISH,TILAPIA,CKD,DRY HEAT","Fish, tilapia, cooked, dry heat",,,,128,26.15,2.65,0.0,0.0,0.0,0.0,0.123,1.86,0.0,0.79,6,4.745,0.073,0.093,14,0.075,0.69,34,0.037,204,54.4,0.41,0.0,0.072352941,0.775,0.0,0.052666667,0.015,0.2965625,0.056153846,0.0775,0.011666667,8.33333e-05,0.080952381,0.291428571,0.989090909,0.037272727
15264,Finfish and Shellfish Products,"SALMON,SOCKEYE,CND,DRND SOL,WO/ SKN & BONES","Salmon, sockeye, canned, drained solids, without skin and bones",,,,158,26.33,5.87,0.0,0.0,0.0,56.0,0.12,5.54,0.0,2.09,4,7.689,0.214,0.033,37,0.07,0.48,24,0.011,236,34.6,0.58,0.062222222,0.070588235,2.308333333,0.0,0.139333333,0.01,0.4805625,0.164615385,0.0275,0.030833333,7.77778e-05,0.057142857,0.337142857,0.629090909,0.052727273
15265,Finfish and Shellfish Products,"FISH,SALMON,PINK,CND,DRND SOL,WO/ SKN & BONES","Fish, Salmon, pink, canned, drained solids, without skin and bones",,,,136,24.62,4.21,0.0,0.0,0.0,20.0,0.105,4.96,0.0,1.28,4,7.43,0.203,0.027,60,0.077,0.57,24,0.011,253,39.6,0.65,0.022222222,0.061764706,2.066666667,0.0,0.085333333,0.01,0.464375,0.156153846,0.0225,0.05,8.55556e-05,0.057142857,0.361428571,0.72,0.059090909
15266,Finfish and Shellfish Products,"FISH,POLLOCK,ALASKA,UNTREATED,RAW","Fish, pollock, Alaska, untreated, raw",,,,70,17.17,0.19,0.0,0.0,0.0,0.0,0.0,0.0,0.0,0.0,0,0.0,0.0,0.0,12,0.041,0.27,34,0.011,190,0.0,0.4,0.0,0.0,0.0,0.0,0.0,0.0,0.0,0.0,0.0,0.01,4.55556e-05,0.080952381,0.271428571,0.0,0.036363636
15267,Finfish and Shellfish Products,"FISH,POLLOCK,ALASKA,UNTREATED,CKD","Fish, pollock, Alaska, untreated, cooked",,,,80,19.42,0.26,0.0,0.0,0.0,0.0,0.0,0.0,0.0,0.0,0,0.0,0.0,0.0,13,0.043,0.29,37,0.011,206,0.0,0.44,0.0,0.0,0.0,0.0,0.0,0.0,0.0,0.0,0.0,0.010833333,4.77778e-05,0.088095238,0.294285714,0.0,0.04
15268,Finfish and Shellfish Products,"FISH,COD,PACIFIC,UNTREATED,RAW","Fish, cod, Pacific, untreated, raw",,,,72,17.54,0.2,0.0,0.0,0.0,0.0,0.0,0.0,0.0,0.0,0,0.0,0.0,0.0,23,0.022,0.17,28,0.015,180,0.0,0.35,0.0,0.0,0.0,0.0,0.0,0.0,0.0,0.0,0.0,0.019166667,2.44444e-05,0.066666667,0.257142857,0.0,0.031818182
15269,Finfish and Shellfish Products,"FISH,COD,PACIFIC,UNTREATED,CKD","Fish, cod, Pacific, untreated, cooked",,,,84,20.42,0.25,0.0,0.0,0.0,0.0,0.0,0.0,0.0,0.0,0,0.0,0.0,0.0,17,0.019,0.16,35,0.012,205,0.0,0.43,0.0,0.0,0.0,0.0,0.0,0.0,0.0,0.0,0.0,0.014166667,2.11111e-05,0.083333333,0.292857143,0.0,0.039090909
15270,Finfish and Shellfish Products,"CRUSTACEANS,SHRIMP,UNTREATED,RAW","Crustaceans, shrimp, untreated, raw",,,,85,20.1,0.51,0.0,0.0,0.0,0.0,0.0,0.0,0.0,0.0,0,0.0,0.0,0.0,64,0.391,0.52,35,0.033,214,0.0,1.34,0.0,0.0,0.0,0.0,0.0,0.0,0.0,0.0,0.0,0.053333333,0.000434444,0.083333333,0.305714286,0.0,0.121818182
15271,Finfish and Shellfish Products,"CRUSTACEANS,SHRIMP,UNTREATED,CKD","Crustaceans, shrimp, untreated, cooked",,,,99,23.98,0.28,0.2,0.0,0.0,0.0,0.0,0.0,0.0,0.0,0,0.0,0.0,0.0,70,0.379,0.51,39,0.033,237,0.0,1.64,0.0,0.0,0.0,0.0,0.0,0.0,0.0,0.0,0.0,0.058333333,0.000421111,0.092857143,0.338571429,0.0,0.149090909
15272,Finfish and Shellfish Products,"FISH,SALMON,SOCKEYE,UNTREATED,RAW","Fish, salmon, sockeye, untreated, raw",,,,131,22.56,4.53,0.0,0.0,0.0,0.0,0.0,0.0,0.0,0.0,0,0.0,0.0,0.0,9,0.06,0.42,30,0.011,256,0.0,0.49,0.0,0.0,0.0,0.0,0.0,0.0,0.0,0.0,0.0,0.0075,6.66667e-05,0.071428571,0.365714286,0.0,0.044545455
15273,Finfish and Shellfish Products,"FISH,SALMON,SOCKEYE,UNTREATED,CKD","Fish, salmon, sockeye, untreated, cooked",,,,143,25.23,4.65,0.0,0.0,0.0,0.0,0.0,0.0,0.0,0.0,0,0.0,0.0,0.0,8,0.061,0.46,33,0.015,282,0.0,0.48,0.0,0.0,0.0,0.0,0.0,0.0,0.0,0.0,0.0,0.006666667,6.77778e-05,0.078571429,0.402857143,0.0,0.043636364
15274,Finfish and Shellfish Products,"FISH,TROUT,BROOK,RAW,NEW YORK STATE","Fish, trout, brook, raw, New York State",,,,110,21.23,2.73,0.0,0.0,0.0,0.0,0.273,2.77,0.0,0.0,0,5.293,0.101,0.137,25,0.045,0.38,28,0.018,246,0.0,0.55,0.0,0.160588235,1.154166667,0.0,0.0,0.0,0.3308125,0.077692308,0.114166667,0.020833333,5e-05,0.066666667,0.351428571,0.0,0.05
16001,Legumes and Legume Products,"BEANS,ADZUKI,MATURE SEEDS,RAW","Beans, adzuki, mature seeds, raw",,,Vigna angularis,329,19.87,0.53,62.9,0.0,12.7,1.0,0.351,0.0,0.0,0.0,622,2.63,0.22,0.455,66,1.094,4.98,127,1.73,381,3.1,5.04,0.001111111,0.206470588,0.0,0.0,0.0,1.555,0.164375,0.169230769,0.379166667,0.055,0.001215556,0.302380952,0.544285714,0.056363636,0.458181818
16002,Legumes and Legume Products,"BEANS,ADZUKI,MATURE SEEDS,CKD,BLD,WO/SALT","Beans, adzuki, mature seeds, cooked, boiled, without salt",,,,128,7.52,0.1,24.77,0.0,7.3,0.0,0.096,0.0,0.0,0.0,121,0.717,0.064,0.115,28,0.298,2.0,52,0.573,168,1.2,1.77,0.0,0.056470588,0.0,0.0,0.0,0.3025,0.0448125,0.049230769,0.095833333,0.023333333,0.000331111,0.123809524,0.24,0.021818182,0.160909091
16003,Legumes and Legume Products,"BEANS,ADZUKI,MATURE SEEDS,CND,SWTND","Beans, adzuki, mature seeds, canned, sweetened",,,,237,3.8,0.03,55.01,0.0,0.0,0.0,0.084,0.0,0.0,0.0,107,0.631,0.056,0.101,22,0.265,1.13,31,0.504,74,3.2,1.56,0.0,0.049411765,0.0,0.0,0.0,0.2675,0.0394375,0.043076923,0.084166667,0.018333333,0.000294444,0.073809524,0.105714286,0.058181818,0.141818182
16004,Legumes and Legume Products,"BEANS,ADZUKI,YOKAN,MATURE SEEDS","Beans, adzuki, yokan, mature seeds",,,,260,3.29,0.12,60.72,0.0,0.0,0.0,0.008,0.0,0.0,0.0,8,0.057,0.004,0.005,27,0.029,1.16,18,0.14,40,2.3,0.07,0.0,0.004705882,0.0,0.0,0.0,0.02,0.0035625,0.003076923,0.004166667,0.0225,3.22222e-05,0.042857143,0.057142857,0.041818182,0.006363636
16005,Legumes and Legume Products,"BEANS,BAKED,HOME PREPARED","Beans, baked, home prepared",,,,155,5.54,5.15,21.63,0.0,5.5,0.0,0.09,0.0,1.1,0.0,48,0.408,0.049,0.136,61,0.159,1.99,43,0.255,109,5.7,0.73,0.0,0.052941176,0.0,0.012222222,0.0,0.12,0.0255,0.037692308,0.113333333,0.050833333,0.000176667,0.102380952,0.155714286,0.103636364,0.066363636
16006,Legumes and Legume Products,"BEANS,BKD,CND,PLN OR VEGETARIAN","Beans, baked, canned, plain or vegetarian",,,,94,4.75,0.37,21.14,7.96,4.1,5.0,0.084,0.0,0.0,0.15,12,0.428,0.039,0.096,34,0.145,1.19,27,0.109,74,5.0,2.28,0.005555556,0.049411765,0.0,0.0,0.01,0.03,0.02675,0.03,0.08,0.028333333,0.000161111,0.064285714,0.105714286,0.090909091,0.207272727
16007,Legumes and Legume Products,"BEANS,BKD,CND,W/BF","Beans, baked, canned, with beef",,,,121,6.38,3.45,16.91,0.0,0.0,11.0,0.09,0.0,1.8,0.0,43,0.94,0.045,0.052,45,0.3,1.6,25,0.6,81,9.6,1.2,0.012222222,0.052941176,0.0,0.02,0.0,0.1075,0.05875,0.034615385,0.043333333,0.0375,0.000333333,0.05952381,0.115714286,0.174545455,0.109090909
16008,Legumes and Legume Products,"BEANS,BKD,CND,W/FRANKS","Beans, baked, canned, with franks",,,,142,6.75,6.57,15.39,6.53,6.9,4.0,0.046,0.34,2.3,0.16,30,0.901,0.056,0.058,48,0.213,1.73,28,0.42,104,6.5,1.87,0.004444444,0.027058824,0.141666667,0.025555556,0.010666667,0.075,0.0563125,0.043076923,0.048333333,0.04,0.000236667,0.066666667,0.148571429,0.118181818,0.17
16009,Legumes and Legume Products,"BEANS,BKD,CND,W/PORK","Beans, baked, canned, with pork",,,,106,5.19,1.55,19.99,0.0,5.5,0.0,0.064,0.0,2.0,0.0,36,0.447,0.038,0.053,53,0.215,1.7,34,0.361,108,4.7,1.46,0.0,0.037647059,0.0,0.022222222,0.0,0.09,0.0279375,0.029230769,0.044166667,0.044166667,0.000238889,0.080952381,0.154285714,0.085454545,0.132727273
16010,Legumes and Legume Products,"BEANS,BKD,CND,W/PORK&SWT SAU","Beans, baked, canned, with pork and sweet sauce",,,,105,4.52,0.89,21.57,8.23,4.4,1.0,0.05,0.0,0.0,0.04,8,0.304,0.015,0.033,39,0.171,1.4,30,0.362,88,4.8,0.51,0.001111111,0.029411765,0.0,0.0,0.002666667,0.02,0.019,0.011538462,0.0275,0.0325,0.00019,0.071428571,0.125714286,0.087272727,0.046363636
16011,Legumes and Legume Products,"BEANS,BKD,CND,W/PORK&TOMATO SAU","Beans, baked, canned, with pork and tomato sauce",,,,94,5.15,0.93,18.69,5.67,4.0,4.0,0.063,0.0,3.0,0.1,15,0.494,0.046,0.052,56,0.213,3.24,34,0.302,116,4.7,5.48,0.004444444,0.037058824,0.0,0.033333333,0.006666667,0.0375,0.030875,0.035384615,0.043333333,0.046666667,0.000236667,0.080952381,0.165714286,0.085454545,0.498181818
16014,Legumes and Legume Products,"BEANS,BLACK,MATURE SEEDS,RAW","Beans, black, mature seeds, raw",,,Phaseolus vulgaris,341,21.6,1.42,62.36,2.12,15.5,0.0,0.286,0.0,0.0,0.21,444,1.955,0.193,0.9,123,0.841,5.02,171,1.06,352,3.2,3.65,0.0,0.168235294,0.0,0.0,0.014,1.11,0.1221875,0.148461538,0.75,0.1025,0.000934444,0.407142857,0.502857143,0.058181818,0.331818182
16015,Legumes and Legume Products,"BEANS,BLACK,MATURE SEEDS,CKD,BLD,WO/SALT","Beans, black, mature seeds, cooked, boiled, without salt",,,,132,8.86,0.54,23.71,0.0,8.7,0.0,0.069,0.0,0.0,0.0,149,0.505,0.059,0.244,27,0.209,2.1,70,0.444,140,1.2,1.12,0.0,0.040588235,0.0,0.0,0.0,0.3725,0.0315625,0.045384615,0.203333333,0.0225,0.000232222,0.166666667,0.2,0.021818182,0.101818182
16016,Legumes and Legume Products,"BEANS,BLACK TURTLE,MATURE SEEDS,RAW","Beans, black turtle, mature seeds, raw",,,Phaseolus vulgaris,339,21.25,0.9,63.25,2.12,15.5,0.0,0.286,0.0,0.0,0.21,444,1.955,0.193,0.9,160,1.0,8.7,160,1.0,440,3.2,2.2,0.0,0.168235294,0.0,0.0,0.014,1.11,0.1221875,0.148461538,0.75,0.133333333,0.001111111,0.380952381,0.628571429,0.058181818,0.2
16017,Legumes and Legume Products,"BEANS,BLACK TURTLE,MATURE SEEDS,CKD,BLD,WO/ SALT","Beans, black turtle, mature seeds, cooked, boiled, without salt",,,,130,8.18,0.35,24.35,0.32,8.3,0.0,0.077,0.0,0.0,0.87,86,0.527,0.056,0.225,55,0.269,2.85,49,0.327,152,1.2,0.76,0.0,0.045294118,0.0,0.0,0.058,0.215,0.0329375,0.043076923,0.1875,0.045833333,0.000298889,0.116666667,0.217142857,0.021818182,0.069090909
16018,Legumes and Legume Products,"BEANS,BLACK TURTLE,MATURE SEEDS,CND","Beans, black turtle, mature seeds, canned",,,,91,6.03,0.29,16.55,0.23,6.9,0.0,0.055,0.0,2.7,0.62,61,0.62,0.12,0.14,35,0.192,1.9,35,0.233,108,1.3,0.54,0.0,0.032352941,0.0,0.03,0.041333333,0.1525,0.03875,0.092307692,0.116666667,0.029166667,0.000213333,0.083333333,0.154285714,0.023636364,0.049090909
16019,Legumes and Legume Products,"BEANS,CRANBERRY (ROMAN),MATURE SEEDS,RAW","Beans, cranberry (roman), mature seeds, raw",,,Phaseolus vulgaris,335,23.03,1.23,60.05,0.0,24.7,0.0,0.309,0.0,0.0,0.0,604,1.455,0.213,0.747,127,0.794,5.0,156,0.92,372,12.7,3.63,0.0,0.181764706,0.0,0.0,0.0,1.51,0.0909375,0.163846154,0.6225,0.105833333,0.000882222,0.371428571,0.531428571,0.230909091,0.33
16020,Legumes and Legume Products,"BEANS,CRANBERRY (ROMAN),MATURE SEEDS,CKD,BLD,WO/SALT","Beans, cranberry (roman), mature seeds, cooked, boiled, without salt",,,,136,9.34,0.46,24.46,0.0,10.0,0.0,0.081,0.0,0.0,0.0,207,0.515,0.069,0.21,50,0.231,2.09,50,0.37,135,1.3,1.14,0.0,0.047647059,0.0,0.0,0.0,0.5175,0.0321875,0.053076923,0.175,0.041666667,0.000256667,0.119047619,0.192857143,0.023636364,0.103636364
16021,Legumes and Legume Products,"BEANS,CRANBERRY (ROMAN),MATURE SEEDS,CND","Beans, cranberry (roman), mature seeds, canned",,,,83,5.54,0.28,15.12,0.0,6.3,0.0,0.055,0.0,0.8,0.0,77,0.504,0.039,0.039,34,0.142,1.55,32,0.2,86,3.1,0.84,0.0,0.032352941,0.0,0.008888889,0.0,0.1925,0.0315,0.03,0.0325,0.028333333,0.000157778,0.076190476,0.122857143,0.056363636,0.076363636
16022,Legumes and Legume Products,"BEANS,FRENCH,MATURE SEEDS,RAW","Beans, french, mature seeds, raw",,,Phaseolus vulgaris,343,18.81,2.02,64.11,0.0,25.2,0.0,0.401,0.0,4.6,0.0,399,2.083,0.221,0.535,186,0.44,3.4,188,1.2,304,12.9,1.9,0.0,0.235882353,0.0,0.051111111,0.0,0.9975,0.1301875,0.17,0.445833333,0.155,0.000488889,0.447619048,0.434285714,0.234545455,0.172727273
16023,Legumes and Legume Products,"BEANS,FRENCH,MATURE SEEDS,CKD,BLD,WO/SALT","Beans, french, mature seeds, cooked, boiled, without salt",,,,129,7.05,0.76,24.02,0.0,9.4,0.0,0.105,0.0,1.2,0.0,75,0.546,0.062,0.13,63,0.115,1.08,56,0.382,102,1.2,0.64,0.0,0.061764706,0.0,0.013333333,0.0,0.1875,0.034125,0.047692308,0.108333333,0.0525,0.000127778,0.133333333,0.145714286,0.021818182,0.058181818
16024,Legumes and Legume Products,"BEANS,GREAT NORTHERN,MATURE SEEDS,RAW","Beans, great northern, mature seeds, raw",,,Phaseolus vulgaris,339,21.86,1.14,62.37,2.26,20.2,0.0,0.447,0.0,5.3,0.22,482,1.955,0.237,0.653,175,0.837,5.47,189,1.423,447,12.9,2.31,0.0,0.262941176,0.0,0.058888889,0.014666667,1.205,0.1221875,0.182307692,0.544166667,0.145833333,0.00093,0.45,0.638571429,0.234545455,0.21
16025,Legumes and Legume Products,"BEANS,GREAT NORTHERN,MATURE SEEDS,CKD,BLD,WO/SALT","Beans, great northern, mature seeds, cooked, boiled, without salt",,,,118,8.33,0.45,21.09,0.0,7.0,0.0,0.117,0.0,1.3,0.0,102,0.681,0.059,0.158,68,0.247,2.13,50,0.518,165,4.1,0.88,0.0,0.068823529,0.0,0.014444444,0.0,0.255,0.0425625,0.045384615,0.131666667,0.056666667,0.000274444,0.119047619,0.235714286,0.074545455,0.08
16026,Legumes and Legume Products,"BEANS,GREAT NORTHERN,MATURE SEEDS,CND","Beans, great northern, mature seeds, canned",,,,114,7.37,0.39,21.02,1.41,4.9,0.0,0.106,0.0,1.3,0.79,81,0.461,0.06,0.143,53,0.16,1.57,51,0.408,136,4.1,0.65,0.0,0.062352941,0.0,0.014444444,0.052666667,0.2025,0.0288125,0.046153846,0.119166667,0.044166667,0.000177778,0.121428571,0.194285714,0.074545455,0.059090909
16027,Legumes and Legume Products,"BEANS,KIDNEY,ALL TYPES,MATURE SEEDS,RAW","Beans, kidney, all types, mature seeds, raw",,,Phaseolus vulgaris,333,23.58,0.83,60.01,2.23,24.9,0.0,0.397,0.0,4.5,0.22,394,2.06,0.219,0.529,143,0.958,8.2,140,1.021,407,3.2,2.79,0.0,0.233529412,0.0,0.05,0.014666667,0.985,0.12875,0.168461538,0.440833333,0.119166667,0.001064444,0.333333333,0.581428571,0.058181818,0.253636364
16028,Legumes and Legume Products,"BEANS,KIDNEY,ALL TYPES,MATURE SEEDS,CKD,BLD,WO/SALT","Beans, kidney, all types, mature seeds, cooked, boiled, without salt",,,,127,8.67,0.5,22.8,0.32,6.4,0.0,0.12,0.0,1.2,0.03,130,0.578,0.058,0.16,35,0.216,2.22,42,0.43,138,1.1,1.0,0.0,0.070588235,0.0,0.013333333,0.002,0.325,0.036125,0.044615385,0.133333333,0.029166667,0.00024,0.1,0.197142857,0.02,0.090909091
16029,Legumes and Legume Products,"BEANS,KIDNEY,ALL TYPES,MATURE SEEDS,CND","Beans, kidney, all types, mature seeds, canned",Includes USDA commodity food A086,,,84,5.22,0.6,14.5,1.85,4.3,0.0,0.074,0.0,1.2,0.02,36,0.411,0.051,0.116,34,0.135,1.17,27,0.168,90,0.9,0.46,0.0,0.043529412,0.0,0.013333333,0.001333333,0.09,0.0256875,0.039230769,0.096666667,0.028333333,0.00015,0.064285714,0.128571429,0.016363636,0.041818182
16030,Legumes and Legume Products,"BEANS,KIDNEY,CALIFORNIA RED,MATURE SEEDS,RAW","Beans, kidney, california red, mature seeds, raw",,,Phaseolus vulgaris,330,24.37,0.25,59.8,0.0,24.9,0.0,0.397,0.0,4.5,0.0,394,2.06,0.219,0.529,195,1.1,9.35,160,1.0,405,3.2,2.55,0.0,0.233529412,0.0,0.05,0.0,0.985,0.12875,0.168461538,0.440833333,0.1625,0.001222222,0.380952381,0.578571429,0.058181818,0.231818182
16031,Legumes and Legume Products,"BEANS,KIDNEY,CALIFORNIA RED,MATURE SEEDS,CKD,BLD,WO/SALT","Beans, kidney, california red, mature seeds, cooked, boiled, without salt",,,,124,9.13,0.09,22.41,0.0,9.3,0.0,0.104,0.0,1.2,0.0,74,0.54,0.062,0.129,66,0.289,2.98,48,0.318,137,1.2,0.86,0.0,0.061176471,0.0,0.013333333,0.0,0.185,0.03375,0.047692308,0.1075,0.055,0.000321111,0.114285714,0.195714286,0.021818182,0.078181818
16032,Legumes and Legume Products,"BEANS,KIDNEY,RED,MATURE SEEDS,RAW","Beans, kidney, red, mature seeds, raw",,,Phaseolus vulgaris,337,22.53,1.06,61.29,2.1,15.2,0.0,0.397,0.0,4.5,0.21,394,2.11,0.215,0.608,83,0.699,6.69,138,1.111,406,3.2,2.79,0.0,0.233529412,0.0,0.05,0.014,0.985,0.131875,0.165384615,0.506666667,0.069166667,0.000776667,0.328571429,0.58,0.058181818,0.253636364
16033,Legumes and Legume Products,"BEANS,KIDNEY,RED,MATURE SEEDS,CKD,BLD,WO/SALT","Beans, kidney, red, mature seeds, cooked, boiled, without salt",,,,127,8.67,0.5,22.8,0.32,7.4,0.0,0.12,0.0,1.2,0.03,130,0.578,0.058,0.16,28,0.242,2.94,45,0.477,142,1.2,1.07,0.0,0.070588235,0.0,0.013333333,0.002,0.325,0.036125,0.044615385,0.133333333,0.023333333,0.000268889,0.107142857,0.202857143,0.021818182,0.097272727
16034,Legumes and Legume Products,"BEANS,KIDNEY,RED,MATURE SEEDS,CND,SOL & LIQUIDS","Beans, kidney, red, mature seeds, canned, solids and liquids",,,,81,5.22,0.36,14.83,1.85,4.3,0.0,0.08,0.0,0.8,0.02,23,0.494,0.067,0.106,29,0.147,1.25,30,0.291,106,1.1,0.62,0.0,0.047058824,0.0,0.008888889,0.001333333,0.0575,0.030875,0.051538462,0.088333333,0.024166667,0.000163333,0.071428571,0.151428571,0.02,0.056363636
16035,Legumes and Legume Products,"BEANS,KIDNEY,ROYAL RED,MATURE SEEDS,RAW","Beans, kidney, royal red, mature seeds, raw",,,Phaseolus vulgaris,329,25.33,0.45,58.33,0.0,24.9,0.0,0.396,0.0,4.5,0.0,393,2.106,0.24,0.39,131,1.0,8.7,138,1.109,406,3.2,2.66,0.0,0.232941176,0.0,0.05,0.0,0.9825,0.131625,0.184615385,0.325,0.109166667,0.001111111,0.328571429,0.58,0.058181818,0.241818182
16036,Legumes and Legume Products,"BEANS,KIDNEY,ROYAL RED,MATURE SEEDS,CKD,BLD,WO/SALT","Beans, kidney, royal red, mature seeds, cooked, boiled, without salt",,,,123,9.49,0.17,21.85,0.0,9.3,0.0,0.104,0.0,1.2,0.0,74,0.552,0.067,0.095,44,0.262,2.77,42,0.255,142,1.2,0.9,0.0,0.061176471,0.0,0.013333333,0.0,0.185,0.0345,0.051538462,0.079166667,0.036666667,0.000291111,0.1,0.202857143,0.021818182,0.081818182
16037,Legumes and Legume Products,"BEANS,NAVY,MATURE SEEDS,RAW","Beans, navy, mature seeds, raw","Includes USDA commodity food A918, A924",,Phaseolus vulgaris,337,22.33,1.5,60.75,3.88,15.3,0.0,0.428,0.0,0.0,0.02,364,2.188,0.164,0.775,147,0.834,5.49,175,1.418,407,11.0,3.65,0.0,0.251764706,0.0,0.0,0.001333333,0.91,0.13675,0.126153846,0.645833333,0.1225,0.000926667,0.416666667,0.581428571,0.2,0.331818182
16038,Legumes and Legume Products,"BEANS,NAVY,MATURE SEEDS,CKD,BLD,WO/SALT","Beans, navy, mature seeds, cooked, boiled, without salt",,,,140,8.23,0.62,26.05,0.37,10.5,0.0,0.138,0.0,0.9,0.01,140,0.649,0.066,0.237,69,0.21,2.36,53,0.527,144,2.9,1.03,0.0,0.081176471,0.0,0.01,0.000666667,0.35,0.0405625,0.050769231,0.1975,0.0575,0.000233333,0.126190476,0.205714286,0.052727273,0.093636364
16039,Legumes and Legume Products,"BEANS,NAVY,MATURE SEEDS,CND","Beans, navy, mature seeds, canned",,,,113,7.53,0.43,20.45,0.28,5.1,0.0,0.103,0.0,0.7,0.78,62,0.487,0.055,0.141,47,0.208,1.85,47,0.375,134,5.8,0.77,0.0,0.060588235,0.0,0.007777778,0.052,0.155,0.0304375,0.042307692,0.1175,0.039166667,0.000231111,0.111904762,0.191428571,0.105454545,0.07
16040,Legumes and Legume Products,"BEANS,PINK,MATURE SEEDS,RAW","Beans, pink, mature seeds, raw",,,Phaseolus vulgaris,343,20.96,1.13,64.19,2.14,12.7,0.0,0.527,0.0,0.0,0.21,463,1.892,0.192,0.772,130,0.81,6.77,182,1.376,415,13.0,2.55,0.0,0.31,0.0,0.0,0.014,1.1575,0.11825,0.147692308,0.643333333,0.108333333,0.0009,0.433333333,0.592857143,0.236363636,0.231818182
16041,Legumes and Legume Products,"BEANS,PINK,MATURE SEEDS,CKD,BLD,WO/SALT","Beans, pink, mature seeds, cooked, boiled, without salt",,,,149,9.06,0.49,27.91,0.36,5.3,0.0,0.175,0.0,0.0,0.98,168,0.57,0.063,0.257,52,0.271,2.3,65,0.548,165,1.4,0.96,0.0,0.102941176,0.0,0.0,0.065333333,0.42,0.035625,0.048461538,0.214166667,0.043333333,0.000301111,0.154761905,0.235714286,0.025454545,0.087272727
16042,Legumes and Legume Products,"BEANS,PINTO,MATURE SEEDS,RAW","Beans, pinto, mature seeds, raw","Includes USDA commodity food A914, A942",,Phaseolus vulgaris,347,21.42,1.23,62.55,2.11,15.5,0.0,0.474,0.0,6.3,0.21,525,1.174,0.212,0.713,113,0.893,5.07,176,1.148,411,27.9,2.28,0.0,0.278823529,0.0,0.07,0.014,1.3125,0.073375,0.163076923,0.594166667,0.094166667,0.000992222,0.419047619,0.587142857,0.507272727,0.207272727
16043,Legumes and Legume Products,"BEANS,PINTO,MATURE SEEDS,CKD,BLD,WO/SALT","Beans, pinto, mature seeds, cooked, boiled, without salt",,,,143,9.01,0.65,26.22,0.34,9.0,0.0,0.229,0.0,0.8,0.94,172,0.318,0.062,0.193,46,0.219,2.09,50,0.453,147,6.2,0.98,0.0,0.134705882,0.0,0.008888889,0.062666667,0.43,0.019875,0.047692308,0.160833333,0.038333333,0.000243333,0.119047619,0.21,0.112727273,0.089090909
16044,Legumes and Legume Products,"BEANS,PINTO,MATURE SEEDS,CND,SOL & LIQUIDS","Beans, pinto, mature seeds, canned, solids and liquids",,,,82,4.6,0.56,15.18,1.02,4.6,0.0,0.074,0.0,0.7,0.55,24,0.268,0.016,0.052,47,0.162,1.47,33,0.318,92,0.0,0.56,0.0,0.043529412,0.0,0.007777778,0.036666667,0.06,0.01675,0.012307692,0.043333333,0.039166667,0.00018,0.078571429,0.131428571,0.0,0.050909091
16045,Legumes and Legume Products,"BEANS,SML WHITE,MATURE SEEDS,RAW","Beans, small white, mature seeds, raw",,,Phaseolus vulgaris,336,21.11,1.18,62.25,0.0,24.9,0.0,0.439,0.0,0.0,0.0,386,1.342,0.207,0.743,173,0.635,7.73,183,1.278,445,12.8,2.81,0.0,0.258235294,0.0,0.0,0.0,0.965,0.083875,0.159230769,0.619166667,0.144166667,0.000705556,0.435714286,0.635714286,0.232727273,0.255454545
16046,Legumes and Legume Products,"BEANS,SML WHITE,MATURE SEEDS,CKD,BLD,WO/SALT","Beans, small white, mature seeds, cooked, boiled, without salt",,,,142,8.97,0.64,25.81,0.0,10.4,0.0,0.127,0.0,0.0,0.0,137,0.272,0.059,0.236,73,0.149,2.84,68,0.51,169,1.3,1.09,0.0,0.074705882,0.0,0.0,0.0,0.3425,0.017,0.045384615,0.196666667,0.060833333,0.000165556,0.161904762,0.241428571,0.023636364,0.099090909
16047,Legumes and Legume Products,"BEANS,YEL,MATURE SEEDS,RAW","Beans, yellow, mature seeds, raw",,,Phaseolus vulgaris,345,22.0,2.6,60.7,0.0,25.1,0.0,0.442,0.0,0.0,0.0,389,2.43,0.33,0.69,166,0.639,7.01,222,1.286,488,12.8,2.83,0.0,0.26,0.0,0.0,0.0,0.9725,0.151875,0.253846154,0.575,0.138333333,0.00071,0.528571429,0.697142857,0.232727273,0.257272727
16048,Legumes and Legume Products,"BEANS,YEL,MATURE SEEDS,CKD,BLD,WO/SALT","Beans, yellow, mature seeds, cooked, boiled, without salt",,,,144,9.16,1.08,25.27,0.0,10.4,0.0,0.129,0.0,1.8,0.0,81,0.708,0.103,0.187,62,0.186,2.48,74,0.455,183,1.3,1.06,0.0,0.075882353,0.0,0.02,0.0,0.2025,0.04425,0.079230769,0.155833333,0.051666667,0.000206667,0.176190476,0.261428571,0.023636364,0.096363636
16049,Legumes and Legume Products,"BEANS,WHITE,MATURE SEEDS,RAW","Beans, white, mature seeds, raw",,,Phaseolus vulgaris,333,23.36,0.85,60.27,2.11,15.2,0.0,0.318,0.0,0.0,0.21,388,0.479,0.146,0.437,240,0.984,10.44,190,1.796,301,12.8,3.67,0.0,0.187058824,0.0,0.0,0.014,0.97,0.0299375,0.112307692,0.364166667,0.2,0.001093333,0.452380952,0.43,0.232727273,0.333636364
16050,Legumes and Legume Products,"BEANS,WHITE,MATURE SEEDS,CKD,BLD,WO/SALT","Beans, white, mature seeds, cooked, boiled, without salt",,,,139,9.73,0.35,25.09,0.34,6.3,0.0,0.093,0.0,0.0,0.94,81,0.14,0.046,0.118,90,0.287,3.7,63,0.636,113,1.3,1.38,0.0,0.054705882,0.0,0.0,0.062666667,0.2025,0.00875,0.035384615,0.098333333,0.075,0.000318889,0.15,0.161428571,0.023636364,0.125454545
16051,Legumes and Legume Products,"BEANS,WHITE,MATURE SEEDS,CND","Beans, white, mature seeds, canned",,,,114,7.26,0.29,21.2,0.29,4.8,0.0,0.075,0.0,0.0,0.79,65,0.113,0.037,0.096,73,0.232,2.99,51,0.515,91,1.6,1.12,0.0,0.044117647,0.0,0.0,0.052666667,0.1625,0.0070625,0.028461538,0.08,0.060833333,0.000257778,0.121428571,0.13,0.029090909,0.101818182
16052,Legumes and Legume Products,"BROADBEANS (FAVA BEANS),MATURE SEEDS,RAW","Broadbeans (fava beans), mature seeds, raw",,,Vicia faba,341,26.12,1.53,58.29,5.7,25.0,3.0,0.366,0.0,1.4,0.05,423,2.832,0.333,0.555,103,0.824,6.7,192,1.626,421,8.2,3.14,0.003333333,0.215294118,0.0,0.015555556,0.003333333,1.0575,0.177,0.256153846,0.4625,0.085833333,0.000915556,0.457142857,0.601428571,0.149090909,0.285454545
16053,Legumes and Legume Products,"BROADBEANS (FAVA BNS),MATURE SEEDS,CKD,BLD,WO/SALT","Broadbeans (fava beans), mature seeds, cooked, boiled, without salt",,,,110,7.6,0.4,19.65,1.82,5.4,1.0,0.072,0.0,0.3,0.02,104,0.711,0.089,0.097,36,0.259,1.5,43,0.421,125,2.6,1.01,0.001111111,0.042352941,0.0,0.003333333,0.001333333,0.26,0.0444375,0.068461538,0.080833333,0.03,0.000287778,0.102380952,0.178571429,0.047272727,0.091818182
16054,Legumes and Legume Products,"BROADBEANS (FAVA BNS),MATURE SEEDS,CND","Broadbeans (fava beans), mature seeds, canned",,,,71,5.47,0.22,12.41,0.0,3.7,1.0,0.045,0.0,1.8,0.0,33,0.96,0.05,0.02,26,0.109,1.0,32,0.288,79,1.8,0.62,0.001111111,0.026470588,0.0,0.02,0.0,0.0825,0.06,0.038461538,0.016666667,0.021666667,0.000121111,0.076190476,0.112857143,0.032727273,0.056363636
16055,Legumes and Legume Products,CAROB FLOUR,Carob flour,,,Ceratonia siliqua,222,4.62,0.65,88.88,49.08,39.8,1.0,0.366,0.0,0.2,0.63,29,1.897,0.461,0.053,348,0.571,2.94,54,0.508,79,5.3,0.92,0.001111111,0.215294118,0.0,0.002222222,0.042,0.0725,0.1185625,0.354615385,0.044166667,0.29,0.000634444,0.128571429,0.112857143,0.096363636,0.083636364
16056,Legumes and Legume Products,"CHICKPEAS (GARBANZO BNS,BENGAL GM),MATURE SEEDS,RAW","Chickpeas (garbanzo beans, bengal gram), mature seeds, raw",,,Cicer arietinum,378,20.47,6.04,62.95,10.7,12.2,3.0,0.535,0.0,4.0,0.82,557,1.541,0.212,0.477,57,0.656,4.31,79,21.306,252,0.0,2.76,0.003333333,0.314705882,0.0,0.044444444,0.054666667,1.3925,0.0963125,0.163076923,0.3975,0.0475,0.000728889,0.188095238,0.36,0.0,0.250909091
16057,Legumes and Legume Products,"CHICKPEAS ,MATURE SEEDS,CKD,BLD,WO/SALT","Chickpeas (garbanzo beans, bengal gram), mature seeds, cooked, boiled, without salt",,,,164,8.86,2.59,27.42,4.8,7.6,1.0,0.139,0.0,1.3,0.35,172,0.526,0.063,0.116,49,0.352,2.89,48,1.03,168,3.7,1.53,0.001111111,0.081764706,0.0,0.014444444,0.023333333,0.43,0.032875,0.048461538,0.096666667,0.040833333,0.000391111,0.114285714,0.24,0.067272727,0.139090909
16058,Legumes and Legume Products,"CHICKPEAS (GARBANZO BNS,BENGAL GRAM),MATURE SDS,CND,SOL&LIQ","Chickpeas (garbanzo beans, bengal gram), mature seeds, canned, solids and liquids",,,,88,4.92,1.95,13.49,0.0,4.4,1.0,0.473,0.0,0.1,0.0,25,0.13,0.015,0.032,35,0.153,1.23,27,0.818,80,2.0,0.69,0.001111111,0.278235294,0.0,0.001111111,0.0,0.0625,0.008125,0.011538462,0.026666667,0.029166667,0.00017,0.064285714,0.114285714,0.036363636,0.062727273
16059,Legumes and Legume Products,"CHILI WITH BEANS,CANNED","Chili with beans, canned",,,,112,5.71,5.49,11.91,1.19,4.4,17.0,0.132,0.0,1.7,0.52,23,0.358,0.105,0.048,47,0.117,3.43,45,0.134,154,1.3,2.0,0.018888889,0.077647059,0.0,0.018888889,0.034666667,0.0575,0.022375,0.080769231,0.04,0.039166667,0.00013,0.107142857,0.22,0.023636364,0.181818182
16060,Legumes and Legume Products,"COWPEAS,CATJANG,MATURE SEEDS,RAW","Cowpeas, catjang, mature seeds, raw",,,Vigna unguiculata subsp. cylindrica,343,23.85,2.07,59.64,0.0,10.7,2.0,0.361,0.0,1.5,0.0,639,2.795,0.17,0.68,85,1.059,9.95,333,1.544,438,9.1,6.11,0.002222222,0.212352941,0.0,0.016666667,0.0,1.5975,0.1746875,0.130769231,0.566666667,0.070833333,0.001176667,0.792857143,0.625714286,0.165454545,0.555454545
16061,Legumes and Legume Products,"COWPEAS,CATJANG,MATURE SEEDS,CKD,BLD,WO/SALT","Cowpeas, catjang, mature seeds, cooked, boiled, without salt",,,,117,8.13,0.71,20.32,0.0,3.6,1.0,0.092,0.0,0.4,0.0,142,0.714,0.046,0.162,26,0.271,3.05,96,0.473,142,2.5,1.87,0.001111111,0.054117647,0.0,0.004444444,0.0,0.355,0.044625,0.035384615,0.135,0.021666667,0.000301111,0.228571429,0.202857143,0.045454545,0.17
16062,Legumes and Legume Products,"COWPEAS,COMMON (BLACKEYES,CROWDER,SOUTHERN),MTRE SEEDS,RAW","Cowpeas, common (blackeyes, crowder, southern), mature seeds, raw",,,Vigna unguiculata subsp. unguiculata,336,23.52,1.26,60.03,6.9,10.6,3.0,0.357,0.0,1.5,0.39,633,2.075,0.226,0.853,110,0.845,8.27,184,1.528,424,9.0,3.37,0.003333333,0.21,0.0,0.016666667,0.026,1.5825,0.1296875,0.173846154,0.710833333,0.091666667,0.000938889,0.438095238,0.605714286,0.163636364,0.306363636
16063,Legumes and Legume Products,"COWPEAS,COMMON (BLKEYES,CRWDR,STHRN),MTURE,CKD,BLD,WO/SALT","Cowpeas, common (blackeyes, crowder, southern), mature seeds, cooked, boiled, without salt",,,,116,7.73,0.53,20.76,3.3,6.5,1.0,0.1,0.0,0.4,0.28,208,0.495,0.055,0.202,24,0.268,2.51,53,0.475,156,2.5,1.29,0.001111111,0.058823529,0.0,0.004444444,0.018666667,0.52,0.0309375,0.042307692,0.168333333,0.02,0.000297778,0.126190476,0.222857143,0.045454545,0.117272727
16064,Legumes and Legume Products,"COWPEAS,COMMON,MATURE SEEDS,CND,PLN","Cowpeas, common (blackeyes, crowder, southern), mature seeds, canned, plain",,,,77,4.74,0.55,13.63,0.0,3.3,0.0,0.045,0.0,2.7,0.0,51,0.354,0.074,0.076,20,0.117,0.97,28,0.283,70,2.3,0.7,0.0,0.026470588,0.0,0.03,0.0,0.1275,0.022125,0.056923077,0.063333333,0.016666667,0.00013,0.066666667,0.1,0.041818182,0.063636364
16065,Legumes and Legume Products,"COWPEAS,COMMON,MATURE SEEDS,CND W/PORK","Cowpeas, common (blackeyes, crowder, southern), mature seeds, canned with pork",,,,83,2.74,1.6,16.53,0.0,3.3,0.0,0.045,0.0,0.2,0.0,51,0.431,0.05,0.063,17,0.17,1.42,43,0.392,96,2.3,1.04,0.0,0.026470588,0.0,0.002222222,0.0,0.1275,0.0269375,0.038461538,0.0525,0.014166667,0.000188889,0.102380952,0.137142857,0.041818182,0.094545455
16067,Legumes and Legume Products,"HYACINTH BNS,MATURE SEEDS,RAW","Hyacinth beans, mature seeds, raw",,,Dolichos purpureus,344,23.9,1.69,60.74,0.0,25.6,0.0,0.155,0.0,0.0,0.0,23,1.61,0.136,1.13,130,1.335,5.1,283,1.573,372,8.2,9.3,0.0,0.091176471,0.0,0.0,0.0,0.0575,0.100625,0.104615385,0.941666667,0.108333333,0.001483333,0.673809524,0.531428571,0.149090909,0.845454545
16068,Legumes and Legume Products,"HYACINTH BNS,MATURE SEEDS,CKD,BLD,WO/SALT","Hyacinth beans, mature seeds, cooked, boiled, without salt",,,,117,8.14,0.58,20.69,0.0,0.0,0.0,0.037,0.0,0.0,0.0,4,0.411,0.037,0.27,40,0.341,4.58,82,0.482,120,2.8,2.85,0.0,0.021764706,0.0,0.0,0.0,0.01,0.0256875,0.028461538,0.225,0.033333333,0.000378889,0.195238095,0.171428571,0.050909091,0.259090909
16069,Legumes and Legume Products,"LENTILS,RAW","Lentils, raw",,,Lens culinaris,352,24.63,1.06,63.35,2.03,10.7,2.0,0.54,0.0,4.5,0.49,479,2.605,0.211,0.873,35,0.754,6.51,47,1.393,281,0.1,3.27,0.002222222,0.317647059,0.0,0.05,0.032666667,1.1975,0.1628125,0.162307692,0.7275,0.029166667,0.000837778,0.111904762,0.401428571,0.001818182,0.297272727
16070,Legumes and Legume Products,"LENTILS,MATURE SEEDS,CKD,BLD,WO/SALT","Lentils, mature seeds, cooked, boiled, without salt",,,,116,9.02,0.38,20.13,1.8,7.9,0.0,0.178,0.0,1.5,0.11,181,1.06,0.073,0.169,19,0.251,3.33,36,0.494,180,2.8,1.27,0.0,0.104705882,0.0,0.016666667,0.007333333,0.4525,0.06625,0.056153846,0.140833333,0.015833333,0.000278889,0.085714286,0.257142857,0.050909091,0.115454545
16071,Legumes and Legume Products,"LIMA BNS,LRG,MATURE SEEDS,RAW","Lima beans, large, mature seeds, raw",,,Phaseolus lunatus,338,21.46,0.69,63.38,8.5,19.0,0.0,0.512,0.0,0.0,0.72,395,1.537,0.202,0.507,81,0.74,7.51,224,1.672,385,7.2,2.83,0.0,0.301176471,0.0,0.0,0.048,0.9875,0.0960625,0.155384615,0.4225,0.0675,0.000822222,0.533333333,0.55,0.130909091,0.257272727
16072,Legumes and Legume Products,"LIMA BNS,LRG,MATURE SEEDS,CKD,BLD,WO/SALT","Lima beans, large, mature seeds, cooked, boiled, without salt",,,,115,7.8,0.38,20.88,2.9,7.0,0.0,0.161,0.0,0.0,0.18,83,0.421,0.055,0.161,17,0.235,2.39,43,0.516,111,4.5,0.95,0.0,0.094705882,0.0,0.0,0.012,0.2075,0.0263125,0.042307692,0.134166667,0.014166667,0.000261111,0.102380952,0.158571429,0.081818182,0.086363636
16073,Legumes and Legume Products,"LIMA BNS,LRG,MATURE SEEDS,CND","Lima beans, large, mature seeds, canned",,,,79,4.93,0.17,14.91,0.0,4.8,0.0,0.091,0.0,0.0,0.0,50,0.261,0.034,0.055,21,0.18,1.81,39,0.363,74,4.5,0.65,0.0,0.053529412,0.0,0.0,0.0,0.125,0.0163125,0.026153846,0.045833333,0.0175,0.0002,0.092857143,0.105714286,0.081818182,0.059090909
16074,Legumes and Legume Products,"LIMA BNS,THIN SEEDED (BABY),MATURE SEEDS,RAW","Lima beans, thin seeded (baby), mature seeds, raw",,,Phaseolus lunatus,335,20.62,0.93,62.83,8.32,20.6,0.0,0.327,0.0,0.0,0.7,400,1.712,0.218,0.574,81,0.665,6.19,188,1.686,370,7.0,2.6,0.0,0.192352941,0.0,0.0,0.046666667,1.0,0.107,0.167692308,0.478333333,0.0675,0.000738889,0.447619048,0.528571429,0.127272727,0.236363636
16075,Legumes and Legume Products,"LIMA BNS,THIN SEEDED (BABY),MATURE SEEDS,CKD,BLD,WO/SALT","Lima beans, thin seeded (baby), mature seeds, cooked, boiled, without salt",,,,126,8.04,0.38,23.31,0.0,7.7,0.0,0.078,0.0,0.0,0.0,150,0.66,0.055,0.161,29,0.215,2.4,53,0.585,127,4.9,1.03,0.0,0.045882353,0.0,0.0,0.0,0.375,0.04125,0.042307692,0.134166667,0.024166667,0.000238889,0.126190476,0.181428571,0.089090909,0.093636364
16076,Legumes and Legume Products,"LUPINS,MATURE SEEDS,RAW","Lupins, mature seeds, raw",,,Lupinus albus,371,36.17,9.74,40.37,0.0,18.9,0.0,0.357,0.0,4.8,0.0,355,2.19,0.22,0.64,176,1.022,4.36,198,2.382,440,8.2,4.75,0.0,0.21,0.0,0.053333333,0.0,0.8875,0.136875,0.169230769,0.533333333,0.146666667,0.001135556,0.471428571,0.628571429,0.149090909,0.431818182
16077,Legumes and Legume Products,"LUPINS,MATURE SEEDS,CKD,BLD,WO/ SALT","Lupins, mature seeds, cooked, boiled, without salt",,,,119,15.57,2.92,9.88,0.0,2.8,0.0,0.009,0.0,1.1,0.0,59,0.495,0.053,0.134,51,0.231,1.2,54,0.676,128,2.6,1.38,0.0,0.005294118,0.0,0.012222222,0.0,0.1475,0.0309375,0.040769231,0.111666667,0.0425,0.000256667,0.128571429,0.182857143,0.047272727,0.125454545
16078,Legumes and Legume Products,"MOTHBEANS,MATURE SEEDS,RAW","Mothbeans, mature seeds, raw",,,Vigna aconitifolia,343,22.94,1.61,61.52,0.0,0.0,2.0,0.366,0.0,4.0,0.0,649,2.8,0.091,0.562,150,0.688,10.85,381,1.82,489,8.2,1.92,0.002222222,0.215294118,0.0,0.044444444,0.0,1.6225,0.175,0.07,0.468333333,0.125,0.000764444,0.907142857,0.698571429,0.149090909,0.174545455
16079,Legumes and Legume Products,"MOTHBEANS,MATURE SEEDS,CKD,BLD,WO/SALT","Mothbeans, mature seeds, cooked, boiled, without salt",,,,117,7.81,0.55,20.96,0.0,0.0,1.0,0.093,0.0,1.0,0.0,143,0.668,0.023,0.124,3,0.164,3.14,104,0.527,150,2.8,0.59,0.001111111,0.054705882,0.0,0.011111111,0.0,0.3575,0.04175,0.017692308,0.103333333,0.0025,0.000182222,0.247619048,0.214285714,0.050909091,0.053636364
16080,Legumes and Legume Products,"MUNG BNS,MATURE SEEDS,RAW","Mung beans, mature seeds, raw",,,Vigna radiata,347,23.86,1.15,62.62,6.6,16.3,6.0,0.382,0.0,4.8,0.51,625,2.251,0.233,0.621,132,0.941,6.74,189,1.035,367,8.2,2.68,0.006666667,0.224705882,0.0,0.053333333,0.034,1.5625,0.1406875,0.179230769,0.5175,0.11,0.001045556,0.45,0.524285714,0.149090909,0.243636364
16081,Legumes and Legume Products,"MUNG BNS,MATURE SEEDS,CKD,BLD,WO/SALT","Mung beans, mature seeds, cooked, boiled, without salt",,,,105,7.02,0.38,19.15,2.0,7.6,1.0,0.067,0.0,1.0,0.15,159,0.577,0.061,0.164,27,0.156,1.4,48,0.298,99,2.5,0.84,0.001111111,0.039411765,0.0,0.011111111,0.01,0.3975,0.0360625,0.046923077,0.136666667,0.0225,0.000173333,0.114285714,0.141428571,0.045454545,0.076363636
16082,Legumes and Legume Products,"NOODLES,CHINESE,CELLOPHANE OR LONG RICE (MUNG BNS),DEHYD","Noodles, chinese, cellophane or long rice (mung beans), dehydrated",,,,351,0.16,0.06,86.09,0.0,0.5,0.0,0.05,0.0,0.0,0.13,2,0.2,0.0,0.15,25,0.081,2.17,3,0.1,32,7.9,0.41,0.0,0.029411765,0.0,0.0,0.008666667,0.005,0.0125,0.0,0.125,0.020833333,9e-05,0.007142857,0.045714286,0.143636364,0.037272727
16083,Legumes and Legume Products,"MUNGO BNS,MATURE SEEDS,RAW","Mungo beans, mature seeds, raw",,,Vigna mungo,341,25.21,1.64,58.99,0.0,18.3,1.0,0.281,0.0,0.0,0.0,216,1.447,0.254,0.273,138,0.981,7.57,267,1.527,379,8.2,3.35,0.001111111,0.165294118,0.0,0.0,0.0,0.54,0.0904375,0.195384615,0.2275,0.115,0.00109,0.635714286,0.541428571,0.149090909,0.304545455
16084,Legumes and Legume Products,"MUNGO BNS,MATURE SEEDS,CKD,BLD,WO/SALT","Mungo beans, mature seeds, cooked, boiled, without salt",,,,105,7.54,0.55,18.34,2.01,6.4,2.0,0.058,0.0,1.0,0.15,94,1.5,0.075,0.15,53,0.139,1.75,63,0.412,156,2.5,0.83,0.002222222,0.034117647,0.0,0.011111111,0.01,0.235,0.09375,0.057692308,0.125,0.044166667,0.000154444,0.15,0.222857143,0.045454545,0.075454545
16085,Legumes and Legume Products,"PEAS,GRN,SPLIT,MATURE SEEDS,RAW","Peas, green, split, mature seeds, raw",,,Pisum sativum,352,23.82,1.16,63.74,8.0,25.5,7.0,0.174,0.0,1.8,0.09,274,2.889,0.215,0.726,37,0.815,4.82,49,1.22,321,4.1,3.55,0.007777778,0.102352941,0.0,0.02,0.006,0.685,0.1805625,0.165384615,0.605,0.030833333,0.000905556,0.116666667,0.458571429,0.074545455,0.322727273
16086,Legumes and Legume Products,"PEAS,SPLIT,MATURE SEEDS,CKD,BLD,WO/SALT","Peas, split, mature seeds, cooked, boiled, without salt",,,,118,8.34,0.39,21.1,2.9,8.3,0.0,0.048,0.0,0.4,0.03,65,0.89,0.056,0.19,14,0.181,1.29,36,0.396,99,0.6,1.0,0.0,0.028235294,0.0,0.004444444,0.002,0.1625,0.055625,0.043076923,0.158333333,0.011666667,0.000201111,0.085714286,0.141428571,0.010909091,0.090909091
16087,Legumes and Legume Products,"PEANUTS,ALL TYPES,RAW","Peanuts, all types, raw",,,,567,25.8,49.24,16.13,4.72,8.5,0.0,0.348,0.0,0.0,8.33,240,12.066,0.135,0.64,92,1.144,4.58,168,1.934,376,7.2,3.27,0.0,0.204705882,0.0,0.0,0.555333333,0.6,0.754125,0.103846154,0.533333333,0.076666667,0.001271111,0.4,0.537142857,0.130909091,0.297272727
16088,Legumes and Legume Products,"PEANUTS,ALL TYPES,CKD,BLD,W/SALT","Peanuts, all types, cooked, boiled, with salt",,,,318,13.5,22.01,21.26,2.47,8.8,0.0,0.152,0.0,0.0,4.1,75,5.259,0.063,0.259,55,0.499,1.01,102,1.023,198,4.4,1.83,0.0,0.089411765,0.0,0.0,0.273333333,0.1875,0.3286875,0.048461538,0.215833333,0.045833333,0.000554444,0.242857143,0.282857143,0.08,0.166363636
16089,Legumes and Legume Products,"PEANUTS,ALL TYPES,OIL-ROASTED,W/SALT","Peanuts, all types, oil-roasted, with salt",,,,599,28.03,52.5,15.26,4.18,9.4,0.0,0.461,0.0,0.8,6.94,120,13.825,0.089,0.085,61,0.533,1.52,176,1.845,397,3.3,3.28,0.0,0.271176471,0.0,0.008888889,0.462666667,0.3,0.8640625,0.068461538,0.070833333,0.050833333,0.000592222,0.419047619,0.567142857,0.06,0.298181818
16090,Legumes and Legume Products,"PEANUTS,ALL TYPES,DRY-ROASTED,W/SALT","Peanuts, all types, dry-roasted, with salt",,,,587,24.35,49.66,21.26,4.9,8.4,0.0,0.466,0.0,0.0,4.93,97,14.355,0.197,0.152,58,0.428,1.58,178,1.786,363,9.3,2.77,0.0,0.274117647,0.0,0.0,0.328666667,0.2425,0.8971875,0.151538462,0.126666667,0.048333333,0.000475556,0.423809524,0.518571429,0.169090909,0.251818182
16091,Legumes and Legume Products,"PEANUTS,SPANISH,RAW","Peanuts, spanish, raw",,,Arachis hypogaea,570,26.15,49.6,15.83,0.0,9.5,0.0,0.348,0.0,0.0,0.0,240,15.925,0.135,0.675,106,0.9,3.91,188,2.64,388,7.2,2.12,0.0,0.204705882,0.0,0.0,0.0,0.6,0.9953125,0.103846154,0.5625,0.088333333,0.001,0.447619048,0.554285714,0.130909091,0.192727273
16092,Legumes and Legume Products,"PEANUTS,SPANISH,OIL-ROASTED,W/SALT","Peanuts, spanish, oil-roasted, with salt",,,,579,28.01,49.04,17.45,0.0,8.9,0.0,0.256,0.0,0.0,0.0,126,14.933,0.085,0.317,100,0.661,2.28,168,2.355,387,7.5,2.0,0.0,0.150588235,0.0,0.0,0.0,0.315,0.9333125,0.065384615,0.264166667,0.083333333,0.000734444,0.4,0.552857143,0.136363636,0.181818182
16093,Legumes and Legume Products,"PEANUTS,VALENCIA,RAW","Peanuts, valencia, raw",,,Arachis hypogaea,570,25.09,47.58,20.91,0.0,8.7,0.0,0.34,0.0,0.0,0.0,246,12.875,0.3,0.639,62,1.171,2.09,184,1.98,336,7.3,3.34,0.0,0.2,0.0,0.0,0.0,0.615,0.8046875,0.230769231,0.5325,0.051666667,0.001301111,0.438095238,0.48,0.132727273,0.303636364
16094,Legumes and Legume Products,"PEANUTS,VALENCIA,OIL-ROASTED,W/SALT","Peanuts, valencia, oil-roasted, with salt",,,,589,27.04,51.24,16.3,0.0,8.9,0.0,0.243,0.0,0.0,0.0,126,14.338,0.153,0.09,54,0.838,1.65,160,1.721,319,7.5,3.08,0.0,0.142941176,0.0,0.0,0.0,0.315,0.896125,0.117692308,0.075,0.045,0.000931111,0.380952381,0.455714286,0.136363636,0.28
16095,Legumes and Legume Products,"PEANUTS,VIRGINIA,RAW","Peanuts, virginia, raw",,,Arachis hypogaea,563,25.19,48.75,16.54,3.95,8.5,0.0,0.346,0.0,0.0,6.56,239,12.375,0.131,0.653,89,1.112,2.55,171,1.696,380,7.1,4.43,0.0,0.203529412,0.0,0.0,0.437333333,0.5975,0.7734375,0.100769231,0.544166667,0.074166667,0.001235556,0.407142857,0.542857143,0.129090909,0.402727273
16096,Legumes and Legume Products,"PEANUTS,VIRGINIA,OIL-ROASTED,W/SALT","Peanuts, virginia, oil-roasted, with salt",,,,578,25.87,48.62,19.86,0.0,8.9,0.0,0.254,0.0,0.0,0.0,125,14.7,0.112,0.276,86,1.273,1.67,188,2.008,506,7.5,6.62,0.0,0.149411765,0.0,0.0,0.0,0.3125,0.91875,0.086153846,0.23,0.071666667,0.001414444,0.447619048,0.722857143,0.136363636,0.601818182
16097,Legumes and Legume Products,"PEANUT BUTTER,CHUNK STYLE,W/SALT","Peanut butter, chunk style, with salt",,,,589,24.06,49.94,21.57,8.41,8.0,0.0,0.418,0.0,0.0,6.3,92,13.696,0.111,0.106,45,0.578,1.9,160,1.8,319,8.2,2.79,0.0,0.245882353,0.0,0.0,0.42,0.23,0.856,0.085384615,0.088333333,0.0375,0.000642222,0.380952381,0.455714286,0.149090909,0.253636364
16098,Legumes and Legume Products,"PEANUT BUTTER,SMOOTH STYLE,W/ SALT","Peanut butter, smooth style, with salt",,,,598,22.21,51.36,22.31,10.49,5.0,0.0,0.441,0.0,0.0,9.1,87,13.112,0.192,0.15,49,0.422,1.74,168,1.665,335,4.1,2.51,0.0,0.259411765,0.0,0.0,0.606666667,0.2175,0.8195,0.147692308,0.125,0.040833333,0.000468889,0.4,0.478571429,0.074545455,0.228181818
16099,Legumes and Legume Products,"PEANUT FLOUR,DEFATTED","Peanut flour, defatted",,,,327,52.2,0.55,34.7,8.22,15.8,0.0,0.504,0.0,0.0,0.05,248,27.0,0.48,0.7,140,1.8,2.1,370,4.9,760,7.1,5.1,0.0,0.296470588,0.0,0.0,0.003333333,0.62,1.6875,0.369230769,0.583333333,0.116666667,0.002,0.880952381,1.085714286,0.129090909,0.463636364
16100,Legumes and Legume Products,"PEANUT FLOUR,LOW FAT","Peanut flour, low fat",,,,428,33.8,21.9,31.27,0.0,15.8,0.0,0.304,0.0,0.0,0.0,133,11.499,0.172,0.457,130,2.039,4.74,48,4.231,508,7.1,5.99,0.0,0.178823529,0.0,0.0,0.0,0.3325,0.7186875,0.132307692,0.380833333,0.108333333,0.002265556,0.114285714,0.725714286,0.129090909,0.544545455
16101,Legumes and Legume Products,"PIGEON PEAS (RED GM),MATURE SEEDS,RAW","Pigeon peas (red gram), mature seeds, raw",,,Cajanus cajan,343,21.7,1.49,62.78,0.0,15.0,1.0,0.283,0.0,0.0,0.0,456,2.965,0.187,0.643,130,1.057,5.23,183,1.791,367,8.2,2.76,0.001111111,0.166470588,0.0,0.0,0.0,1.14,0.1853125,0.143846154,0.535833333,0.108333333,0.001174444,0.435714286,0.524285714,0.149090909,0.250909091
16102,Legumes and Legume Products,"PIGEON PEAS (RED GM),MATURE SEEDS,CKD,BLD,WO/SALT","Pigeon peas (red gram), mature seeds, cooked, boiled, without salt",,,,121,6.76,0.38,23.25,0.0,6.7,0.0,0.05,0.0,0.0,0.0,111,0.781,0.059,0.146,43,0.269,1.11,46,0.501,119,2.9,0.9,0.0,0.029411765,0.0,0.0,0.0,0.2775,0.0488125,0.045384615,0.121666667,0.035833333,0.000298889,0.10952381,0.17,0.052727273,0.081818182
16103,Legumes and Legume Products,"REFRIED BNS,CND,TRADITIONAL STYLE (INCLUDES USDA COMMODITY)","Refried beans, canned, traditional style (includes USDA commodity)",,,,90,4.98,2.01,13.55,0.54,3.7,0.0,0.103,0.0,6.0,0.09,11,0.367,0.079,0.076,29,0.129,1.44,35,0.289,92,5.8,0.58,0.0,0.060588235,0.0,0.066666667,0.006,0.0275,0.0229375,0.060769231,0.063333333,0.024166667,0.000143333,0.083333333,0.131428571,0.105454545,0.052727273
16104,Legumes and Legume Products,"BACON,MEATLESS","Bacon, meatless",,,,310,10.68,29.52,6.32,0.0,2.6,4.0,0.479,0.0,0.0,6.9,42,7.56,0.481,4.4,23,0.105,2.41,19,0.205,70,7.4,0.42,0.004444444,0.281764706,0.0,0.0,0.46,0.105,0.4725,0.37,3.666666667,0.019166667,0.000116667,0.045238095,0.1,0.134545455,0.038181818
16106,Legumes and Legume Products,MEAT EXTENDER,Meat extender,,,,313,38.11,2.97,38.32,0.0,17.5,2.0,1.336,6.0,0.0,0.0,198,22.021,0.891,0.702,204,0.304,11.99,216,0.271,639,7.4,2.21,0.002222222,0.785882353,2.5,0.0,0.0,0.495,1.3763125,0.685384615,0.585,0.17,0.000337778,0.514285714,0.912857143,0.134545455,0.200909091
16107,Legumes and Legume Products,"SAUSAGE,MEATLESS","Sausage, meatless",,,,257,18.53,18.16,9.84,0.0,2.8,0.0,0.828,0.0,0.0,2.1,26,11.195,0.402,2.343,63,0.25,3.72,36,0.725,225,7.4,1.46,0.0,0.487058824,0.0,0.0,0.14,0.065,0.6996875,0.309230769,1.9525,0.0525,0.000277778,0.085714286,0.321428571,0.134545455,0.132727273
16108,Legumes and Legume Products,"SOYBEANS,MATURE SEEDS,RAW","Soybeans, mature seeds, raw",,,,446,36.49,19.94,30.16,7.33,9.3,1.0,0.377,0.0,6.0,0.85,375,1.623,0.87,0.874,277,1.658,15.7,280,2.517,704,17.8,4.89,0.001111111,0.221764706,0.0,0.066666667,0.056666667,0.9375,0.1014375,0.669230769,0.728333333,0.230833333,0.001842222,0.666666667,1.005714286,0.323636364,0.444545455
16109,Legumes and Legume Products,"SOYBEANS,MATURE CKD,BLD,WO/SALT","Soybeans, mature cooked, boiled, without salt",,,,173,16.64,8.97,9.93,3.0,6.0,0.0,0.234,0.0,1.7,0.35,54,0.399,0.285,0.155,102,0.407,5.14,86,0.824,245,7.3,1.15,0.0,0.137647059,0.0,0.018888889,0.023333333,0.135,0.0249375,0.219230769,0.129166667,0.085,0.000452222,0.204761905,0.35,0.132727273,0.104545455
16110,Legumes and Legume Products,"SOYBEANS,MATURE SEEDS,RSTD,SALTED","Soybeans, mature seeds, roasted, salted",,,,471,35.22,25.4,33.55,4.2,17.7,10.0,0.208,0.0,2.2,0.91,211,1.41,0.145,0.1,138,0.828,3.9,145,2.158,363,19.1,3.14,0.011111111,0.122352941,0.0,0.024444444,0.060666667,0.5275,0.088125,0.111538462,0.083333333,0.115,0.00092,0.345238095,0.518571429,0.347272727,0.285454545
16111,Legumes and Legume Products,"SOYBEANS,MATURE SEEDS,DRY RSTD","Soybeans, mature seeds, dry roasted",Soy nuts,,,451,39.58,21.62,32.72,0.0,8.1,0.0,0.225,0.0,4.6,0.0,205,1.056,0.755,0.427,140,1.079,3.95,228,2.184,649,19.3,4.77,0.0,0.132352941,0.0,0.051111111,0.0,0.5125,0.066,0.580769231,0.355833333,0.116666667,0.001198889,0.542857143,0.927142857,0.350909091,0.433636364
16112,Legumes and Legume Products,MISO,Miso,,,,199,11.69,6.01,26.47,6.2,5.4,4.0,0.199,0.08,0.0,0.01,19,0.906,0.233,0.098,57,0.42,2.49,48,0.859,159,7.0,2.56,0.004444444,0.117058824,0.033333333,0.0,0.000666667,0.0475,0.056625,0.179230769,0.081666667,0.0475,0.000466667,0.114285714,0.227142857,0.127272727,0.232727273
16113,Legumes and Legume Products,NATTO,Natto,,,,212,17.72,11.0,14.36,4.89,5.4,0.0,0.13,0.0,13.0,0.01,8,0.0,0.19,0.16,217,0.667,8.6,115,1.528,174,8.8,3.03,0.0,0.076470588,0.0,0.144444444,0.000666667,0.02,0.0,0.146153846,0.133333333,0.180833333,0.000741111,0.273809524,0.248571429,0.16,0.275454545
16114,Legumes and Legume Products,TEMPEH,Tempeh,,,,193,18.54,10.8,9.39,0.0,0.0,0.0,0.215,0.08,0.0,0.0,24,2.64,0.358,0.078,111,0.56,2.7,81,1.3,266,0.0,1.14,0.0,0.126470588,0.033333333,0.0,0.0,0.06,0.165,0.275384615,0.065,0.0925,0.000622222,0.192857143,0.38,0.0,0.103636364
16115,Legumes and Legume Products,"SOY FLOUR,FULL-FAT,RAW","Soy flour, full-fat, raw",,,,436,34.54,20.65,35.19,7.5,9.6,6.0,0.461,0.0,0.0,1.95,345,4.32,1.16,0.581,206,2.92,6.37,429,2.275,494,7.5,3.92,0.006666667,0.271176471,0.0,0.0,0.13,0.8625,0.27,0.892307692,0.484166667,0.171666667,0.003244444,1.021428571,0.705714286,0.136363636,0.356363636
16116,Legumes and Legume Products,"SOY FLR,FULL-FAT,RSTD","Soy flour, full-fat, roasted",,,,441,34.8,21.86,33.67,7.61,9.7,6.0,0.351,0.0,0.0,1.98,227,3.286,0.941,0.412,188,2.221,5.82,369,2.077,476,7.5,3.58,0.006666667,0.206470588,0.0,0.0,0.132,0.5675,0.205375,0.723846154,0.343333333,0.156666667,0.002467778,0.878571429,0.68,0.136363636,0.325454545
16117,Legumes and Legume Products,"SOY FLOUR,DEFATTED","Soy flour, defatted",,,,330,47.01,1.22,38.37,18.88,17.5,2.0,0.574,0.0,0.0,0.12,305,2.612,0.253,0.698,241,4.065,9.24,290,3.018,674,1.7,2.46,0.002222222,0.337647059,0.0,0.0,0.008,0.7625,0.16325,0.194615385,0.581666667,0.200833333,0.004516667,0.69047619,0.962857143,0.030909091,0.223636364
16118,Legumes and Legume Products,"SOY FLOUR,LOW-FAT","Soy flour, low-fat",,,,375,45.51,8.9,34.93,10.53,16.0,2.0,1.05,0.0,0.0,0.55,289,2.95,0.28,1.088,285,1.6,8.2,285,3.15,675,58.9,4.1,0.002222222,0.617647059,0.0,0.0,0.036666667,0.7225,0.184375,0.215384615,0.906666667,0.2375,0.001777778,0.678571429,0.964285714,1.070909091,0.372727273
16119,Legumes and Legume Products,"SOY MEAL,DEFATTED,RAW","Soy meal, defatted, raw",,,,339,44.95,2.39,40.14,0.0,0.0,2.0,0.569,0.0,0.0,0.0,303,2.587,0.251,0.691,244,2.0,13.7,306,3.8,701,3.3,5.06,0.002222222,0.334705882,0.0,0.0,0.0,0.7575,0.1616875,0.193076923,0.575833333,0.203333333,0.002222222,0.728571429,1.001428571,0.06,0.46
16120,Legumes and Legume Products,"SOYMILK,ORIGINAL & VANILLA,UNFORTIFIED","Soymilk, original and vanilla, unfortified",,,,54,3.27,1.75,6.28,3.99,0.6,0.0,0.077,0.0,0.0,0.11,18,0.513,0.069,0.06,25,0.128,0.64,25,0.223,52,4.8,0.12,0.0,0.045294118,0.0,0.0,0.007333333,0.045,0.0320625,0.053076923,0.05,0.020833333,0.000142222,0.05952381,0.074285714,0.087272727,0.010909091
16121,Legumes and Legume Products,"SOY PROT CONC,PRODUCED BY ALCOHOL EXTRACTION","Soy protein concentrate, produced by alcohol extraction",,,,331,58.13,0.46,30.91,20.0,5.5,0.0,0.134,0.0,0.0,0.0,340,0.716,0.142,0.316,363,0.976,10.78,315,4.19,839,0.8,4.4,0.0,0.078823529,0.0,0.0,0.0,0.85,0.04475,0.109230769,0.263333333,0.3025,0.001084444,0.75,1.198571429,0.014545455,0.4
16122,Legumes and Legume Products,SOY PROTEIN ISOLATE,Soy protein isolate,,,,338,80.69,3.39,7.36,0.0,5.6,0.0,0.1,0.0,0.0,0.0,176,1.438,0.1,0.176,178,1.599,14.5,39,1.493,776,0.8,4.03,0.0,0.058823529,0.0,0.0,0.0,0.44,0.089875,0.076923077,0.146666667,0.148333333,0.001776667,0.092857143,1.108571429,0.014545455,0.366363636
16123,Legumes and Legume Products,SOY SAU MADE FROM SOY&WHEAT (SHOYU),Soy sauce made from soy and wheat (shoyu),,,,53,8.14,0.57,4.93,0.4,0.8,0.0,0.148,0.0,0.0,0.0,14,2.196,0.165,0.033,33,0.043,1.45,74,1.018,166,0.5,0.87,0.0,0.087058824,0.0,0.0,0.0,0.035,0.13725,0.126923077,0.0275,0.0275,4.77778e-05,0.176190476,0.237142857,0.009090909,0.079090909
16124,Legumes and Legume Products,SOY SAU MADE FROM SOY (TAMARI),Soy sauce made from soy (tamari),,,,60,10.51,0.1,5.57,1.7,0.8,0.0,0.2,0.0,0.0,0.0,18,3.951,0.152,0.059,20,0.135,2.38,40,0.499,130,0.8,0.43,0.0,0.117647059,0.0,0.0,0.0,0.045,0.2469375,0.116923077,0.049166667,0.016666667,0.00015,0.095238095,0.185714286,0.014545455,0.039090909
16125,Legumes and Legume Products,SOY SAU MADE FROM HYDROLYZED VEG PROT,Soy sauce made from hydrolyzed vegetable protein,,,,60,7.0,0.51,7.84,1.3,0.5,0.0,0.143,0.0,0.0,0.0,13,2.828,0.109,0.042,17,0.041,0.33,29,0.1,94,0.8,0.23,0.0,0.084117647,0.0,0.0,0.0,0.0325,0.17675,0.083846154,0.035,0.014166667,4.55556e-05,0.069047619,0.134285714,0.014545455,0.020909091
16126,Legumes and Legume Products,"TOFU,FIRM,PREP W/CA SULFATE&MAGNESIUM CHLORIDE (NIGARI)","Tofu, firm, prepared with calcium sulfate and magnesium chloride (nigari)",,,,70,8.19,4.17,1.69,0.6,0.9,0.0,0.071,0.0,0.2,0.01,19,0.101,0.063,0.06,201,0.213,1.61,37,0.625,121,9.9,0.83,0.0,0.041764706,0.0,0.002222222,0.000666667,0.0475,0.0063125,0.048461538,0.05,0.1675,0.000236667,0.088095238,0.172857143,0.18,0.075454545
16127,Legumes and Legume Products,"TOFU,SOFT,PREP W/CA SULFATE&MAGNESIUM CHLORIDE (NIGARI)","Tofu, soft, prepared with calcium sulfate and magnesium chloride (nigari)",,,,61,6.55,3.69,1.8,0.7,0.2,0.0,0.052,0.0,0.2,0.01,44,0.535,0.037,0.047,111,0.157,1.11,27,0.389,92,8.9,0.64,0.0,0.030588235,0.0,0.002222222,0.000666667,0.11,0.0334375,0.028461538,0.039166667,0.0925,0.000174444,0.064285714,0.131428571,0.161818182,0.058181818
16128,Legumes and Legume Products,"TOFU,DRIED-FROZEN (KOYADOFU)","Tofu, dried-frozen (koyadofu)",,,,480,47.94,30.34,14.56,0.0,7.2,26.0,0.286,0.0,0.7,0.0,92,1.189,0.317,0.494,364,1.179,9.73,59,3.689,483,54.3,4.9,0.028888889,0.168235294,0.0,0.007777778,0.0,0.23,0.0743125,0.243846154,0.411666667,0.303333333,0.00131,0.14047619,0.69,0.987272727,0.445454545
16129,Legumes and Legume Products,"TOFU,FRIED","Tofu, fried",,,,271,17.19,20.18,10.49,2.72,3.9,1.0,0.099,0.0,0.0,0.04,27,0.1,0.05,0.17,372,0.398,4.87,60,1.495,287,28.5,1.99,0.001111111,0.058235294,0.0,0.0,0.002666667,0.0675,0.00625,0.038461538,0.141666667,0.31,0.000442222,0.142857143,0.41,0.518181818,0.180909091
16130,Legumes and Legume Products,OKARA,Okara,,,,77,3.22,1.73,12.54,0.0,0.0,0.0,0.115,0.0,0.0,0.0,26,0.1,0.02,0.02,80,0.2,1.3,26,0.404,60,10.6,0.56,0.0,0.067647059,0.0,0.0,0.0,0.065,0.00625,0.015384615,0.016666667,0.066666667,0.000222222,0.061904762,0.085714286,0.192727273,0.050909091
16132,Legumes and Legume Products,"TOFU,SALTED&FERMENTED (FUYU)","Tofu, salted and fermented (fuyu)",,,,116,8.15,8.0,5.15,0.0,0.0,0.0,0.091,0.0,0.2,0.0,29,0.379,0.101,0.157,46,0.376,1.98,52,1.174,73,17.3,1.56,0.0,0.053529412,0.0,0.002222222,0.0,0.0725,0.0236875,0.077692308,0.130833333,0.038333333,0.000417778,0.123809524,0.104285714,0.314545455,0.141818182
16133,Legumes and Legume Products,"YARDLONG BNS,MATURE SEEDS,RAW","Yardlong beans, mature seeds, raw",,,Vigna uniguiculata subsp. sesquipedalis,347,24.33,1.31,61.91,0.0,11.0,3.0,0.371,0.0,1.6,0.0,658,2.158,0.235,0.887,138,0.879,8.61,338,1.59,559,8.2,3.5,0.003333333,0.218235294,0.0,0.017777778,0.0,1.645,0.134875,0.180769231,0.739166667,0.115,0.000976667,0.804761905,0.798571429,0.149090909,0.318181818
16134,Legumes and Legume Products,"YARDLONG BNS,MATURE SEEDS,CKD,BLD,WO/SALT","Yardlong beans, mature seeds, cooked, boiled, without salt",,,,118,8.29,0.45,21.09,0.0,3.8,0.0,0.095,0.0,0.4,0.0,146,0.551,0.064,0.212,42,0.225,2.64,98,0.487,181,2.8,1.08,0.0,0.055882353,0.0,0.004444444,0.0,0.365,0.0344375,0.049230769,0.176666667,0.035,0.00025,0.233333333,0.258571429,0.050909091,0.098181818
16135,Legumes and Legume Products,"WINGED BNS,MATURE SEEDS,RAW","Winged beans, mature seeds, raw",,,Psophocarpus tetragonolobus,409,29.65,16.32,41.71,0.0,25.9,0.0,0.175,0.0,0.0,0.0,45,3.09,0.45,1.03,440,2.88,13.44,179,3.721,451,8.2,4.48,0.0,0.102941176,0.0,0.0,0.0,0.1125,0.193125,0.346153846,0.858333333,0.366666667,0.0032,0.426190476,0.644285714,0.149090909,0.407272727
16136,Legumes and Legume Products,"WINGED BNS,MATURE SEEDS,CKD,BLD,WO/ SALT","Winged beans, mature seeds, cooked, boiled, without salt",,,,147,10.62,5.84,14.94,0.0,0.0,0.0,0.047,0.0,0.0,0.0,10,0.83,0.129,0.295,142,0.773,4.33,54,1.199,153,2.9,1.44,0.0,0.027647059,0.0,0.0,0.0,0.025,0.051875,0.099230769,0.245833333,0.118333333,0.000858889,0.128571429,0.218571429,0.052727273,0.130909091
16137,Legumes and Legume Products,"HUMMUS,HOME PREP","Hummus, home prepared",,,,177,4.86,8.59,20.12,0.27,4.0,0.0,0.399,0.0,7.9,0.75,59,0.399,0.052,0.089,49,0.224,1.56,29,0.567,110,2.4,1.09,0.0,0.234705882,0.0,0.087777778,0.05,0.1475,0.0249375,0.04,0.074166667,0.040833333,0.000248889,0.069047619,0.157142857,0.043636364,0.099090909
16138,Legumes and Legume Products,"FALAFEL,HOME-PREPARED","Falafel, home-prepared",,,,333,13.31,17.8,31.84,0.0,0.0,1.0,0.125,0.0,1.6,0.0,104,1.044,0.166,0.146,54,0.258,3.42,82,0.691,192,1.0,1.5,0.001111111,0.073529412,0.0,0.017777778,0.0,0.26,0.06525,0.127692308,0.121666667,0.045,0.000286667,0.195238095,0.274285714,0.018181818,0.136363636
16139,Legumes and Legume Products,"SOYMILK,ORIGINAL & VANILLA,W/ ADDED CA,VITAMINS A & D","Soymilk, original and vanilla, with added calcium, vitamins A and D",,,,43,2.6,1.47,4.92,3.65,0.2,55.0,0.031,0.85,0.0,0.11,9,0.425,0.184,0.029,123,0.165,0.42,15,0.062,43,2.3,0.26,0.061111111,0.018235294,0.354166667,0.0,0.007333333,0.0225,0.0265625,0.141538462,0.024166667,0.1025,0.000183333,0.035714286,0.061428571,0.041818182,0.023636364
16144,Legumes and Legume Products,"LENTILS,PINK OR RED,RAW","Lentils, pink or red, raw",,,,358,23.91,2.17,63.1,0.0,10.8,3.0,0.403,0.0,1.7,0.0,204,1.495,0.106,0.51,48,1.303,7.39,59,1.716,294,0.0,3.6,0.003333333,0.237058824,0.0,0.018888889,0.0,0.51,0.0934375,0.081538462,0.425,0.04,0.001447778,0.14047619,0.42,0.0,0.327272727
16145,Legumes and Legume Products,"BEANS,RED,KIDNEY,MATURE SEEDS,CND,DRND SOL","Beans, red, kidney, mature seeds, canned, drained solids",,,,124,7.98,1.05,21.49,3.8,5.5,0.0,0.0,0.0,0.2,0.0,28,0.46,0.016,0.067,57,0.272,1.5,30,0.384,121,1.6,0.75,0.0,0.0,0.0,0.002222222,0.0,0.07,0.02875,0.012307692,0.055833333,0.0475,0.000302222,0.071428571,0.172857143,0.029090909,0.068181818
16146,Legumes and Legume Products,"BEANS,PINTO,CND,DRND SOL","Beans, pinto, canned, drained solids",,,,114,6.99,0.9,20.22,0.54,5.5,0.0,0.0,0.0,0.1,0.0,24,0.272,0.019,0.052,63,0.259,1.33,32,0.383,101,0.0,0.61,0.0,0.0,0.0,0.001111111,0.0,0.06,0.017,0.014615385,0.043333333,0.0525,0.000287778,0.076190476,0.144285714,0.0,0.055454545
16147,Legumes and Legume Products,VEGGIE BURGERS OR SOYBURGERS  UNPREP,"Veggie burgers or soyburgers, unprepared",,,,177,15.7,6.3,14.27,1.07,4.9,1.0,0.303,2.01,4.5,0.23,124,3.753,0.244,2.651,136,0.2,2.41,56,0.951,206,22.6,1.26,0.001111111,0.178235294,0.8375,0.05,0.015333333,0.31,0.2345625,0.187692308,2.209166667,0.113333333,0.000222222,0.133333333,0.294285714,0.410909091,0.114545455
16149,Legumes and Legume Products,"PEANUT SPRD,RED SUGAR","Peanut spread, reduced sugar",,,,650,24.8,54.89,14.23,3.34,7.8,0.0,0.471,0.0,0.0,8.06,144,16.385,0.122,0.116,72,0.76,2.84,164,1.979,350,9.1,3.51,0.0,0.277058824,0.0,0.0,0.537333333,0.36,1.0240625,0.093846154,0.096666667,0.06,0.000844444,0.39047619,0.5,0.165454545,0.319090909
16150,Legumes and Legume Products,"PEANUT BUTTER,SMOOTH,RED FAT","Peanut butter, smooth, reduced fat",,,,520,25.9,34.0,35.65,9.28,5.2,0.0,0.31,0.0,0.0,9.04,60,14.6,0.06,0.27,35,0.58,1.9,170,1.475,369,7.5,2.8,0.0,0.182352941,0.0,0.0,0.602666667,0.15,0.9125,0.046153846,0.225,0.029166667,0.000644444,0.404761905,0.527142857,0.136363636,0.254545455
16155,Legumes and Legume Products,"PEANUT BUTTER,SMOOTH,VIT & MINERAL FORT","Peanut butter, smooth, vitamin and mineral fortified",,,,591,25.72,50.81,18.75,10.47,5.6,1172.0,2.23,0.0,0.0,43.2,540,13.369,0.105,0.083,43,1.64,16.6,355,0.0,368,7.5,14.4,1.302222222,1.311764706,0.0,0.0,2.88,1.35,0.8355625,0.080769231,0.069166667,0.035833333,0.001822222,0.845238095,0.525714286,0.136363636,1.309090909
16156,Legumes and Legume Products,"PEANUT BUTTER,CHUNKY,VITAMIN&MINERAL FORT","Peanut butter, chunky, vitamin and mineral fortified",,,,593,26.06,51.47,17.69,10.94,5.7,1172.0,2.52,0.0,0.0,43.2,467,13.64,0.112,0.125,45,1.77,17.5,370,0.0,316,7.5,15.1,1.302222222,1.482352941,0.0,0.0,2.88,1.1675,0.8525,0.086153846,0.104166667,0.0375,0.001966667,0.880952381,0.451428571,0.136363636,1.372727273
16157,Legumes and Legume Products,CHICKPEA FLOUR (BESAN),Chickpea flour (besan),,,,387,22.39,6.69,57.82,10.85,10.8,2.0,0.492,0.0,0.0,0.83,437,1.762,0.106,0.486,45,0.912,4.86,166,1.6,318,8.3,2.81,0.002222222,0.289411765,0.0,0.0,0.055333333,1.0925,0.110125,0.081538462,0.405,0.0375,0.001013333,0.395238095,0.454285714,0.150909091,0.255454545
16158,Legumes and Legume Products,"HUMMUS,COMMERCIAL","Hummus, commercial",,,,166,7.9,9.6,14.29,0.0,6.0,0.0,0.2,0.0,0.0,0.0,83,0.582,0.064,0.18,38,0.527,2.44,71,0.773,176,2.6,1.83,0.0,0.117647059,0.0,0.0,0.0,0.2075,0.036375,0.049230769,0.15,0.031666667,0.000585556,0.169047619,0.251428571,0.047272727,0.166363636
16159,Legumes and Legume Products,"TOFU,EX FIRM,PREP W/NIGARI","Tofu, extra firm, prepared with nigari",,,,91,9.89,5.83,2.0,0.5,0.4,0.0,0.063,0.0,0.5,0.0,17,0.288,0.045,0.048,175,0.191,1.84,53,0.759,136,13.0,1.1,0.0,0.037058824,0.0,0.005555556,0.0,0.0425,0.018,0.034615385,0.04,0.145833333,0.000212222,0.126190476,0.194285714,0.236363636,0.1
16160,Legumes and Legume Products,"TOFU,HARD,PREP W/NIGARI","Tofu, hard, prepared with nigari",,,,146,12.68,9.99,4.39,0.0,0.6,0.0,0.039,0.0,0.3,0.0,22,0.639,0.077,0.042,345,0.328,2.75,53,1.052,231,16.8,1.66,0.0,0.022941176,0.0,0.003333333,0.0,0.055,0.0399375,0.059230769,0.035,0.2875,0.000364444,0.126190476,0.33,0.305454545,0.150909091
16161,Legumes and Legume Products,"MORI-NU,TOFU,SILKEN,SOFT","MORI-NU, Tofu, silken, soft",,,,55,4.8,2.7,2.9,1.31,0.1,0.0,0.011,0.0,0.0,0.0,0,0.3,0.04,0.1,31,0.207,0.82,29,0.0,62,0.0,0.52,0.0,0.006470588,0.0,0.0,0.0,0.0,0.01875,0.030769231,0.083333333,0.025833333,0.00023,0.069047619,0.088571429,0.0,0.047272727
16162,Legumes and Legume Products,"MORI-NU,TOFU,SILKEN,FIRM","MORI-NU, Tofu, silken, firm",,,,62,6.9,2.7,2.4,1.27,0.1,0.0,0.011,0.0,0.0,0.0,0,0.247,0.041,0.101,32,0.203,1.03,27,0.0,90,0.0,0.61,0.0,0.006470588,0.0,0.0,0.0,0.0,0.0154375,0.031538462,0.084166667,0.026666667,0.000225556,0.064285714,0.128571429,0.0,0.055454545
16163,Legumes and Legume Products,"MORI-NU,TOFU,SILKEN,EX FIRM","MORI-NU, Tofu, silken, extra firm",,,,55,7.4,1.9,2.0,0.99,0.1,0.0,0.011,0.0,0.0,0.0,0,0.235,0.034,0.079,31,0.2,1.19,27,0.0,100,0.0,0.6,0.0,0.006470588,0.0,0.0,0.0,0.0,0.0146875,0.026153846,0.065833333,0.025833333,0.000222222,0.064285714,0.142857143,0.0,0.054545455
16164,Legumes and Legume Products,"MORI-NU,TOFU,SILKEN,LITE FIRM","MORI-NU, Tofu, silken, lite firm",,,,37,6.3,0.8,1.1,0.45,0.0,0.0,0.0,0.0,0.0,0.0,0,0.11,0.02,0.04,36,0.121,0.75,10,0.0,81,0.0,0.33,0.0,0.0,0.0,0.0,0.0,0.0,0.006875,0.015384615,0.033333333,0.03,0.000134444,0.023809524,0.115714286,0.0,0.03
16165,Legumes and Legume Products,"MORI-NU,TOFU,SILKEN,LITE EX FIRM","MORI-NU, Tofu, silken, lite extra firm",,,,38,7.0,0.7,1.0,0.42,0.0,0.0,0.0,0.0,0.0,0.0,0,0.11,0.02,0.03,43,0.129,0.79,10,0.0,83,0.0,0.26,0.0,0.0,0.0,0.0,0.0,0.0,0.006875,0.015384615,0.025,0.035833333,0.000143333,0.023809524,0.118571429,0.0,0.023636364
16166,Legumes and Legume Products,"SOYMILK,CHOC,UNFORTIFIED","Soymilk, chocolate, unfortified",,,,63,2.26,1.53,9.95,7.86,0.4,0.0,0.077,0.7,1.7,0.01,11,0.513,0.262,0.022,25,0.206,0.48,15,0.0,51,4.8,0.34,0.0,0.045294118,0.291666667,0.018888889,0.000666667,0.0275,0.0320625,0.201538462,0.018333333,0.020833333,0.000228889,0.035714286,0.072857143,0.087272727,0.030909091
16167,Legumes and Legume Products,"USDA CMDTY,PNUT BUTTER,SMOOTH","USDA Commodity, Peanut Butter, smooth",,,,588,21.93,49.54,23.98,6.5,5.7,0.0,0.551,0.0,0.0,5.94,35,13.16,0.105,0.107,54,0.571,2.16,179,1.361,335,40.4,2.67,0.0,0.324117647,0.0,0.0,0.396,0.0875,0.8225,0.080769231,0.089166667,0.045,0.000634444,0.426190476,0.478571429,0.734545455,0.242727273
16168,Legumes and Legume Products,"SOYMILK,CHOC,W/ ADDED CA,VITAMINS A & D","Soymilk, chocolate, with added calcium, vitamins A and D",,,,63,2.26,1.53,9.95,7.86,0.4,70.0,0.077,0.7,1.7,0.11,11,0.513,0.262,0.022,126,0.206,0.48,15,0.0,51,4.8,0.34,0.077777778,0.045294118,0.291666667,0.018888889,0.007333333,0.0275,0.0320625,0.201538462,0.018333333,0.105,0.000228889,0.035714286,0.072857143,0.087272727,0.030909091
16171,Legumes and Legume Products,"REFRIED BNS,CND,VEGETARIAN","Refried beans, canned, vegetarian",,,,83,5.28,0.87,13.5,0.59,4.7,0.0,0.107,0.0,0.0,0.09,0,0.37,0.015,0.04,35,0.171,1.7,38,0.332,114,5.6,0.74,0.0,0.062941176,0.0,0.0,0.006,0.0,0.023125,0.011538462,0.033333333,0.029166667,0.00019,0.09047619,0.162857143,0.101818182,0.067272727
16172,Legumes and Legume Products,"REFRIED BNS,CND,FAT-FREE","Refried beans, canned, fat-free",,,,79,5.34,0.45,13.5,0.61,4.7,0.0,0.113,0.0,0.9,0.04,57,0.362,0.015,0.03,34,0.163,1.62,38,0.326,111,5.7,0.65,0.0,0.066470588,0.0,0.01,0.002666667,0.1425,0.022625,0.011538462,0.025,0.028333333,0.000181111,0.09047619,0.158571429,0.103636364,0.059090909
16173,Legumes and Legume Products,"FRIJOLES ROJOS VOLTEADOS (REFRIED BNS,RED,CANNED)","Frijoles rojos volteados (Refried beans, red, canned)",,,,144,5.0,6.93,15.47,0.0,4.7,0.0,0.085,0.0,0.0,1.04,0,0.64,0.017,0.027,33,0.22,1.95,36,0.295,91,3.5,0.7,0.0,0.05,0.0,0.0,0.069333333,0.0,0.04,0.013076923,0.0225,0.0275,0.000244444,0.085714286,0.13,0.063636364,0.063636364
16174,Legumes and Legume Products,"TEMPEH,CKD","Tempeh, cooked",,,,196,18.19,11.38,9.35,0.0,0.0,0.0,0.199,0.14,0.0,0.0,21,2.135,0.357,0.054,96,0.54,2.13,77,1.285,253,0.0,1.57,0.0,0.117058824,0.058333333,0.0,0.0,0.0525,0.1334375,0.274615385,0.045,0.08,0.0006,0.183333333,0.361428571,0.0,0.142727273
16200,Legumes and Legume Products,CAMPBELLS BRN SUGAR&BACON FLAV BKD BNS,Campbells Brown Sugar And Bacon Flavored Baked Beans,,Campbell Soup Co.,,123,3.85,1.92,23.08,10.0,6.2,0.0,0.0,0.0,0.0,0.0,0,0.0,0.0,0.0,31,0.0,1.11,0,0.0,0,0.0,0.0,0.0,0.0,0.0,0.0,0.0,0.0,0.0,0.0,0.0,0.025833333,0.0,0.0,0.0,0.0,0.0
16201,Legumes and Legume Products,CAMPBELLS PORK & BNS,Campbells Pork and Beans,,Campbell Soup Co.,,108,4.62,1.15,19.23,6.15,5.4,0.0,0.0,0.0,0.0,0.0,0,0.0,0.0,0.0,31,0.0,1.11,0,0.0,0,0.0,0.0,0.0,0.0,0.0,0.0,0.0,0.0,0.0,0.0,0.0,0.025833333,0.0,0.0,0.0,0.0,0.0
16202,Legumes and Legume Products,"PACE,TRADITIONAL REFRIED BNS","PACE, Traditional Refried Beans",,Campbell Soup Co.,,67,4.17,0.0,10.83,2.5,4.2,0.0,0.0,0.0,0.0,0.0,0,0.0,0.0,0.0,33,0.0,0.9,0,0.0,0,0.0,0.0,0.0,0.0,0.0,0.0,0.0,0.0,0.0,0.0,0.0,0.0275,0.0,0.0,0.0,0.0,0.0
16203,Legumes and Legume Products,"PACE,SALSA REFRIED BNS","PACE, Salsa Refried Beans",,Campbell Soup Co.,,60,3.33,0.0,11.67,3.33,3.3,0.0,0.0,0.0,0.0,0.0,0,0.0,0.0,0.0,33,0.0,0.9,0,0.0,0,0.0,0.0,0.0,0.0,0.0,0.0,0.0,0.0,0.0,0.0,0.0,0.0275,0.0,0.0,0.0,0.0,0.0
16204,Legumes and Legume Products,"PACE,SPICY JALAPENO REFRIED BNS","PACE, Spicy Jalapeno Refried Beans",,Campbell Soup Co.,,63,4.17,0.0,11.67,3.33,4.2,0.0,0.0,0.0,0.0,0.0,0,0.0,0.0,0.0,33,0.0,0.9,0,0.0,0,0.0,0.0,0.0,0.0,0.0,0.0,0.0,0.0,0.0,0.0,0.0,0.0275,0.0,0.0,0.0,0.0,0.0
16210,Legumes and Legume Products,"VITASOY USA,NASOYA LITE FIRM TOFU","Vitasoy USA, Nasoya Lite Firm Tofu",,Vitasoy USA,,54,8.3,1.7,1.3,0.2,0.6,95.0,0.0,2.36,0.0,5.22,0,0.0,0.0,0.0,184,0.0,1.6,0,0.0,181,0.0,0.0,0.105555556,0.0,0.983333333,0.0,0.348,0.0,0.0,0.0,0.0,0.153333333,0.0,0.0,0.258571429,0.0,0.0
16211,Legumes and Legume Products,"VITASOY USA,ORGANIC NASOYA SUPER FIRM CUBED TOFU","Vitasoy USA, Organic Nasoya Super Firm Cubed Tofu",,,,118,12.4,6.3,2.8,0.6,2.0,0.0,0.0,0.0,0.0,0.0,0,0.0,0.0,0.0,188,0.0,2.0,0,0.0,0,0.0,0.0,0.0,0.0,0.0,0.0,0.0,0.0,0.0,0.0,0.0,0.156666667,0.0,0.0,0.0,0.0,0.0
16212,Legumes and Legume Products,"VITASOY USA,ORGANIC NASOYA EX FIRM TOFU","Vitasoy USA, Organic Nasoya Extra Firm Tofu",,Vitasoy USA,,98,10.1,5.2,2.6,0.4,1.3,2.0,0.0,0.0,0.0,0.0,0,0.0,0.0,0.0,77,0.0,1.6,0,0.0,0,0.0,0.0,0.002222222,0.0,0.0,0.0,0.0,0.0,0.0,0.0,0.0,0.064166667,0.0,0.0,0.0,0.0,0.0
16213,Legumes and Legume Products,"VITASOY USA,ORGANIC NASOYA FIRM TOFU","Vitasoy USA, Organic Nasoya Firm Tofu",,Vitasoy USA,,84,8.9,4.4,2.3,0.3,0.8,0.0,0.0,0.0,0.0,0.0,0,0.0,0.0,0.0,125,0.0,1.2,0,0.0,0,0.0,0.0,0.0,0.0,0.0,0.0,0.0,0.0,0.0,0.0,0.0,0.104166667,0.0,0.0,0.0,0.0,0.0
16214,Legumes and Legume Products,VITASOY USA  ORGANIC NASOYA SILKEN TOFU,"Vitasoy USA, Organic Nasoya Silken Tofu",,Vitasoy USA,,47,4.8,2.5,1.4,0.2,0.3,0.0,0.0,0.0,0.0,0.0,0,0.0,0.0,0.0,75,0.0,0.9,0,0.0,0,0.0,0.0,0.0,0.0,0.0,0.0,0.0,0.0,0.0,0.0,0.0,0.0625,0.0,0.0,0.0,0.0,0.0
16215,Legumes and Legume Products,"VITASOY USA,VITASOY ORGANIC CREAMY ORIGINAL SOYMILK","Vitasoy USA, Vitasoy Organic Creamy Original Soymilk",,,,44,2.9,1.6,4.5,2.0,0.4,0.0,0.0,0.39,0.0,0.0,0,0.0,0.15,0.06,127,0.0,0.4,16,0.0,0,0.0,0.37,0.0,0.0,0.1625,0.0,0.0,0.0,0.0,0.115384615,0.05,0.105833333,0.0,0.038095238,0.0,0.0,0.033636364
16216,Legumes and Legume Products,"VITASOY USA,VITASOY ORGANIC CLASSIC ORIGINAL SOYMILK","Vitasoy USA, Vitasoy Organic Classic Original Soymilk",,,,47,3.2,1.8,4.5,2.0,0.4,0.0,0.0,0.0,0.0,0.0,0,0.0,0.0,0.0,17,0.0,0.44,0,0.0,0,0.0,0.0,0.0,0.0,0.0,0.0,0.0,0.0,0.0,0.0,0.0,0.014166667,0.0,0.0,0.0,0.0,0.0
16219,Legumes and Legume Products,"VITASOY USA,VITASOY LT VANILLA SOYMILK","Vitasoy USA, Vitasoy Light Vanilla Soymilk",,Vitasoy USA,,30,1.6,0.82,4.1,2.9,0.1,0.0,0.0,0.37,0.0,0.0,0,0.0,0.14,0.02,123,0.0,0.3,10,0.0,0,0.0,0.37,0.0,0.0,0.154166667,0.0,0.0,0.0,0.0,0.107692308,0.016666667,0.1025,0.0,0.023809524,0.0,0.0,0.033636364
16222,Legumes and Legume Products,"SOYMILK (ALL FLAVORS),UNSWTND,W/ ADDED CA,VITAMINS A & D","Soymilk (all flavors), unsweetened, with added calcium, vitamins A and D",,,,33,2.86,1.61,1.74,0.41,0.5,0.0,0.049,1.11,0.0,0.0,0,0.165,0.207,0.154,124,0.082,0.46,16,0.0,32,0.0,0.0,0.0,0.028823529,0.4625,0.0,0.0,0.0,0.0103125,0.159230769,0.128333333,0.103333333,9.11111e-05,0.038095238,0.045714286,0.0,0.0
16223,Legumes and Legume Products,"SOYMILK (ALL FLAVORS),ENHANCED","Soymilk (All flavors), enhanced",,,,45,2.94,1.99,3.45,2.53,0.4,0.0,0.233,1.08,7.2,2.52,0,3.292,0.199,0.062,140,0.123,0.49,0,0.0,0,2.3,0.24,0.0,0.137058824,0.45,0.08,0.168,0.0,0.20575,0.153076923,0.051666667,0.116666667,0.000136667,0.0,0.0,0.041818182,0.021818182
16225,Legumes and Legume Products,"SOYMILK,ORIGINAL & VANILLA,LT,W/ ADDED CA,VITAMINS A & D","Soymilk, original and vanilla, light, with added calcium, vitamins A and D",,,,30,2.38,0.77,3.51,2.61,0.3,61.0,0.016,1.0,0.0,0.06,9,0.222,0.201,0.037,123,0.086,0.43,15,0.0,87,2.3,0.23,0.067777778,0.009411765,0.416666667,0.0,0.004,0.0225,0.013875,0.154615385,0.030833333,0.1025,9.55556e-05,0.035714286,0.124285714,0.041818182,0.020909091
16227,Legumes and Legume Products,"SOYMILK,CHOC & OTHER FLAVORS,LT,W/ ADDED CA,VITAMINS A & D","Soymilk, chocolate and other flavors, light, with added calcium, vitamins A and D",,,,47,2.1,0.64,8.24,7.13,0.7,61.0,0.037,1.0,0.0,0.13,9,0.512,0.201,0.037,123,0.199,0.59,15,0.074,87,1.7,0.23,0.067777778,0.021764706,0.416666667,0.0,0.008666667,0.0225,0.032,0.154615385,0.030833333,0.1025,0.000221111,0.035714286,0.124285714,0.030909091,0.020909091
16228,Legumes and Legume Products,"SOYMILK,ORIGINAL & VANILLA,LT,UNSWTND,W/ ADDED CA,VIT A & D","Soymilk, original and vanilla, light, unsweetened, with added calcium, vitamins A and D",,,,34,2.62,0.85,3.85,0.41,0.6,0.0,0.0,0.23,0.0,0.0,0,0.0,0.174,0.0,123,0.0,0.46,13,0.0,103,0.0,0.1,0.0,0.0,0.095833333,0.0,0.0,0.0,0.0,0.133846154,0.0,0.1025,0.0,0.030952381,0.147142857,0.0,0.009090909
16229,Legumes and Legume Products,"SOYMILK (ALL FLAVORS),LOWFAT,W/ ADDED CA,VITAMINS A & D","Soymilk (All flavors), lowfat, with added calcium, vitamins A and D",,,,43,1.65,0.62,7.2,3.5,0.8,62.0,0.0,0.0,0.0,0.0,0,0.0,0.0,0.0,82,0.0,0.44,0,0.0,62,0.0,0.0,0.068888889,0.0,0.0,0.0,0.0,0.0,0.0,0.0,0.0,0.068333333,0.0,0.0,0.088571429,0.0,0.0
16230,Legumes and Legume Products,"SOYMILK (ALL FLAVORS),NONFAT,W/ ADDED CA,VITAMINS A & D","Soymilk (all flavors), nonfat, with added calcium, vitamins A and D",,,,28,2.47,0.04,4.14,3.65,0.2,61.0,0.024,0.23,0.0,0.08,7,0.323,0.174,0.022,116,0.125,0.35,10,0.0,87,1.8,0.1,0.067777778,0.014117647,0.095833333,0.0,0.005333333,0.0175,0.0201875,0.133846154,0.018333333,0.096666667,0.000138889,0.023809524,0.124285714,0.032727273,0.009090909
16231,Legumes and Legume Products,"SOYMILK,CHOC,NONFAT,W/ ADDED CA,VITAMINS A & D","Soymilk, chocolate, nonfat, with added calcium, vitamins A and D",,,,44,2.47,0.04,8.51,3.65,0.2,61.0,0.037,0.23,0.0,0.13,7,0.512,0.174,0.037,116,0.199,0.35,10,0.0,87,1.7,0.1,0.067777778,0.021764706,0.095833333,0.0,0.008666667,0.0175,0.032,0.133846154,0.030833333,0.096666667,0.000221111,0.023809524,0.124285714,0.030909091,0.009090909
16235,Legumes and Legume Products,"SILK PLN,SOYMILK","SILK Plain, soymilk",,WhiteWave Foods Company,,41,2.88,1.65,3.29,2.47,0.4,0.0,0.0,1.23,0.0,0.0,0,0.0,0.21,0.0,123,0.0,0.44,16,0.0,0,2.3,0.25,0.0,0.0,0.5125,0.0,0.0,0.0,0.0,0.161538462,0.0,0.1025,0.0,0.038095238,0.0,0.041818182,0.022727273
16236,Legumes and Legume Products,"SILK VANILLA,SOYMILK","SILK Vanilla, soymilk",,WhiteWave Foods Company,,41,2.47,1.44,4.12,2.88,0.4,0.0,0.0,1.23,0.0,0.0,0,0.0,0.21,0.0,123,0.0,0.44,16,0.0,0,2.3,0.25,0.0,0.0,0.5125,0.0,0.0,0.0,0.0,0.161538462,0.0,0.1025,0.0,0.038095238,0.0,0.041818182,0.022727273
16237,Legumes and Legume Products,"SILK CHOC,SOYMILK","SILK Chocolate, soymilk",,WhiteWave Foods Company,,58,2.06,1.44,9.47,7.82,0.8,0.0,0.0,1.23,0.0,0.0,0,0.0,0.21,0.0,123,0.0,0.59,16,0.0,0,1.7,0.25,0.0,0.0,0.5125,0.0,0.0,0.0,0.0,0.161538462,0.0,0.1025,0.0,0.038095238,0.0,0.030909091,0.022727273
16238,Legumes and Legume Products,"SILK LT PLN,SOYMILK","SILK Light Plain, soymilk",,WhiteWave Foods Company,,29,2.47,0.82,3.29,2.47,0.4,0.0,0.0,1.23,0.0,0.0,0,0.0,0.21,0.0,123,0.0,0.44,16,0.0,0,2.3,0.25,0.0,0.0,0.5125,0.0,0.0,0.0,0.0,0.161538462,0.0,0.1025,0.0,0.038095238,0.0,0.041818182,0.022727273
16239,Legumes and Legume Products,"SILK LT VANILLA,SOYMILK","SILK Light Vanilla, soymilk",,WhiteWave Foods Company,,33,2.47,0.82,4.12,2.88,0.4,0.0,0.0,1.23,0.0,0.0,0,0.0,0.21,0.0,123,0.0,0.44,16,0.0,0,2.3,0.25,0.0,0.0,0.5125,0.0,0.0,0.0,0.0,0.161538462,0.0,0.1025,0.0,0.038095238,0.0,0.041818182,0.022727273
16240,Legumes and Legume Products,"SILK LT CHOC,SOYMILK","SILK Light Chocolate, soymilk",,WhiteWave Foods Company,,49,2.06,0.62,9.05,7.82,0.8,0.0,0.0,1.23,0.0,0.0,0,0.0,0.21,0.0,123,0.0,0.59,16,0.0,0,1.7,0.25,0.0,0.0,0.5125,0.0,0.0,0.0,0.0,0.161538462,0.0,0.1025,0.0,0.038095238,0.0,0.030909091,0.022727273
16241,Legumes and Legume Products,"SILK PLUS OMEGA-3 DHA,SOYMILK","SILK Plus Omega-3 DHA, soymilk",,WhiteWave Foods Company,,45,2.88,2.06,3.29,2.47,0.4,0.0,0.0,1.23,0.0,0.0,0,0.0,0.21,0.0,144,0.0,0.44,16,0.0,0,2.3,0.25,0.0,0.0,0.5125,0.0,0.0,0.0,0.0,0.161538462,0.0,0.12,0.0,0.038095238,0.0,0.041818182,0.022727273
16242,Legumes and Legume Products,"SILK PLUS FOR BONE HEALTH,SOYMILK","SILK Plus for Bone Health, soymilk",,WhiteWave Foods Company,,41,2.47,1.44,4.53,2.88,0.8,0.0,0.0,1.23,0.0,0.0,0,0.0,0.21,0.0,165,0.0,0.44,16,0.0,0,2.3,0.25,0.0,0.0,0.5125,0.0,0.0,0.0,0.0,0.161538462,0.0,0.1375,0.0,0.038095238,0.0,0.041818182,0.022727273
16243,Legumes and Legume Products,"SILK PLUS FIBER,SOYMILK","SILK Plus Fiber, soymilk",,WhiteWave Foods Company,,41,2.47,1.44,5.76,2.88,2.1,0.0,0.0,1.23,0.0,0.0,0,0.0,0.21,0.0,123,0.0,0.44,16,0.0,0,2.3,0.25,0.0,0.0,0.5125,0.0,0.0,0.0,0.0,0.161538462,0.0,0.1025,0.0,0.038095238,0.0,0.041818182,0.022727273
16244,Legumes and Legume Products,"SILK UNSWTND,SOYMILK","SILK Unsweetened, soymilk",,WhiteWave Foods Company,,33,2.88,1.65,1.65,0.41,0.4,0.0,0.0,1.23,0.0,0.0,0,0.0,0.21,0.0,123,0.0,0.44,16,0.0,0,2.3,0.25,0.0,0.0,0.5125,0.0,0.0,0.0,0.0,0.161538462,0.0,0.1025,0.0,0.038095238,0.0,0.041818182,0.022727273
16245,Legumes and Legume Products,"SILK VERY VANILLA,SOYMILK","SILK Very Vanilla, soymilk",,WhiteWave Foods Company,,53,2.47,1.65,7.82,6.58,0.4,0.0,0.0,1.23,8.6,0.0,0,0.0,0.21,0.0,144,0.0,0.44,16,0.0,0,2.3,0.62,0.0,0.0,0.5125,0.095555556,0.0,0.0,0.0,0.161538462,0.0,0.12,0.0,0.038095238,0.0,0.041818182,0.056363636
16246,Legumes and Legume Products,"SILK NOG,SOYMILK","SILK Nog, soymilk",,WhiteWave Foods Company,,74,2.46,1.64,12.3,9.84,0.0,0.0,0.0,0.0,0.0,0.0,0,0.0,0.0,0.0,16,0.0,0.3,0,0.0,0,0.0,0.0,0.0,0.0,0.0,0.0,0.0,0.0,0.0,0.0,0.0,0.013333333,0.0,0.0,0.0,0.0,0.0
16247,Legumes and Legume Products,"SILK CHAI,SOYMILK","SILK Chai, soymilk",,WhiteWave Foods Company,,53,2.47,1.44,7.82,5.76,0.0,0.0,0.0,0.37,0.0,0.0,0,0.0,0.14,0.0,123,0.0,0.44,0,0.0,0,0.0,0.37,0.0,0.0,0.154166667,0.0,0.0,0.0,0.0,0.107692308,0.0,0.1025,0.0,0.0,0.0,0.0,0.033636364
16248,Legumes and Legume Products,"SILK MOCHA,SOYMILK","SILK Mocha, soymilk",,WhiteWave Foods Company,,58,2.06,1.44,9.05,7.41,0.0,0.0,0.0,0.37,0.0,0.0,0,0.0,0.14,0.0,123,0.0,0.44,0,0.0,0,0.0,0.37,0.0,0.0,0.154166667,0.0,0.0,0.0,0.0,0.107692308,0.0,0.1025,0.0,0.0,0.0,0.0,0.033636364
16249,Legumes and Legume Products,"SILK COFFEE,SOYMILK","SILK Coffee, soymilk",,WhiteWave Foods Company,,62,2.06,1.44,10.29,9.47,0.0,0.0,0.0,0.37,0.0,0.0,0,0.0,0.21,0.0,123,0.0,0.0,0,0.0,0,0.0,0.37,0.0,0.0,0.154166667,0.0,0.0,0.0,0.0,0.161538462,0.0,0.1025,0.0,0.0,0.0,0.0,0.033636364
16250,Legumes and Legume Products,SILK VANILLA SOY YOGURT (FAMILY SIZE),SILK Vanilla soy yogurt (family size),,WhiteWave Foods Company,,79,2.64,1.76,13.66,10.57,0.4,0.0,0.0,0.0,0.0,0.0,0,0.0,0.0,0.0,132,0.0,0.48,0,0.0,0,0.0,0.0,0.0,0.0,0.0,0.0,0.0,0.0,0.0,0.0,0.0,0.11,0.0,0.0,0.0,0.0,0.0
16251,Legumes and Legume Products,SILK VANILLA SOY YOGURT (SINGLE SERVING SIZE),SILK Vanilla soy yogurt (single serving size),,WhiteWave Foods Company,,88,2.94,1.76,14.71,10.59,0.6,0.0,0.0,0.0,17.6,0.0,0,0.0,0.0,0.0,176,0.0,0.85,0,0.0,0,0.0,0.0,0.0,0.0,0.0,0.195555556,0.0,0.0,0.0,0.0,0.0,0.146666667,0.0,0.0,0.0,0.0,0.0
16252,Legumes and Legume Products,SILK PLN SOY YOGURT,SILK Plain soy yogurt,,WhiteWave Foods Company,,66,2.64,1.76,9.69,5.29,0.4,0.0,0.0,0.0,13.2,0.0,0,0.0,0.0,0.0,132,0.0,0.0,0,0.0,0,0.0,0.0,0.0,0.0,0.0,0.146666667,0.0,0.0,0.0,0.0,0.0,0.11,0.0,0.0,0.0,0.0,0.0
16253,Legumes and Legume Products,SILK STRAWBERRY SOY YOGURT,SILK Strawberry soy yogurt,,WhiteWave Foods Company,,94,2.35,1.18,18.24,12.94,0.6,0.0,0.0,0.0,17.6,0.0,0,0.0,0.0,0.0,176,0.0,0.64,0,0.0,0,0.0,0.0,0.0,0.0,0.0,0.195555556,0.0,0.0,0.0,0.0,0.0,0.146666667,0.0,0.0,0.0,0.0,0.0
16254,Legumes and Legume Products,SILK RASPBERRY SOY YOGURT,SILK Raspberry soy yogurt,,WhiteWave Foods Company,,88,2.35,1.18,17.65,12.94,0.6,0.0,0.0,0.0,17.6,0.0,0,0.0,0.0,0.0,176,0.0,0.64,0,0.0,0,0.0,0.0,0.0,0.0,0.0,0.195555556,0.0,0.0,0.0,0.0,0.0,0.146666667,0.0,0.0,0.0,0.0,0.0
16255,Legumes and Legume Products,SILK PEACH SOY YOGURT,SILK Peach soy yogurt,,WhiteWave Foods Company,,94,2.35,1.18,18.82,14.71,0.6,0.0,0.0,0.0,17.6,0.0,0,0.0,0.0,0.0,176,0.0,0.64,0,0.0,0,0.0,0.0,0.0,0.0,0.0,0.195555556,0.0,0.0,0.0,0.0,0.0,0.146666667,0.0,0.0,0.0,0.0,0.0
16256,Legumes and Legume Products,SILK BLACK CHERRY SOY YOGURT,SILK Black Cherry soy yogurt,,WhiteWave Foods Company,,88,2.35,1.18,17.06,11.76,0.6,0.0,0.0,0.0,17.6,0.0,0,0.0,0.0,0.0,176,0.0,0.64,0,0.0,0,0.0,0.0,0.0,0.0,0.0,0.195555556,0.0,0.0,0.0,0.0,0.0,0.146666667,0.0,0.0,0.0,0.0,0.0
16257,Legumes and Legume Products,SILK BLUEBERRY SOY YOGURT,SILK Blueberry soy yogurt,,WhiteWave Foods Company,,88,2.35,1.18,17.06,12.35,0.6,0.0,0.0,0.0,17.6,0.0,0,0.0,0.0,0.0,176,0.0,0.64,0,0.0,0,0.0,0.0,0.0,0.0,0.0,0.195555556,0.0,0.0,0.0,0.0,0.0,0.146666667,0.0,0.0,0.0,0.0,0.0
16258,Legumes and Legume Products,SILK KEY LIME SOY YOGURT,SILK Key Lime soy yogurt,,WhiteWave Foods Company,,88,2.35,1.18,17.65,12.35,0.6,0.0,0.0,0.0,17.6,0.0,0,0.0,0.0,0.0,176,0.0,0.64,0,0.0,0,0.0,0.0,0.0,0.0,0.0,0.195555556,0.0,0.0,0.0,0.0,0.0,0.146666667,0.0,0.0,0.0,0.0,0.0
16259,Legumes and Legume Products,SILK BANANA-STRAWBERRY SOY YOGURT,SILK Banana-Strawberry soy yogurt,,WhiteWave Foods Company,,88,2.35,1.18,17.06,10.59,0.6,0.0,0.0,0.0,17.6,0.0,0,0.0,0.0,0.0,176,0.0,0.64,0,0.0,0,0.0,0.0,0.0,0.0,0.0,0.195555556,0.0,0.0,0.0,0.0,0.0,0.146666667,0.0,0.0,0.0,0.0,0.0
16260,Legumes and Legume Products,SILK ORIGINAL CREAMER,SILK Original Creamer,,WhiteWave Foods Company,,100,0.0,6.67,6.67,0.0,0.0,0.0,0.0,0.0,0.0,0.0,0,0.0,0.0,0.0,0,0.0,0.0,0,0.0,0,0.0,0.0,0.0,0.0,0.0,0.0,0.0,0.0,0.0,0.0,0.0,0.0,0.0,0.0,0.0,0.0,0.0
16261,Legumes and Legume Products,SILK FRENCH VANILLA CREAMER,SILK French Vanilla Creamer,,WhiteWave Foods Company,,133,0.0,6.67,20.0,20.0,0.0,0.0,0.0,0.0,0.0,0.0,0,0.0,0.0,0.0,0,0.0,0.0,0,0.0,0,0.0,0.0,0.0,0.0,0.0,0.0,0.0,0.0,0.0,0.0,0.0,0.0,0.0,0.0,0.0,0.0,0.0
16262,Legumes and Legume Products,SILK HAZELNUT CREAMER,SILK Hazelnut Creamer,,WhiteWave Foods Company,,133,0.0,6.67,20.0,20.0,0.0,0.0,0.0,0.0,200.0,0.0,0,0.0,0.0,0.0,0,0.0,0.0,0,0.0,0,0.0,0.0,0.0,0.0,0.0,2.222222222,0.0,0.0,0.0,0.0,0.0,0.0,0.0,0.0,0.0,0.0,0.0
16271,Legumes and Legume Products,"VITASOY USA ORGANIC NASOYA,SOFT TOFU","Vitasoy USA Organic Nasoya, Soft Tofu",,Vitasoy USA,,70,8.0,3.5,1.5,0.3,0.6,0.0,0.0,0.0,0.0,0.0,0,0.0,0.0,0.0,130,0.0,1.1,0,0.0,0,0.0,0.0,0.0,0.0,0.0,0.0,0.0,0.0,0.0,0.0,0.0,0.108333333,0.0,0.0,0.0,0.0,0.0
16272,Legumes and Legume Products,"VITASOY USA NASOYA,LITE SILKEN TOFU","Vitasoy USA Nasoya, Lite Silken Tofu",,Vitasoy USA,,41,7.5,1.1,0.3,0.0,0.0,96.0,0.0,2.42,0.0,5.26,0,0.0,0.0,0.0,394,0.0,0.87,0,0.0,203,0.0,0.0,0.106666667,0.0,1.008333333,0.0,0.350666667,0.0,0.0,0.0,0.0,0.328333333,0.0,0.0,0.29,0.0,0.0
16273,Legumes and Legume Products,"VITASOY USA ORGANIC NASOYA,TOFU PLUS EX FIRM","Vitasoy USA Organic Nasoya, Tofu Plus Extra Firm",,Vitasoy USA,,92,9.3,4.9,2.7,0.4,1.0,0.0,0.5,1.45,0.0,0.0,0,0.0,0.44,0.0,246,0.0,1.6,0,0.0,129,0.0,0.0,0.0,0.294117647,0.604166667,0.0,0.0,0.0,0.0,0.338461538,0.0,0.205,0.0,0.0,0.184285714,0.0,0.0
16274,Legumes and Legume Products,"VITASOY USA ORGANIC NASOYA,TOFU PLUS FIRM","Vitasoy USA Organic Nasoya, Tofu Plus Firm",,Vitasoy USA,,74,8.4,3.4,2.5,0.3,0.8,0.0,0.5,1.43,0.0,0.0,0,0.0,0.4,0.0,237,0.0,1.3,0,0.0,121,0.0,0.0,0.0,0.294117647,0.595833333,0.0,0.0,0.0,0.0,0.307692308,0.0,0.1975,0.0,0.0,0.172857143,0.0,0.0
16275,Legumes and Legume Products,"VITASOY USA ORGANIC NASOYA SPROUTED,TOFU PLUS SUPER FIRM","Vitasoy USA Organic Nasoya Sprouted, Tofu Plus Super Firm",,Vitasoy USA,,115,12.1,5.9,3.3,1.1,1.2,0.0,0.0,0.0,0.0,0.0,0,0.0,0.0,0.0,239,0.0,1.7,0,0.0,0,0.0,0.0,0.0,0.0,0.0,0.0,0.0,0.0,0.0,0.0,0.0,0.199166667,0.0,0.0,0.0,0.0,0.0
16276,Legumes and Legume Products,"VITASOY USA AZUMAYA,EX FIRM TOFU","Vitasoy USA Azumaya, Extra Firm Tofu",,Vitasoy USA,,88,9.2,4.6,2.4,0.5,0.9,0.0,0.0,0.0,0.0,0.0,0,0.0,0.0,0.0,176,0.0,1.7,0,0.0,0,0.0,0.0,0.0,0.0,0.0,0.0,0.0,0.0,0.0,0.0,0.0,0.146666667,0.0,0.0,0.0,0.0,0.0
16277,Legumes and Legume Products,"VITASOY USA AZUMAYA,FIRM TOFU","Vitasoy USA Azumaya, Firm Tofu",,Vitasoy USA,,80,8.3,4.2,2.3,0.4,0.6,0.0,0.0,0.0,0.0,0.0,0,0.0,0.0,0.0,180,0.0,1.3,0,0.0,0,0.0,0.0,0.0,0.0,0.0,0.0,0.0,0.0,0.0,0.0,0.0,0.15,0.0,0.0,0.0,0.0,0.0
16278,Legumes and Legume Products,"VITASOY USA AZUMAYA,SILKEN TOFU","Vitasoy USA Azumaya, Silken Tofu",,Vitasoy USA,,43,4.4,2.4,1.0,0.2,0.2,0.0,0.0,0.0,0.0,0.0,0,0.0,0.0,0.0,66,0.0,0.8,0,0.0,0,0.0,0.0,0.0,0.0,0.0,0.0,0.0,0.0,0.0,0.0,0.0,0.055,0.0,0.0,0.0,0.0,0.0
16279,Legumes and Legume Products,HOUSE FOODS PREMIUM SOFT TOFU,HOUSE FOODS Premium Soft Tofu,,House Foods,,59,5.83,2.71,2.74,0.53,0.8,0.0,0.0,0.0,0.9,0.0,0,0.0,0.0,0.0,78,0.0,1.53,0,0.0,0,0.0,0.0,0.0,0.0,0.0,0.01,0.0,0.0,0.0,0.0,0.0,0.065,0.0,0.0,0.0,0.0,0.0
16281,Legumes and Legume Products,HOUSE FOODS PREMIUM FIRM TOFU,HOUSE FOODS Premium Firm Tofu,,House Foods,,85,9.98,4.19,1.91,0.4,0.9,0.0,0.0,0.0,1.1,0.0,0,0.0,0.0,0.0,149,0.0,1.69,0,0.0,0,0.0,0.0,0.0,0.0,0.0,0.012222222,0.0,0.0,0.0,0.0,0.0,0.124166667,0.0,0.0,0.0,0.0,0.0
16302,Legumes and Legume Products,"BEANS,ADZUKI,MATURE SD,CKD,BLD,W/SALT","Beans, adzuki, mature seed, cooked, boiled, with salt",,,,128,7.52,0.1,24.77,0.0,7.3,0.0,0.096,0.0,0.0,0.0,121,0.717,0.064,0.115,28,0.298,2.0,52,0.573,168,1.2,1.77,0.0,0.056470588,0.0,0.0,0.0,0.3025,0.0448125,0.049230769,0.095833333,0.023333333,0.000331111,0.123809524,0.24,0.021818182,0.160909091
16315,Legumes and Legume Products,"BEANS,BLACK,MATURE SEEDS,CKD,BLD,W/SALT","Beans, black, mature seeds, cooked, boiled, with salt",,,,132,8.86,0.54,23.71,0.0,8.7,0.0,0.069,0.0,0.0,0.0,149,0.505,0.059,0.244,27,0.209,2.1,70,0.444,140,1.2,1.12,0.0,0.040588235,0.0,0.0,0.0,0.3725,0.0315625,0.045384615,0.203333333,0.0225,0.000232222,0.166666667,0.2,0.021818182,0.101818182
16316,Legumes and Legume Products,"BEANS,BLACK,MATURE SEEDS,CND,LO NA","Beans, black, mature seeds, canned, low sodium",,,,91,6.03,0.29,16.55,0.23,6.9,0.0,0.055,0.0,2.7,0.62,61,0.62,0.12,0.14,35,0.192,1.9,35,0.233,108,1.3,0.54,0.0,0.032352941,0.0,0.03,0.041333333,0.1525,0.03875,0.092307692,0.116666667,0.029166667,0.000213333,0.083333333,0.154285714,0.023636364,0.049090909
16317,Legumes and Legume Products,"BEANS,BLACK TURTLE,MATURE SEEDS,CKD,BLD,W/ SALT","Beans, black turtle, mature seeds, cooked, boiled, with salt",,,,130,8.18,0.35,24.35,0.32,8.3,0.0,0.077,0.0,0.0,0.87,86,0.527,0.056,0.225,55,0.269,2.85,49,0.327,152,1.2,0.76,0.0,0.045294118,0.0,0.0,0.058,0.215,0.0329375,0.043076923,0.1875,0.045833333,0.000298889,0.116666667,0.217142857,0.021818182,0.069090909
16320,Legumes and Legume Products,"BEANS,CRANBERRY (ROMAN),MATURE SEEDS,CKD,BLD,W/SALT","Beans, cranberry (roman), mature seeds, cooked, boiled, with salt",,,,136,9.34,0.46,24.46,0.0,10.0,0.0,0.081,0.0,0.0,0.0,207,0.515,0.069,0.21,50,0.231,2.09,50,0.37,135,1.3,1.14,0.0,0.047647059,0.0,0.0,0.0,0.5175,0.0321875,0.053076923,0.175,0.041666667,0.000256667,0.119047619,0.192857143,0.023636364,0.103636364
16323,Legumes and Legume Products,"BEANS,FRENCH,MATURE SEEDS,CKD,BLD,W/SALT","Beans, french, mature seeds, cooked, boiled, with salt",,,,129,7.05,0.76,24.02,0.0,9.4,0.0,0.105,0.0,1.2,0.0,75,0.546,0.062,0.13,63,0.115,1.08,56,0.382,102,1.2,0.64,0.0,0.061764706,0.0,0.013333333,0.0,0.1875,0.034125,0.047692308,0.108333333,0.0525,0.000127778,0.133333333,0.145714286,0.021818182,0.058181818
16325,Legumes and Legume Products,"BEANS,GREAT NORTHERN,MATURE SEEDS,CKD,BLD,W/SALT","Beans, great northern, mature seeds, cooked, boiled, with salt",,,,118,8.33,0.45,21.09,0.0,7.0,0.0,0.117,0.0,1.3,0.0,102,0.681,0.059,0.158,68,0.247,2.13,50,0.518,165,4.1,0.88,0.0,0.068823529,0.0,0.014444444,0.0,0.255,0.0425625,0.045384615,0.131666667,0.056666667,0.000274444,0.119047619,0.235714286,0.074545455,0.08
16326,Legumes and Legume Products,"BEANS,GREAT NORTHERN,MATURE SEEDS,CND,LO NA","Beans, great northern, mature seeds, canned, low sodium",,,,114,7.37,0.39,21.02,1.41,4.9,0.0,0.106,0.0,1.3,0.79,81,0.461,0.06,0.143,53,0.16,1.57,51,0.408,136,4.1,0.65,0.0,0.062352941,0.0,0.014444444,0.052666667,0.2025,0.0288125,0.046153846,0.119166667,0.044166667,0.000177778,0.121428571,0.194285714,0.074545455,0.059090909
16328,Legumes and Legume Products,"BEANS,KIDNEY,ALL TYPES,MATURE SEEDS,CKD,BLD,W/SALT","Beans, kidney, all types, mature seeds, cooked, boiled, with salt",,,,127,8.67,0.5,22.8,0.32,6.4,0.0,0.12,0.0,1.2,0.87,130,0.578,0.058,0.16,28,0.242,2.94,45,0.477,142,1.2,1.07,0.0,0.070588235,0.0,0.013333333,0.058,0.325,0.036125,0.044615385,0.133333333,0.023333333,0.000268889,0.107142857,0.202857143,0.021818182,0.097272727
16331,Legumes and Legume Products,"BEANS,KIDNEY,CALIFORNIA RED,MATURE SEEDS,CKD,BLD,W/SALT","Beans, kidney, california red, mature seeds, cooked, boiled, with salt",,,,124,9.13,0.09,22.41,0.0,9.3,0.0,0.104,0.0,1.2,0.0,74,0.54,0.062,0.129,66,0.289,2.98,48,0.318,137,1.2,0.86,0.0,0.061176471,0.0,0.013333333,0.0,0.185,0.03375,0.047692308,0.1075,0.055,0.000321111,0.114285714,0.195714286,0.021818182,0.078181818
16333,Legumes and Legume Products,"BEANS,KIDNEY,RED,MATURE SEEDS,CKD,BLD,W/SALT","Beans, kidney, red, mature seeds, cooked, boiled, with salt",,,,127,8.67,0.5,22.8,0.32,7.4,0.0,0.12,0.0,1.2,0.03,130,0.578,0.058,0.16,28,0.242,2.94,45,0.477,142,1.2,1.07,0.0,0.070588235,0.0,0.013333333,0.002,0.325,0.036125,0.044615385,0.133333333,0.023333333,0.000268889,0.107142857,0.202857143,0.021818182,0.097272727
16335,Legumes and Legume Products,"BEANS,KIDNEY,RED,MATURE SEEDS,CND,DRND SOL,RINSED IN TAP H2O","Beans, kidney, red, mature seeds, canned, drained solids, rinsed in tap water",,,,121,8.12,0.93,20.8,0.0,7.5,0.0,0.0,0.0,0.2,0.0,23,0.417,0.015,0.06,58,0.283,1.5,29,0.382,118,1.6,0.74,0.0,0.0,0.0,0.002222222,0.0,0.0575,0.0260625,0.011538462,0.05,0.048333333,0.000314444,0.069047619,0.168571429,0.029090909,0.067272727
16336,Legumes and Legume Products,"BEANS,KIDNEY,ROYAL RED,MATURE SEEDS,CKD,BLD W/SALT","Beans, kidney, royal red, mature seeds, cooked, boiled with salt",,,,123,9.49,0.17,21.85,0.0,9.3,0.0,0.104,0.0,1.2,0.0,74,0.552,0.067,0.095,44,0.262,2.77,42,0.255,142,1.2,0.9,0.0,0.061176471,0.0,0.013333333,0.0,0.185,0.0345,0.051538462,0.079166667,0.036666667,0.000291111,0.1,0.202857143,0.021818182,0.081818182
16337,Legumes and Legume Products,"BEANS,MATURE,RED KIDNEY,CND,SOL & LIQ,LO NA","Beans, mature, red kidney, canned, solids and liquid, low sodium",,,,81,5.22,0.36,14.83,1.85,5.3,0.0,0.08,0.0,0.8,0.02,26,0.494,0.067,0.106,29,0.147,1.25,30,0.291,106,1.1,0.62,0.0,0.047058824,0.0,0.008888889,0.001333333,0.065,0.030875,0.051538462,0.088333333,0.024166667,0.000163333,0.071428571,0.151428571,0.02,0.056363636
16338,Legumes and Legume Products,"BEANS,NAVY,MATURE SEEDS,CKD,BLD,W/SALT","Beans, navy, mature seeds, cooked, boiled, with salt",,,,140,8.23,0.62,26.05,0.37,6.3,0.0,0.138,0.0,0.9,0.01,140,0.649,0.066,0.237,69,0.21,2.36,53,0.527,144,2.9,1.03,0.0,0.081176471,0.0,0.01,0.000666667,0.35,0.0405625,0.050769231,0.1975,0.0575,0.000233333,0.126190476,0.205714286,0.052727273,0.093636364
16341,Legumes and Legume Products,"BEANS,PINK,MATURE SEEDS,CKD,BLD,W/SALT","Beans, pink, mature seeds, cooked, boiled, with salt",,,,149,9.06,0.49,27.91,0.36,5.3,0.0,0.175,0.0,0.0,0.98,168,0.57,0.063,0.257,52,0.271,2.3,65,0.548,165,1.4,0.96,0.0,0.102941176,0.0,0.0,0.065333333,0.42,0.035625,0.048461538,0.214166667,0.043333333,0.000301111,0.154761905,0.235714286,0.025454545,0.087272727
16343,Legumes and Legume Products,"BEANS,PINTO,MATURE SEEDS,CKD,BLD,W/SALT","Beans, pinto, mature seeds, cooked, boiled, with salt",,,,143,9.01,0.65,26.22,0.34,9.0,0.0,0.229,0.0,0.8,0.94,172,0.318,0.062,0.193,46,0.219,2.09,50,0.453,147,6.2,0.98,0.0,0.134705882,0.0,0.008888889,0.062666667,0.43,0.019875,0.047692308,0.160833333,0.038333333,0.000243333,0.119047619,0.21,0.112727273,0.089090909
16345,Legumes and Legume Products,"BEANS,PINTO,MATURE SEEDS,CND,DRND SOL,RINSED IN TAP H2O","Beans, pinto, mature seeds, canned, drained solids, rinsed in tap water",,,,117,7.04,0.97,20.77,0.0,0.0,0.0,0.0,0.0,0.1,0.0,21,0.262,0.019,0.05,64,0.26,1.27,30,0.37,96,0.0,0.59,0.0,0.0,0.0,0.001111111,0.0,0.0525,0.016375,0.014615385,0.041666667,0.053333333,0.000288889,0.071428571,0.137142857,0.0,0.053636364
16346,Legumes and Legume Products,"BEANS,SML WHITE,MATURE SEEDS,CKD,BLD,W/SALT","Beans, small white, mature seeds, cooked, boiled, with salt",,,,142,8.97,0.64,25.81,0.0,10.4,0.0,0.127,0.0,0.0,0.0,137,0.272,0.059,0.236,73,0.149,2.84,68,0.51,169,1.3,1.09,0.0,0.074705882,0.0,0.0,0.0,0.3425,0.017,0.045384615,0.196666667,0.060833333,0.000165556,0.161904762,0.241428571,0.023636364,0.099090909
16347,Legumes and Legume Products,"BEANS,PINTO,MATURE SEEDS,CND,SOL & LIQUIDS,LO NA","Beans, pinto, mature seeds, canned, solids and liquids, low sodium",,,,82,4.6,0.56,15.18,1.02,4.6,0.0,0.135,0.0,0.7,0.55,24,0.268,0.016,0.052,47,0.162,1.47,33,0.318,92,3.7,0.56,0.0,0.079411765,0.0,0.007777778,0.036666667,0.06,0.01675,0.012307692,0.043333333,0.039166667,0.00018,0.078571429,0.131428571,0.067272727,0.050909091
16348,Legumes and Legume Products,"BEANS,YEL,MATURE SEEDS,CKD,BLD,W/SALT","Beans, yellow, mature seeds, cooked, boiled, with salt",,,,144,9.16,1.08,25.27,0.0,10.4,0.0,0.129,0.0,1.8,0.0,81,0.708,0.103,0.187,62,0.186,2.48,74,0.455,183,1.3,1.06,0.0,0.075882353,0.0,0.02,0.0,0.2025,0.04425,0.079230769,0.155833333,0.051666667,0.000206667,0.176190476,0.261428571,0.023636364,0.096363636
16350,Legumes and Legume Products,"BEANS,WHITE,MATURE SEEDS,CKD,BLD,W/ SALT","Beans, white, mature seeds, cooked, boiled, with salt",,,,139,9.73,0.35,25.09,0.34,6.3,0.0,0.093,0.0,0.0,0.94,81,0.14,0.046,0.118,90,0.287,3.7,63,0.636,113,1.3,1.38,0.0,0.054705882,0.0,0.0,0.062666667,0.2025,0.00875,0.035384615,0.098333333,0.075,0.000318889,0.15,0.161428571,0.023636364,0.125454545
16353,Legumes and Legume Products,"BROADBEANS (FAVA BNS),MATURE SEEDS,CKD,BLD,W/SALT","Broadbeans (fava beans), mature seeds, cooked, boiled, with salt",,,,110,7.6,0.4,19.65,1.82,5.4,1.0,0.072,0.0,0.3,0.02,104,0.711,0.089,0.097,36,0.259,1.5,43,0.421,125,2.6,1.01,0.001111111,0.042352941,0.0,0.003333333,0.001333333,0.26,0.0444375,0.068461538,0.080833333,0.03,0.000287778,0.102380952,0.178571429,0.047272727,0.091818182
16357,Legumes and Legume Products,"CHICKPEAS,MATURE SEEDS,CKD,BLD,W/SALT","Chickpeas (garbanzo beans, bengal gram), mature seeds, cooked, boiled, with salt",,,,164,8.86,2.59,27.42,4.8,7.6,1.0,0.139,0.0,1.3,0.35,172,0.526,0.063,0.116,49,0.352,2.89,48,1.03,168,3.7,1.53,0.001111111,0.081764706,0.0,0.014444444,0.023333333,0.43,0.032875,0.048461538,0.096666667,0.040833333,0.000391111,0.114285714,0.24,0.067272727,0.139090909
16358,Legumes and Legume Products,"CHICKPEAS,MAT SEEDS,CND,DRND SOL","Chickpeas (garbanzo beans, bengal gram), mature seeds, canned, drained solids",,,,139,7.05,2.77,22.53,4.01,6.4,1.0,0.116,0.0,0.1,0.29,48,0.14,0.015,0.027,45,0.253,1.07,26,0.846,85,3.1,0.63,0.001111111,0.068235294,0.0,0.001111111,0.019333333,0.12,0.00875,0.011538462,0.0225,0.0375,0.000281111,0.061904762,0.121428571,0.056363636,0.057272727
16359,Legumes and Legume Products,"CHICKPEAS,MATURE SEEDS,CND,DRND,RINSED IN TAP H2O","Chickpeas (garbanzo beans, bengal gram), mature seeds, canned, drained, rinsed in tap water",,,,138,7.04,2.47,22.87,4.0,6.3,1.0,0.116,0.0,0.1,0.29,41,0.125,0.015,0.025,43,0.25,0.98,24,0.8,80,3.1,0.59,0.001111111,0.068235294,0.0,0.001111111,0.019333333,0.1025,0.0078125,0.011538462,0.020833333,0.035833333,0.000277778,0.057142857,0.114285714,0.056363636,0.053636364
16360,Legumes and Legume Products,"CHICKPEAS,MATURE SEEDS,CND,SOL & LIQUIDS,LO NA","Chickpeas (garbanzo beans, bengal gram), mature seeds, canned, solids and liquids, low sodium",,,,88,4.92,1.95,13.49,2.59,4.4,1.0,0.473,0.0,0.1,0.19,25,0.13,0.015,0.032,35,0.153,1.23,27,0.818,80,2.0,0.69,0.001111111,0.278235294,0.0,0.001111111,0.012666667,0.0625,0.008125,0.011538462,0.026666667,0.029166667,0.00017,0.064285714,0.114285714,0.036363636,0.062727273
16361,Legumes and Legume Products,"COWPEAS,CATJANG,MATURE SEEDS,CKD,BLD,W/SALT","Cowpeas, catjang, mature seeds, cooked, boiled, with salt",,,,117,8.13,0.71,20.32,0.0,3.6,1.0,0.092,0.0,0.4,0.0,142,0.714,0.046,0.162,26,0.271,3.05,96,0.473,142,2.5,1.87,0.001111111,0.054117647,0.0,0.004444444,0.0,0.355,0.044625,0.035384615,0.135,0.021666667,0.000301111,0.228571429,0.202857143,0.045454545,0.17
16363,Legumes and Legume Products,"COWPEAS,COMMON,MATURE SEEDS,CKD,BLD,W/SALT","Cowpeas, common (blackeyes, crowder, southern), mature seeds, cooked, boiled, with salt",,,,116,7.73,0.53,20.76,3.3,6.5,1.0,0.1,0.0,0.4,0.28,208,0.495,0.055,0.202,24,0.268,2.51,53,0.475,156,2.5,1.29,0.001111111,0.058823529,0.0,0.004444444,0.018666667,0.52,0.0309375,0.042307692,0.168333333,0.02,0.000297778,0.126190476,0.222857143,0.045454545,0.117272727
16368,Legumes and Legume Products,"HYACINTH BNS,MATURE SEEDS,CKD,BLD,W/SALT","Hyacinth beans, mature seeds, cooked, boiled, with salt",,,,117,8.14,0.58,20.7,0.0,0.0,0.0,0.037,0.0,0.0,0.0,4,0.411,0.037,0.27,40,0.341,4.58,82,0.482,120,2.8,2.85,0.0,0.021764706,0.0,0.0,0.0,0.01,0.0256875,0.028461538,0.225,0.033333333,0.000378889,0.195238095,0.171428571,0.050909091,0.259090909
16370,Legumes and Legume Products,"LENTILS,MATURE SEEDS,CKD,BLD,W/SALT","Lentils, mature seeds, cooked, boiled, with salt",,,,114,9.02,0.38,19.54,1.8,7.9,0.0,0.178,0.0,1.5,0.11,181,1.06,0.073,0.169,19,0.251,3.33,36,0.494,180,2.8,1.27,0.0,0.104705882,0.0,0.016666667,0.007333333,0.4525,0.06625,0.056153846,0.140833333,0.015833333,0.000278889,0.085714286,0.257142857,0.050909091,0.115454545
16372,Legumes and Legume Products,"LIMA BNS,LRG,MATURE SEEDS,CKD,BLD,W/SALT","Lima beans, large, mature seeds, cooked, boiled, with salt",,,,115,7.8,0.38,20.88,2.9,7.0,0.0,0.161,0.0,0.0,0.18,83,0.421,0.055,0.161,17,0.235,2.39,43,0.516,111,4.5,0.95,0.0,0.094705882,0.0,0.0,0.012,0.2075,0.0263125,0.042307692,0.134166667,0.014166667,0.000261111,0.102380952,0.158571429,0.081818182,0.086363636
16375,Legumes and Legume Products,"LIMA BNS,THIN SEEDED (BABY),MATURE SEEDS,CKD,BLD,W/SALT","Lima beans, thin seeded (baby), mature seeds, cooked, boiled, with salt",,,,126,8.04,0.38,23.31,0.0,7.7,0.0,0.078,0.0,0.0,0.0,150,0.66,0.055,0.161,29,0.215,2.4,53,0.585,127,4.9,1.03,0.0,0.045882353,0.0,0.0,0.0,0.375,0.04125,0.042307692,0.134166667,0.024166667,0.000238889,0.126190476,0.181428571,0.089090909,0.093636364
16377,Legumes and Legume Products,"LUPINS,MATURE SEEDS,CKD,BLD,W/SALT","Lupins, mature seeds, cooked, boiled, with salt",,,,116,15.57,2.92,9.29,0.0,2.8,0.0,0.009,0.0,1.1,0.0,59,0.495,0.053,0.134,51,0.231,1.2,54,0.676,128,2.6,1.38,0.0,0.005294118,0.0,0.012222222,0.0,0.1475,0.0309375,0.040769231,0.111666667,0.0425,0.000256667,0.128571429,0.182857143,0.047272727,0.125454545
16379,Legumes and Legume Products,"MOTHBEANS,MATURE SEEDS,CKD,BLD,W/SALT","Mothbeans, mature seeds, cooked, boiled, with salt",,,,117,7.81,0.55,20.96,0.0,0.0,1.0,0.093,0.0,1.0,0.0,143,0.668,0.023,0.124,3,0.164,3.14,104,0.527,150,2.8,0.59,0.001111111,0.054705882,0.0,0.011111111,0.0,0.3575,0.04175,0.017692308,0.103333333,0.0025,0.000182222,0.247619048,0.214285714,0.050909091,0.053636364
16381,Legumes and Legume Products,"MUNG BNS,MATURE SEEDS,CKD,BLD,W/SALT","Mung beans, mature seeds, cooked, boiled, with salt",,,,105,7.02,0.38,19.15,2.0,7.6,1.0,0.067,0.0,1.0,0.15,159,0.577,0.061,0.164,27,0.156,1.4,48,0.298,99,2.5,0.84,0.001111111,0.039411765,0.0,0.011111111,0.01,0.3975,0.0360625,0.046923077,0.136666667,0.0225,0.000173333,0.114285714,0.141428571,0.045454545,0.076363636
16384,Legumes and Legume Products,"MUNGO BNS,MATURE SEEDS,CKD,BLD,W/SALT","Mungo beans, mature seeds, cooked, boiled, with salt",,,,105,7.54,0.55,18.34,2.01,6.4,2.0,0.058,0.0,1.0,0.15,94,1.5,0.075,0.15,53,0.139,1.75,63,0.412,156,2.5,0.83,0.002222222,0.034117647,0.0,0.011111111,0.01,0.235,0.09375,0.057692308,0.125,0.044166667,0.000154444,0.15,0.222857143,0.045454545,0.075454545
16386,Legumes and Legume Products,"PEAS,SPLIT,MATURE SEEDS,CKD,BLD,W/SALT","Peas, split, mature seeds, cooked, boiled, with salt",,,,116,8.34,0.39,20.51,2.9,8.3,0.0,0.048,0.0,0.4,0.03,65,0.89,0.056,0.19,14,0.181,1.29,36,0.396,99,0.6,1.0,0.0,0.028235294,0.0,0.004444444,0.002,0.1625,0.055625,0.043076923,0.158333333,0.011666667,0.000201111,0.085714286,0.141428571,0.010909091,0.090909091
16389,Legumes and Legume Products,"PEANUTS,ALL TYPES,OIL-ROASTED,WO/ SALT","Peanuts, all types, oil-roasted, without salt",,,,599,28.03,52.5,15.26,4.18,9.4,0.0,0.461,0.0,0.8,6.91,120,13.825,0.089,0.085,61,0.533,1.52,176,1.845,397,3.3,3.28,0.0,0.271176471,0.0,0.008888889,0.460666667,0.3,0.8640625,0.068461538,0.070833333,0.050833333,0.000592222,0.419047619,0.567142857,0.06,0.298181818
16390,Legumes and Legume Products,"PEANUTS,ALL TYPES,DRY-ROASTED,WO/SALT","Peanuts, all types, dry-roasted, without salt",,,,587,24.35,49.66,21.26,4.9,8.4,0.0,0.466,0.0,0.0,4.93,97,14.355,0.197,0.152,58,0.428,1.58,178,1.786,363,9.3,2.77,0.0,0.274117647,0.0,0.0,0.328666667,0.2425,0.8971875,0.151538462,0.126666667,0.048333333,0.000475556,0.423809524,0.518571429,0.169090909,0.251818182
16392,Legumes and Legume Products,"PEANUTS,SPANISH,OIL-ROASTED,WO/SALT","Peanuts, spanish, oil-roasted, without salt",,,,579,28.01,49.04,17.45,0.0,8.9,0.0,0.256,0.0,0.0,0.0,126,14.933,0.085,0.317,100,0.661,2.28,168,2.355,387,7.5,2.0,0.0,0.150588235,0.0,0.0,0.0,0.315,0.9333125,0.065384615,0.264166667,0.083333333,0.000734444,0.4,0.552857143,0.136363636,0.181818182
16394,Legumes and Legume Products,"PEANUTS,VALENCIA,OIL-ROASTED,WO/SALT","Peanuts, valencia, oil-roasted, without salt",,,,589,27.04,51.24,16.3,0.0,8.9,0.0,0.243,0.0,0.0,0.0,126,14.338,0.153,0.09,54,0.838,1.65,160,1.721,319,7.5,3.08,0.0,0.142941176,0.0,0.0,0.0,0.315,0.896125,0.117692308,0.075,0.045,0.000931111,0.380952381,0.455714286,0.136363636,0.28
16396,Legumes and Legume Products,"PEANUTS,VIRGINIA,OIL-ROASTED,WO/SALT","Peanuts, virginia, oil-roasted, without salt",,,,578,25.87,48.62,19.86,0.0,8.9,0.0,0.254,0.0,0.0,0.0,125,14.7,0.112,0.276,86,1.273,1.67,188,2.008,506,7.5,6.62,0.0,0.149411765,0.0,0.0,0.0,0.3125,0.91875,0.086153846,0.23,0.071666667,0.001414444,0.447619048,0.722857143,0.136363636,0.601818182
16397,Legumes and Legume Products,"PEANUT BUTTER,CHUNK STYLE,WO/SALT","Peanut butter, chunk style, without salt",,,,589,24.06,49.94,21.57,8.41,8.0,0.0,0.418,0.0,0.0,6.3,92,13.696,0.111,0.106,45,0.578,1.9,160,1.8,319,8.2,2.79,0.0,0.245882353,0.0,0.0,0.42,0.23,0.856,0.085384615,0.088333333,0.0375,0.000642222,0.380952381,0.455714286,0.149090909,0.253636364
16398,Legumes and Legume Products,"PEANUT BUTTER,SMOOTH STYLE,WO/SALT","Peanut butter, smooth style, without salt",,,,598,22.21,51.36,22.31,10.49,5.0,0.0,0.441,0.0,0.0,9.1,87,13.112,0.192,0.15,49,0.422,1.74,168,1.665,335,4.1,2.51,0.0,0.259411765,0.0,0.0,0.606666667,0.2175,0.8195,0.147692308,0.125,0.040833333,0.000468889,0.4,0.478571429,0.074545455,0.228181818
16399,Legumes and Legume Products,"PEANUT BUTTER W/ OMEGA-3,CREAMY","Peanut butter with omega-3, creamy",,,,608,24.47,54.17,17.0,3.11,6.1,0.0,0.292,0.0,0.0,10.34,0,12.875,0.087,0.055,45,0.476,1.67,191,1.85,426,0.0,3.08,0.0,0.171764706,0.0,0.0,0.689333333,0.0,0.8046875,0.066923077,0.045833333,0.0375,0.000528889,0.454761905,0.608571429,0.0,0.28
16402,Legumes and Legume Products,"PIGEON PEAS (RED GM),MATURE SEEDS,CKD,BLD,W/SALT","Pigeon peas (red gram), mature seeds, cooked, boiled, with salt",,,,121,6.76,0.38,23.25,0.0,6.7,0.0,0.05,0.0,0.0,0.0,111,0.781,0.059,0.146,43,0.269,1.11,46,0.501,119,2.9,0.9,0.0,0.029411765,0.0,0.0,0.0,0.2775,0.0488125,0.045384615,0.121666667,0.035833333,0.000298889,0.10952381,0.17,0.052727273,0.081818182
16403,Legumes and Legume Products,"REFRIED BNS,CND,TRADITIONAL,RED NA","Refried beans, canned, traditional, reduced sodium",,,,89,4.98,2.01,13.55,0.54,3.7,0.0,0.103,0.0,0.8,0.09,26,0.367,0.079,0.076,29,0.129,1.44,35,0.289,92,5.8,0.58,0.0,0.060588235,0.0,0.008888889,0.006,0.065,0.0229375,0.060769231,0.063333333,0.024166667,0.000143333,0.083333333,0.131428571,0.105454545,0.052727273
16409,Legumes and Legume Products,"SOYBEANS,MATURE SEEDS,CKD,BLD,W/SALT","Soybeans, mature seeds, cooked, boiled, with salt",,,,173,16.64,8.97,9.93,3.0,6.0,0.0,0.234,0.0,1.7,0.35,54,0.399,0.285,0.155,102,0.407,5.14,86,0.824,245,7.3,1.15,0.0,0.137647059,0.0,0.018888889,0.023333333,0.135,0.0249375,0.219230769,0.129166667,0.085,0.000452222,0.204761905,0.35,0.132727273,0.104545455
16410,Legumes and Legume Products,"SOYBEANS,MATURE SEEDS,RSTED,NO SALT ADDED","Soybeans, mature seeds, roasted, no salt added",,,,471,35.22,25.4,33.55,0.0,17.7,0.0,0.208,0.0,2.2,0.0,211,1.41,0.145,0.1,138,0.828,3.9,145,2.158,363,19.1,3.14,0.0,0.122352941,0.0,0.024444444,0.0,0.5275,0.088125,0.111538462,0.083333333,0.115,0.00092,0.345238095,0.518571429,0.347272727,0.285454545
16415,Legumes and Legume Products,"SOY FLR,FULL-FAT,RAW,CRUDE PROT BASIS (N X 6.25)","Soy flour, full-fat, raw, crude protein basis (N x 6.25)",,,,434,37.8,20.65,31.93,0.0,9.6,6.0,0.461,0.0,0.0,0.0,345,4.32,1.16,0.581,206,2.92,6.37,429,2.275,494,7.5,3.92,0.006666667,0.271176471,0.0,0.0,0.0,0.8625,0.27,0.892307692,0.484166667,0.171666667,0.003244444,1.021428571,0.705714286,0.136363636,0.356363636
16416,Legumes and Legume Products,"SOY FLR,FULL-FAT,RSTD,CRUDE PROT BASIS (N X 6.25)","Soy flour, full-fat, roasted, crude protein basis (N x 6.25)",,,,439,38.09,21.86,30.38,0.0,0.0,6.0,0.351,0.0,0.0,0.0,227,3.286,0.941,0.412,188,2.221,5.82,369,2.077,476,7.5,3.58,0.006666667,0.206470588,0.0,0.0,0.0,0.5675,0.205375,0.723846154,0.343333333,0.156666667,0.002467778,0.878571429,0.68,0.136363636,0.325454545
16417,Legumes and Legume Products,"SOY FLR,DEFATTED,CRUDE PROT BASIS (N X 6.25)","Soy flour, defatted, crude protein basis (N x 6.25)",,,,372,49.81,8.9,30.63,14.58,16.0,2.0,1.05,0.0,0.0,0.55,305,2.95,0.28,1.088,285,1.6,8.2,285,3.15,675,58.9,4.1,0.002222222,0.617647059,0.0,0.0,0.036666667,0.7625,0.184375,0.215384615,0.906666667,0.2375,0.001777778,0.678571429,0.964285714,1.070909091,0.372727273
16418,Legumes and Legume Products,"SOY FLR,LOW-FAT,CRUDE PROT BASIS (N x 6.25)","Soy flour, low-fat, crude protein basis (N x 6.25)",,,,369,50.93,6.7,33.58,19.8,10.2,2.0,0.522,0.0,0.0,0.19,410,2.16,0.285,0.38,188,5.08,5.99,229,3.08,593,9.3,1.18,0.002222222,0.307058824,0.0,0.0,0.012666667,1.025,0.135,0.219230769,0.316666667,0.156666667,0.005644444,0.545238095,0.847142857,0.169090909,0.107272727
16419,Legumes and Legume Products,"SOY MEAL,DEFATTED,RAW,CRUDE PROT BASIS (N X 6.25)","Soy meal, defatted, raw, crude protein basis (N x 6.25)",,,,337,49.2,2.39,35.89,0.0,0.0,2.0,0.569,0.0,0.0,0.0,303,2.587,0.251,0.691,244,2.0,13.7,306,3.8,701,3.3,5.06,0.002222222,0.334705882,0.0,0.0,0.0,0.7575,0.1616875,0.193076923,0.575833333,0.203333333,0.002222222,0.728571429,1.001428571,0.06,0.46
16420,Legumes and Legume Products,"SOY PROT CONC,PRODUCED BY ACID WASH","Soy protein concentrate, produced by acid wash",,,,331,58.13,0.46,30.91,20.0,5.5,0.0,0.134,0.0,0.0,0.0,340,0.716,0.142,0.316,363,0.976,10.78,140,4.19,839,0.8,4.4,0.0,0.078823529,0.0,0.0,0.0,0.85,0.04475,0.109230769,0.263333333,0.3025,0.001084444,0.333333333,1.198571429,0.014545455,0.4
16421,Legumes and Legume Products,"SOY PROT CONC,CRUDE PROT BASIS (N X 6.25),ACID WASH","Soy protein concentrate, crude protein basis (N x 6.25), produced by acid wash",,,,328,63.63,0.46,25.41,0.0,5.5,0.0,0.134,0.0,0.0,0.0,340,0.716,0.142,0.316,363,0.976,10.78,140,4.19,839,0.8,4.4,0.0,0.078823529,0.0,0.0,0.0,0.85,0.04475,0.109230769,0.263333333,0.3025,0.001084444,0.333333333,1.198571429,0.014545455,0.4
16422,Legumes and Legume Products,"SOY PROT ISOLATE,K TYPE","Soy protein isolate, potassium type",,,,326,80.69,0.53,10.22,0.0,5.6,0.0,0.1,0.0,0.0,0.0,176,1.438,0.1,0.176,178,1.599,14.5,39,1.493,776,0.8,4.03,0.0,0.058823529,0.0,0.0,0.0,0.44,0.089875,0.076923077,0.146666667,0.148333333,0.001776667,0.092857143,1.108571429,0.014545455,0.366363636
16423,Legumes and Legume Products,"SOY PROT ISOLATE,K TYPE,CRUDE PROT BASIS","Soy protein isolate, potassium type, crude protein basis",,,,321,88.32,0.53,2.59,0.0,2.0,0.0,0.1,0.0,0.0,0.0,176,1.438,0.1,0.176,178,1.599,14.5,39,1.493,776,0.8,4.03,0.0,0.058823529,0.0,0.0,0.0,0.44,0.089875,0.076923077,0.146666667,0.148333333,0.001776667,0.092857143,1.108571429,0.014545455,0.366363636
16424,Legumes and Legume Products,"SOY SAU MADE FROM SOY&WHEAT (SHOYU),LO NA","Soy sauce made from soy and wheat (shoyu), low sodium",,,,57,9.05,0.3,5.59,0.5,0.7,0.0,0.16,0.0,0.0,0.41,44,1.14,0.24,0.04,30,0.049,1.35,69,1.008,166,0.5,0.79,0.0,0.094117647,0.0,0.0,0.027333333,0.11,0.07125,0.184615385,0.033333333,0.025,5.44444e-05,0.164285714,0.237142857,0.009090909,0.071818182
16425,Legumes and Legume Products,"SOY SAU,RED NA,MADE FROM HYDROLYZED VEG PROT","Soy sauce, reduced sodium, made from hydrolyzed vegetable protein",,,,90,8.19,0.31,14.44,5.63,0.3,0.0,0.037,0.0,0.0,0.0,0,0.453,0.043,0.03,11,0.049,0.43,34,0.151,89,0.0,0.25,0.0,0.021764706,0.0,0.0,0.0,0.0,0.0283125,0.033076923,0.025,0.009166667,5.44444e-05,0.080952381,0.127142857,0.0,0.022727273
16426,Legumes and Legume Products,"TOFU,RAW,FIRM,PREP W/CA SULFATE","Tofu, raw, firm, prepared with calcium sulfate",,,,145,15.78,8.72,4.27,0.0,2.3,0.0,0.092,0.0,0.2,0.0,29,0.381,0.102,0.158,683,0.378,2.66,58,1.181,190,17.4,1.57,0.0,0.054117647,0.0,0.002222222,0.0,0.0725,0.0238125,0.078461538,0.131666667,0.569166667,0.00042,0.138095238,0.271428571,0.316363636,0.142727273
16427,Legumes and Legume Products,"TOFU,RAW,REG,PREP W/CA SULFATE","Tofu, raw, regular, prepared with calcium sulfate",,,,76,8.08,4.78,1.88,0.0,0.3,4.0,0.047,0.0,0.1,0.0,15,0.195,0.052,0.081,350,0.193,5.36,30,0.605,97,8.9,0.8,0.004444444,0.027647059,0.0,0.001111111,0.0,0.0375,0.0121875,0.04,0.0675,0.291666667,0.000214444,0.071428571,0.138571429,0.161818182,0.072727273
16428,Legumes and Legume Products,"TOFU,DRIED-FROZEN (KOYADOFU),PREP W/CA SULFATE","Tofu, dried-frozen (koyadofu), prepared with calcium sulfate",,,,472,47.94,30.34,12.79,0.0,1.2,0.0,0.286,0.0,0.7,0.0,92,1.189,0.317,0.494,2134,1.179,9.73,181,3.689,483,54.3,4.9,0.0,0.168235294,0.0,0.007777778,0.0,0.23,0.0743125,0.243846154,0.411666667,1.778333333,0.00131,0.430952381,0.69,0.987272727,0.445454545
16429,Legumes and Legume Products,"TOFU,FRIED,PREP W/CA SULFATE","Tofu, fried, prepared with calcium sulfate",,,,271,17.19,20.18,10.5,0.0,3.9,0.0,0.099,0.0,0.0,0.0,27,0.1,0.05,0.17,961,0.398,4.87,95,1.495,287,28.5,1.99,0.0,0.058235294,0.0,0.0,0.0,0.0675,0.00625,0.038461538,0.141666667,0.800833333,0.000442222,0.226190476,0.41,0.518181818,0.180909091
16432,Legumes and Legume Products,"TOFU,SALTED&FERMENTED (FUYU),PREP W/CA SULFATE","Tofu, salted and fermented (fuyu), prepared with calcium sulfate",,,,116,8.15,8.0,5.15,0.0,0.0,0.0,0.091,0.0,0.2,0.0,29,0.379,0.101,0.157,1229,0.376,1.98,58,1.174,73,17.3,1.56,0.0,0.053529412,0.0,0.002222222,0.0,0.0725,0.0236875,0.077692308,0.130833333,1.024166667,0.000417778,0.138095238,0.104285714,0.314545455,0.141818182
16434,Legumes and Legume Products,"YARDLONG BNS,MATURE SEEDS,CKD,BLD,W/ SALT","Yardlong beans, mature seeds, cooked, boiled, with salt",,,,118,8.29,0.45,21.09,0.0,3.8,1.0,0.095,0.0,0.4,0.0,146,0.551,0.064,0.212,42,0.225,2.64,98,0.487,181,2.8,1.08,0.001111111,0.055882353,0.0,0.004444444,0.0,0.365,0.0344375,0.049230769,0.176666667,0.035,0.00025,0.233333333,0.258571429,0.050909091,0.098181818
16436,Legumes and Legume Products,"WINGED BNS,MATURE SEEDS,CKD,BLD,W/ SALT","Winged beans, mature seeds, cooked, boiled, with salt",,,,147,10.62,5.84,14.94,0.0,0.0,0.0,0.047,0.0,0.0,0.0,10,0.83,0.129,0.295,142,0.773,4.33,54,1.199,153,2.9,1.44,0.0,0.027647059,0.0,0.0,0.0,0.025,0.051875,0.099230769,0.245833333,0.118333333,0.000858889,0.128571429,0.218571429,0.052727273,0.130909091
16500,Legumes and Legume Products,"LOMA LINDA LITTLE LINKS,CND,UNPREP","LOMA LINDA Little Links, canned, unprepared",,"Kellogg, Co.",,221,19.4,13.5,5.5,0.8,4.2,0.0,1.1,3.3,0.0,0.0,0,15.6,1.4,1.0,19,0.0,1.5,0,0.0,103,0.0,1.5,0.0,0.647058824,1.375,0.0,0.0,0.0,0.975,1.076923077,0.833333333,0.015833333,0.0,0.0,0.147142857,0.0,0.136363636
16502,Legumes and Legume Products,"LOMA LINDA LOFAT BIG FRANKS,CND,UNPREP","LOMA LINDA Low Fat Big Franks, canned, unprepared",,"Kellogg, Co.",,154,23.1,4.7,4.9,0.3,4.1,0.0,0.1,2.4,0.0,0.0,0,7.8,0.8,0.4,17,0.0,2.3,0,0.0,137,0.0,2.5,0.0,0.058823529,1.0,0.0,0.0,0.0,0.4875,0.615384615,0.333333333,0.014166667,0.0,0.0,0.195714286,0.0,0.227272727
16504,Legumes and Legume Products,"LOMA LINDA TENDER ROUNDS W/ GRAVY,CND,UNPREP","LOMA LINDA Tender Rounds with Gravy, canned, unprepared",,"Kellogg, Co.",,145,16.3,5.6,7.4,1.0,3.5,0.0,0.2,2.2,0.0,0.0,0,0.5,0.5,1.0,14,0.0,1.5,0,0.0,103,0.0,0.8,0.0,0.117647059,0.916666667,0.0,0.0,0.0,0.03125,0.384615385,0.833333333,0.011666667,0.0,0.0,0.147142857,0.0,0.072727273
16505,Legumes and Legume Products,"LOMA LINDA SWISS STAKE W/ GRAVY,CND,UNPREP","LOMA LINDA Swiss Stake with Gravy, canned, unprepared",,"Kellogg, Co.",,138,10.2,6.2,10.4,0.9,3.2,0.0,1.1,7.3,0.0,0.0,0,15.4,0.9,1.3,35,0.0,1.8,0,0.0,140,0.0,0.7,0.0,0.647058824,3.041666667,0.0,0.0,0.0,0.9625,0.692307692,1.083333333,0.029166667,0.0,0.0,0.2,0.0,0.063636364
16506,Legumes and Legume Products,"LOMA LINDA VEGE-BURGER,CND,UNPREP","LOMA LINDA Vege-Burger, canned, unprepared",,"Kellogg, Co.",,114,22.2,1.2,3.7,0.8,2.6,0.0,0.6,6.6,0.0,0.0,0,9.9,0.5,0.2,16,0.0,1.7,0,0.0,80,0.0,1.3,0.0,0.352941176,2.75,0.0,0.0,0.0,0.61875,0.384615385,0.166666667,0.013333333,0.0,0.0,0.114285714,0.0,0.118181818
16507,Legumes and Legume Products,"LOMA LINDA REDI-BURGER,CND,UNPREP","LOMA LINDA Redi-Burger, canned, unprepared",,"Kellogg, Co.",,146,21.9,2.8,8.2,1.2,4.3,0.0,0.5,1.6,0.0,0.0,0,5.1,0.5,0.3,17,0.0,20.0,0,0.0,159,0.0,1.7,0.0,0.294117647,0.666666667,0.0,0.0,0.0,0.31875,0.384615385,0.25,0.014166667,0.0,0.0,0.227142857,0.0,0.154545455
16508,Legumes and Legume Products,"LOMA LINDA TENDER BITS,CND,UNPREP","LOMA LINDA Tender Bits, canned, unprepared",,"Kellogg, Co.",,135,15.1,4.6,8.3,0.6,4.3,0.0,0.1,0.1,0.0,0.0,0,6.6,0.6,0.5,17,0.0,1.6,0,0.0,88,0.0,1.0,0.0,0.058823529,0.041666667,0.0,0.0,0.0,0.4125,0.461538462,0.416666667,0.014166667,0.0,0.0,0.125714286,0.0,0.090909091
16509,Legumes and Legume Products,"LOMA LINDA LINKETTS,CND,UNPREP","LOMA LINDA Linketts, canned, unprepared",,"Kellogg, Co.",,209,21.3,11.8,4.4,0.3,3.0,0.0,0.4,2.9,0.0,0.0,0,9.5,0.7,0.4,11,0.0,1.8,0,0.0,114,0.0,1.5,0.0,0.235294118,1.208333333,0.0,0.0,0.0,0.59375,0.538461538,0.333333333,0.009166667,0.0,0.0,0.162857143,0.0,0.136363636
16510,Legumes and Legume Products,"WORTHINGTON CHILI,CND,UNPREP","WORTHINGTON Chili, canned, unprepared",,"Kellogg, Co.",,126,10.4,4.5,10.9,1.3,3.4,0.0,0.3,0.7,0.0,0.0,0,0.9,0.1,0.1,18,0.0,1.6,0,0.0,77,0.0,0.8,0.0,0.176470588,0.291666667,0.0,0.0,0.0,0.05625,0.076923077,0.083333333,0.015,0.0,0.0,0.11,0.0,0.072727273
16511,Legumes and Legume Products,"WORTHINGTON CHOPLETS,CND,UNPREP","WORTHINGTON Choplets, canned, unprepared",,"Kellogg, Co.",,103,19.4,1.0,4.1,0.4,2.8,0.0,0.0,0.0,0.0,0.0,0,0.0,0.0,0.0,8,0.0,1.5,0,0.0,75,0.0,1.0,0.0,0.0,0.0,0.0,0.0,0.0,0.0,0.0,0.0,0.006666667,0.0,0.0,0.107142857,0.0,0.090909091
16512,Legumes and Legume Products,"WORTHINGTON DICED CHIK,CND,UNPREP","WORTHINGTON Diced Chik, canned, unprepared",,"Kellogg, Co.",,80,14.7,0.7,3.7,0.1,1.4,0.0,0.1,0.4,0.0,0.0,0,7.3,0.2,0.1,55,0.0,2.0,0,0.0,0,0.0,0.7,0.0,0.058823529,0.166666667,0.0,0.0,0.0,0.45625,0.153846154,0.083333333,0.045833333,0.0,0.0,0.0,0.0,0.063636364
16513,Legumes and Legume Products,"WORTHINGTON FRICHIK ORIGINAL,CND,UNPREP","WORTHINGTON FriChik Original, canned, unprepared",,"Kellogg, Co.",,160,13.4,10.3,3.4,0.1,1.5,0.0,0.2,2.0,0.0,0.0,0,2.2,0.2,0.2,33,0.0,2.0,0,0.0,0,0.0,0.7,0.0,0.117647059,0.833333333,0.0,0.0,0.0,0.1375,0.153846154,0.166666667,0.0275,0.0,0.0,0.0,0.0,0.063636364
16514,Legumes and Legume Products,"WORTHINGTON LOFAT FRI CHIK,CND,UNPREP","WORTHINGTON Low Fat Fri Chik, canned, unprepared",,"Kellogg, Co.",,102,14.3,2.7,4.9,0.0,1.0,0.0,0.2,3.5,0.0,0.0,0,4.7,0.2,0.1,35,0.0,3.2,0,0.0,124,0.0,0.8,0.0,0.117647059,1.458333333,0.0,0.0,0.0,0.29375,0.153846154,0.083333333,0.029166667,0.0,0.0,0.177142857,0.0,0.072727273
16515,Legumes and Legume Products,"WORTHINGTON LOFAT VEJA-LINKS,CND,UNPREP","WORTHINGTON Low Fat Veja-Links, canned, unprepared",,"Kellogg, Co.",,123,15.8,4.8,4.3,0.7,1.2,0.0,0.4,3.9,0.0,0.0,0,6.5,0.3,0.3,20,0.0,3.5,0,0.0,74,0.0,0.6,0.0,0.235294118,1.625,0.0,0.0,0.0,0.40625,0.230769231,0.25,0.016666667,0.0,0.0,0.105714286,0.0,0.054545455
16516,Legumes and Legume Products,"WORTHINGTON MULTIGRAIN CUTLETS,CND,UNPREP","WORTHINGTON Multigrain Cutlets, canned, unprepared",,"Kellogg, Co.",,117,23.29,1.5,7.3,0.2,4.5,0.0,0.5,0.0,0.0,18.09,2,26.29,1.33,0.05,22,0.0,1.7,3,0.0,56,0.0,1.0,0.0,0.294117647,0.0,0.0,1.206,0.005,1.643125,1.023076923,0.041666667,0.018333333,0.0,0.007142857,0.08,0.0,0.090909091
16517,Legumes and Legume Products,"WORTHINGTON PRIME STAKES,CND,UNPREP","WORTHINGTON Prime Stakes, canned, unprepared",,"Kellogg, Co.",,135,10.2,7.2,7.5,0.3,1.4,0.0,0.4,3.3,0.0,0.0,0,6.5,0.2,0.3,15,0.0,2.0,0,0.0,99,0.0,0.6,0.0,0.235294118,1.375,0.0,0.0,0.0,0.40625,0.153846154,0.25,0.0125,0.0,0.0,0.141428571,0.0,0.054545455
16518,Legumes and Legume Products,"WORTHINGTON SAUCETTES,CND,UNPREP","WORTHINGTON Saucettes, canned, unprepared",,"Kellogg, Co.",,219,15.0,15.2,5.6,0.2,2.8,0.0,0.3,0.9,0.0,0.0,0,2.1,0.2,1.2,40,0.0,2.8,0,0.0,155,0.0,0.9,0.0,0.176470588,0.375,0.0,0.0,0.0,0.13125,0.153846154,1.0,0.033333333,0.0,0.0,0.221428571,0.0,0.081818182
16519,Legumes and Legume Products,"WORTHINGTON SUPER LINKS,CND,UNPREP","WORTHINGTON Super Links, canned, unprepared",,"Kellogg, Co.",,219,14.5,15.5,5.5,0.6,1.8,0.0,0.3,2.5,0.0,0.0,0,1.7,0.2,0.2,3,0.0,4.3,0,0.0,93,0.0,0.9,0.0,0.176470588,1.041666667,0.0,0.0,0.0,0.10625,0.153846154,0.166666667,0.0025,0.0,0.0,0.132857143,0.0,0.081818182
16521,Legumes and Legume Products,"WORTHINGTON VEG SKALLOPS,CND,UNPREP","WORTHINGTON Vegetable Skallops, canned, unprepared",,"Kellogg, Co.",,109,19.9,1.2,4.6,0.3,3.4,0.0,0.0,0.0,0.0,0.0,0,0.0,0.0,0.0,7,0.0,1.4,0,0.0,52,0.0,1.0,0.0,0.0,0.0,0.0,0.0,0.0,0.0,0.0,0.0,0.005833333,0.0,0.0,0.074285714,0.0,0.090909091
16522,Legumes and Legume Products,"WORTHINGTON VEG STEAKS,CND,UNPREP","WORTHINGTON Vegetable Steaks, canned, unprepared",,"Kellogg, Co.",,113,20.7,1.2,5.1,0.5,2.2,0.0,0.3,4.2,0.0,0.0,0,5.6,0.1,0.7,6,0.0,3.8,0,0.0,77,0.0,1.1,0.0,0.176470588,1.75,0.0,0.0,0.0,0.35,0.076923077,0.583333333,0.005,0.0,0.0,0.11,0.0,0.1
16523,Legumes and Legume Products,"WORTHINGTON VEGETARIAN BURGER,CND,UNPREP","WORTHINGTON Vegetarian Burger, canned, unprepared",,"Kellogg, Co.",,124,18.6,2.9,6.2,0.6,2.7,0.0,0.4,4.4,0.0,0.0,0,2.9,0.2,0.2,8,0.0,2.6,0,0.0,98,0.0,1.2,0.0,0.235294118,1.833333333,0.0,0.0,0.0,0.18125,0.153846154,0.166666667,0.006666667,0.0,0.0,0.14,0.0,0.109090909
16524,Legumes and Legume Products,"WORTHINGTON VEJA-LINKS,CND,UNPREP","WORTHINGTON Veja-Links, canned, unprepared",,"Kellogg, Co.",,155,14.6,8.9,4.1,0.5,3.3,0.0,0.4,3.9,0.0,0.0,0,6.5,0.3,0.4,23,0.0,3.5,0,0.0,100,0.0,0.5,0.0,0.235294118,1.625,0.0,0.0,0.0,0.40625,0.230769231,0.333333333,0.019166667,0.0,0.0,0.142857143,0.0,0.045454545
16525,Legumes and Legume Products,"WORTHINGTON CHIC-KETTS,FRZ,UNPREP","WORTHINGTON Chic-Ketts, frozen, unprepared",,"Kellogg, Co.",,200,23.6,9.7,5.1,0.1,1.2,0.0,0.9,3.4,0.0,0.0,0,35.9,1.72,0.57,39,0.0,3.2,12,0.0,115,0.0,1.6,0.0,0.529411765,1.416666667,0.0,0.0,0.0,2.24375,1.323076923,0.475,0.0325,0.0,0.028571429,0.164285714,0.0,0.145454545
16526,Legumes and Legume Products,"WORTHINGTON MEATLESS CHICK ROLL,FRZ,UNPREP","WORTHINGTON Meatless Chicken Roll, frozen, unprepared",,"Kellogg, Co.",,154,16.1,8.0,4.3,0.8,2.4,0.0,0.5,3.7,0.0,0.0,0,7.5,0.2,0.7,272,0.0,3.8,0,0.0,243,0.0,0.7,0.0,0.294117647,1.541666667,0.0,0.0,0.0,0.46875,0.153846154,0.583333333,0.226666667,0.0,0.0,0.347142857,0.0,0.063636364
16527,Legumes and Legume Products,"WORTHINGTON MEATLESS CORNED BF ROLL,FRZ,UNPREP","WORTHINGTON Meatless Corned Beef Roll, frozen, unprepared",,"Kellogg, Co.",,245,18.6,14.5,9.9,2.1,0.0,0.0,0.5,3.3,0.0,0.0,0,9.1,0.3,3.3,24,0.0,3.3,0,0.0,140,0.0,0.8,0.0,0.294117647,1.375,0.0,0.0,0.0,0.56875,0.230769231,2.75,0.02,0.0,0.0,0.2,0.0,0.072727273
16528,Legumes and Legume Products,"WORTHINGTON DINNER RST,FRZ,UNPREP","WORTHINGTON Dinner Roast, frozen, unprepared",,"Kellogg, Co.",,213,16.0,13.5,6.9,1.0,3.1,0.0,0.7,1.8,0.0,0.0,0,7.1,0.3,2.1,46,0.0,2.1,0,0.0,131,0.0,0.9,0.0,0.411764706,0.75,0.0,0.0,0.0,0.44375,0.230769231,1.75,0.038333333,0.0,0.0,0.187142857,0.0,0.081818182
16529,Legumes and Legume Products,"WORTHINGTON FRIPATS,FRZ,UNPREP","WORTHINGTON FriPats, frozen, unprepared",,"Kellogg, Co.",,209,23.7,9.1,8.0,1.4,2.8,0.0,0.9,1.9,0.0,0.0,0,4.7,0.3,2.8,97,0.0,2.8,0,0.0,187,0.0,1.2,0.0,0.529411765,0.791666667,0.0,0.0,0.0,0.29375,0.230769231,2.333333333,0.080833333,0.0,0.0,0.267142857,0.0,0.109090909
16531,Legumes and Legume Products,"WORTHINGTON PROSAGE LINKS,FRZ,UNPREP","WORTHINGTON Prosage Links, frozen, unprepared",,"Kellogg, Co.",,143,20.2,4.7,5.0,0.8,2.8,0.0,0.7,6.7,0.0,0.0,0,4.4,0.4,4.0,26,0.0,3.2,0,0.0,138,0.0,1.0,0.0,0.411764706,2.791666667,0.0,0.0,0.0,0.275,0.307692308,3.333333333,0.021666667,0.0,0.0,0.197142857,0.0,0.090909091
16532,Legumes and Legume Products,"WORTHINGTON PROSAGE ROLL,FRZ,UNPREP","WORTHINGTON Prosage Roll, frozen, unprepared",,"Kellogg, Co.",,261,19.6,17.6,6.0,0.2,3.5,0.0,0.4,1.6,0.0,0.0,0,2.9,0.3,1.2,28,0.0,3.3,0,0.0,93,0.0,0.8,0.0,0.235294118,0.666666667,0.0,0.0,0.0,0.18125,0.230769231,1.0,0.023333333,0.0,0.0,0.132857143,0.0,0.072727273
16533,Legumes and Legume Products,"WORTHINGTON SMOKED TURKEY ROLL,FRZ,UNPREP","WORTHINGTON Smoked Turkey Roll, frozen, unprepared",,"Kellogg, Co.",,251,18.5,16.1,7.9,2.4,1.1,0.0,0.7,5.5,0.0,0.0,0,10.9,0.3,3.3,147,0.0,4.9,0,0.0,188,0.0,0.8,0.0,0.411764706,2.291666667,0.0,0.0,0.0,0.68125,0.230769231,2.75,0.1225,0.0,0.0,0.268571429,0.0,0.072727273
16534,Legumes and Legume Products,"WORTHINGTON STAKELETS,FRZ,UNPREP","WORTHINGTON Stakelets, frozen, unprepared",,"Kellogg, Co.",,211,19.7,10.4,9.6,1.2,2.8,0.0,0.4,2.1,0.0,0.0,0,4.2,0.2,1.7,73,0.0,1.5,0,0.0,210,0.0,1.2,0.0,0.235294118,0.875,0.0,0.0,0.0,0.2625,0.153846154,1.416666667,0.060833333,0.0,0.0,0.3,0.0,0.109090909
16535,Legumes and Legume Products,"WORTHINGTON STRIPPLES,FRZ,UNPREP","WORTHINGTON Stripples, frozen, unprepared",,"Kellogg, Co.",,346,12.4,26.6,14.3,0.8,5.1,0.0,0.5,3.4,0.0,0.0,0,8.8,0.4,10.1,42,0.0,3.6,0,0.0,285,0.0,0.6,0.0,0.294117647,1.416666667,0.0,0.0,0.0,0.55,0.307692308,8.416666667,0.035,0.0,0.0,0.407142857,0.0,0.054545455
16536,Legumes and Legume Products,"WORTHINGTON WHAM (ROLL),FRZ,UNPREP","WORTHINGTON Wham (roll), frozen, unprepared",,"Kellogg, Co.",,196,17.8,11.3,5.7,3.2,0.0,0.0,0.9,3.8,0.0,0.0,0,10.9,0.3,3.3,45,0.0,3.3,0,0.0,263,0.0,0.8,0.0,0.529411765,1.583333333,0.0,0.0,0.0,0.68125,0.230769231,2.75,0.0375,0.0,0.0,0.375714286,0.0,0.072727273
16538,Legumes and Legume Products,"MORNINGSTAR FARMS BRKFST PATTIE W/ ORGANIC SOY,FRZ,UNPREP","MORNINGSTAR FARMS Breakfast Pattie with Organic Soy, frozen, unprepared",,"Kellogg, Co.",,220,23.7,8.3,12.6,2.2,7.6,0.0,0.0,0.0,0.0,0.0,0,0.4,0.2,0.0,60,0.0,1.9,15,0.0,39,0.0,0.6,0.0,0.0,0.0,0.0,0.0,0.0,0.025,0.153846154,0.0,0.05,0.0,0.035714286,0.055714286,0.0,0.054545455
16542,Legumes and Legume Products,"MORNINGSTAR FARMS BRKFST BACON STRIPS,FRZ,UNPREP","MORNINGSTAR FARMS Breakfast Bacon Strips, frozen, unprepared",,"Kellogg, Co.",,346,12.4,26.6,14.3,0.8,5.1,0.0,0.5,3.4,0.0,0.0,0,8.8,0.4,10.1,42,0.0,3.6,0,0.0,285,0.0,0.6,0.0,0.294117647,1.416666667,0.0,0.0,0.0,0.55,0.307692308,8.416666667,0.035,0.0,0.0,0.407142857,0.0,0.054545455
16546,Legumes and Legume Products,"MORNINGSTAR FARMS BRKFST SAUSAGE LINKS,FRZ,UNPREP","MORNINGSTAR FARMS Breakfast Sausage Links, frozen, unprepared",,"Kellogg, Co.",,159,19.2,6.1,6.8,1.0,4.0,0.0,1.1,7.4,0.0,0.0,0,16.8,0.6,1.9,26,0.0,5.9,0,0.0,0,0.0,0.0,0.0,0.647058824,3.083333333,0.0,0.0,0.0,1.05,0.461538462,1.583333333,0.021666667,0.0,0.0,0.0,0.0,0.0
16548,Legumes and Legume Products,"MORNINGSTAR FARMS GRILLERS ORIGINAL,FRZ,UNPREP","MORNINGSTAR FARMS Grillers Original, frozen, unprepared",,"Kellogg, Co.",,213,23.9,9.3,8.5,1.2,4.4,0.0,0.6,4.5,0.0,0.0,0,6.4,0.3,2.8,61,0.0,4.2,0,0.0,185,0.0,1.2,0.0,0.352941176,1.875,0.0,0.0,0.0,0.4,0.230769231,2.333333333,0.050833333,0.0,0.0,0.264285714,0.0,0.109090909
16549,Legumes and Legume Products,"MORNINGSTAR FARMS GRILLERS PRIME,FRZ,UNPREP","MORNINGSTAR FARMS Grillers Prime, frozen, unprepared",,"Kellogg, Co.",,238,24.0,13.2,5.9,0.3,2.6,0.0,0.0,0.0,0.0,0.0,0,0.0,0.2,0.3,58,0.0,2.8,0,0.0,0,0.0,1.2,0.0,0.0,0.0,0.0,0.0,0.0,0.0,0.153846154,0.25,0.048333333,0.0,0.0,0.0,0.0,0.109090909
16551,Legumes and Legume Products,"MORNINGSTAR FARMS ASIAN VEGGIE PATTIES,FRZ,UNPREP","MORNINGSTAR FARMS Asian Veggie Patties, frozen, unprepared",,"Kellogg, Co.",,159,10.9,6.2,14.9,4.9,3.0,0.0,0.0,0.0,3.0,0.0,0,1.9,0.2,0.0,51,0.0,1.5,0,0.0,90,0.0,0.0,0.0,0.0,0.0,0.033333333,0.0,0.0,0.11875,0.153846154,0.0,0.0425,0.0,0.0,0.128571429,0.0,0.0
16552,Legumes and Legume Products,"MORNINGSTAR FARMS MUSHROOM LOVERS BURGER,FRZ,UNPREP","MORNINGSTAR FARMS Mushroom Lovers Burger, frozen, unprepared",,"Kellogg, Co.",,168,14.3,8.2,9.2,0.5,5.1,0.0,0.0,0.0,0.0,0.0,0,0.1,0.1,0.0,0,0.0,1.7,13,0.0,85,0.0,0.7,0.0,0.0,0.0,0.0,0.0,0.0,0.00625,0.076923077,0.0,0.0,0.0,0.030952381,0.121428571,0.0,0.063636364
16554,Legumes and Legume Products,"MORNINGSTAR FARMS TOMATO & BASIL PIZZA BURGER,FRZ,UNPREP","MORNINGSTAR FARMS Tomato & Basil Pizza Burger, frozen, unprepared",,"Kellogg, Co.",,181,15.5,8.3,11.1,2.4,3.7,0.0,0.0,0.0,22.0,0.0,0,0.0,0.3,0.1,48,0.0,1.8,0,0.0,139,0.0,0.0,0.0,0.0,0.0,0.244444444,0.0,0.0,0.0,0.230769231,0.083333333,0.04,0.0,0.0,0.198571429,0.0,0.0
16555,Legumes and Legume Products,"MORNINGSTAR FARMS BUFFALO WINGS,FRZ,UNPREP","MORNINGSTAR FARMS Buffalo Wings, frozen, unprepared",,"Kellogg, Co.",,246,14.1,11.0,22.6,2.8,4.8,0.0,0.2,2.5,0.0,0.0,0,4.7,0.1,0.5,63,0.0,3.2,35,0.0,112,0.0,0.5,0.0,0.117647059,1.041666667,0.0,0.0,0.0,0.29375,0.076923077,0.416666667,0.0525,0.0,0.083333333,0.16,0.0,0.045454545
16556,Legumes and Legume Products,"MORNINGSTAR FARMS CHIKN NUGGETS,FRZ,UNPREP","MORNINGSTAR FARMS Chikn Nuggets, frozen, unprepared",,"Kellogg, Co.",,235,14.4,10.0,21.8,2.2,4.9,0.0,0.2,2.1,0.2,0.0,0,4.7,0.1,0.4,75,0.0,2.1,4,0.0,175,0.0,0.8,0.0,0.117647059,0.875,0.002222222,0.0,0.0,0.29375,0.076923077,0.333333333,0.0625,0.0,0.00952381,0.25,0.0,0.072727273
16557,Legumes and Legume Products,"MORNINGSTAR FARMS CHIK PATTIES,FRZ,UNPREP","MORNINGSTAR FARMS Chik Patties, frozen, unprepared",,"Kellogg, Co.",,197,11.8,7.0,22.9,2.0,3.0,1.0,0.2,1.7,0.0,0.0,0,4.2,0.1,0.3,41,0.0,2.5,0,0.0,126,0.0,0.5,0.001111111,0.117647059,0.708333333,0.0,0.0,0.0,0.2625,0.076923077,0.25,0.034166667,0.0,0.0,0.18,0.0,0.045454545
16558,Legumes and Legume Products,"MORNINGSTAR FARMS ITALIAN HERB CHIKN PATTIE,FRZ,UNPREP","MORNINGSTAR FARMS Italian Herb Chikn Pattie, frozen, unprepared",,"Kellogg, Co.",,242,13.6,7.0,31.1,1.5,3.4,0.0,0.3,2.1,0.0,0.0,13,5.6,0.1,0.4,50,0.0,3.8,0,0.0,140,0.0,0.0,0.0,0.176470588,0.875,0.0,0.0,0.0325,0.35,0.076923077,0.333333333,0.041666667,0.0,0.0,0.2,0.0,0.0
16560,Legumes and Legume Products,"MORNINGSTAR FARMS CORN DOG,FRZ,UNPREP","MORNINGSTAR FARMS Corn Dog, frozen, unprepared",,"Kellogg, Co.",,220,11.2,3.5,36.0,11.0,3.8,0.0,0.0,0.0,0.0,0.0,0,0.0,0.0,0.0,17,0.0,1.3,16,0.0,115,0.0,0.7,0.0,0.0,0.0,0.0,0.0,0.0,0.0,0.0,0.0,0.014166667,0.0,0.038095238,0.164285714,0.0,0.063636364
16561,Legumes and Legume Products,"MORNINGSTAR FARMS CORN DOG MINI,FRZ,UNPREP","MORNINGSTAR FARMS Corn Dog Mini, frozen, unprepared",,"Kellogg, Co.",,226,13.2,4.7,32.6,8.0,2.6,0.0,0.0,0.0,0.0,0.0,0,0.0,0.0,0.0,30,0.0,1.4,14,0.0,142,0.0,0.7,0.0,0.0,0.0,0.0,0.0,0.0,0.0,0.0,0.0,0.025,0.0,0.033333333,0.202857143,0.0,0.063636364
16565,Legumes and Legume Products,"MORNINGSTAR FARMS SAUSAGE STYLE RECIPE CRUMBLES,FRZ,UNPREP","MORNINGSTAR FARMS Sausage Style Recipe Crumbles, frozen, unprepared",,"Kellogg, Co.",,162,20.2,4.6,9.9,1.4,4.6,0.0,0.9,8.4,0.0,0.0,0,12.0,0.2,1.3,44,0.0,5.5,16,0.0,111,0.0,1.2,0.0,0.529411765,3.5,0.0,0.0,0.0,0.75,0.153846154,1.083333333,0.036666667,0.0,0.038095238,0.158571429,0.0,0.109090909
16570,Legumes and Legume Products,"GARDENBURGER BLACK BEAN CHIPOTLE BURGER,FRZ,UNPREP","GARDENBURGER Black Bean Chipotle Burger, frozen, unprepared",,"Kellogg, Co.",,149,6.5,3.9,22.0,3.6,6.1,0.0,0.1,0.0,0.0,0.0,31,0.9,0.0,0.1,49,0.0,2.4,42,0.0,110,0.0,0.7,0.0,0.058823529,0.0,0.0,0.0,0.0775,0.05625,0.0,0.083333333,0.040833333,0.0,0.1,0.157142857,0.0,0.063636364
16579,Legumes and Legume Products,"GARDENBURGER ORIGINAL,FRZ,UNPREP","GARDENBURGER Original, frozen, unprepared",,"Kellogg, Co.",,159,7.2,4.6,22.1,0.6,5.0,0.0,0.1,0.0,0.0,0.0,12,1.2,0.1,0.1,65,0.0,1.4,18,0.0,118,0.0,0.3,0.0,0.058823529,0.0,0.0,0.0,0.03,0.075,0.076923077,0.083333333,0.054166667,0.0,0.042857143,0.168571429,0.0,0.027272727
16581,Legumes and Legume Products,"GARDENBURGER FLAME GRILLED BURGER,FRZ,UNPREP","GARDENBURGER Flame Grilled Burger, frozen, unprepared",,"Kellogg, Co.",,128,15.2,4.4,6.8,0.4,3.7,0.0,0.0,0.0,1.0,0.0,0,0.1,0.0,0.0,88,0.0,2.9,73,0.0,214,0.0,0.9,0.0,0.0,0.0,0.011111111,0.0,0.0,0.00625,0.0,0.0,0.073333333,0.0,0.173809524,0.305714286,0.0,0.081818182
16584,Legumes and Legume Products,"GARDENBURGER SAVORY PORTABELLA VEGGIE BURGER,FRZ,UNPREP","GARDENBURGER Savory Portabella Veggie Burger, frozen, unprepared",,"Kellogg, Co.",,142,5.9,3.3,22.1,1.2,7.1,0.0,0.1,0.0,0.0,0.0,21,1.0,0.1,0.1,67,0.0,0.7,28,0.0,98,0.0,0.4,0.0,0.058823529,0.0,0.0,0.0,0.0525,0.0625,0.076923077,0.083333333,0.055833333,0.0,0.066666667,0.14,0.0,0.036363636
16585,Legumes and Legume Products,"GARDENBURGER SUN-DRIED TOMATO BASIL BURGER,FRZ,UNPREP","GARDENBURGER Sun-Dried Tomato Basil Burger, frozen, unprepared",,"Kellogg, Co.",,149,5.5,3.6,23.7,2.6,5.2,0.0,0.0,0.0,12.0,0.0,0,0.0,0.0,0.0,50,0.0,1.2,4,0.0,48,0.0,0.1,0.0,0.0,0.0,0.133333333,0.0,0.0,0.0,0.0,0.0,0.041666667,0.0,0.00952381,0.068571429,0.0,0.009090909
16586,Legumes and Legume Products,"GARDENBURGER VEGGIE MEDLEY BURGER,FRZ,UNPREP","GARDENBURGER Veggie Medley Burger, frozen, unprepared",,"Kellogg, Co.",,145,4.1,3.6,24.0,2.0,7.1,0.0,0.1,0.0,0.0,0.0,11,1.0,0.1,0.1,36,0.0,1.2,35,0.0,118,0.0,0.5,0.0,0.058823529,0.0,0.0,0.0,0.0275,0.0625,0.076923077,0.083333333,0.03,0.0,0.083333333,0.168571429,0.0,0.045454545
16587,Legumes and Legume Products,"MORNINGSTAR FARMS BRKFST SAUSAGE PATTIES MAPLE FLAV,FRZ,UNPR","MORNINGSTAR FARMS Breakfast Sausage Patties Maple Flavored, frozen, unprepared",,"Kellogg, Co.",,224,26.3,7.2,13.6,5.9,2.0,0.0,0.7,6.6,0.0,0.0,3,9.4,0.3,1.0,37,0.0,4.3,24,0.0,311,0.0,0.8,0.0,0.411764706,2.75,0.0,0.0,0.0075,0.5875,0.230769231,0.833333333,0.030833333,0.0,0.057142857,0.444285714,0.0,0.072727273
16588,Legumes and Legume Products,"MORNINGSTAR FARMS CHIKN GRILL VEGGIE PATTIES,FRZ,UNPREP","MORNINGSTAR FARMS Chikn Grill Veggie Patties, frozen, unprepared",,"Kellogg, Co.",,118,12.8,4.8,10.2,0.2,5.7,0.0,0.0,0.0,0.0,0.0,0,0.0,0.01,0.03,54,0.0,2.0,35,0.0,153,0.0,0.5,0.0,0.0,0.0,0.0,0.0,0.0,0.0,0.007692308,0.025,0.045,0.0,0.083333333,0.218571429,0.0,0.045454545
16589,Legumes and Legume Products,"MORNINGSTAR FARMS VEGGIE ITALIAN STYLE SAUSAGE,FRZ,UNPREP","MORNINGSTAR FARMS Veggie Italian Style Sausage, frozen, unprepared",,"Kellogg, Co.",,187,17.5,8.69,6.81,1.0,2.0,0.0,0.1,0.0,1.0,0.0,24,0.69,0.21,0.17,39,0.0,1.7,21,0.0,97,0.0,1.0,0.0,0.058823529,0.0,0.011111111,0.0,0.06,0.043125,0.161538462,0.141666667,0.0325,0.0,0.05,0.138571429,0.0,0.090909091
16590,Legumes and Legume Products,"MORNINGSTAR FARMS BBQ RIBLETS,FRZ,UNPREP","MORNINGSTAR FARMS BBQ Riblets, frozen, unprepared",,"Kellogg, Co.",,165,11.4,2.3,24.6,17.2,4.3,0.0,0.0,0.0,2.0,0.0,0,0.0,0.0,0.0,84,0.0,2.0,70,0.0,196,0.0,0.9,0.0,0.0,0.0,0.022222222,0.0,0.0,0.0,0.0,0.0,0.07,0.0,0.166666667,0.28,0.0,0.081818182
16591,Legumes and Legume Products,"WORTHINGTON LEANIES,FRZ,UNPREP","WORTHINGTON Leanies, frozen, unprepared",,"Kellogg, Co.",,251,19.5,16.5,6.1,1.2,3.8,0.0,0.5,2.3,0.0,0.0,0,2.0,0.3,0.6,73,0.0,1.8,0,0.0,206,0.0,0.8,0.0,0.294117647,0.958333333,0.0,0.0,0.0,0.125,0.230769231,0.5,0.060833333,0.0,0.0,0.294285714,0.0,0.072727273
16592,Legumes and Legume Products,"MORNINGSTAR FARMS CALIFORNIA TURKY BURGER,FRZ,UNPREP","MORNINGSTAR FARMS California Turky Burger, frozen, unprepared",,"Kellogg, Co.",,155,14.9,7.7,12.6,1.8,7.6,0.0,0.02,0.0,0.0,0.0,0,0.2,0.1,0.04,80,0.0,2.5,39,0.0,162,0.0,0.5,0.0,0.011764706,0.0,0.0,0.0,0.0,0.0125,0.076923077,0.033333333,0.066666667,0.0,0.092857143,0.231428571,0.0,0.045454545
16593,Legumes and Legume Products,"MORNINGSTAR FARMS HOT & SPICY VEGGIE SAUSGE PATTIES,FRZ,UNP","MORNINGSTAR FARMS Hot and Spicy Veggie Sausage Patties, frozen, unprepared",,"Kellogg, Co.",,188,21.8,7.4,8.5,0.2,2.3,0.0,0.5,5.5,3.0,0.0,0,5.3,0.3,0.8,40,0.0,3.8,26,0.0,232,0.0,0.9,0.0,0.294117647,2.291666667,0.033333333,0.0,0.0,0.33125,0.230769231,0.666666667,0.033333333,0.0,0.061904762,0.331428571,0.0,0.081818182
16594,Legumes and Legume Products,"MORNINGSTAR FARMS LASAGNA W/ VEGGIE SAUSAGE,FRZ,UNPREP","MORNINGSTAR FARMS Lasagna with Veggie Sausage, frozen, unprepared",,"Kellogg, Co.",,107,7.1,2.3,14.4,1.7,2.3,0.0,0.2,0.8,1.0,0.0,0,2.1,0.1,0.2,88,0.0,1.3,4,0.0,75,0.0,0.3,0.0,0.117647059,0.333333333,0.011111111,0.0,0.0,0.13125,0.076923077,0.166666667,0.073333333,0.0,0.00952381,0.107142857,0.0,0.027272727
16595,Legumes and Legume Products,"MORNINGSTAR FARMS VEGGIE SWT & SOUR CHIKN,FRZ,UNPREP","MORNINGSTAR FARMS Veggie Sweet and Sour Chikn, frozen, unprepared",,"Kellogg, Co.",,119,5.0,2.29,20.42,4.19,1.3,0.0,0.1,0.0,6.3,0.0,5,0.89,0.01,0.07,14,0.2,0.6,2,0.8,75,0.0,0.69,0.0,0.058823529,0.0,0.07,0.0,0.0125,0.055625,0.007692308,0.058333333,0.011666667,0.000222222,0.004761905,0.107142857,0.0,0.062727273
16596,Legumes and Legume Products,"MORNINGSTAR FARMS GRILLERS QTR POUND VEGGIE BURGER,FRZ,U","MORNINGSTAR FARMS Grillers Quarter Pound Veggie Burger, frozen, unprepared",,"Kellogg, Co.",,221,22.8,10.5,8.9,0.6,2.5,0.0,0.8,7.7,28.0,0.0,0,10.8,0.3,1.2,79,0.0,4.9,18,0.0,124,0.0,1.1,0.0,0.470588235,3.208333333,0.311111111,0.0,0.0,0.675,0.230769231,1.0,0.065833333,0.0,0.042857143,0.177142857,0.0,0.1
16597,Legumes and Legume Products,"MORNINGSTAR FARMS ENTREE CHILI,FRZ,UNPREP","MORNINGSTAR FARMS Entree Chili, frozen, unprepared",,"Kellogg, Co.",,79,4.9,1.0,12.6,1.4,3.9,0.0,0.1,0.2,0.0,0.0,0,1.0,0.0,0.1,43,0.0,1.8,17,0.0,53,0.0,0.2,0.0,0.058823529,0.083333333,0.0,0.0,0.0,0.0625,0.0,0.083333333,0.035833333,0.0,0.04047619,0.075714286,0.0,0.018181818
16598,Legumes and Legume Products,"MORNINGSTAR FARMS BACON,EGG & CHS BISCUIT,FRZ,UNPREP","MORNINGSTAR FARMS Bacon, Egg & Cheese Biscuit, frozen, unprepared",,"Kellogg, Co.",,261,8.7,8.0,38.5,4.5,1.4,0.0,0.0,0.1,0.0,0.0,0,2.4,0.3,0.3,126,0.0,2.8,25,0.0,306,0.0,0.8,0.0,0.0,0.041666667,0.0,0.0,0.0,0.15,0.230769231,0.25,0.105,0.0,0.05952381,0.437142857,0.0,0.072727273
16600,Legumes and Legume Products,"MORNINGSTAR FARMS SESAME CHIKN ENTREE,FRZ,UNPREP","MORNINGSTAR FARMS Sesame Chikn Entree, frozen, unprepared",,"Kellogg, Co.",,116,5.3,3.5,17.3,6.0,1.3,0.0,0.03,0.0,0.0,0.45,0,1.5,0.13,0.12,26,0.0,1.0,21,0.0,73,0.0,0.5,0.0,0.017647059,0.0,0.0,0.03,0.0,0.09375,0.1,0.1,0.021666667,0.0,0.05,0.104285714,0.0,0.045454545
16601,Legumes and Legume Products,"MORNINGSTAR FARMS GRILLERS CHIKN VEGGIE PATTIES,FRZ,UNPREP","MORNINGSTAR FARMS Grillers Chikn Veggie Patties, frozen, unprepared",,"Kellogg, Co.",,135,12.8,4.8,10.2,0.2,5.7,0.0,0.0,0.0,0.0,0.0,0,0.0,0.0,0.0,54,0.0,2.0,35,0.0,153,0.0,0.5,0.0,0.0,0.0,0.0,0.0,0.0,0.0,0.0,0.0,0.045,0.0,0.083333333,0.218571429,0.0,0.045454545
16602,Legumes and Legume Products,"MORNINGSTAR FARMS MEAL STARTERS VEGGIE MEATBALLS,FRZ,UNPREP","MORNINGSTAR FARMS Meal Starters Veggie Meatballs, frozen, unprepared",,"Kellogg, Co.",,163,17.7,5.8,9.9,1.1,3.6,0.0,0.2,0.0,0.0,0.0,3,11.2,0.6,0.0,51,0.0,2.2,33,0.0,151,0.0,1.1,0.0,0.117647059,0.0,0.0,0.0,0.0075,0.7,0.461538462,0.0,0.0425,0.0,0.078571429,0.215714286,0.0,0.1
16603,Legumes and Legume Products,"MORNINGSTAR FARMS BRKFST BSCT SAUSAGE,EGG & CHS,FRZ,UNPRE","MORNINGSTAR FARMS Breakfast Biscuit Sausage, Egg & Cheese, frozen, unprepared",,"Kellogg, Co.",,260,9.3,8.1,37.5,4.0,1.5,0.0,0.1,0.7,0.0,0.0,74,3.2,0.3,0.4,117,0.0,3.0,218,0.0,294,0.0,0.8,0.0,0.058823529,0.291666667,0.0,0.0,0.185,0.2,0.230769231,0.333333333,0.0975,0.0,0.519047619,0.42,0.0,0.072727273
16605,Legumes and Legume Products,"MORNINGSTAR FARMS ENTREE CHIKN ENCHILADA W/ RICE,FRZ,UNPREP","MORNINGSTAR FARMS Entree Chikn Enchilada with Rice, frozen, unprepared",,"Kellogg, Co.",,102,4.6,2.6,17.3,2.1,2.1,0.0,0.12,0.4,0.0,0.0,0,1.2,0.05,0.09,69,0.0,1.0,27,0.0,91,0.0,0.6,0.0,0.070588235,0.166666667,0.0,0.0,0.0,0.075,0.038461538,0.075,0.0575,0.0,0.064285714,0.13,0.0,0.054545455
16606,Legumes and Legume Products,"MORNINGSTAR FARMS MEDITERRANEAN CHICKPEA,FRZ,UNPREP","MORNINGSTAR FARMS Mediterranean Chickpea, frozen, unprepared",,"Kellogg, Co.",,200,15.5,6.5,19.8,1.1,10.1,0.0,0.1,0.0,0.0,0.0,28,0.4,0.2,0.1,94,0.0,1.7,18,0.0,85,0.0,0.5,0.0,0.058823529,0.0,0.0,0.0,0.07,0.025,0.153846154,0.083333333,0.078333333,0.0,0.042857143,0.121428571,0.0,0.045454545
16607,Legumes and Legume Products,"MORNINGSTAR FARMS BUFFALO CHIK PATTIES,FRZ,UNPREP","MORNINGSTAR FARMS Buffalo Chik Patties, frozen, unprepared",,"Kellogg, Co.",,264,12.1,12.8,25.2,3.0,5.1,0.0,0.2,2.1,0.0,0.0,0,2.8,0.1,0.3,57,0.0,3.3,31,0.0,97,0.0,0.4,0.0,0.117647059,0.875,0.0,0.0,0.0,0.175,0.076923077,0.25,0.0475,0.0,0.073809524,0.138571429,0.0,0.036363636
16608,Legumes and Legume Products,"MORNINGSTAR FARMS CHIK PATTIES ORIGINAL,FRZ,UNPREP","MORNINGSTAR FARMS Chik Patties Original, frozen, unprepared",,"Kellogg, Co.",,202,11.8,7.0,22.9,2.0,3.0,0.0,0.2,1.7,0.0,0.0,12,4.2,0.1,0.3,41,0.0,2.5,0,0.0,126,0.0,0.5,0.0,0.117647059,0.708333333,0.0,0.0,0.03,0.2625,0.076923077,0.25,0.034166667,0.0,0.0,0.18,0.0,0.045454545
16609,Legumes and Legume Products,"MORNINGSTAR FARMS BRKFST PATTIE,FRZ,UNPREP","MORNINGSTAR FARMS Breakfast Pattie, frozen, unprepared",,"Kellogg, Co.",,205,22.1,8.19,10.61,1.5,4.3,0.0,0.0,0.0,0.0,0.0,0,0.0,0.0,0.0,45,0.0,3.5,0,0.0,0,0.0,0.0,0.0,0.0,0.0,0.0,0.0,0.0,0.0,0.0,0.0,0.0375,0.0,0.0,0.0,0.0,0.0
16610,Legumes and Legume Products,"MORNINGSTAR FARMS RSTD GARLIC & QUINOA BURGER,FRZ,UNPREP","MORNINGSTAR FARMS Roasted Garlic & Quinoa Burger, frozen, unprepared",,"Kellogg, Co.",,223,10.7,12.1,17.8,2.1,10.1,0.0,0.1,0.0,0.0,0.0,0,0.3,0.0,0.1,66,0.0,2.0,40,0.0,101,0.0,0.4,0.0,0.058823529,0.0,0.0,0.0,0.0,0.01875,0.0,0.083333333,0.055,0.0,0.095238095,0.144285714,0.0,0.036363636
16611,Legumes and Legume Products,"MORNINGSTAR FARMS PARMESAN GARLIC WINGS,FRZ,UNPREP","MORNINGSTAR FARMS Parmesan Garlic Wings, frozen, unprepared",,"Kellogg, Co.",,231,14.2,8.6,24.1,1.3,3.1,0.0,0.1,2.5,0.0,0.0,0,3.5,0.1,0.4,82,0.0,3.5,34,0.0,107,0.0,0.5,0.0,0.058823529,1.041666667,0.0,0.0,0.0,0.21875,0.076923077,0.333333333,0.068333333,0.0,0.080952381,0.152857143,0.0,0.045454545
17000,"Lamb, Veal, and Game Products","VEAL,AUSTRALIAN,RIB,RIB RST,LN,RAW","Veal, Australian, rib, rib roast, separable lean only, raw",,,,134,21.7,4.63,1.4,0.0,0.0,0.0,0.0,0.0,0.0,0.0,0,0.0,0.0,0.0,10,0.0,1.58,0,0.0,0,0.0,0.0,0.0,0.0,0.0,0.0,0.0,0.0,0.0,0.0,0.0,0.008333333,0.0,0.0,0.0,0.0,0.0
17001,"Lamb, Veal, and Game Products","LAMB,DOM,COMP OF RTL CUTS,LN&FAT,1/4FAT,CHOIC,RAW","Lamb, domestic, composite of trimmed retail cuts, separable lean and fat, trimmed to 1/4 fat, choice, raw",,,Ovis aries,267,16.88,21.59,0.0,0.0,0.0,0.0,0.13,2.39,0.0,0.21,18,6.1,0.22,0.12,12,0.104,1.57,22,0.019,160,19.8,3.33,0.0,0.076470588,0.995833333,0.0,0.014,0.045,0.38125,0.169230769,0.1,0.01,0.000115556,0.052380952,0.228571429,0.36,0.302727273
17002,"Lamb, Veal, and Game Products","LAMB,DOM,COMP OF RTL CUTS,LN&FAT,1/4FAT,CHOIC,CKD","Lamb, domestic, composite of trimmed retail cuts, separable lean and fat, trimmed to 1/4 fat, choice, cooked",,,,294,24.52,20.94,0.0,0.0,0.0,0.0,0.13,2.55,0.0,0.14,18,6.66,0.25,0.1,17,0.119,1.88,23,0.022,188,26.4,4.46,0.0,0.076470588,1.0625,0.0,0.009333333,0.045,0.41625,0.192307692,0.083333333,0.014166667,0.000132222,0.054761905,0.268571429,0.48,0.405454545
17003,"Lamb, Veal, and Game Products","LAMB,DOM,COMP OF RTL CUTS,LN,1/4FAT,CHOIC,RAW","Lamb, domestic, composite of trimmed retail cuts, separable lean only, trimmed to 1/4 fat, choice, raw",,,,134,20.29,5.25,0.0,0.0,0.0,0.0,0.16,2.62,0.0,0.21,23,6.0,0.23,0.13,10,0.12,1.77,26,0.024,189,23.4,4.06,0.0,0.094117647,1.091666667,0.0,0.014,0.0575,0.375,0.176923077,0.108333333,0.008333333,0.000133333,0.061904762,0.27,0.425454545,0.369090909
17004,"Lamb, Veal, and Game Products","LAMB,DOM,COMP OF RTL CUTS,LN,1/4FAT,CHOIC,CKD","Lamb, domestic, composite of trimmed retail cuts, separable lean only, trimmed to 1/4 fat, choice, cooked",,,,206,28.22,9.52,0.0,0.0,0.0,0.0,0.16,2.61,0.0,0.19,23,6.32,0.28,0.1,15,0.128,2.05,26,0.028,210,26.1,5.27,0.0,0.094117647,1.0875,0.0,0.012666667,0.0575,0.395,0.215384615,0.083333333,0.0125,0.000142222,0.061904762,0.3,0.474545455,0.479090909
17005,"Lamb, Veal, and Game Products","LAMB,DOM,COMP OF RTL CUTS,FAT,1/4FAT,CHOIC,RAW","Lamb, domestic, composite of trimmed retail cuts, separable fat, trimmed to 1/4 fat, choice, raw",,,,665,6.65,70.61,0.0,0.0,0.0,0.0,0.04,1.68,0.0,0.22,3,6.37,0.16,0.06,19,0.057,0.98,9,0.003,73,8.8,1.13,0.0,0.023529412,0.7,0.0,0.014666667,0.0075,0.398125,0.123076923,0.05,0.015833333,6.33333e-05,0.021428571,0.104285714,0.16,0.102727273
17006,"Lamb, Veal, and Game Products","LAMB,DOM,COMP OF RTL CUTS,FAT,1/4FAT,CHOIC,CKD","Lamb, domestic, composite of trimmed retail cuts, separable fat, trimmed to 1/4 fat, choice, cooked",,,,586,12.16,59.18,0.0,0.0,0.0,0.0,0.04,2.35,0.0,0.04,3,7.8,0.17,0.07,23,0.088,1.29,13,0.004,114,18.8,1.74,0.0,0.023529412,0.979166667,0.0,0.002666667,0.0075,0.4875,0.130769231,0.058333333,0.019166667,9.77778e-05,0.030952381,0.162857143,0.341818182,0.158181818
17007,"Lamb, Veal, and Game Products","LAMB,DOM,FORESHANK,LN&FAT,1/4FAT,CHOIC,RAW","Lamb, domestic, foreshank, separable lean and fat, trimmed to 1/4 fat, choice, raw",,,,201,18.91,13.38,0.0,0.0,0.0,0.0,0.15,2.34,0.0,0.25,19,5.47,0.19,0.1,11,0.101,1.67,22,0.021,170,19.9,5.22,0.0,0.088235294,0.975,0.0,0.016666667,0.0475,0.341875,0.146153846,0.083333333,0.009166667,0.000112222,0.052380952,0.242857143,0.361818182,0.474545455
17008,"Lamb, Veal, and Game Products","LAMB,DOM,FORESHANK,LN&FAT,1/4FAT,CHOIC,CKD,BRSD","Lamb, domestic, foreshank, separable lean and fat, trimmed to 1/4 fat, choice, cooked, braised",,,,243,28.37,13.46,0.0,0.0,0.0,0.0,0.1,2.28,0.0,0.18,17,5.46,0.19,0.05,20,0.123,2.14,22,0.025,166,30.6,7.69,0.0,0.058823529,0.95,0.0,0.012,0.0425,0.34125,0.146153846,0.041666667,0.016666667,0.000136667,0.052380952,0.237142857,0.556363636,0.699090909
17009,"Lamb, Veal, and Game Products","LAMB,DOM,FORESHANK,LN,1/4FAT,CHOIC,RAW","Lamb, domestic, foreshank, separable lean only, trimmed to 1/4 fat, choice, raw",,,,120,21.08,3.29,0.0,0.0,0.0,0.0,0.17,2.45,0.0,0.24,22,5.31,0.2,0.1,9,0.109,1.79,25,0.024,187,24.0,5.95,0.0,0.1,1.020833333,0.0,0.016,0.055,0.331875,0.153846154,0.083333333,0.0075,0.000121111,0.05952381,0.267142857,0.436363636,0.540909091
17010,"Lamb, Veal, and Game Products","LAMB,DOM,FORESHANK,LN,1/4FAT,CHOIC,CKD,BRSD","Lamb, domestic, foreshank, separable lean only, trimmed to 1/4 fat, choice, cooked, braised",,,,187,31.01,6.02,0.0,0.0,0.0,0.0,0.11,2.26,0.0,0.2,19,5.07,0.19,0.04,20,0.129,2.27,23,0.028,175,35.3,8.66,0.0,0.064705882,0.941666667,0.0,0.013333333,0.0475,0.316875,0.146153846,0.033333333,0.016666667,0.000143333,0.054761905,0.25,0.641818182,0.787272727
17011,"Lamb, Veal, and Game Products","LAMB,DOM,LEG,WHL (SHK&SIRL),LN&FAT,1/4FAT,CHOIC,RAW","Lamb, domestic, leg, whole (shank and sirloin), separable lean and fat, trimmed to 1/4 fat, choice, raw",,,,230,17.91,17.07,0.0,0.0,0.0,0.0,0.15,2.5,0.0,0.21,19,6.26,0.23,0.13,9,0.113,1.66,23,0.02,170,20.7,3.32,0.0,0.088235294,1.041666667,0.0,0.014,0.0475,0.39125,0.176923077,0.108333333,0.0075,0.000125556,0.054761905,0.242857143,0.376363636,0.301818182
17012,"Lamb, Veal, and Game Products","LAMB,DOM,LEG,WHL (SHK&SIRL),LN&FAT,1/4FAT,CHOIC,CKD,RSTD","Lamb, domestic, leg, whole (shank and sirloin), separable lean and fat, trimmed to 1/4 fat, choice, cooked, roasted",,,,258,25.55,16.48,0.0,0.0,0.0,0.0,0.15,2.59,0.0,0.15,20,6.59,0.27,0.1,11,0.115,1.98,24,0.024,191,27.2,4.4,0.0,0.088235294,1.079166667,0.0,0.01,0.05,0.411875,0.207692308,0.083333333,0.009166667,0.000127778,0.057142857,0.272857143,0.494545455,0.4
17013,"Lamb, Veal, and Game Products","LAMB,DOM,LEG,WHL (SHK&SIRL),LN,1/4FAT,CHOIC,RAW","Lamb, domestic, leg, whole (shank and sirloin), separable lean only, trimmed to 1/4 fat, choice, raw",,,,128,20.56,4.51,0.0,0.0,0.0,0.0,0.17,2.7,0.0,0.22,23,6.23,0.25,0.14,6,0.126,1.82,27,0.024,193,23.5,3.84,0.0,0.1,1.125,0.0,0.014666667,0.0575,0.389375,0.192307692,0.116666667,0.005,0.00014,0.064285714,0.275714286,0.427272727,0.349090909
17014,"Lamb, Veal, and Game Products","LAMB,DOM,LEG,WHL (SHK&SIRL),LN,1/4FAT,CHOIC,CKD,RSTD","Lamb, domestic, leg, whole (shank and sirloin), separable lean only, trimmed to 1/4 fat, choice, cooked, roasted",,,,191,28.3,7.74,0.0,0.0,0.0,0.0,0.17,2.64,0.0,0.18,23,6.34,0.29,0.11,8,0.12,2.12,26,0.028,206,30.1,4.94,0.0,0.1,1.1,0.0,0.012,0.0575,0.39625,0.223076923,0.091666667,0.006666667,0.000133333,0.061904762,0.294285714,0.547272727,0.449090909
17015,"Lamb, Veal, and Game Products","LAMB,DOM,LEG,SHANK HALF,LN&FAT,1/4FAT,CHOIC,RAW","Lamb, domestic, leg, shank half, separable lean and fat, trimmed to 1/4 fat, choice, raw",,,,201,18.58,13.49,0.0,0.0,0.0,0.0,0.15,2.51,0.0,0.21,20,6.22,0.23,0.13,8,0.115,1.71,24,0.021,178,21.4,3.5,0.0,0.088235294,1.045833333,0.0,0.014,0.05,0.38875,0.176923077,0.108333333,0.006666667,0.000127778,0.057142857,0.254285714,0.389090909,0.318181818
17016,"Lamb, Veal, and Game Products","LAMB,DOM,LEG,SHANK HALF,LN&FAT,1/4FAT,CHOIC,CKD,RSTD","Lamb, domestic, leg, shank half, separable lean and fat, trimmed to 1/4 fat, choice, cooked, roasted",,,,225,26.41,12.45,0.0,0.0,0.0,0.0,0.16,2.67,0.0,0.16,22,6.55,0.27,0.1,10,0.117,1.98,25,0.025,198,29.4,4.66,0.0,0.094117647,1.1125,0.0,0.010666667,0.055,0.409375,0.207692308,0.083333333,0.008333333,0.00013,0.05952381,0.282857143,0.534545455,0.423636364
17017,"Lamb, Veal, and Game Products","LAMB,DOM,LEG,SHANK HALF,LN,1/4FAT,CHOIC,RAW","Lamb, domestic, leg, shank half, separable lean only, trimmed to 1/4 fat, choice, raw",,,,125,20.52,4.19,0.0,0.0,0.0,0.0,0.17,2.64,0.0,0.2,23,6.19,0.25,0.14,6,0.124,1.82,27,0.024,195,23.4,3.89,0.0,0.1,1.1,0.0,0.013333333,0.0575,0.386875,0.192307692,0.116666667,0.005,0.000137778,0.064285714,0.278571429,0.425454545,0.353636364
17018,"Lamb, Veal, and Game Products","LAMB,DOM,LEG,SHANK HALF,LN,1/4FAT,CHOIC,CKD,RSTD","Lamb, domestic, leg, shank half, separable lean only, trimmed to 1/4 fat, choice, cooked, roasted",,,,180,28.17,6.67,0.0,0.0,0.0,0.0,0.17,2.71,0.0,0.18,24,6.39,0.28,0.11,8,0.121,2.06,26,0.028,208,31.7,5.02,0.0,0.1,1.129166667,0.0,0.012,0.06,0.399375,0.215384615,0.091666667,0.006666667,0.000134444,0.061904762,0.297142857,0.576363636,0.456363636
17019,"Lamb, Veal, and Game Products","LAMB,DOM,LEG,SIRLOIN HALF,LN&FAT,1/4FAT,CHOIC,RAW","Lamb, domestic, leg, sirloin half, separable lean and fat, trimmed to 1/4 fat, choice, raw",,,,272,16.94,22.11,0.0,0.0,0.0,0.0,0.14,2.48,0.0,0.22,18,6.34,0.23,0.12,10,0.112,1.61,22,0.019,159,19.6,3.08,0.0,0.082352941,1.033333333,0.0,0.014666667,0.045,0.39625,0.176923077,0.1,0.008333333,0.000124444,0.052380952,0.227142857,0.356363636,0.28
17020,"Lamb, Veal, and Game Products","LAMB,DOM,LEG,SIRLOIN HALF,LN&FAT,1/4FAT,CHOIC,CKD,RSTD","Lamb, domestic, leg, sirloin half, separable lean and fat, trimmed to 1/4 fat, choice, cooked, roasted",,,,292,24.63,20.67,0.0,0.0,0.0,0.0,0.14,2.53,0.0,0.13,17,6.62,0.28,0.11,11,0.112,2.0,22,0.022,183,25.5,4.13,0.0,0.082352941,1.054166667,0.0,0.008666667,0.0425,0.41375,0.215384615,0.091666667,0.009166667,0.000124444,0.052380952,0.261428571,0.463636364,0.375454545
17021,"Lamb, Veal, and Game Products","LAMB,DOM,LEG,SIRLOIN HALF,LN,1/4FAT,CHOIC,RAW","Lamb, domestic, leg, sirloin half, separable lean only, trimmed to 1/4 fat, choice, raw",,,,134,20.55,5.08,0.0,0.0,0.0,0.0,0.17,2.76,0.0,0.24,24,6.33,0.25,0.14,7,0.132,1.83,27,0.024,189,23.4,3.77,0.0,0.1,1.15,0.0,0.016,0.06,0.395625,0.192307692,0.116666667,0.005833333,0.000146667,0.064285714,0.27,0.425454545,0.342727273
17022,"Lamb, Veal, and Game Products","LAMB,DOM,LEG,SIRLOIN HALF,LN,1/4FAT,CHOIC,CKD,RSTD","Lamb, domestic, leg, sirloin half, separable lean only, trimmed to 1/4 fat, choice, cooked, roasted",,,,204,28.35,9.17,0.0,0.0,0.0,0.0,0.17,2.58,0.0,0.17,21,6.27,0.31,0.12,8,0.119,2.2,25,0.028,203,30.8,4.85,0.0,0.1,1.075,0.0,0.011333333,0.0525,0.391875,0.238461538,0.1,0.006666667,0.000132222,0.05952381,0.29,0.56,0.440909091
17023,"Lamb, Veal, and Game Products","LAMB,DOM,LOIN,LN&FAT,1/4FAT,CHOIC,RAW","Lamb, domestic, loin, separable lean and fat, trimmed to 1/4 fat, choice, raw",,,,310,16.32,26.63,0.0,0.0,0.0,0.0,0.13,2.04,0.0,0.18,17,6.47,0.21,0.11,15,0.105,1.61,21,0.018,152,18.9,2.53,0.0,0.076470588,0.85,0.0,0.012,0.0425,0.404375,0.161538462,0.091666667,0.0125,0.000116667,0.05,0.217142857,0.343636364,0.23
17024,"Lamb, Veal, and Game Products","LAMB,DOM,LOIN,LN&FAT,1/4FAT,CHOIC,CKD,BRLD","Lamb, domestic, loin, separable lean and fat, trimmed to 1/4 fat, choice, cooked, broiled",,,,316,25.17,23.08,0.0,0.0,0.0,0.0,0.13,2.47,0.0,0.13,18,7.1,0.25,0.1,20,0.13,1.81,24,0.022,196,27.4,3.48,0.0,0.076470588,1.029166667,0.0,0.008666667,0.045,0.44375,0.192307692,0.083333333,0.016666667,0.000144444,0.057142857,0.28,0.498181818,0.316363636
17025,"Lamb, Veal, and Game Products","LAMB,DOM,LOIN,LN&FAT,1/4FAT,CHOIC,CKD,RSTD","Lamb, domestic, loin, separable lean and fat, trimmed to 1/4 fat, choice, cooked, roasted",,,,309,22.55,23.59,0.0,0.0,0.0,0.0,0.11,2.21,0.0,0.11,19,7.1,0.24,0.1,18,0.119,2.12,23,0.02,180,24.6,3.41,0.0,0.064705882,0.920833333,0.0,0.007333333,0.0475,0.44375,0.184615385,0.083333333,0.015,0.000132222,0.054761905,0.257142857,0.447272727,0.31
17026,"Lamb, Veal, and Game Products","LAMB,DOM,LOIN,LN,1/4FAT,CHOIC,RAW","Lamb, domestic, loin, separable lean only, trimmed to 1/4 fat, choice, raw",,,,143,20.88,5.94,0.0,0.0,0.0,0.0,0.17,2.21,0.0,0.19,24,6.51,0.23,0.13,12,0.128,1.91,27,0.024,190,23.6,3.19,0.0,0.1,0.920833333,0.0,0.012666667,0.06,0.406875,0.176923077,0.108333333,0.01,0.000142222,0.064285714,0.271428571,0.429090909,0.29
17027,"Lamb, Veal, and Game Products","LAMB,DOM,LOIN,LN,1/4FAT,CHOIC,CKD,BRLD","Lamb, domestic, loin, separable lean only, trimmed to 1/4 fat, choice, cooked, broiled",,,,216,29.99,9.73,0.0,0.0,0.0,0.0,0.16,2.52,0.0,0.16,24,6.85,0.28,0.11,19,0.145,2.0,28,0.028,226,32.8,4.13,0.0,0.094117647,1.05,0.0,0.010666667,0.06,0.428125,0.215384615,0.091666667,0.015833333,0.000161111,0.066666667,0.322857143,0.596363636,0.375454545
17028,"Lamb, Veal, and Game Products","LAMB,DOM,LOIN,LN,1/4FAT,CHOIC,CKD,RSTD","Lamb, domestic, loin, separable lean only, trimmed to 1/4 fat, choice, cooked, roasted",,,,202,26.59,9.76,0.0,0.0,0.0,0.0,0.16,2.16,0.0,0.16,25,6.83,0.27,0.1,17,0.132,2.44,27,0.026,206,30.3,4.06,0.0,0.094117647,0.9,0.0,0.010666667,0.0625,0.426875,0.207692308,0.083333333,0.014166667,0.000146667,0.064285714,0.294285714,0.550909091,0.369090909
17029,"Lamb, Veal, and Game Products","LAMB,DOM,RIB,LN&FAT,1/4FAT,CHOIC,RAW","Lamb, domestic, rib, separable lean and fat, trimmed to 1/4 fat, choice, raw",,,,372,14.52,34.39,0.0,0.0,0.0,0.0,0.11,2.09,0.0,0.18,14,6.09,0.19,0.1,15,0.089,1.39,18,0.016,137,16.8,2.71,0.0,0.064705882,0.870833333,0.0,0.012,0.035,0.380625,0.146153846,0.083333333,0.0125,9.88889e-05,0.042857143,0.195714286,0.305454545,0.246363636
17030,"Lamb, Veal, and Game Products","LAMB,DOM,RIB,LN&FAT,1/4FAT,CHOIC,CKD,BRLD","Lamb, domestic, rib, separable lean and fat, trimmed to 1/4 fat, choice, cooked, broiled",,,,361,22.13,29.59,0.0,0.0,0.0,0.0,0.11,2.54,0.0,0.12,14,7.0,0.22,0.09,19,0.121,1.88,23,0.02,178,23.9,4.0,0.0,0.064705882,1.058333333,0.0,0.008,0.035,0.4375,0.169230769,0.075,0.015833333,0.000134444,0.054761905,0.254285714,0.434545455,0.363636364
17031,"Lamb, Veal, and Game Products","LAMB,DOM,RIB,LN&FAT,1/4FAT,CHOIC,CKD,RSTD","Lamb, domestic, rib, separable lean and fat, trimmed to 1/4 fat, choice, cooked, roasted",,,,359,21.12,29.82,0.0,0.0,0.0,0.0,0.11,2.23,0.0,0.1,15,6.75,0.21,0.09,22,0.115,1.6,20,0.019,166,21.8,3.49,0.0,0.064705882,0.929166667,0.0,0.006666667,0.0375,0.421875,0.161538462,0.075,0.018333333,0.000127778,0.047619048,0.237142857,0.396363636,0.317272727
17032,"Lamb, Veal, and Game Products","LAMB,DOM,RIB,LN,1/4FAT,CHOIC,RAW","Lamb, domestic, rib, separable lean only, trimmed to 1/4 fat, choice, raw",,,,169,19.98,9.23,0.0,0.0,0.0,0.0,0.16,2.38,0.0,0.19,21,5.89,0.2,0.12,12,0.111,1.67,25,0.024,181,22.3,3.8,0.0,0.094117647,0.991666667,0.0,0.012666667,0.0525,0.368125,0.153846154,0.1,0.01,0.000123333,0.05952381,0.258571429,0.405454545,0.345454545
17033,"Lamb, Veal, and Game Products","LAMB,DOM,RIB,LN,1/4FAT,CHOIC,CKD,BRLD","Lamb, domestic, rib, separable lean only, trimmed to 1/4 fat, choice, cooked, broiled",,,,235,27.74,12.95,0.0,0.0,0.0,0.0,0.15,2.64,0.0,0.18,21,6.55,0.25,0.1,16,0.139,2.21,29,0.029,213,31.0,5.27,0.0,0.088235294,1.1,0.0,0.012,0.0525,0.409375,0.192307692,0.083333333,0.013333333,0.000154444,0.069047619,0.304285714,0.563636364,0.479090909
17034,"Lamb, Veal, and Game Products","LAMB,DOM,RIB,LN,1/4FAT,CHOIC,CKD,RSTD","Lamb, domestic, rib, separable lean only, trimmed to 1/4 fat, choice, cooked, roasted",,,,232,26.16,13.31,0.0,0.0,0.0,0.0,0.15,2.16,0.0,0.15,22,6.16,0.23,0.09,21,0.129,1.77,23,0.028,195,26.9,4.47,0.0,0.088235294,0.9,0.0,0.01,0.055,0.385,0.176923077,0.075,0.0175,0.000143333,0.054761905,0.278571429,0.489090909,0.406363636
17035,"Lamb, Veal, and Game Products","LAMB,DOM,SHLDR,WHL (ARM&BLD),LN&FAT,1/4FAT,CHOIC,RAW","Lamb, domestic, shoulder, whole (arm and blade), separable lean and fat, trimmed to 1/4 fat, choice, raw",,,,264,16.58,21.45,0.0,0.0,0.0,0.0,0.13,2.53,0.0,0.22,19,5.66,0.21,0.11,16,0.097,1.5,21,0.019,158,19.2,3.94,0.0,0.076470588,1.054166667,0.0,0.014666667,0.0475,0.35375,0.161538462,0.091666667,0.013333333,0.000107778,0.05,0.225714286,0.349090909,0.358181818
17036,"Lamb, Veal, and Game Products","LAMB,DOM,SHLDR,WHL (ARM&BLD),LN&FAT,1/4FAT,CHOIC,CKD,BRSD","Lamb, domestic, shoulder, whole (arm and blade), separable lean and fat, trimmed to 1/4 fat, choice, cooked, braised",,,,344,28.68,24.55,0.0,0.0,0.0,0.0,0.1,2.8,0.0,0.16,17,6.33,0.22,0.07,25,0.123,2.4,24,0.026,186,33.0,6.37,0.0,0.058823529,1.166666667,0.0,0.010666667,0.0425,0.395625,0.169230769,0.058333333,0.020833333,0.000136667,0.057142857,0.265714286,0.6,0.579090909
17037,"Lamb, Veal, and Game Products","LAMB,DOM,SHLDR,WHL (ARM&BLD),LN&FAT,1/4FAT,CHOIC,CKD,BRLD","Lamb, domestic, shoulder, whole (arm and blade), separable lean and fat, trimmed to 1/4 fat, choice, cooked, broiled",,,,278,24.42,19.26,0.0,0.0,0.0,0.0,0.12,2.97,0.0,0.16,19,6.45,0.26,0.09,21,0.128,2.03,26,0.024,198,27.4,5.72,0.0,0.070588235,1.2375,0.0,0.010666667,0.0475,0.403125,0.2,0.075,0.0175,0.000142222,0.061904762,0.282857143,0.498181818,0.52
17038,"Lamb, Veal, and Game Products","LAMB,DOM,SHLDR,WHL (ARM&BLD),LN&FAT,1/4FAT,CHOIC,CKD,RSTD","Lamb, domestic, shoulder, whole (arm and blade), separable lean and fat, trimmed to 1/4 fat, choice, cooked, roasted",,,,276,22.51,19.97,0.0,0.0,0.0,0.0,0.13,2.64,0.0,0.14,21,6.15,0.24,0.09,20,0.108,1.97,23,0.022,184,26.2,5.23,0.0,0.076470588,1.1,0.0,0.009333333,0.0525,0.384375,0.184615385,0.075,0.016666667,0.00012,0.054761905,0.262857143,0.476363636,0.475454545
17039,"Lamb, Veal, and Game Products","LAMB,DOM,SHLDR,WHL (ARM&BLD),LN,1/4FAT,CHOIC,RAW","Lamb, domestic, shoulder, whole (arm and blade), separable lean only, trimmed to 1/4 fat, choice, raw",,,,144,19.55,6.76,0.0,0.0,0.0,0.0,0.16,2.78,0.0,0.22,23,5.45,0.22,0.12,15,0.109,1.66,24,0.024,184,22.2,4.77,0.0,0.094117647,1.158333333,0.0,0.014666667,0.0575,0.340625,0.169230769,0.1,0.0125,0.000121111,0.057142857,0.262857143,0.403636364,0.433636364
17040,"Lamb, Veal, and Game Products","LAMB,DOM,SHLDR,WHL (ARM&BLD),LN,1/4FAT,CHOIC,CKD,BRSD","Lamb, domestic, shoulder, whole (arm and blade), separable lean only, trimmed to 1/4 fat, choice, cooked, braised",,,,283,32.81,15.89,0.0,0.0,0.0,0.0,0.12,2.91,0.0,0.2,21,5.96,0.23,0.06,26,0.132,2.67,27,0.032,204,37.0,7.52,0.0,0.070588235,1.2125,0.0,0.013333333,0.0525,0.3725,0.176923077,0.05,0.021666667,0.000146667,0.064285714,0.291428571,0.672727273,0.683636364
17041,"Lamb, Veal, and Game Products","LAMB,DOM,SHLDR,WHL (ARM&BLD),LN,1/4FAT,CHOIC,CKD,BRLD","Lamb, domestic, shoulder, whole (arm and blade), separable lean only, trimmed to 1/4 fat, choice, cooked, broiled",,,,210,27.12,10.5,0.0,0.0,0.0,0.0,0.14,3.11,0.0,0.2,23,6.15,0.28,0.1,21,0.137,2.19,29,0.028,217,31.3,6.6,0.0,0.082352941,1.295833333,0.0,0.013333333,0.0575,0.384375,0.215384615,0.083333333,0.0175,0.000152222,0.069047619,0.31,0.569090909,0.6
17042,"Lamb, Veal, and Game Products","LAMB,DOM,SHLDR,WHL (ARM&BLD),LN,1/4FAT,CHOIC,CKD,RSTD","Lamb, domestic, shoulder, whole (arm and blade), separable lean only, trimmed to 1/4 fat, choice, cooked, roasted",,,,204,24.94,10.77,0.0,0.0,0.0,0.0,0.15,2.7,0.0,0.18,25,5.76,0.26,0.09,19,0.113,2.13,25,0.026,200,28.5,6.04,0.0,0.088235294,1.125,0.0,0.012,0.0625,0.36,0.2,0.075,0.015833333,0.000125556,0.05952381,0.285714286,0.518181818,0.549090909
17043,"Lamb, Veal, and Game Products","LAMB,DOM,SHLDR,ARM,LN&FAT,1/4FAT,CHOIC,RAW","Lamb, domestic, shoulder, arm, separable lean and fat, trimmed to 1/4 fat, choice, raw",,,,260,16.79,20.9,0.0,0.0,0.0,0.0,0.13,2.44,0.0,0.21,19,6.09,0.22,0.11,14,0.102,1.56,21,0.019,159,19.3,3.43,0.0,0.076470588,1.016666667,0.0,0.014,0.0475,0.380625,0.169230769,0.091666667,0.011666667,0.000113333,0.05,0.227142857,0.350909091,0.311818182
17044,"Lamb, Veal, and Game Products","LAMB,DOM,SHLDR,ARM,LN&FAT,1/4FAT,CHOIC,CKD,BRSD","Lamb, domestic, shoulder, arm, separable lean and fat, trimmed to 1/4 fat, choice, cooked, braised",,,,346,30.39,24.0,0.0,0.0,0.0,0.0,0.11,2.58,0.0,0.15,18,6.66,0.25,0.07,25,0.139,2.39,26,0.023,206,37.2,6.08,0.0,0.064705882,1.075,0.0,0.01,0.045,0.41625,0.192307692,0.058333333,0.020833333,0.000154444,0.061904762,0.294285714,0.676363636,0.552727273
17045,"Lamb, Veal, and Game Products","LAMB,DOM,SHLDR,ARM,LN&FAT,1/4FAT,CHOIC,CKD,BRLD","Lamb, domestic, shoulder, arm, separable lean and fat, trimmed to 1/4 fat, choice, cooked, broiled",,,,281,24.44,19.55,0.0,0.0,0.0,0.0,0.12,2.86,0.0,0.13,18,7.02,0.27,0.1,18,0.133,2.09,26,0.023,197,27.6,4.89,0.0,0.070588235,1.191666667,0.0,0.008666667,0.045,0.43875,0.207692308,0.083333333,0.015,0.000147778,0.061904762,0.281428571,0.501818182,0.444545455
17046,"Lamb, Veal, and Game Products","LAMB,DOM,SHLDR,ARM,LN&FAT,1/4FAT,CHOIC,CKD,RSTD","Lamb, domestic, shoulder, arm, separable lean and fat, trimmed to 1/4 fat, choice, cooked, roasted",,,,279,22.53,20.24,0.0,0.0,0.0,0.0,0.12,2.55,0.0,0.14,20,6.66,0.25,0.09,18,0.113,2.03,23,0.021,183,25.4,4.48,0.0,0.070588235,1.0625,0.0,0.009333333,0.05,0.41625,0.192307692,0.075,0.015,0.000125556,0.054761905,0.261428571,0.461818182,0.407272727
17047,"Lamb, Veal, and Game Products","LAMB,DOM,SHLDR,ARM,LN,1/4FAT,CHOIC,RAW","Lamb, domestic, shoulder, arm, separable lean only, trimmed to 1/4 fat, choice, raw",,,,132,19.99,5.2,0.0,0.0,0.0,0.0,0.15,2.67,0.0,0.22,24,6.0,0.23,0.12,12,0.116,1.74,25,0.024,186,22.7,4.15,0.0,0.088235294,1.1125,0.0,0.014666667,0.06,0.375,0.176923077,0.1,0.01,0.000128889,0.05952381,0.265714286,0.412727273,0.377272727
17048,"Lamb, Veal, and Game Products","LAMB,DOM,SHLDR,ARM,LN,1/4FAT,CHOIC,CKD,BRSD","Lamb, domestic, shoulder, arm, separable lean only, trimmed to 1/4 fat, choice, cooked, braised",,,,279,35.54,14.08,0.0,0.0,0.0,0.0,0.13,2.65,0.0,0.18,22,6.33,0.27,0.07,26,0.154,2.7,29,0.028,232,37.8,7.3,0.0,0.076470588,1.104166667,0.0,0.012,0.055,0.395625,0.207692308,0.058333333,0.021666667,0.000171111,0.069047619,0.331428571,0.687272727,0.663636364
17049,"Lamb, Veal, and Game Products","LAMB,DOM,SHLDR,ARM,LN,1/4FAT,CHOIC,CKD,BRLD","Lamb, domestic, shoulder, arm, separable lean only, trimmed to 1/4 fat, choice, cooked, broiled",,,,200,27.71,9.02,0.0,0.0,0.0,0.0,0.14,3.0,0.0,0.2,23,6.81,0.29,0.1,17,0.145,2.31,30,0.028,219,31.5,5.73,0.0,0.082352941,1.25,0.0,0.013333333,0.0575,0.425625,0.223076923,0.083333333,0.014166667,0.000161111,0.071428571,0.312857143,0.572727273,0.520909091
17050,"Lamb, Veal, and Game Products","LAMB,DOM,SHLDR,ARM,LN,1/4FAT,CHOIC,CKD,RSTD","Lamb, domestic, shoulder, arm, separable lean only, trimmed to 1/4 fat, choice, cooked, roasted",,,,192,25.46,9.26,0.0,0.0,0.0,0.0,0.14,2.61,0.0,0.17,25,6.34,0.27,0.1,16,0.12,2.23,26,0.026,202,29.1,5.25,0.0,0.082352941,1.0875,0.0,0.011333333,0.0625,0.39625,0.207692308,0.083333333,0.013333333,0.000133333,0.061904762,0.288571429,0.529090909,0.477272727
17051,"Lamb, Veal, and Game Products","LAMB,DOM,SHLDR,BLADE,LN&FAT,1/4FAT,CHOIC,RAW","Lamb, domestic, shoulder, blade, separable lean and fat, trimmed to 1/4 fat, choice, raw",,,,259,16.63,20.86,0.0,0.0,0.0,0.0,0.14,2.59,0.0,0.22,19,5.43,0.2,0.11,17,0.096,1.48,21,0.02,160,19.2,4.28,0.0,0.082352941,1.079166667,0.0,0.014666667,0.0475,0.339375,0.153846154,0.091666667,0.014166667,0.000106667,0.05,0.228571429,0.349090909,0.389090909
17052,"Lamb, Veal, and Game Products","LAMB,DOM,SHLDR,BLADE,LN&FAT,1/4FAT,CHOIC,CKD,BRSD","Lamb, domestic, shoulder, blade, separable lean and fat, trimmed to 1/4 fat, choice, cooked, braised",,,,345,28.51,24.73,0.0,0.0,0.0,0.0,0.11,2.83,0.0,0.16,18,6.04,0.21,0.06,27,0.121,2.35,24,0.027,185,33.1,6.86,0.0,0.064705882,1.179166667,0.0,0.010666667,0.045,0.3775,0.161538462,0.05,0.0225,0.000134444,0.057142857,0.264285714,0.601818182,0.623636364
17053,"Lamb, Veal, and Game Products","LAMB,DOM,SHLDR,BLADE,LN&FAT,1/4FAT,CHOIC,CKD,BRLD","Lamb, domestic, shoulder, blade, separable lean and fat, trimmed to 1/4 fat, choice, cooked, broiled",,,,278,23.08,19.94,0.0,0.0,0.0,0.0,0.15,2.73,0.0,0.15,18,6.38,0.25,0.09,24,0.122,1.72,24,0.024,198,27.4,5.62,0.0,0.088235294,1.1375,0.0,0.01,0.045,0.39875,0.192307692,0.075,0.02,0.000135556,0.057142857,0.282857143,0.498181818,0.510909091
17054,"Lamb, Veal, and Game Products","LAMB,DOM,SHLDR,BLADE,LN&FAT,1/4FAT,CHOIC,CKD,RSTD","Lamb, domestic, shoulder, blade, separable lean and fat, trimmed to 1/4 fat, choice, cooked, roasted",,,,281,22.25,20.61,0.0,0.0,0.0,0.0,0.11,2.67,0.0,0.14,21,5.91,0.23,0.09,21,0.106,1.92,22,0.022,183,25.2,5.58,0.0,0.064705882,1.1125,0.0,0.009333333,0.0525,0.369375,0.176923077,0.075,0.0175,0.000117778,0.052380952,0.261428571,0.458181818,0.507272727
17055,"Lamb, Veal, and Game Products","LAMB,DOM,SHLDR,BLADE,LN,1/4FAT,CHOIC,RAW","Lamb, domestic, shoulder, blade, separable lean only, trimmed to 1/4 fat, choice, raw",,,,151,19.29,7.63,0.0,0.0,0.0,0.0,0.16,2.83,0.0,0.22,23,5.19,0.22,0.12,16,0.107,1.62,24,0.024,183,22.0,5.11,0.0,0.094117647,1.179166667,0.0,0.014666667,0.0575,0.324375,0.169230769,0.1,0.013333333,0.000118889,0.057142857,0.261428571,0.4,0.464545455
17056,"Lamb, Veal, and Game Products","LAMB,DOM,SHLDR,BLADE,LN,1/4FAT,CHOIC,CKD,BRSD","Lamb, domestic, shoulder, blade, separable lean only, trimmed to 1/4 fat, choice, cooked, braised",,,,288,32.35,16.64,0.0,0.0,0.0,0.0,0.12,2.94,0.0,0.2,21,5.63,0.22,0.06,28,0.128,2.6,26,0.032,202,36.6,8.06,0.0,0.070588235,1.225,0.0,0.013333333,0.0525,0.351875,0.169230769,0.05,0.023333333,0.000142222,0.061904762,0.288571429,0.665454545,0.732727273
17057,"Lamb, Veal, and Game Products","LAMB,DOM,SHLDR,BLADE,LN,1/4FAT,CHOIC,CKD,BRLD","Lamb, domestic, shoulder, blade, separable lean only, trimmed to 1/4 fat, choice, cooked, broiled",,,,211,25.48,11.32,0.0,0.0,0.0,0.0,0.17,2.81,0.0,0.17,21,6.07,0.26,0.1,24,0.129,1.81,26,0.028,216,30.9,6.48,0.0,0.1,1.170833333,0.0,0.011333333,0.0525,0.379375,0.2,0.083333333,0.02,0.000143333,0.061904762,0.308571429,0.561818182,0.589090909
17058,"Lamb, Veal, and Game Products","LAMB,DOM,SHLDR,BLADE,LN,1/4FAT,CHOIC,CKD,RSTD","Lamb, domestic, shoulder, blade, separable lean only, trimmed to 1/4 fat, choice, cooked, roasted",,,,209,24.61,11.57,0.0,0.0,0.0,0.0,0.15,2.74,0.0,0.17,25,5.47,0.25,0.09,21,0.11,2.07,25,0.026,199,28.1,6.48,0.0,0.088235294,1.141666667,0.0,0.011333333,0.0625,0.341875,0.192307692,0.075,0.0175,0.000122222,0.05952381,0.284285714,0.510909091,0.589090909
17059,"Lamb, Veal, and Game Products","LAMB,DOM,CUBED FOR STEW OR KABOB (LEG&SHLDR),LN,1/4FAT,RAW","Lamb, domestic, cubed for stew or kabob (leg and shoulder), separable lean only, trimmed to 1/4 fat, raw",,,,134,20.21,5.28,0.0,0.0,0.0,0.0,0.16,2.73,0.0,0.22,23,5.95,0.24,0.13,9,0.121,1.77,26,0.024,189,22.8,4.15,0.0,0.094117647,1.1375,0.0,0.014666667,0.0575,0.371875,0.184615385,0.108333333,0.0075,0.000134444,0.061904762,0.27,0.414545455,0.377272727
17060,"Lamb, Veal, and Game Products","LAMB,DOM,CUBED FOR STEW (LEG&SHLDR),LN,1/4FAT,CKD,BRSD","Lamb, domestic, cubed for stew or kabob (leg and shoulder), separable lean only, trimmed to 1/4 fat, cooked, braised",,,,223,33.69,8.8,0.0,0.0,0.0,0.0,0.12,2.73,0.0,0.2,21,5.95,0.24,0.07,15,0.141,2.8,28,0.032,205,38.1,6.58,0.0,0.070588235,1.1375,0.0,0.013333333,0.0525,0.371875,0.184615385,0.058333333,0.0125,0.000156667,0.066666667,0.292857143,0.692727273,0.598181818
17061,"Lamb, Veal, and Game Products","LAMB,DOM,CUBED FOR STEW (LEG&SHLDR),LN,1/4FAT,CKD,BRLD","Lamb, domestic, cubed for stew or kabob (leg and shoulder), separable lean only, trimmed to 1/4 fat, cooked, broiled",,,,186,28.08,7.33,0.0,0.0,0.0,0.0,0.14,3.03,0.0,0.2,23,6.61,0.3,0.11,13,0.151,2.34,31,0.029,224,31.7,5.77,0.0,0.082352941,1.2625,0.0,0.013333333,0.0575,0.413125,0.230769231,0.091666667,0.010833333,0.000167778,0.073809524,0.32,0.576363636,0.524545455
17062,"Lamb, Veal, and Game Products","LAMB,NZ,IMP,FRZ,COMP OF RTL CUTS,LN&FAT,RAW","Lamb, New Zealand, imported, frozen, composite of trimmed retail cuts, separable lean and fat, raw",,,,277,16.74,22.74,0.0,0.0,0.0,0.0,0.11,2.42,0.0,0.21,1,6.55,0.32,0.13,13,0.083,1.49,15,0.018,168,1.3,2.39,0.0,0.064705882,1.008333333,0.0,0.014,0.0025,0.409375,0.246153846,0.108333333,0.010833333,9.22222e-05,0.035714286,0.24,0.023636364,0.217272727
17063,"Lamb, Veal, and Game Products","LAMB,NZ,IMP,FRZ,COMP OF RTL CUTS,LN&FAT,CKD","Lamb, New Zealand, imported, frozen, composite of trimmed retail cuts, separable lean and fat, cooked",,,,305,24.42,22.26,0.0,0.0,0.0,0.0,0.12,2.81,0.0,0.14,1,7.77,0.41,0.12,17,0.1,2.1,19,0.023,217,2.0,3.49,0.0,0.070588235,1.170833333,0.0,0.009333333,0.0025,0.485625,0.315384615,0.1,0.014166667,0.000111111,0.045238095,0.31,0.036363636,0.317272727
17064,"Lamb, Veal, and Game Products","LAMB,NZ,IMP,FRZ,COMP OF RTL CUTS,LN,RAW","Lamb, New Zealand, imported, frozen, composite of trimmed retail cuts, separable lean only, raw",,,,128,20.75,4.41,0.0,0.0,0.0,0.0,0.14,2.71,0.0,0.21,0,6.54,0.39,0.15,8,0.099,1.64,19,0.024,202,1.5,3.01,0.0,0.082352941,1.129166667,0.0,0.014,0.0,0.40875,0.3,0.125,0.006666667,0.00011,0.045238095,0.288571429,0.027272727,0.273636364
17065,"Lamb, Veal, and Game Products","LAMB,NZ,IMP,FRZ,COMP OF RTL CUTS,LN,CKD","Lamb, New Zealand, imported, frozen, composite of trimmed retail cuts, separable lean only, cooked",,,,206,29.59,8.86,0.0,0.0,0.0,0.0,0.14,2.95,0.0,0.19,0,7.68,0.5,0.13,13,0.114,2.35,22,0.029,246,2.0,4.3,0.0,0.082352941,1.229166667,0.0,0.012666667,0.0,0.48,0.384615385,0.108333333,0.010833333,0.000126667,0.052380952,0.351428571,0.036363636,0.390909091
17066,"Lamb, Veal, and Game Products","LAMB,NZ,IMP,FRZ,COMP OF RTL CUTS,FAT,RAW","Lamb, New Zealand, imported, frozen, composite of trimmed retail cuts, separable fat, raw",,,,640,6.92,67.63,0.0,0.0,0.0,0.0,0.03,1.73,0.0,0.22,3,6.56,0.17,0.07,23,0.045,1.14,6,0.003,86,0.9,0.85,0.0,0.017647059,0.720833333,0.0,0.014666667,0.0075,0.41,0.130769231,0.058333333,0.019166667,5e-05,0.014285714,0.122857143,0.016363636,0.077272727
17067,"Lamb, Veal, and Game Products","LAMB,NZ,IMP,FRZ,COMP OF RTL CUTS,FAT,CKD","Lamb, New Zealand, imported, frozen, composite of trimmed retail cuts, separable fat, cooked",,,,586,9.72,60.39,0.0,0.0,0.0,0.0,0.03,2.42,0.0,0.04,3,8.03,0.18,0.08,27,0.059,1.39,11,0.004,135,1.8,1.17,0.0,0.017647059,1.008333333,0.0,0.002666667,0.0075,0.501875,0.138461538,0.066666667,0.0225,6.55556e-05,0.026190476,0.192857143,0.032727273,0.106363636
17068,"Lamb, Veal, and Game Products","LAMB,NZ,IMP,FORE-SHANK,LN & FAT,RAW","Lamb, New Zealand, imported, fore-shank, separable lean and fat, raw",,,,183,20.09,11.38,0.09,0.0,0.0,8.0,0.094,2.01,0.0,0.27,0,4.094,0.096,0.1,7,0.079,1.28,19,0.008,157,6.4,3.88,0.008888889,0.055294118,0.8375,0.0,0.018,0.0,0.255875,0.073846154,0.083333333,0.005833333,8.77778e-05,0.045238095,0.224285714,0.116363636,0.352727273
17069,"Lamb, Veal, and Game Products","LAMB,NZ,IMP,FORE-SHANK,LN & FAT,CKD,BRSD","Lamb, New Zealand, imported, fore-shank, separable lean and fat, cooked, braised",,,,256,30.35,14.99,0.03,0.0,0.0,8.0,0.075,1.28,0.0,0.49,0,3.826,0.14,0.051,11,0.125,2.11,21,0.009,165,9.1,6.45,0.008888889,0.044117647,0.533333333,0.0,0.032666667,0.0,0.239125,0.107692308,0.0425,0.009166667,0.000138889,0.05,0.235714286,0.165454545,0.586363636
17070,"Lamb, Veal, and Game Products","LAMB,NZ,IMP,FORE-SHANK,LN,RAW","Lamb, New Zealand, imported, fore-shank, separable lean only, raw",,,,122,22.05,3.77,0.0,0.0,0.0,3.0,0.101,2.21,0.0,0.18,0,4.465,0.103,0.101,7,0.086,1.37,20,0.009,170,7.0,4.28,0.003333333,0.059411765,0.920833333,0.0,0.012,0.0,0.2790625,0.079230769,0.084166667,0.005833333,9.55556e-05,0.047619048,0.242857143,0.127272727,0.389090909
17071,"Lamb, Veal, and Game Products","LAMB,NZ,IMP,FORE-SHANK,LN,CKD,BRSD","Lamb, New Zealand, imported, fore-shank, separable lean only, cooked, braised",,,,209,33.31,8.4,0.0,0.0,0.0,3.0,0.077,1.36,0.0,0.43,0,4.103,0.148,0.043,11,0.136,2.24,23,0.01,173,9.9,7.09,0.003333333,0.045294118,0.566666667,0.0,0.028666667,0.0,0.2564375,0.113846154,0.035833333,0.009166667,0.000151111,0.054761905,0.247142857,0.18,0.644545455
17072,"Lamb, Veal, and Game Products","LAMB,NZ,IMP,LEG CHOP/STEAK,BONE-IN,LN & FAT,RAW","Lamb, New Zealand, imported, leg chop/steak, bone-in, separable lean and fat, raw",,,,206,18.64,14.52,0.13,0.0,0.0,9.0,0.123,1.46,0.0,0.26,0,4.635,0.153,0.163,10,0.105,1.49,21,0.007,177,3.0,2.8,0.01,0.072352941,0.608333333,0.0,0.017333333,0.0,0.2896875,0.117692308,0.135833333,0.008333333,0.000116667,0.05,0.252857143,0.054545455,0.254545455
17073,"Lamb, Veal, and Game Products","LAMB,NZ,IMP,FRZ,LEG,WHL (SHK&SIRL),LN&FAT,CKD,RSTD","Lamb, New Zealand, imported, frozen, leg, whole (shank and sirloin), separable lean and fat, cooked, roasted",,,,246,24.81,15.56,0.0,0.0,0.0,0.0,0.13,2.6,0.0,0.15,1,7.59,0.45,0.12,10,0.103,2.1,20,0.023,218,4.0,3.58,0.0,0.076470588,1.083333333,0.0,0.01,0.0025,0.474375,0.346153846,0.1,0.008333333,0.000114444,0.047619048,0.311428571,0.072727273,0.325454545
17074,"Lamb, Veal, and Game Products","LAMB,NZ,IMP,LEG CHOP/STEAK,BONE-IN,LN,RAW","Lamb, New Zealand, imported, leg chop/steak, bone-in, separable lean only, raw",,,,126,21.1,4.64,0.0,0.0,0.0,3.0,0.137,1.64,0.0,0.14,0,5.241,0.173,0.175,11,0.119,1.64,24,0.008,198,3.2,3.16,0.003333333,0.080588235,0.683333333,0.0,0.009333333,0.0,0.3275625,0.133076923,0.145833333,0.009166667,0.000132222,0.057142857,0.282857143,0.058181818,0.287272727
17075,"Lamb, Veal, and Game Products","LAMB,NZ,IMP,FRZ,LEG,WHL (SHK&SIRL),LN,CKD,RSTD","Lamb, New Zealand, imported, frozen, leg, whole (shank and sirloin), separable lean only, cooked, roasted",,,,181,27.68,7.01,0.0,0.0,0.0,0.0,0.14,2.63,0.0,0.18,0,7.51,0.5,0.12,7,0.111,2.24,21,0.027,234,4.2,4.04,0.0,0.082352941,1.095833333,0.0,0.012,0.0,0.469375,0.384615385,0.1,0.005833333,0.000123333,0.05,0.334285714,0.076363636,0.367272727
17076,"Lamb, Veal, and Game Products","LAMB,NZ,IMP,LOIN CHOP,LN & FAT,RAW","Lamb, New Zealand, imported, loin chop, separable lean and fat, raw",,,,298,15.4,26.19,0.22,0.0,0.0,16.0,0.125,1.47,0.0,0.47,0,4.152,0.12,0.111,14,0.088,1.24,18,0.007,149,4.4,2.08,0.017777778,0.073529412,0.6125,0.0,0.031333333,0.0,0.2595,0.092307692,0.0925,0.011666667,9.77778e-05,0.042857143,0.212857143,0.08,0.189090909
17077,"Lamb, Veal, and Game Products","LAMB,NZ,IMP,FRZ,LOIN,LN&FAT,CKD,BRLD","Lamb, New Zealand, imported, frozen, loin, separable lean and fat, cooked, broiled",,,,315,23.43,23.88,0.0,0.0,0.0,0.0,0.11,2.53,0.0,0.13,1,7.93,0.36,0.12,23,0.109,2.05,19,0.021,208,2.0,2.65,0.0,0.064705882,1.054166667,0.0,0.008666667,0.0025,0.495625,0.276923077,0.1,0.019166667,0.000121111,0.045238095,0.297142857,0.036363636,0.240909091
17078,"Lamb, Veal, and Game Products","LAMB,NZ,IMP,LOIN CHOP,LN,RAW","Lamb, New Zealand, imported, loin chop, separable lean only, raw",,,,142,19.98,6.88,0.0,0.0,0.0,5.0,0.16,1.9,0.0,0.22,0,5.397,0.154,0.119,18,0.116,1.52,23,0.009,189,5.5,2.69,0.005555556,0.094117647,0.791666667,0.0,0.014666667,0.0,0.3373125,0.118461538,0.099166667,0.015,0.000128889,0.054761905,0.27,0.1,0.244545455
17079,"Lamb, Veal, and Game Products","LAMB,NZ,IMP,FRZ,LOIN,LN,CKD,BRLD","Lamb, New Zealand, imported, frozen, loin, separable lean only, cooked, broiled",,,,199,29.31,8.24,0.0,0.0,0.0,0.0,0.14,2.58,0.0,0.16,0,7.89,0.43,0.13,21,0.13,2.34,22,0.028,240,2.0,3.29,0.0,0.082352941,1.075,0.0,0.010666667,0.0,0.493125,0.330769231,0.108333333,0.0175,0.000144444,0.052380952,0.342857143,0.036363636,0.299090909
17080,"Lamb, Veal, and Game Products","LAMB,NZ,IMP,RACK - PARTLY FRENCHED,LN & FAT,RAW","Lamb, New Zealand, imported, rack - partly frenched, separable lean and fat, raw",,,,240,18.12,18.52,0.13,0.0,0.0,11.0,0.159,1.12,0.0,0.4,0,5.032,0.167,0.084,10,0.098,1.3,20,0.008,165,3.3,2.34,0.012222222,0.093529412,0.466666667,0.0,0.026666667,0.0,0.3145,0.128461538,0.07,0.008333333,0.000108889,0.047619048,0.235714286,0.06,0.212727273
17081,"Lamb, Veal, and Game Products","LAMB,NZ,IMP,RACK - PARTLY FRENCHED,LN & FAT,CKD,FAST RSTD","Lamb, New Zealand, imported, rack - partly frenched, separable lean and fat, cooked, fast roasted",,,,253,22.06,18.29,0.04,0.0,0.0,10.0,0.156,1.17,0.0,0.45,0,6.019,0.186,0.067,20,0.108,1.57,22,0.01,195,4.0,2.69,0.011111111,0.091764706,0.4875,0.0,0.03,0.0,0.3761875,0.143076923,0.055833333,0.016666667,0.00012,0.052380952,0.278571429,0.072727273,0.244545455
17082,"Lamb, Veal, and Game Products","LAMB,NZ,IMP,RACK - PARTLY FRENCHED,LN,RAW","Lamb, New Zealand, imported, rack - partly frenched, separable lean only, raw",,,,160,20.65,8.61,0.0,0.0,0.0,5.0,0.181,1.25,0.0,0.28,0,5.749,0.191,0.083,12,0.112,1.43,22,0.009,185,3.6,2.66,0.005555556,0.106470588,0.520833333,0.0,0.018666667,0.0,0.3593125,0.146923077,0.069166667,0.01,0.000124444,0.052380952,0.264285714,0.065454545,0.241818182
17083,"Lamb, Veal, and Game Products","LAMB,NZ,IMP,RACK - PARTLY FRENCHED,LN,CKD,FAST RSTD","Lamb, New Zealand, imported, rack - partly frenched, separable lean only, cooked, fast roasted",,,,193,24.43,10.63,0.0,0.0,0.0,4.0,0.17,1.24,0.0,0.37,0,6.705,0.202,0.06,22,0.12,1.65,24,0.01,209,4.3,2.89,0.004444444,0.1,0.516666667,0.0,0.024666667,0.0,0.4190625,0.155384615,0.05,0.018333333,0.000133333,0.057142857,0.298571429,0.078181818,0.262727273
17084,"Lamb, Veal, and Game Products","LAMB,NZ,IMP,SQUARE-CUT SHLDR,LN & FAT,RAW","Lamb, New Zealand, imported, square-cut shoulder, separable lean and fat, raw",,,,272,16.16,22.89,0.24,0.0,0.0,14.0,0.118,1.86,0.0,0.53,0,2.916,0.134,0.098,10,0.076,1.01,17,0.007,147,4.5,2.91,0.015555556,0.069411765,0.775,0.0,0.035333333,0.0,0.18225,0.103076923,0.081666667,0.008333333,8.44444e-05,0.04047619,0.21,0.081818182,0.264545455
17085,"Lamb, Veal, and Game Products","LAMB,NZ,IMP,FRZ,SHLDR,WHL (ARM&BLD),LN&FAT,CKD,BRSD","Lamb, New Zealand, imported, frozen, shoulder, whole (arm and blade), separable lean and fat, cooked, braised",,,,357,28.21,26.27,0.0,0.0,0.0,0.0,0.07,3.4,0.0,0.0,1,6.37,0.32,0.08,27,0.103,2.11,18,0.025,196,4.5,4.53,0.0,0.041176471,1.416666667,0.0,0.0,0.0025,0.398125,0.246153846,0.066666667,0.0225,0.000114444,0.042857143,0.28,0.081818182,0.411818182
17086,"Lamb, Veal, and Game Products","LAMB,NZ,IMP,SQUARE-CUT SHLDR,LN,RAW","Lamb, New Zealand, imported, square-cut shoulder, separable lean only, raw",,,,154,19.72,8.3,0.0,0.0,0.0,4.0,0.14,2.3,0.0,0.4,0,3.463,0.164,0.099,12,0.092,1.12,20,0.008,175,5.3,3.57,0.004444444,0.082352941,0.958333333,0.0,0.026666667,0.0,0.2164375,0.126153846,0.0825,0.01,0.000102222,0.047619048,0.25,0.096363636,0.324545455
17087,"Lamb, Veal, and Game Products","LAMB,NZ,IMP,FRZ,SHLDR,WHL (ARM&BLD),LN,CKD,BRSD","Lamb, New Zealand, imported, frozen, shoulder, whole (arm and blade), separable lean only, cooked, braised",,,,285,34.06,15.5,0.0,0.0,0.0,0.0,0.08,3.71,0.0,0.0,0,5.85,0.36,0.08,27,0.116,2.34,20,0.032,215,5.3,5.6,0.0,0.047058824,1.545833333,0.0,0.0,0.0,0.365625,0.276923077,0.066666667,0.0225,0.000128889,0.047619048,0.307142857,0.096363636,0.509090909
17088,"Lamb, Veal, and Game Products","VEAL,COMP OF RTL CUTS,LN&FAT,RAW","Veal, composite of trimmed retail cuts, separable lean and fat, raw",,,Bos taurus,144,19.35,6.77,0.0,0.0,0.0,0.0,0.41,1.34,0.0,0.26,13,7.5,0.27,0.08,15,0.109,0.83,24,0.028,203,8.4,3.06,0.0,0.241176471,0.558333333,0.0,0.017333333,0.0325,0.46875,0.207692308,0.066666667,0.0125,0.000121111,0.057142857,0.29,0.152727273,0.278181818
17089,"Lamb, Veal, and Game Products","VEAL,COMP OF RTL CUTS,LN&FAT,CKD","Veal, composite of trimmed retail cuts, separable lean and fat, cooked",,,,231,30.1,11.39,0.0,0.0,0.0,0.0,0.31,1.57,0.0,0.4,15,7.97,0.32,0.06,22,0.114,1.15,26,0.036,239,12.3,4.76,0.0,0.182352941,0.654166667,0.0,0.026666667,0.0375,0.498125,0.246153846,0.05,0.018333333,0.000126667,0.061904762,0.341428571,0.223636364,0.432727273
17090,"Lamb, Veal, and Game Products","VEAL,COMP OF RTL CUTS,LN,RAW","Veal, composite of trimmed retail cuts, separable lean only, raw",,,,112,20.2,2.87,0.0,0.0,0.0,0.0,0.43,1.4,0.0,0.26,13,7.83,0.28,0.08,15,0.113,0.85,25,0.029,211,8.6,3.23,0.0,0.252941176,0.583333333,0.0,0.017333333,0.0325,0.489375,0.215384615,0.066666667,0.0125,0.000125556,0.05952381,0.301428571,0.156363636,0.293636364
17091,"Lamb, Veal, and Game Products","VEAL,COMP OF RTL CUTS,LN,CKD","Veal, composite of trimmed retail cuts, separable lean only, cooked",,,,196,31.9,6.58,0.0,0.0,0.0,0.0,0.33,1.65,0.0,0.42,16,8.42,0.34,0.06,24,0.12,1.16,28,0.038,250,13.0,5.1,0.0,0.194117647,0.6875,0.0,0.028,0.04,0.52625,0.261538462,0.05,0.02,0.000133333,0.066666667,0.357142857,0.236363636,0.463636364
17092,"Lamb, Veal, and Game Products","VEAL,COMP OF RTL CUTS,FAT,RAW","Veal, composite of trimmed retail cuts, separable fat, raw",,,,638,6.02,67.83,0.0,0.0,0.0,0.0,0.15,0.43,0.0,0.31,4,2.37,0.08,0.02,7,0.039,0.6,5,0.01,73,5.5,0.54,0.0,0.088235294,0.179166667,0.0,0.020666667,0.01,0.148125,0.061538462,0.016666667,0.005833333,4.33333e-05,0.011904762,0.104285714,0.1,0.049090909
17093,"Lamb, Veal, and Game Products","VEAL,COMP OF RTL CUTS,FAT,CKD","Veal, composite of trimmed retail cuts, separable fat, cooked",,,,642,9.42,66.74,0.0,0.0,0.0,0.0,0.11,0.55,0.0,0.25,5,2.79,0.12,0.02,4,0.044,1.0,10,0.012,116,5.5,0.87,0.0,0.064705882,0.229166667,0.0,0.016666667,0.0125,0.174375,0.092307692,0.016666667,0.003333333,4.88889e-05,0.023809524,0.165714286,0.1,0.079090909
17094,"Lamb, Veal, and Game Products","VEAL,LEG (TOP RND),LN&FAT,RAW","Veal, leg (top round), separable lean and fat, raw",,,,117,20.98,3.08,0.0,0.0,0.0,0.0,0.46,1.04,0.0,0.3,14,9.42,0.27,0.08,5,0.108,0.79,26,0.029,220,9.0,2.3,0.0,0.270588235,0.433333333,0.0,0.02,0.035,0.58875,0.207692308,0.066666667,0.004166667,0.00012,0.061904762,0.314285714,0.163636364,0.209090909
17095,"Lamb, Veal, and Game Products","VEAL,LEG (TOP RND),LN&FAT,CKD,BRSD","Veal, leg (top round), separable lean and fat, cooked, braised",,,,211,36.16,6.33,0.0,0.0,0.0,0.0,0.36,1.17,0.0,0.49,18,10.56,0.35,0.06,8,0.14,1.32,29,0.039,249,15.4,3.96,0.0,0.211764706,0.4875,0.0,0.032666667,0.045,0.66,0.269230769,0.05,0.006666667,0.000155556,0.069047619,0.355714286,0.28,0.36
17096,"Lamb, Veal, and Game Products","VEAL,LEG (TOP RND),LN&FAT,CKD,PAN-FRIED,BREADED","Veal, leg (top round), separable lean and fat, cooked, pan-fried, breaded",,,,238,27.29,9.18,9.91,0.57,0.3,10.0,0.4,1.24,0.0,0.53,33,10.34,0.35,0.16,39,0.073,1.64,31,0.135,250,16.5,2.75,0.011111111,0.235294118,0.516666667,0.0,0.035333333,0.0825,0.64625,0.269230769,0.133333333,0.0325,8.11111e-05,0.073809524,0.357142857,0.3,0.25
17097,"Lamb, Veal, and Game Products","VEAL,LEG (TOP RND),LN&FAT,CKD,PAN-FRIED,NOT BREADED","Veal, leg (top round), separable lean and fat, cooked, pan-fried, not breaded",,,,211,31.75,8.35,0.0,0.0,0.0,0.0,0.49,1.45,0.0,0.42,15,12.05,0.35,0.07,6,0.062,0.88,31,0.031,279,13.4,3.23,0.0,0.288235294,0.604166667,0.0,0.028,0.0375,0.753125,0.269230769,0.058333333,0.005,6.88889e-05,0.073809524,0.398571429,0.243636364,0.293636364
17098,"Lamb, Veal, and Game Products","VEAL,LEG (TOP RND),LN&FAT,CKD,RSTD","Veal, leg (top round), separable lean and fat, cooked, roasted",,,,160,27.7,4.65,0.0,0.0,0.0,0.0,0.31,1.17,0.0,0.49,16,9.93,0.32,0.06,6,0.129,0.91,28,0.03,234,11.2,3.04,0.0,0.182352941,0.4875,0.0,0.032666667,0.04,0.620625,0.246153846,0.05,0.005,0.000143333,0.066666667,0.334285714,0.203636364,0.276363636
17099,"Lamb, Veal, and Game Products","VEAL,LEG (TOP RND),LN,RAW","Veal, leg (top round), separable lean only, raw",,,,107,21.28,1.76,0.0,0.0,0.0,0.0,0.47,1.05,0.0,0.29,14,9.56,0.28,0.08,5,0.11,0.8,27,0.029,223,9.1,2.34,0.0,0.276470588,0.4375,0.0,0.019333333,0.035,0.5975,0.215384615,0.066666667,0.004166667,0.000122222,0.064285714,0.318571429,0.165454545,0.212727273
17100,"Lamb, Veal, and Game Products","VEAL,LEG (TOP RND),LN,CKD,BRSD","Veal, leg (top round), separable lean only, cooked, braised",,,,203,36.71,5.09,0.0,0.0,0.0,0.0,0.37,1.19,0.0,0.5,18,10.72,0.36,0.06,9,0.142,1.32,30,0.04,252,15.6,4.03,0.0,0.217647059,0.495833333,0.0,0.033333333,0.045,0.67,0.276923077,0.05,0.0075,0.000157778,0.071428571,0.36,0.283636364,0.366363636
17101,"Lamb, Veal, and Game Products","VEAL,LEG (TOP RND),LN,CKD,PAN-FRIED,BREADED","Veal, leg (top round), separable lean only, cooked, pan-fried, breaded",,,,216,28.41,6.27,9.84,0.57,0.2,10.0,0.42,1.28,0.0,0.53,34,10.8,0.36,0.16,39,0.074,1.64,32,0.137,258,13.5,2.87,0.011111111,0.247058824,0.533333333,0.0,0.035333333,0.085,0.675,0.276923077,0.133333333,0.0325,8.22222e-05,0.076190476,0.368571429,0.245454545,0.260909091
17102,"Lamb, Veal, and Game Products","VEAL,LEG (TOP RND),LN,CKD,PAN-FRIED,NOT BREADED","Veal, leg (top round), separable lean only, cooked, pan-fried, not breaded",,,,183,33.17,4.62,0.0,0.0,0.0,0.0,0.51,1.51,0.0,0.42,16,12.64,0.37,0.07,7,0.063,0.87,32,0.032,290,10.4,3.38,0.0,0.3,0.629166667,0.0,0.028,0.04,0.79,0.284615385,0.058333333,0.005833333,7e-05,0.076190476,0.414285714,0.189090909,0.307272727
17103,"Lamb, Veal, and Game Products","VEAL,LEG (TOP RND),LN,CKD,RSTD","Veal, leg (top round), separable lean only, cooked, roasted",,,,150,28.07,3.39,0.0,0.0,0.0,0.0,0.31,1.18,0.0,0.55,16,10.08,0.33,0.06,6,0.13,0.9,28,0.031,236,11.9,3.08,0.0,0.182352941,0.491666667,0.0,0.036666667,0.04,0.63,0.253846154,0.05,0.005,0.000144444,0.066666667,0.337142857,0.216363636,0.28
17104,"Lamb, Veal, and Game Products","VEAL,LOIN,LN&FAT,RAW","Veal, loin, separable lean and fat, raw",IMPS# 332,,,177,20.07,10.07,0.07,0.0,0.0,0.0,0.604,2.46,0.0,0.3,3,6.617,0.28,0.078,14,0.082,0.84,43,0.013,222,16.2,2.01,0.0,0.355294118,1.025,0.0,0.02,0.0075,0.4135625,0.215384615,0.065,0.011666667,9.11111e-05,0.102380952,0.317142857,0.294545455,0.182727273
17105,"Lamb, Veal, and Game Products","VEAL,LOIN,LN&FAT,CKD,BRSD","Veal, loin, separable lean and fat, cooked, braised",,,,284,30.19,17.21,0.0,0.0,0.0,0.0,0.26,1.21,0.0,0.4,14,9.03,0.3,0.04,28,0.091,1.09,24,0.034,220,13.2,3.63,0.0,0.152941176,0.504166667,0.0,0.026666667,0.035,0.564375,0.230769231,0.033333333,0.023333333,0.000101111,0.057142857,0.314285714,0.24,0.33
17106,"Lamb, Veal, and Game Products","VEAL,LOIN,LN&FAT,CKD,RSTD","Veal, loin, separable lean and fat, cooked, roasted",,,,217,24.8,12.32,0.0,0.0,0.0,0.0,0.34,1.24,0.0,0.44,15,8.86,0.28,0.05,19,0.11,0.87,25,0.029,212,11.0,3.03,0.0,0.2,0.516666667,0.0,0.029333333,0.0375,0.55375,0.215384615,0.041666667,0.015833333,0.000122222,0.05952381,0.302857143,0.2,0.275454545
17107,"Lamb, Veal, and Game Products","VEAL,LOIN,LN,RAW","Veal, loin, separable lean only, raw",IMPS # 332,,,114,21.85,2.9,0.0,0.0,0.0,0.0,0.683,2.65,0.0,0.27,3,7.25,0.31,0.086,11,0.088,0.85,47,0.014,237,18.0,2.15,0.0,0.401764706,1.104166667,0.0,0.018,0.0075,0.453125,0.238461538,0.071666667,0.009166667,9.77778e-05,0.111904762,0.338571429,0.327272727,0.195454545
17108,"Lamb, Veal, and Game Products","VEAL,LOIN,LN,CKD,BRSD","Veal, loin, separable lean only, cooked, braised",,,,226,33.57,9.15,0.0,0.0,0.0,0.0,0.28,1.32,0.0,0.42,15,10.05,0.34,0.05,32,0.099,1.1,27,0.038,237,14.4,4.09,0.0,0.164705882,0.55,0.0,0.028,0.0375,0.628125,0.261538462,0.041666667,0.026666667,0.00011,0.064285714,0.338571429,0.261818182,0.371818182
17109,"Lamb, Veal, and Game Products","VEAL,LOIN,LN,CKD,RSTD","Veal, loin, separable lean only, cooked, roasted",,,,175,26.32,6.94,0.0,0.0,0.0,0.0,0.37,1.31,0.0,0.49,16,9.46,0.3,0.06,21,0.117,0.85,26,0.03,222,11.6,3.24,0.0,0.217647059,0.545833333,0.0,0.032666667,0.04,0.59125,0.230769231,0.05,0.0175,0.00013,0.061904762,0.317142857,0.210909091,0.294545455
17110,"Lamb, Veal, and Game Products","VEAL,RIB,LN&FAT,RAW","Veal, rib, separable lean and fat, raw",,,,162,18.86,9.01,0.0,0.0,0.0,0.0,0.42,1.29,0.0,0.21,12,6.68,0.23,0.07,13,0.102,0.86,22,0.027,184,8.2,3.24,0.0,0.247058824,0.5375,0.0,0.014,0.03,0.4175,0.176923077,0.058333333,0.010833333,0.000113333,0.052380952,0.262857143,0.149090909,0.294545455
17111,"Lamb, Veal, and Game Products","VEAL,RIB,LN&FAT,CKD,BRSD","Veal, rib, separable lean and fat, cooked, braised",,,,251,32.43,12.53,0.0,0.0,0.0,0.0,0.32,1.45,0.0,0.34,16,7.5,0.29,0.05,22,0.132,1.41,25,0.038,210,13.9,5.57,0.0,0.188235294,0.604166667,0.0,0.022666667,0.04,0.46875,0.223076923,0.041666667,0.018333333,0.000146667,0.05952381,0.3,0.252727273,0.506363636
17112,"Lamb, Veal, and Game Products","VEAL,RIB,LN&FAT,CKD,RSTD","Veal, rib, separable lean and fat, cooked, roasted",,,,228,23.96,13.96,0.0,0.0,0.0,0.0,0.25,1.46,0.0,0.35,13,6.98,0.27,0.05,11,0.099,0.97,22,0.03,197,10.5,4.09,0.0,0.147058824,0.608333333,0.0,0.023333333,0.0325,0.43625,0.207692308,0.041666667,0.009166667,0.00011,0.052380952,0.281428571,0.190909091,0.371818182
17113,"Lamb, Veal, and Game Products","VEAL,RIB,LN,RAW","Veal, rib, separable lean only, raw",,,,120,19.97,3.89,0.0,0.0,0.0,0.0,0.44,1.36,0.0,0.21,13,7.05,0.24,0.07,14,0.108,0.88,23,0.029,194,8.5,3.47,0.0,0.258823529,0.566666667,0.0,0.014,0.0325,0.440625,0.184615385,0.058333333,0.011666667,0.00012,0.054761905,0.277142857,0.154545455,0.315454545
17114,"Lamb, Veal, and Game Products","VEAL,RIB,LN,CKD,BRSD","Veal, rib, separable lean only, cooked, braised",,,,218,34.44,7.81,0.0,0.0,0.0,0.0,0.34,1.53,0.0,0.35,16,7.91,0.31,0.06,24,0.14,1.45,26,0.04,218,14.6,5.98,0.0,0.2,0.6375,0.0,0.023333333,0.04,0.494375,0.238461538,0.05,0.02,0.000155556,0.061904762,0.311428571,0.265454545,0.543636364
17115,"Lamb, Veal, and Game Products","VEAL,RIB,LN,CKD,RSTD","Veal, rib, separable lean only, cooked, roasted",,,,177,25.76,7.44,0.0,0.0,0.0,0.0,0.27,1.58,0.0,0.36,14,7.5,0.29,0.06,12,0.106,0.96,24,0.032,207,11.1,4.49,0.0,0.158823529,0.658333333,0.0,0.024,0.035,0.46875,0.223076923,0.05,0.01,0.000117778,0.057142857,0.295714286,0.201818182,0.408181818
17116,"Lamb, Veal, and Game Products","VEAL,SHLDR,WHL (ARM&BLD),LN&FAT,RAW","Veal, shoulder, whole (arm and blade), separable lean and fat, raw",,,,130,19.27,5.28,0.0,0.0,0.0,0.0,0.39,1.67,0.0,0.27,12,6.19,0.29,0.09,22,0.119,0.91,23,0.028,203,8.1,3.93,0.0,0.229411765,0.695833333,0.0,0.018,0.03,0.386875,0.223076923,0.075,0.018333333,0.000132222,0.054761905,0.29,0.147272727,0.357272727
17117,"Lamb, Veal, and Game Products","VEAL,SHLDR,WHL (ARM&BLD),LN&FAT,CKD,BRSD","Veal, shoulder, whole (arm and blade), separable lean and fat, cooked, braised",,,,228,32.06,10.14,0.0,0.0,0.0,0.0,0.25,1.84,0.0,0.42,15,6.42,0.34,0.06,35,0.151,1.42,27,0.036,250,14.2,6.59,0.0,0.147058824,0.766666667,0.0,0.028,0.0375,0.40125,0.261538462,0.05,0.029166667,0.000167778,0.064285714,0.357142857,0.258181818,0.599090909
17118,"Lamb, Veal, and Game Products","VEAL,SHLDR,WHL (ARM&BLD),LN&FAT,CKD,RSTD","Veal, shoulder, whole (arm and blade), separable lean and fat, cooked, roasted",,,,184,25.32,8.42,0.0,0.0,0.0,0.0,0.26,1.82,0.0,0.46,12,6.33,0.34,0.07,27,0.139,1.03,25,0.03,215,10.7,5.12,0.0,0.152941176,0.758333333,0.0,0.030666667,0.03,0.395625,0.261538462,0.058333333,0.0225,0.000154444,0.05952381,0.307142857,0.194545455,0.465454545
17119,"Lamb, Veal, and Game Products","VEAL,SHLDR,WHL (ARM&BLD),LN,RAW","Veal, shoulder, whole (arm and blade), separable lean only, raw",,,,112,19.79,3.0,0.0,0.0,0.0,0.0,0.4,1.68,0.0,0.26,11,6.15,0.29,0.09,22,0.121,0.9,24,0.029,208,8.3,4.06,0.0,0.235294118,0.7,0.0,0.017333333,0.0275,0.384375,0.223076923,0.075,0.018333333,0.000134444,0.057142857,0.297142857,0.150909091,0.369090909
17120,"Lamb, Veal, and Game Products","VEAL,SHLDR,WHL (ARM&BLD),LN,CKD,BRSD","Veal, shoulder, whole (arm and blade), separable lean only, cooked, braised",,,,199,33.68,6.1,0.0,0.0,0.0,0.0,0.26,1.94,0.0,0.45,16,6.68,0.35,0.06,37,0.159,1.45,28,0.038,260,14.7,7.0,0.0,0.152941176,0.808333333,0.0,0.03,0.04,0.4175,0.269230769,0.05,0.030833333,0.000176667,0.066666667,0.371428571,0.267272727,0.636363636
17121,"Lamb, Veal, and Game Products","VEAL,SHLDR,WHL (ARM&BLD),LN,CKD,RSTD","Veal, shoulder, whole (arm and blade), separable lean only, cooked, roasted",,,,170,25.81,6.62,0.0,0.0,0.0,0.0,0.26,1.86,0.0,0.5,13,6.44,0.34,0.07,27,0.142,1.03,25,0.03,218,10.9,5.25,0.0,0.152941176,0.775,0.0,0.033333333,0.0325,0.4025,0.261538462,0.058333333,0.0225,0.000157778,0.05952381,0.311428571,0.198181818,0.477272727
17122,"Lamb, Veal, and Game Products","VEAL,SHLDR,ARM,LN&FAT,RAW","Veal, shoulder, arm, separable lean and fat, raw",,,,132,19.34,5.44,0.0,0.0,0.0,0.0,0.44,1.37,0.0,0.27,15,7.63,0.27,0.08,21,0.12,1.0,25,0.028,208,8.4,3.2,0.0,0.258823529,0.570833333,0.0,0.018,0.0375,0.476875,0.207692308,0.066666667,0.0175,0.000133333,0.05952381,0.297142857,0.152727273,0.290909091
17123,"Lamb, Veal, and Game Products","VEAL,SHLDR,ARM,LN&FAT,CKD,BRSD","Veal, shoulder, arm, separable lean and fat, cooked, braised",,,,236,33.63,10.24,0.0,0.0,0.0,0.0,0.29,1.72,0.0,0.46,18,10.08,0.31,0.06,28,0.128,1.38,29,0.036,263,14.5,5.81,0.0,0.170588235,0.716666667,0.0,0.030666667,0.045,0.63,0.238461538,0.05,0.023333333,0.000142222,0.069047619,0.375714286,0.263636364,0.528181818
17124,"Lamb, Veal, and Game Products","VEAL,SHLDR,ARM,LN&FAT,CKD,RSTD","Veal, shoulder, arm, separable lean and fat, cooked, roasted",,,,183,25.46,8.25,0.0,0.0,0.0,0.0,0.29,1.53,0.0,0.46,17,8.02,0.32,0.06,26,0.141,1.15,26,0.03,221,11.1,4.18,0.0,0.170588235,0.6375,0.0,0.030666667,0.0425,0.50125,0.246153846,0.05,0.021666667,0.000156667,0.061904762,0.315714286,0.201818182,0.38
17125,"Lamb, Veal, and Game Products","VEAL,SHLDR,ARM,LN,RAW","Veal, shoulder, arm, separable lean only, raw",,,,105,20.04,2.16,0.0,0.0,0.0,0.0,0.46,1.42,0.0,0.27,16,7.91,0.28,0.08,22,0.124,1.02,26,0.029,215,8.6,3.34,0.0,0.270588235,0.591666667,0.0,0.018,0.04,0.494375,0.215384615,0.066666667,0.018333333,0.000137778,0.061904762,0.307142857,0.156363636,0.303636364
17126,"Lamb, Veal, and Game Products","VEAL,SHLDR,ARM,LN,CKD,BRSD","Veal, shoulder, arm, separable lean only, cooked, braised",,,,201,35.73,5.33,0.0,0.0,0.0,0.0,0.3,1.82,0.0,0.47,19,10.71,0.33,0.06,30,0.135,1.41,30,0.038,276,15.3,6.24,0.0,0.176470588,0.758333333,0.0,0.031333333,0.0475,0.669375,0.253846154,0.05,0.025,0.00015,0.071428571,0.394285714,0.278181818,0.567272727
17127,"Lamb, Veal, and Game Products","VEAL,SHLDR,ARM,LN,CKD,RSTD","Veal, shoulder, arm, separable lean only, cooked, roasted",,,,164,26.13,5.81,0.0,0.0,0.0,0.0,0.3,1.57,0.0,0.5,17,8.24,0.33,0.07,27,0.146,1.16,27,0.03,226,11.3,4.32,0.0,0.176470588,0.654166667,0.0,0.033333333,0.0425,0.515,0.253846154,0.058333333,0.0225,0.000162222,0.064285714,0.322857143,0.205454545,0.392727273
17128,"Lamb, Veal, and Game Products","VEAL,SHLDR,BLADE CHOP,LN & FAT,RAW","Veal, shoulder, blade chop, separable lean and fat, raw",IMPS# 1309,,,148,18.72,7.61,0.03,0.0,0.0,0.0,0.437,2.73,0.0,0.3,3,4.491,0.397,0.101,23,0.08,1.22,32,0.012,202,14.9,3.18,0.0,0.257058824,1.1375,0.0,0.02,0.0075,0.2806875,0.305384615,0.084166667,0.019166667,8.88889e-05,0.076190476,0.288571429,0.270909091,0.289090909
17129,"Lamb, Veal, and Game Products","VEAL,SHLDR,BLADE,LN&FAT,CKD,BRSD","Veal, shoulder, blade, separable lean and fat, cooked, braised",,,,225,31.26,10.09,0.0,0.0,0.0,0.0,0.24,1.93,0.0,0.44,15,5.5,0.35,0.06,38,0.164,1.44,26,0.036,244,14.0,7.0,0.0,0.141176471,0.804166667,0.0,0.029333333,0.0375,0.34375,0.269230769,0.05,0.031666667,0.000182222,0.061904762,0.348571429,0.254545455,0.636363636
17130,"Lamb, Veal, and Game Products","VEAL,SHLDR,BLADE,LN&FAT,CKD,RSTD","Veal, shoulder, blade, separable lean and fat, cooked, roasted",,,,186,25.15,8.67,0.0,0.0,0.0,0.0,0.24,2.01,0.0,0.47,11,5.73,0.35,0.07,28,0.138,1.0,24,0.03,212,10.6,5.58,0.0,0.141176471,0.8375,0.0,0.031333333,0.0275,0.358125,0.269230769,0.058333333,0.023333333,0.000153333,0.057142857,0.302857143,0.192727273,0.507272727
17131,"Lamb, Veal, and Game Products","VEAL,SHLDR,BLADE CHOP,LN,RAW","Veal, shoulder, blade chop, separable lean only, raw",IMPS # 1309A,,,110,19.6,2.88,0.0,0.0,0.0,0.0,0.466,2.88,0.0,0.26,3,4.61,0.43,0.109,23,0.083,1.26,33,0.012,209,15.8,3.38,0.0,0.274117647,1.2,0.0,0.017333333,0.0075,0.288125,0.330769231,0.090833333,0.019166667,9.22222e-05,0.078571429,0.298571429,0.287272727,0.307272727
17132,"Lamb, Veal, and Game Products","VEAL,SHLDR,BLADE,LN,CKD,BRSD","Veal, shoulder, blade, separable lean only, cooked, braised",,,,198,32.66,6.48,0.0,0.0,0.0,0.0,0.25,2.01,0.0,0.45,15,5.68,0.36,0.06,40,0.171,1.47,28,0.038,252,14.5,7.39,0.0,0.147058824,0.8375,0.0,0.03,0.0375,0.355,0.276923077,0.05,0.033333333,0.00019,0.066666667,0.36,0.263636364,0.671818182
17133,"Lamb, Veal, and Game Products","VEAL,SHLDR,BLADE,LN,CKD,RSTD","Veal, shoulder, blade, separable lean only, cooked, roasted",,,,171,25.64,6.88,0.0,0.0,0.0,0.0,0.24,2.06,0.0,0.5,11,5.82,0.36,0.07,28,0.141,1.0,24,0.03,215,10.7,5.72,0.0,0.141176471,0.858333333,0.0,0.033333333,0.0275,0.36375,0.276923077,0.058333333,0.023333333,0.000156667,0.057142857,0.307142857,0.194545455,0.52
17134,"Lamb, Veal, and Game Products","VEAL,SIRLOIN,LN&FAT,RAW","Veal, sirloin, separable lean and fat, raw",,,,152,19.07,7.81,0.0,0.0,0.0,0.0,0.49,1.27,0.0,0.25,13,8.44,0.3,0.08,11,0.11,0.78,24,0.027,209,8.5,2.55,0.0,0.288235294,0.529166667,0.0,0.016666667,0.0325,0.5275,0.230769231,0.066666667,0.009166667,0.000122222,0.057142857,0.298571429,0.154545455,0.231818182
17135,"Lamb, Veal, and Game Products","VEAL,SIRLOIN,LN&FAT,CKD,BRSD","Veal, sirloin, separable lean and fat, cooked, braised",,,,252,31.26,13.14,0.0,0.0,0.0,0.0,0.35,1.48,0.0,0.41,15,6.58,0.35,0.05,17,0.128,1.2,27,0.035,243,14.0,4.32,0.0,0.205882353,0.616666667,0.0,0.027333333,0.0375,0.41125,0.269230769,0.041666667,0.014166667,0.000142222,0.064285714,0.347142857,0.254545455,0.392727273
17136,"Lamb, Veal, and Game Products","VEAL,SIRLOIN,LN&FAT,CKD,RSTD","Veal, sirloin, separable lean and fat, cooked, roasted",,,,202,25.14,10.45,0.0,0.0,0.0,0.0,0.32,1.42,0.0,0.42,15,8.87,0.35,0.06,13,0.129,0.92,26,0.029,223,11.1,3.35,0.0,0.188235294,0.591666667,0.0,0.028,0.0375,0.554375,0.269230769,0.05,0.010833333,0.000143333,0.061904762,0.318571429,0.201818182,0.304545455
17137,"Lamb, Veal, and Game Products","VEAL,SIRLOIN,LN,RAW","Veal, sirloin, separable lean only, raw",,,,110,20.2,2.59,0.0,0.0,0.0,0.0,0.52,1.34,0.0,0.25,14,8.97,0.31,0.08,11,0.116,0.8,26,0.029,220,8.7,2.73,0.0,0.305882353,0.558333333,0.0,0.016666667,0.035,0.560625,0.238461538,0.066666667,0.009166667,0.000128889,0.061904762,0.314285714,0.158181818,0.248181818
17138,"Lamb, Veal, and Game Products","VEAL,SIRLOIN,LN,CKD,BRSD","Veal, sirloin, separable lean only, cooked, braised",,,,204,33.96,6.51,0.0,0.0,0.0,0.0,0.38,1.59,0.0,0.44,16,7.05,0.38,0.06,19,0.138,1.23,29,0.038,259,15.0,4.75,0.0,0.223529412,0.6625,0.0,0.029333333,0.04,0.440625,0.292307692,0.05,0.015833333,0.000153333,0.069047619,0.37,0.272727273,0.431818182
17139,"Lamb, Veal, and Game Products","VEAL,SIRLOIN,LN,CKD,RSTD","Veal, sirloin, separable lean only, cooked, roasted",,,,168,26.32,6.22,0.0,0.0,0.0,0.0,0.34,1.49,0.0,0.46,16,9.33,0.37,0.06,14,0.136,0.91,27,0.03,231,11.5,3.54,0.0,0.2,0.620833333,0.0,0.030666667,0.04,0.583125,0.284615385,0.05,0.011666667,0.000151111,0.064285714,0.33,0.209090909,0.321818182
17140,"Lamb, Veal, and Game Products","VEAL,CUBED FOR STEW (LEG&SHLDR),LN,RAW","Veal, cubed for stew (leg and shoulder), separable lean only, raw",,,,109,20.27,2.5,0.0,0.0,0.0,0.0,0.45,1.49,0.0,0.27,13,7.4,0.29,0.09,17,0.118,0.88,25,0.029,213,8.8,3.48,0.0,0.264705882,0.620833333,0.0,0.018,0.0325,0.4625,0.223076923,0.075,0.014166667,0.000131111,0.05952381,0.304285714,0.16,0.316363636
17141,"Lamb, Veal, and Game Products","VEAL,CUBED FOR STEW (LEG&SHLDR),LN,CKD,BRSD","Veal, cubed for stew (leg and shoulder), separable lean only, cooked, braised",,,,188,34.94,4.31,0.0,0.0,0.0,0.0,0.38,1.67,0.0,0.45,16,8.3,0.4,0.07,29,0.153,1.44,28,0.04,239,15.2,6.01,0.0,0.223529412,0.695833333,0.0,0.03,0.04,0.51875,0.307692308,0.058333333,0.024166667,0.00017,0.066666667,0.341428571,0.276363636,0.546363636
17142,"Lamb, Veal, and Game Products","VEAL,GROUND,RAW","Veal, ground, raw",IMPS 396,,,197,18.58,13.06,0.0,0.0,0.0,0.0,0.446,2.28,0.0,0.49,3,5.52,0.28,0.113,12,0.088,1.37,31,0.008,197,13.1,2.51,0.0,0.262352941,0.95,0.0,0.032666667,0.0075,0.345,0.215384615,0.094166667,0.01,9.77778e-05,0.073809524,0.281428571,0.238181818,0.228181818
17143,"Lamb, Veal, and Game Products","VEAL,GROUND,CKD,BRLD","Veal, ground, cooked, broiled",,,,172,24.38,7.56,0.0,0.0,0.0,0.0,0.39,1.27,0.0,0.15,11,8.03,0.27,0.07,17,0.103,0.99,24,0.035,217,13.7,3.87,0.0,0.229411765,0.529166667,0.0,0.01,0.0275,0.501875,0.207692308,0.058333333,0.014166667,0.000114444,0.057142857,0.31,0.249090909,0.351818182
17144,"Lamb, Veal, and Game Products","GAME MEAT,ANTELOPE,RAW","Game meat, antelope, raw",,,"Antilocapra americana, Bosephalus tragocamelus",114,22.38,2.03,0.0,0.0,0.0,0.0,0.0,0.0,0.0,0.0,0,0.0,0.58,0.32,3,0.18,3.19,27,0.02,188,9.7,1.28,0.0,0.0,0.0,0.0,0.0,0.0,0.0,0.446153846,0.266666667,0.0025,0.0002,0.064285714,0.268571429,0.176363636,0.116363636
17145,"Lamb, Veal, and Game Products","GAME MEAT,ANTELOPE,CKD,RSTD","Game meat, antelope, cooked, roasted",,,,150,29.45,2.67,0.0,0.0,0.0,0.0,0.0,0.0,0.0,0.0,9,0.0,0.73,0.26,4,0.213,4.2,28,0.022,210,12.9,1.68,0.0,0.0,0.0,0.0,0.0,0.0225,0.0,0.561538462,0.216666667,0.003333333,0.000236667,0.066666667,0.3,0.234545455,0.152727273
17146,"Lamb, Veal, and Game Products","GAME MEAT,BEAR,RAW","Game meat, bear, raw",,,"Ursus arctos, Euarctos spp.",161,20.1,8.3,0.0,0.0,0.0,0.0,0.0,0.0,0.0,0.0,0,3.2,0.68,0.16,3,0.0,6.65,0,0.0,151,8.3,0.0,0.0,0.0,0.0,0.0,0.0,0.0,0.2,0.523076923,0.133333333,0.0025,0.0,0.0,0.215714286,0.150909091,0.0
17147,"Lamb, Veal, and Game Products","GAME MEAT,BEAR,CKD,SIMMRD","Game meat, bear, cooked, simmered",,,,259,32.42,13.39,0.0,0.0,0.0,0.0,0.29,2.47,0.0,0.49,6,3.35,0.82,0.1,5,0.148,10.73,23,0.0,170,11.2,10.27,0.0,0.170588235,1.029166667,0.0,0.032666667,0.015,0.209375,0.630769231,0.083333333,0.004166667,0.000164444,0.054761905,0.242857143,0.203636364,0.933636364
17148,"Lamb, Veal, and Game Products","BISON,GROUND,GRASS-FED,CKD","Bison, ground, grass-fed, cooked",Buffalo,,Bison bison,179,25.45,8.62,0.0,0.0,0.0,0.0,0.401,2.44,0.0,0.2,16,5.966,0.264,0.139,14,0.151,3.19,23,0.0,213,31.1,5.34,0.0,0.235882353,1.016666667,0.0,0.013333333,0.04,0.372875,0.203076923,0.115833333,0.011666667,0.000167778,0.054761905,0.304285714,0.565454545,0.485454545
17149,"Lamb, Veal, and Game Products","BISON,GROUND,GRASS-FED,RAW","Bison, ground, grass-fed, raw",Buffalo,,Bison bison,146,20.23,7.21,0.05,0.0,0.0,0.0,0.383,1.94,0.0,0.19,12,5.322,0.246,0.141,11,0.14,2.78,21,0.0,194,20.0,4.59,0.0,0.225294118,0.808333333,0.0,0.012666667,0.03,0.332625,0.189230769,0.1175,0.009166667,0.000155556,0.05,0.277142857,0.363636364,0.417272727
17150,"Lamb, Veal, and Game Products","GAME MEAT,BEAVER,RAW","Game meat, beaver, raw",,,Castor canadensis,146,24.05,4.8,0.0,0.0,0.0,0.0,0.0,0.0,2.0,0.0,0,1.9,0.22,0.06,15,0.0,6.9,25,0.0,237,26.6,0.0,0.0,0.0,0.0,0.022222222,0.0,0.0,0.11875,0.169230769,0.05,0.0125,0.0,0.05952381,0.338571429,0.483636364,0.0
17151,"Lamb, Veal, and Game Products","GAME MEAT,BEAVER,CKD,RSTD","Game meat, beaver, cooked, roasted",,,,212,34.85,6.96,0.0,0.0,0.0,0.0,0.47,8.3,3.0,0.45,11,2.2,0.31,0.05,22,0.189,10.0,29,0.0,292,43.1,2.27,0.0,0.276470588,3.458333333,0.033333333,0.03,0.0275,0.1375,0.238461538,0.041666667,0.018333333,0.00021,0.069047619,0.417142857,0.783636364,0.206363636
17152,"Lamb, Veal, and Game Products","GAME MEAT,BEEFALO,COMP OF CUTS,RAW","Game meat, beefalo, composite of cuts, raw",,,,143,23.3,4.8,0.0,0.0,0.0,0.0,0.0,2.42,7.0,0.0,15,4.64,0.09,0.04,18,0.0,2.32,0,0.0,224,9.8,4.86,0.0,0.0,1.008333333,0.077777778,0.0,0.0375,0.29,0.069230769,0.033333333,0.015,0.0,0.0,0.32,0.178181818,0.441818182
17153,"Lamb, Veal, and Game Products","GAME MEAT,BEEFALO,COMP OF CUTS,CKD,RSTD","Game meat, beefalo, composite of cuts, cooked, roasted",,,,188,30.66,6.32,0.0,0.0,0.0,0.0,0.0,2.55,9.0,0.0,18,4.89,0.11,0.03,24,0.0,3.05,0,0.0,250,13.1,6.4,0.0,0.0,1.0625,0.1,0.0,0.045,0.305625,0.084615385,0.025,0.02,0.0,0.0,0.357142857,0.238181818,0.581818182
17154,"Lamb, Veal, and Game Products","VEAL,AUSTRALIAN,FAT,RAW","Veal, Australian, separable fat, raw",,,,509,9.91,52.17,0.0,0.0,0.0,42.0,0.0,0.0,0.0,0.0,0,0.0,0.0,0.0,2,0.0,0.93,0,0.0,0,0.0,0.0,0.046666667,0.0,0.0,0.0,0.0,0.0,0.0,0.0,0.0,0.001666667,0.0,0.0,0.0,0.0,0.0
17155,"Lamb, Veal, and Game Products","VEAL,AUSTRALIAN,RIB,RIB RST,LN & FAT,RAW","Veal, Australian, rib, rib roast, separable lean and fat, raw",,,,201,19.6,13.1,1.15,0.0,0.0,8.0,0.0,0.0,0.0,0.0,0,0.0,0.0,0.0,9,0.0,1.46,0,0.0,0,0.0,0.0,0.008888889,0.0,0.0,0.0,0.0,0.0,0.0,0.0,0.0,0.0075,0.0,0.0,0.0,0.0,0.0
17156,"Lamb, Veal, and Game Products","GAME MEAT,BISON,LN,RAW","Game meat, bison, separable lean only, raw",buffalo,,Bison bison,109,21.62,1.84,0.0,0.0,0.0,0.0,0.0,0.0,0.0,0.0,0,1.91,0.094,0.0,6,0.09,2.6,25,0.007,187,27.0,2.8,0.0,0.0,0.0,0.0,0.0,0.0,0.119375,0.072307692,0.0,0.005,0.0001,0.05952381,0.267142857,0.490909091,0.254545455
17157,"Lamb, Veal, and Game Products","GAME MEAT,BISON,LN,CKD,RSTD","Game meat, bison, separable lean only, cooked, roasted",buffalo,,Bison bison,143,28.44,2.42,0.0,0.0,0.0,0.0,0.4,2.86,0.0,0.36,8,3.71,0.27,0.1,8,0.107,3.42,26,0.008,209,35.5,3.68,0.0,0.235294118,1.191666667,0.0,0.024,0.02,0.231875,0.207692308,0.083333333,0.006666667,0.000118889,0.061904762,0.298571429,0.645454545,0.334545455
17158,"Lamb, Veal, and Game Products","GAME MEAT,BOAR,WILD,RAW","Game meat, boar, wild, raw",,,Sus scrofa,122,21.51,3.33,0.0,0.0,0.0,0.0,0.0,0.0,0.0,0.0,0,4.0,0.11,0.39,12,0.0,0.0,0,0.0,120,9.8,0.0,0.0,0.0,0.0,0.0,0.0,0.0,0.25,0.084615385,0.325,0.01,0.0,0.0,0.171428571,0.178181818,0.0
17159,"Lamb, Veal, and Game Products","GAME MEAT,BOAR,WILD,CKD,RSTD","Game meat, boar, wild, cooked, roasted",,,,160,28.3,4.38,0.0,0.0,0.0,0.0,0.418,0.7,0.0,0.38,6,4.21,0.14,0.31,16,0.056,1.12,27,0.0,134,13.0,3.01,0.0,0.245882353,0.291666667,0.0,0.025333333,0.015,0.263125,0.107692308,0.258333333,0.013333333,6.22222e-05,0.064285714,0.191428571,0.236363636,0.273636364
17160,"Lamb, Veal, and Game Products","GAME MEAT,BUFFALO,H2O,RAW","Game meat, buffalo, water, raw",,,Bubalus bubalis,99,20.39,1.37,0.0,0.0,0.0,0.0,0.53,1.66,0.0,0.0,8,5.97,0.2,0.04,12,0.151,1.61,32,0.0,197,9.0,1.93,0.0,0.311764706,0.691666667,0.0,0.0,0.02,0.373125,0.153846154,0.033333333,0.01,0.000167778,0.076190476,0.281428571,0.163636364,0.175454545
17161,"Lamb, Veal, and Game Products","GAME MEAT,BUFFALO,H2O,CKD,RSTD","Game meat, buffalo, water, cooked, roasted",,,,131,26.83,1.8,0.0,0.0,0.0,0.0,0.46,1.75,0.0,0.0,9,6.29,0.25,0.03,15,0.178,2.12,33,0.0,220,12.0,2.54,0.0,0.270588235,0.729166667,0.0,0.0,0.0225,0.393125,0.192307692,0.025,0.0125,0.000197778,0.078571429,0.314285714,0.218181818,0.230909091
17162,"Lamb, Veal, and Game Products","GAME MEAT,CARIBOU,RAW","Game meat, caribou, raw",,,Rangifer spp.,127,22.63,3.36,0.0,0.0,0.0,0.0,0.37,6.31,0.0,0.0,4,5.5,0.72,0.32,17,0.222,4.69,26,0.078,208,10.2,4.0,0.0,0.217647059,2.629166667,0.0,0.0,0.01,0.34375,0.553846154,0.266666667,0.014166667,0.000246667,0.061904762,0.297142857,0.185454545,0.363636364
17163,"Lamb, Veal, and Game Products","GAME MEAT,CARIBOU,CKD,RSTD","Game meat, caribou, cooked, roasted",,,,167,29.77,4.42,0.0,0.0,0.0,0.0,0.32,6.64,3.0,0.4,5,5.79,0.9,0.25,22,0.263,6.17,27,0.087,233,13.6,5.26,0.0,0.188235294,2.766666667,0.033333333,0.026666667,0.0125,0.361875,0.692307692,0.208333333,0.018333333,0.000292222,0.064285714,0.332857143,0.247272727,0.478181818
17164,"Lamb, Veal, and Game Products","GAME MEAT,DEER,RAW","Game meat, deer, raw",,,Odocoileus spp.,120,22.96,2.42,0.0,0.0,0.0,0.0,0.37,6.31,0.0,0.2,4,6.37,0.48,0.22,5,0.253,3.4,23,0.041,202,9.7,2.09,0.0,0.217647059,2.629166667,0.0,0.013333333,0.01,0.398125,0.369230769,0.183333333,0.004166667,0.000281111,0.054761905,0.288571429,0.176363636,0.19
17165,"Lamb, Veal, and Game Products","GAME MEAT,DEER,CKD,RSTD","Game meat, deer, cooked, roasted",,,,158,30.21,3.19,0.0,0.0,0.0,0.0,0.0,0.0,0.0,0.0,0,6.71,0.6,0.18,7,0.3,4.47,24,0.046,226,12.9,2.75,0.0,0.0,0.0,0.0,0.0,0.0,0.419375,0.461538462,0.15,0.005833333,0.000333333,0.057142857,0.322857143,0.234545455,0.25
17166,"Lamb, Veal, and Game Products","GAME MEAT,ELK,RAW","Game meat, elk, raw",,,Cervus elaphyus,111,22.95,1.45,0.0,0.0,0.0,0.0,0.0,0.0,0.0,0.0,0,0.0,0.0,0.0,4,0.12,2.76,23,0.012,161,9.8,2.4,0.0,0.0,0.0,0.0,0.0,0.0,0.0,0.0,0.0,0.003333333,0.000133333,0.054761905,0.23,0.178181818,0.218181818
17167,"Lamb, Veal, and Game Products","GAME MEAT,ELK,CKD,RSTD","Game meat, elk, cooked, roasted",,,,146,30.19,1.9,0.0,0.0,0.0,0.0,0.0,0.0,0.0,0.0,9,0.0,0.0,0.0,5,0.142,3.63,24,0.013,180,13.0,3.16,0.0,0.0,0.0,0.0,0.0,0.0225,0.0,0.0,0.0,0.004166667,0.000157778,0.057142857,0.257142857,0.236363636,0.287272727
17168,"Lamb, Veal, and Game Products","GOAT,RAW","Goat, raw",,,,109,20.6,2.31,0.0,0.0,0.0,0.0,0.0,1.13,0.0,0.0,5,3.75,0.49,0.11,13,0.256,2.83,0,0.038,180,8.8,4.0,0.0,0.0,0.470833333,0.0,0.0,0.0125,0.234375,0.376923077,0.091666667,0.010833333,0.000284444,0.0,0.257142857,0.16,0.363636364
17169,"Lamb, Veal, and Game Products","GAME MEAT,GOAT,CKD,RSTD","Game meat, goat, cooked, roasted",,,,143,27.1,3.03,0.0,0.0,0.0,0.0,0.0,1.19,0.0,0.34,5,3.95,0.61,0.09,17,0.303,3.73,0,0.042,201,11.8,5.27,0.0,0.0,0.495833333,0.0,0.022666667,0.0125,0.246875,0.469230769,0.075,0.014166667,0.000336667,0.0,0.287142857,0.214545455,0.479090909
17170,"Lamb, Veal, and Game Products","GAME MEAT,HORSE,RAW","Game meat, horse, raw",,,Equus caballus,133,21.39,4.6,0.0,0.0,0.0,0.0,0.38,3.0,1.0,0.0,0,4.6,0.1,0.13,6,0.144,3.82,24,0.019,221,10.1,2.9,0.0,0.223529412,1.25,0.011111111,0.0,0.0,0.2875,0.076923077,0.108333333,0.005,0.00016,0.057142857,0.315714286,0.183636364,0.263636364
17171,"Lamb, Veal, and Game Products","GAME MEAT,HORSE,CKD,RSTD","Game meat, horse, cooked, roasted",,,,175,28.14,6.05,0.0,0.0,0.0,0.0,0.33,3.16,2.0,0.0,0,4.84,0.12,0.1,8,0.171,5.03,25,0.022,247,13.5,3.82,0.0,0.194117647,1.316666667,0.022222222,0.0,0.0,0.3025,0.092307692,0.083333333,0.006666667,0.00019,0.05952381,0.352857143,0.245454545,0.347272727
17172,"Lamb, Veal, and Game Products","GAME MEAT,MOOSE,RAW","Game meat, moose, raw",,,Alces alces,102,22.24,0.74,0.0,0.0,0.0,0.0,0.0,0.0,4.0,0.0,0,5.0,0.27,0.06,5,0.067,3.21,23,0.008,158,9.6,2.8,0.0,0.0,0.0,0.044444444,0.0,0.0,0.3125,0.207692308,0.05,0.004166667,7.44444e-05,0.054761905,0.225714286,0.174545455,0.254545455
17173,"Lamb, Veal, and Game Products","GAME MEAT,MOOSE,CKD,RSTD","Game meat, moose, cooked, roasted",,,,134,29.27,0.97,0.0,0.0,0.0,0.0,0.37,6.31,5.0,0.2,4,5.26,0.34,0.05,6,0.079,4.22,24,0.009,176,12.8,3.68,0.0,0.217647059,2.629166667,0.055555556,0.013333333,0.01,0.32875,0.261538462,0.041666667,0.005,8.77778e-05,0.057142857,0.251428571,0.232727273,0.334545455
17174,"Lamb, Veal, and Game Products","GAME MEAT,MUSKRAT,RAW","Game meat, muskrat, raw",,,Ondatra zibethica,162,20.76,8.1,0.0,0.0,0.0,0.0,0.0,0.0,5.0,0.0,0,6.2,0.52,0.09,25,0.0,0.0,22,0.0,220,9.1,0.0,0.0,0.0,0.0,0.055555556,0.0,0.0,0.3875,0.4,0.075,0.020833333,0.0,0.052380952,0.314285714,0.165454545,0.0
17175,"Lamb, Veal, and Game Products","GAME MEAT,MUSKRAT,CKD,RSTD","Game meat, muskrat, cooked, roasted",,,,234,30.09,11.74,0.0,0.0,0.0,0.0,0.47,8.3,7.0,0.0,11,7.19,0.71,0.08,36,0.189,7.1,26,0.032,271,14.8,2.27,0.0,0.276470588,3.458333333,0.077777778,0.0,0.0275,0.449375,0.546153846,0.066666667,0.03,0.00021,0.061904762,0.387142857,0.269090909,0.206363636
17176,"Lamb, Veal, and Game Products","GAME MEAT,OPOSSUM,CKD,RSTD","Game meat, opossum, cooked, roasted",,,Didelphis virginiana,221,30.2,10.2,0.0,0.0,0.0,0.0,0.47,8.3,0.0,0.44,10,8.43,0.37,0.1,17,0.189,4.64,34,0.0,278,18.2,2.28,0.0,0.276470588,3.458333333,0.0,0.029333333,0.025,0.526875,0.284615385,0.083333333,0.014166667,0.00021,0.080952381,0.397142857,0.330909091,0.207272727
17177,"Lamb, Veal, and Game Products","GAME MEAT,RABBIT,DOMESTICATED,COMP OF CUTS,RAW","Game meat, rabbit, domesticated, composite of cuts, raw",,,Oryctolagus spp.,136,20.05,5.55,0.0,0.0,0.0,0.0,0.5,7.16,0.0,0.0,8,7.27,0.15,0.1,13,0.145,1.57,19,0.026,213,23.7,1.57,0.0,0.294117647,2.983333333,0.0,0.0,0.02,0.454375,0.115384615,0.083333333,0.010833333,0.000161111,0.045238095,0.304285714,0.430909091,0.142727273
17178,"Lamb, Veal, and Game Products","GAME MEAT,RABBIT,DOMESTICATED,COMP OF CUTS,CKD,RSTD","Game meat, rabbit, domesticated, composite of cuts, cooked, roasted",,,,197,29.06,8.05,0.0,0.0,0.0,0.0,0.47,8.3,0.0,0.0,11,8.43,0.21,0.09,19,0.189,2.27,21,0.032,263,38.5,2.27,0.0,0.276470588,3.458333333,0.0,0.0,0.0275,0.526875,0.161538462,0.075,0.015833333,0.00021,0.05,0.375714286,0.7,0.206363636
17179,"Lamb, Veal, and Game Products","GAME MEAT,RABBIT,DOMESTICATED,COMP OF CUTS,CKD,STWD","Game meat, rabbit, domesticated, composite of cuts, cooked, stewed",,,,206,30.38,8.41,0.0,0.0,0.0,0.0,0.34,6.51,0.0,0.44,9,7.16,0.17,0.06,20,0.176,2.37,20,0.032,226,38.5,2.37,0.0,0.2,2.7125,0.0,0.029333333,0.0225,0.4475,0.130769231,0.05,0.016666667,0.000195556,0.047619048,0.322857143,0.7,0.215454545
17180,"Lamb, Veal, and Game Products","GAME MEAT,RABBIT,WILD,RAW","Game meat, rabbit, wild, raw",,,"Sylvilagus spp., Oryctolagus spp.",114,21.79,2.32,0.0,0.0,0.0,0.0,0.0,0.0,0.0,0.0,0,6.5,0.06,0.03,12,0.0,3.2,29,0.0,226,9.4,0.0,0.0,0.0,0.0,0.0,0.0,0.0,0.40625,0.046153846,0.025,0.01,0.0,0.069047619,0.322857143,0.170909091,0.0
17181,"Lamb, Veal, and Game Products","GAME MEAT,RABBIT,WILD,CKD,STWD","Game meat, rabbit, wild, cooked, stewed",,,,173,33.02,3.51,0.0,0.0,0.0,0.0,0.34,6.51,0.0,0.41,8,6.4,0.07,0.02,18,0.176,4.85,31,0.0,240,15.2,2.38,0.0,0.2,2.7125,0.0,0.027333333,0.02,0.4,0.053846154,0.016666667,0.015,0.000195556,0.073809524,0.342857143,0.276363636,0.216363636
17182,"Lamb, Veal, and Game Products","GAME MEAT,RACCOON,CKD,RSTD","Game meat, raccoon, cooked, roasted",,,Procyon lotor,255,29.2,14.5,0.0,0.0,0.0,0.0,0.47,8.3,0.0,0.49,11,4.68,0.52,0.59,14,0.189,7.1,30,0.0,261,18.0,2.27,0.0,0.276470588,3.458333333,0.0,0.032666667,0.0275,0.2925,0.4,0.491666667,0.011666667,0.00021,0.071428571,0.372857143,0.327272727,0.206363636
17183,"Lamb, Veal, and Game Products","GAME MEAT,SQUIRREL,RAW","Game meat, squirrel, raw",,,Sciuridae,120,21.23,3.21,0.0,0.0,0.0,0.0,0.0,0.0,0.0,0.0,0,4.0,0.21,0.07,2,0.0,4.7,24,0.0,172,9.3,0.0,0.0,0.0,0.0,0.0,0.0,0.0,0.25,0.161538462,0.058333333,0.001666667,0.0,0.057142857,0.245714286,0.169090909,0.0
17184,"Lamb, Veal, and Game Products","GAME MEAT,SQUIRREL,CKD,RSTD","Game meat, squirrel, cooked, roasted",,,,173,30.77,4.69,0.0,0.0,0.0,0.0,0.37,6.51,0.0,0.4,9,4.64,0.29,0.06,3,0.148,6.81,28,0.032,211,15.1,1.78,0.0,0.217647059,2.7125,0.0,0.026666667,0.0225,0.29,0.223076923,0.05,0.0025,0.000164444,0.066666667,0.301428571,0.274545455,0.161818182
17185,"Lamb, Veal, and Game Products","LAMB,VAR MEATS&BY-PRODUCTS,BRAIN,RAW","Lamb, variety meats and by-products, brain, raw",,,,122,10.4,8.58,0.0,0.0,0.0,0.0,0.29,11.3,16.0,0.0,3,3.9,0.3,0.13,9,0.24,1.75,12,0.044,270,9.0,1.17,0.0,0.170588235,4.708333333,0.177777778,0.0,0.0075,0.24375,0.230769231,0.108333333,0.0075,0.000266667,0.028571429,0.385714286,0.163636364,0.106363636
17186,"Lamb, Veal, and Game Products","LAMB,VAR MEATS&BY-PRODUCTS,BRAIN,CKD,BRSD","Lamb, variety meats and by-products, brain, cooked, braised",,,,145,12.55,10.17,0.0,0.0,0.0,0.0,0.11,9.25,12.0,0.0,5,2.47,0.24,0.11,12,0.21,1.68,14,0.059,337,12.0,1.36,0.0,0.064705882,3.854166667,0.133333333,0.0,0.0125,0.154375,0.184615385,0.091666667,0.01,0.000233333,0.033333333,0.481428571,0.218181818,0.123636364
17187,"Lamb, Veal, and Game Products","LAMB,VAR MEATS&BY-PRODUCTS,BRAIN,CKD,PAN-FRIED","Lamb, variety meats and by-products, brain, cooked, pan-fried",,,,273,16.97,22.19,0.0,0.0,0.0,0.0,0.23,24.1,23.0,0.0,7,4.55,0.37,0.17,21,0.48,2.04,22,0.067,495,12.0,2.0,0.0,0.135294118,10.04166667,0.255555556,0.0,0.0175,0.284375,0.284615385,0.141666667,0.0175,0.000533333,0.052380952,0.707142857,0.218181818,0.181818182
17188,"Lamb, Veal, and Game Products","VEAL,VAR MEATS&BY-PRODUCTS,BRAIN,RAW","Veal, variety meats and by-products, brain, raw",,,,118,10.32,8.21,0.0,0.0,0.0,0.0,0.28,12.2,14.0,0.0,3,4.3,0.26,0.13,10,0.22,2.13,14,0.037,274,10.0,1.11,0.0,0.164705882,5.083333333,0.155555556,0.0,0.0075,0.26875,0.2,0.108333333,0.008333333,0.000244444,0.033333333,0.391428571,0.181818182,0.100909091
17189,"Lamb, Veal, and Game Products","VEAL,VAR MEATS&BY-PRODUCTS,BRAIN,CKD,BRSD","Veal, variety meats and by-products, brain, cooked, braised",,,,136,11.48,9.63,0.0,0.0,0.0,0.0,0.17,9.65,13.0,0.0,3,2.43,0.2,0.08,16,0.26,1.67,16,0.038,385,11.0,1.61,0.0,0.1,4.020833333,0.144444444,0.0,0.0075,0.151875,0.153846154,0.066666667,0.013333333,0.000288889,0.038095238,0.55,0.2,0.146363636
17190,"Lamb, Veal, and Game Products","VEAL,VAR MEATS&BY-PRODUCTS,BRAIN,CKD,PAN-FRIED","Veal, variety meats and by-products, brain, cooked, pan-fried",,,,213,14.48,16.75,0.0,0.0,0.0,0.0,0.33,21.3,15.0,0.0,6,5.62,0.36,0.15,10,0.3,1.07,18,0.044,434,12.0,1.82,0.0,0.194117647,8.875,0.166666667,0.0,0.015,0.35125,0.276923077,0.125,0.008333333,0.000333333,0.042857143,0.62,0.218181818,0.165454545
17191,"Lamb, Veal, and Game Products","LAMB,VAR MEATS&BY-PRODUCTS,HEART,RAW","Lamb, variety meats and by-products, heart, raw",,,,122,16.47,5.68,0.21,0.0,0.0,0.0,0.39,10.25,5.0,0.0,2,6.14,0.99,0.37,6,0.397,4.6,17,0.046,175,32.0,1.87,0.0,0.229411765,4.270833333,0.055555556,0.0,0.005,0.38375,0.761538462,0.308333333,0.005,0.000441111,0.04047619,0.25,0.581818182,0.17
17192,"Lamb, Veal, and Game Products","LAMB,VAR MEATS&BY-PRODUCTS,HEART,CKD,BRSD","Lamb, variety meats and by-products, heart, cooked, braised",,,,185,24.97,7.91,1.93,0.0,0.0,0.0,0.3,11.2,7.0,0.0,2,4.36,1.19,0.17,14,0.61,5.52,24,0.055,254,47.0,3.68,0.0,0.176470588,4.666666667,0.077777778,0.0,0.005,0.2725,0.915384615,0.141666667,0.011666667,0.000677778,0.057142857,0.362857143,0.854545455,0.334545455
17193,"Lamb, Veal, and Game Products","VEAL,VAR MEATS&BY-PRODUCTS,HEART,RAW","Veal, variety meats and by-products, heart, raw",,,,110,17.18,3.98,0.08,0.0,0.0,0.0,0.43,13.76,8.0,0.0,2,6.4,1.0,0.52,5,0.34,4.24,18,0.036,211,33.3,1.47,0.0,0.252941176,5.733333333,0.088888889,0.0,0.005,0.4,0.769230769,0.433333333,0.004166667,0.000377778,0.042857143,0.301428571,0.605454545,0.133636364
17194,"Lamb, Veal, and Game Products","VEAL,VAR MEATS&BY-PRODUCTS,HEART,CKD,BRSD","Veal, variety meats and by-products, heart, cooked, braised",,,,186,29.12,6.75,0.13,0.0,0.0,0.0,0.21,14.46,10.0,0.0,2,4.88,0.93,0.35,8,0.432,4.32,18,0.061,250,52.4,2.24,0.0,0.123529412,6.025,0.111111111,0.0,0.005,0.305,0.715384615,0.291666667,0.006666667,0.00048,0.042857143,0.357142857,0.952727273,0.203636364
17195,"Lamb, Veal, and Game Products","LAMB,VAR MEATS&BY-PRODUCTS,KIDNEYS,RAW","Lamb, variety meats and by-products, kidneys, raw",,,,97,15.74,2.95,0.82,0.0,0.0,95.0,0.22,52.41,11.0,0.0,28,7.51,2.24,0.62,13,0.446,6.38,17,0.118,246,126.9,2.24,0.105555556,0.129411765,21.8375,0.122222222,0.0,0.07,0.469375,1.723076923,0.516666667,0.010833333,0.000495556,0.04047619,0.351428571,2.307272727,0.203636364
17196,"Lamb, Veal, and Game Products","LAMB,VAR MEATS&BY-PRODUCTS,KIDNEYS,CKD,BRSD","Lamb, variety meats and by-products, kidneys, cooked, braised",,,,137,23.65,3.62,0.99,0.0,0.0,137.0,0.12,78.9,12.0,0.0,81,5.99,2.07,0.35,18,0.37,12.4,20,0.144,290,218.8,3.8,0.152222222,0.070588235,32.875,0.133333333,0.0,0.2025,0.374375,1.592307692,0.291666667,0.015,0.000411111,0.047619048,0.414285714,3.978181818,0.345454545
17197,"Lamb, Veal, and Game Products","VEAL,VAR MEATS&BY-PRODUCTS,KIDNEYS,RAW","Veal, variety meats and by-products, kidneys, raw",,,,99,15.76,3.12,0.85,0.0,0.0,92.0,0.37,28.2,5.0,0.0,21,6.99,1.9,0.32,11,0.494,3.36,16,0.08,241,80.0,1.97,0.102222222,0.217647059,11.75,0.055555556,0.0,0.0525,0.436875,1.461538462,0.266666667,0.009166667,0.000548889,0.038095238,0.344285714,1.454545455,0.179090909
17198,"Lamb, Veal, and Game Products","VEAL,VAR MEATS&BY-PRODUCTS,KIDNEYS,CKD,BRSD","Veal, variety meats and by-products, kidneys, cooked, braised",,,,163,26.32,5.66,0.0,0.0,0.0,201.0,0.18,36.9,8.0,0.0,21,4.63,1.99,0.19,29,0.36,3.04,24,0.127,372,100.0,4.25,0.223333333,0.105882353,15.375,0.088888889,0.0,0.0525,0.289375,1.530769231,0.158333333,0.024166667,0.0004,0.057142857,0.531428571,1.818181818,0.386363636
17199,"Lamb, Veal, and Game Products","LAMB,VAR MEATS&BY-PRODUCTS,LIVER,RAW","Lamb, variety meats and by-products, liver, raw",,,,139,20.38,5.02,1.78,0.0,0.0,7391.0,0.9,90.05,4.0,0.0,230,16.11,3.63,0.34,7,6.979,7.37,19,0.184,364,82.4,4.66,8.212222222,0.529411765,37.52083333,0.044444444,0.0,0.575,1.006875,2.792307692,0.283333333,0.005833333,0.007754444,0.045238095,0.52,1.498181818,0.423636364
17200,"Lamb, Veal, and Game Products","LAMB,VAR MEATS&BY-PRODUCTS,LIVER,CKD,BRSD","Lamb, variety meats and by-products, liver, cooked, braised",,,,220,30.57,8.81,2.53,0.0,0.0,7491.0,0.49,76.5,4.0,0.0,73,12.15,4.03,0.23,8,7.074,8.28,22,0.52,420,111.4,7.89,8.323333333,0.288235294,31.875,0.044444444,0.0,0.1825,0.759375,3.1,0.191666667,0.006666667,0.00786,0.052380952,0.6,2.025454545,0.717272727
17201,"Lamb, Veal, and Game Products","LAMB,VAR MEATS&BY-PRODUCTS,LIVER,CKD,PAN-FRIED","Lamb, variety meats and by-products, liver, cooked, pan-fried",,,,238,25.53,12.65,3.78,0.0,0.0,7782.0,0.95,85.7,13.0,0.0,400,16.68,4.59,0.35,9,9.83,10.2,23,0.594,427,116.1,5.63,8.646666667,0.558823529,35.70833333,0.144444444,0.0,1.0,1.0425,3.530769231,0.291666667,0.0075,0.010922222,0.054761905,0.61,2.110909091,0.511818182
17202,"Lamb, Veal, and Game Products","VEAL,VAR MEATS&BY-PRODUCTS,LIVER,RAW","Veal, variety meats and by-products, liver, raw",calf liver,,,140,19.93,4.85,2.91,0.0,0.0,11707.0,0.957,59.85,0.7,0.37,125,10.55,2.44,0.173,5,11.865,6.4,20,0.255,379,22.7,12.02,13.00777778,0.562941176,24.9375,0.007777778,0.024666667,0.3125,0.659375,1.876923077,0.144166667,0.004166667,0.013183333,0.047619048,0.541428571,0.412727273,1.092727273
17203,"Lamb, Veal, and Game Products","VEAL,VAR MEATS&BY-PRODUCTS,LIVER,CKD,BRSD","Veal, variety meats and by-products, liver, cooked, braised",calf liver,,,192,28.42,6.26,3.77,0.0,0.0,21145.0,0.918,84.6,1.1,0.68,331,13.15,2.86,0.182,6,14.94,5.11,20,0.27,460,19.3,11.23,23.49444444,0.54,35.25,0.012222222,0.045333333,0.8275,0.821875,2.2,0.151666667,0.005,0.0166,0.047619048,0.657142857,0.350909091,1.020909091
17204,"Lamb, Veal, and Game Products","VEAL,VAR MEATS&BY-PRODUCTS,LIVER,CKD,PAN-FRIED","Veal, variety meats and by-products, liver, cooked, pan-fried",calf liver,,,193,27.37,6.51,4.47,0.0,0.0,20074.0,0.891,72.5,0.7,0.6,350,14.35,3.06,0.178,7,15.05,5.98,23,0.302,483,24.9,11.9,22.30444444,0.524117647,30.20833333,0.007777778,0.04,0.875,0.896875,2.353846154,0.148333333,0.005833333,0.016722222,0.054761905,0.69,0.452727273,1.081818182
17205,"Lamb, Veal, and Game Products","LAMB,VAR MEATS&BY-PRODUCTS,LUNGS,RAW","Lamb, variety meats and by-products, lungs, raw",,,,95,16.7,2.6,0.0,0.0,0.0,27.0,0.11,3.93,31.0,0.0,12,4.124,0.237,0.048,10,0.254,6.4,14,0.019,219,17.7,1.8,0.03,0.064705882,1.6375,0.344444444,0.0,0.03,0.25775,0.182307692,0.04,0.008333333,0.000282222,0.033333333,0.312857143,0.321818182,0.163636364
17206,"Lamb, Veal, and Game Products","LAMB,VAR MEATS&BY-PRODUCTS,LUNGS,CKD,BRSD","Lamb, variety meats and by-products, lungs, cooked, braised",,,,113,19.88,3.1,0.0,0.0,0.0,32.0,0.06,2.52,28.0,0.0,8,2.428,0.139,0.034,12,0.234,4.57,11,0.016,188,21.1,1.93,0.035555556,0.035294118,1.05,0.311111111,0.0,0.02,0.15175,0.106923077,0.028333333,0.01,0.00026,0.026190476,0.268571429,0.383636364,0.175454545
17207,"Lamb, Veal, and Game Products","VEAL,VAR MEATS&BY-PRODUCTS,LUNGS,RAW","Veal, variety meats and by-products, lungs, raw",,,,90,16.3,2.3,0.0,0.0,0.0,0.0,0.11,3.83,39.0,0.0,11,4.025,0.231,0.047,7,0.241,5.23,12,0.018,288,17.2,1.16,0.0,0.064705882,1.595833333,0.433333333,0.0,0.0275,0.2515625,0.177692308,0.039166667,0.005833333,0.000267778,0.028571429,0.411428571,0.312727273,0.105454545
17208,"Lamb, Veal, and Game Products","VEAL,VAR MEATS&BY-PRODUCTS,LUNGS,CKD,BRSD","Veal, variety meats and by-products, lungs, cooked, braised",,,,104,18.74,2.64,0.0,0.0,0.0,0.0,0.06,2.38,34.0,0.0,8,2.289,0.131,0.032,7,0.221,3.61,8,0.015,232,19.8,1.2,0.0,0.035294118,0.991666667,0.377777778,0.0,0.02,0.1430625,0.100769231,0.026666667,0.005833333,0.000245556,0.019047619,0.331428571,0.36,0.109090909
17209,"Lamb, Veal, and Game Products","LAMB,VAR MEATS&BY-PRODUCTS,MECHANICALLY SEPARATED,RAW","Lamb, variety meats and by-products, mechanically separated, raw",,,,276,14.97,23.54,0.0,0.0,0.0,0.0,0.11,2.56,0.0,0.0,5,2.546,0.118,0.072,162,0.058,5.9,18,0.012,337,20.1,3.72,0.0,0.064705882,1.066666667,0.0,0.0,0.0125,0.159125,0.090769231,0.06,0.135,6.44444e-05,0.042857143,0.481428571,0.365454545,0.338181818
17210,"Lamb, Veal, and Game Products","LAMB,VAR MEATS&BY-PRODUCTS,PANCREAS,RAW","Lamb, variety meats and by-products, pancreas, raw",,,,152,14.84,9.82,0.0,0.0,0.0,0.0,0.07,6.0,18.0,0.0,13,3.7,0.25,0.03,8,0.061,2.3,21,0.04,400,34.3,1.93,0.0,0.041176471,2.5,0.2,0.0,0.0325,0.23125,0.192307692,0.025,0.006666667,6.77778e-05,0.05,0.571428571,0.623636364,0.175454545
17211,"Lamb, Veal, and Game Products","LAMB,VAR MEATS&BY-PRODUCTS,PANCREAS,CKD,BRSD","Lamb, variety meats and by-products, pancreas, cooked, braised",,,,234,22.83,15.12,0.0,0.0,0.0,0.0,0.05,5.54,20.0,0.0,13,2.56,0.21,0.02,12,0.083,2.12,19,0.043,431,64.8,2.68,0.0,0.029411765,2.308333333,0.222222222,0.0,0.0325,0.16,0.161538462,0.016666667,0.01,9.22222e-05,0.045238095,0.615714286,1.178181818,0.243636364
17212,"Lamb, Veal, and Game Products","VEAL,VAR MEATS&BY-PRODUCTS,PANCREAS,RAW","Veal, variety meats and by-products, pancreas, raw",,,,182,15.0,13.1,0.0,0.0,0.0,0.0,0.19,13.38,16.0,0.0,3,4.252,0.425,0.134,19,0.06,2.1,18,0.151,329,20.7,2.6,0.0,0.111764706,5.575,0.177777778,0.0,0.0075,0.26575,0.326923077,0.111666667,0.015833333,6.66667e-05,0.042857143,0.47,0.376363636,0.236363636
17213,"Lamb, Veal, and Game Products","VEAL,VAR MEATS&BY-PRODUCTS,PANCREAS,CKD,BRSD","Veal, variety meats and by-products, pancreas, cooked, braised",,,,256,29.1,14.6,0.0,0.0,0.0,0.0,0.19,17.33,6.0,0.0,3,4.146,0.506,0.187,18,0.101,2.38,24,0.235,512,39.1,5.2,0.0,0.111764706,7.220833333,0.066666667,0.0,0.0075,0.259125,0.389230769,0.155833333,0.015,0.000112222,0.057142857,0.731428571,0.710909091,0.472727273
17214,"Lamb, Veal, and Game Products","LAMB,VAR MEATS&BY-PRODUCTS,SPLEEN,RAW","Lamb, variety meats and by-products, spleen, raw",,,,101,17.2,3.1,0.0,0.0,0.0,0.0,0.11,5.34,23.0,0.0,4,7.895,0.348,0.047,9,0.121,41.89,21,0.051,280,32.4,2.84,0.0,0.064705882,2.225,0.255555556,0.0,0.01,0.4934375,0.267692308,0.039166667,0.0075,0.000134444,0.05,0.4,0.589090909,0.258181818
17215,"Lamb, Veal, and Game Products","LAMB,VAR MEATS&BY-PRODUCTS,SPLEEN,CKD,BRSD","Lamb, variety meats and by-products, spleen, cooked, braised",,,,156,26.46,4.77,0.0,0.0,0.0,0.0,0.08,5.29,26.0,0.0,4,5.868,0.316,0.051,13,0.139,38.67,21,0.062,341,49.8,3.94,0.0,0.047058824,2.204166667,0.288888889,0.0,0.01,0.36675,0.243076923,0.0425,0.010833333,0.000154444,0.05,0.487142857,0.905454545,0.358181818
17216,"Lamb, Veal, and Game Products","VEAL,VAR MEATS&BY-PRODUCTS,SPLEEN,RAW","Veal, variety meats and by-products, spleen, raw",,,,98,18.3,2.2,0.0,0.0,0.0,0.0,0.11,5.34,41.0,0.0,4,7.895,0.348,0.047,6,0.167,9.32,17,0.072,339,61.7,1.61,0.0,0.064705882,2.225,0.455555556,0.0,0.01,0.4934375,0.267692308,0.039166667,0.005,0.000185556,0.04047619,0.484285714,1.121818182,0.146363636
17217,"Lamb, Veal, and Game Products","VEAL,VAR MEATS&BY-PRODUCTS,SPLEEN,CKD,BRSD","Veal, variety meats and by-products, spleen, cooked, braised",,,,129,24.08,2.89,0.0,0.0,0.0,0.0,0.07,4.82,40.0,0.0,4,5.341,0.288,0.046,7,0.925,7.36,14,0.075,312,81.2,1.91,0.0,0.041176471,2.008333333,0.444444444,0.0,0.01,0.3338125,0.221538462,0.038333333,0.005833333,0.001027778,0.033333333,0.445714286,1.476363636,0.173636364
17218,"Lamb, Veal, and Game Products","VEAL,VAR MEATS&BY-PRODUCTS,THYMUS,RAW","Veal, variety meats and by-products, thymus, raw",,,,101,17.21,3.07,0.0,0.0,0.0,0.0,0.035,3.33,49.2,0.09,22,4.77,0.188,0.069,3,0.079,1.05,23,0.018,533,16.1,1.55,0.0,0.020588235,1.3875,0.546666667,0.006,0.055,0.298125,0.144615385,0.0575,0.0025,8.77778e-05,0.054761905,0.761428571,0.292727273,0.140909091
17219,"Lamb, Veal, and Game Products","VEAL,VAR MEATS&BY-PRODUCTS,THYMUS,CKD,BRSD","Veal, variety meats and by-products, thymus, cooked, braised",,,,125,22.67,3.11,0.0,0.0,0.0,0.0,0.027,2.85,39.4,0.09,20,3.38,0.1,0.054,4,0.072,1.24,24,0.021,627,21.5,2.13,0.0,0.015882353,1.1875,0.437777778,0.006,0.05,0.21125,0.076923077,0.045,0.003333333,8e-05,0.057142857,0.895714286,0.390909091,0.193636364
17220,"Lamb, Veal, and Game Products","LAMB,VAR MEATS&BY-PRODUCTS,TONGUE,RAW","Lamb, variety meats and by-products, tongue, raw",,,,222,15.7,17.17,0.0,0.0,0.0,0.0,0.18,7.2,6.0,0.0,4,4.65,0.38,0.15,9,0.212,2.65,21,0.049,184,15.0,2.32,0.0,0.105882353,3.0,0.066666667,0.0,0.01,0.290625,0.292307692,0.125,0.0075,0.000235556,0.05,0.262857143,0.272727273,0.210909091
17221,"Lamb, Veal, and Game Products","LAMB,VAR MEATS&BY-PRODUCTS,TONGUE,CKD,BRSD","Lamb, variety meats and by-products, tongue, cooked, braised",,,,275,21.57,20.28,0.0,0.0,0.0,0.0,0.17,6.3,7.0,0.0,3,3.69,0.42,0.08,10,0.21,2.63,16,0.033,134,28.0,2.99,0.0,0.1,2.625,0.077777778,0.0,0.0075,0.230625,0.323076923,0.066666667,0.008333333,0.000233333,0.038095238,0.191428571,0.509090909,0.271818182
17222,"Lamb, Veal, and Game Products","VEAL,VAR MEATS&BY-PRODUCTS,TONGUE,RAW","Veal, variety meats and by-products, tongue, raw",,,,131,17.18,5.48,1.91,0.0,0.0,0.0,0.19,6.1,5.0,0.0,5,2.22,0.41,0.17,7,0.2,2.72,17,0.023,159,7.0,2.63,0.0,0.111764706,2.541666667,0.055555556,0.0,0.0125,0.13875,0.315384615,0.141666667,0.005833333,0.000222222,0.04047619,0.227142857,0.127272727,0.239090909
17223,"Lamb, Veal, and Game Products","VEAL,VAR MEATS&BY-PRODUCTS,TONGUE,CKD,BRSD","Veal, variety meats and by-products, tongue, cooked, braised",,,,202,25.85,10.1,0.0,0.0,0.0,0.0,0.15,5.3,6.0,0.0,9,1.47,0.35,0.07,9,0.21,2.09,18,0.047,166,11.0,4.51,0.0,0.088235294,2.208333333,0.066666667,0.0,0.0225,0.091875,0.269230769,0.058333333,0.0075,0.000233333,0.042857143,0.237142857,0.2,0.41
17224,"Lamb, Veal, and Game Products","LAMB,GROUND,RAW","Lamb, ground, raw",,,,282,16.56,23.41,0.0,0.0,0.0,0.0,0.13,2.31,0.0,0.2,18,5.96,0.21,0.11,16,0.101,1.55,21,0.019,157,18.8,3.41,0.0,0.076470588,0.9625,0.0,0.013333333,0.045,0.3725,0.161538462,0.091666667,0.013333333,0.000112222,0.05,0.224285714,0.341818182,0.31
17225,"Lamb, Veal, and Game Products","LAMB,GROUND,CKD,BRLD","Lamb, ground, cooked, broiled",,,,283,24.75,19.65,0.0,0.0,0.0,0.0,0.14,2.61,0.0,0.14,19,6.7,0.25,0.1,22,0.128,1.79,24,0.024,201,27.7,4.67,0.0,0.082352941,1.0875,0.0,0.009333333,0.0475,0.41875,0.192307692,0.083333333,0.018333333,0.000142222,0.057142857,0.287142857,0.503636364,0.424545455
17226,"Lamb, Veal, and Game Products","LAMB,DOM,COMP OF RTL CUTS,LN&FAT,1/8FAT,CHOIC,RAW","Lamb, domestic, composite of trimmed retail cuts, separable lean and fat, trimmed to 1/8 fat, choice, raw",,,,243,17.54,18.66,0.0,0.0,0.0,0.0,0.14,2.44,0.0,0.0,19,6.07,0.22,0.12,12,0.108,1.62,22,0.02,166,19.7,3.52,0.0,0.082352941,1.016666667,0.0,0.0,0.0475,0.379375,0.169230769,0.1,0.01,0.00012,0.052380952,0.237142857,0.358181818,0.32
17227,"Lamb, Veal, and Game Products","LAMB,DOM,COMP OF RTL CUTS,LN&FAT,1/8FAT,CHOIC,CKD","Lamb, domestic, composite of trimmed retail cuts, separable lean and fat, trimmed to 1/8 fat, choice, cooked",,,,271,25.51,18.01,0.0,0.0,0.0,0.0,0.14,2.57,0.0,0.0,19,6.55,0.26,0.1,16,0.121,1.93,24,0.024,193,27.2,4.74,0.0,0.082352941,1.070833333,0.0,0.0,0.0475,0.409375,0.2,0.083333333,0.013333333,0.000134444,0.057142857,0.275714286,0.494545455,0.430909091
17228,"Lamb, Veal, and Game Products","LAMB,DOM,FORESHANK,LN&FAT,1/8FAT,CHOIC,RAW","Lamb, domestic, foreshank, separable lean and fat, trimmed to 1/8 fat, choice, raw",,,,201,18.91,13.38,0.0,0.0,0.0,0.0,0.15,2.34,0.0,0.0,19,5.47,0.19,0.1,11,0.101,1.67,22,0.021,170,19.9,5.22,0.0,0.088235294,0.975,0.0,0.0,0.0475,0.341875,0.146153846,0.083333333,0.009166667,0.000112222,0.052380952,0.242857143,0.361818182,0.474545455
17229,"Lamb, Veal, and Game Products","LAMB,DOM,FORESHANK,LN&FAT,1/8FAT,CKD,BRSD","Lamb, domestic, foreshank, separable lean and fat, trimmed to 1/8 fat, cooked, braised",,,,243,28.37,13.46,0.0,0.0,0.0,0.0,0.1,2.28,0.0,0.0,17,5.46,0.19,0.05,20,0.123,2.14,22,0.025,166,30.6,7.69,0.0,0.058823529,0.95,0.0,0.0,0.0425,0.34125,0.146153846,0.041666667,0.016666667,0.000136667,0.052380952,0.237142857,0.556363636,0.699090909
17230,"Lamb, Veal, and Game Products","LAMB,DOM,LEG,WHL (SHK&SIRL),LN&FAT,1/8FAT,CHOIC,RAW","Lamb, domestic, leg, whole (shank and sirloin), separable lean and fat, trimmed to 1/8 fat, choice, raw",,,,209,18.47,14.42,0.0,0.0,0.0,0.0,0.15,2.54,0.0,0.0,20,6.25,0.24,0.13,8,0.116,1.7,24,0.021,175,21.3,3.43,0.0,0.088235294,1.058333333,0.0,0.0,0.05,0.390625,0.184615385,0.108333333,0.006666667,0.000128889,0.057142857,0.25,0.387272727,0.311818182
17231,"Lamb, Veal, and Game Products","LAMB,DOM,LEG,WHL (SHK&SIRL),LN&FAT,1/8FAT,CHOIC,CKD,RSTD","Lamb, domestic, leg, whole (shank and sirloin), separable lean and fat, trimmed to 1/8 fat, choice, cooked, roasted",,,,242,26.2,14.42,0.0,0.0,0.0,0.0,0.15,2.6,0.0,0.0,20,6.53,0.28,0.11,10,0.116,2.02,24,0.025,194,27.8,4.53,0.0,0.088235294,1.083333333,0.0,0.0,0.05,0.408125,0.215384615,0.091666667,0.008333333,0.000128889,0.057142857,0.277142857,0.505454545,0.411818182
17232,"Lamb, Veal, and Game Products","LAMB,DOM,LEG,SHANK HALF,LN&FAT,1/8FAT,CHOIC,RAW","Lamb, domestic, leg, shank half, separable lean and fat, trimmed to 1/8 fat, choice, raw",,,,185,18.99,11.5,0.0,0.0,0.0,0.0,0.16,2.54,0.0,0.0,21,6.21,0.24,0.13,7,0.117,1.73,25,0.022,182,21.9,3.58,0.0,0.094117647,1.058333333,0.0,0.0,0.0525,0.388125,0.184615385,0.108333333,0.005833333,0.00013,0.05952381,0.26,0.398181818,0.325454545
17233,"Lamb, Veal, and Game Products","LAMB,DOM,LEG,SHANK HALF,LN&FAT,1/8FAT,CHOIC,CKD,RSTD","Lamb, domestic, leg, shank half, separable lean and fat, trimmed to 1/8 fat, choice, cooked, roasted",,,,217,26.73,11.4,0.0,0.0,0.0,0.0,0.16,2.68,0.0,0.0,23,6.52,0.27,0.1,9,0.118,1.99,25,0.026,200,29.7,4.72,0.0,0.094117647,1.116666667,0.0,0.0,0.0575,0.4075,0.207692308,0.083333333,0.0075,0.000131111,0.05952381,0.285714286,0.54,0.429090909
17234,"Lamb, Veal, and Game Products","LAMB,DOM,LEG,SIRLOIN HALF,LN&FAT,1/8FAT,CHOIC,RAW","Lamb, domestic, leg, sirloin half, separable lean and fat, trimmed to 1/8 fat, choice, raw",,,,261,17.21,20.8,0.0,0.0,0.0,0.0,0.14,2.5,0.0,0.0,19,6.34,0.23,0.13,10,0.114,1.63,23,0.019,161,19.9,3.13,0.0,0.082352941,1.041666667,0.0,0.0,0.0475,0.39625,0.176923077,0.108333333,0.008333333,0.000126667,0.054761905,0.23,0.361818182,0.284545455
17235,"Lamb, Veal, and Game Products","LAMB,DOM,LEG,SIRLOIN HALF,LN&FAT,1/8FAT,CHOIC,CKD,RSTD","Lamb, domestic, leg, sirloin half, separable lean and fat, trimmed to 1/8 fat, choice, cooked, roasted",,,,284,24.95,19.67,0.0,0.0,0.0,0.0,0.14,2.54,0.0,0.0,17,6.59,0.28,0.11,11,0.113,2.01,23,0.023,185,25.8,4.2,0.0,0.082352941,1.058333333,0.0,0.0,0.0425,0.411875,0.215384615,0.091666667,0.009166667,0.000125556,0.054761905,0.264285714,0.469090909,0.381818182
17236,"Lamb, Veal, and Game Products","LAMB,DOM,LOIN,LN&FAT,1/8FAT,CHOIC,RAW","Lamb, domestic, loin, separable lean and fat, trimmed to 1/8 fat, choice, raw",,,,279,17.18,22.75,0.0,0.0,0.0,0.0,0.14,2.07,0.0,0.0,18,6.48,0.21,0.12,14,0.11,1.66,22,0.019,159,19.4,2.65,0.0,0.082352941,0.8625,0.0,0.0,0.045,0.405,0.161538462,0.1,0.011666667,0.000122222,0.052380952,0.227142857,0.352727273,0.240909091
17237,"Lamb, Veal, and Game Products","LAMB,DOM,LOIN,LN&FAT,1/8FAT,CHOIC,CKD,BRLD","Lamb, domestic, loin, separable lean and fat, trimmed to 1/8 fat, choice, cooked, broiled",,,,297,26.06,20.61,0.0,0.0,0.0,0.0,0.13,2.48,0.0,0.0,19,7.06,0.26,0.11,20,0.133,1.84,25,0.023,201,28.2,3.6,0.0,0.076470588,1.033333333,0.0,0.0,0.0475,0.44125,0.2,0.091666667,0.016666667,0.000147778,0.05952381,0.287142857,0.512727273,0.327272727
17238,"Lamb, Veal, and Game Products","LAMB,DOM,LOIN,LN&FAT,1/8FAT,CHOIC,CKD,RSTD","Lamb, domestic, loin, separable lean and fat, trimmed to 1/8 fat, choice, cooked, roasted",,,,290,23.27,21.12,0.0,0.0,0.0,0.0,0.13,2.2,0.0,0.0,20,7.05,0.24,0.1,18,0.122,2.17,24,0.021,185,25.2,3.52,0.0,0.076470588,0.916666667,0.0,0.0,0.05,0.440625,0.184615385,0.083333333,0.015,0.000135556,0.057142857,0.264285714,0.458181818,0.32
17239,"Lamb, Veal, and Game Products","LAMB,DOM,RIB,LN&FAT,1/8FAT,CHOIC,RAW","Lamb, domestic, rib, separable lean and fat, trimmed to 1/8 fat, choice, raw",,,,342,15.32,30.71,0.0,0.0,0.0,0.0,0.12,2.14,0.0,0.0,15,6.06,0.19,0.1,14,0.092,1.43,19,0.017,143,17.7,2.87,0.0,0.070588235,0.891666667,0.0,0.0,0.0375,0.37875,0.146153846,0.083333333,0.011666667,0.000102222,0.045238095,0.204285714,0.321818182,0.260909091
17240,"Lamb, Veal, and Game Products","LAMB,DOM,RIB,LN&FAT,1/8FAT,CHOIC,CKD,BRLD","Lamb, domestic, rib, separable lean and fat, trimmed to 1/8 fat, choice, cooked, broiled",,,,340,23.06,26.82,0.0,0.0,0.0,0.0,0.11,2.56,0.0,0.0,15,6.92,0.23,0.09,18,0.124,1.93,24,0.021,184,24.7,4.21,0.0,0.064705882,1.066666667,0.0,0.0,0.0375,0.4325,0.176923077,0.075,0.015,0.000137778,0.057142857,0.262857143,0.449090909,0.382727273
17241,"Lamb, Veal, and Game Products","LAMB,DOM,RIB,LN&FAT,1/8FAT,CHOIC,CKD,RSTD","Lamb, domestic, rib, separable lean and fat, trimmed to 1/8 fat, choice, cooked, roasted",,,,341,21.82,27.53,0.0,0.0,0.0,0.0,0.12,2.22,0.0,0.0,16,6.67,0.21,0.09,22,0.117,1.62,20,0.021,170,22.3,3.62,0.0,0.070588235,0.925,0.0,0.0,0.04,0.416875,0.161538462,0.075,0.018333333,0.00013,0.047619048,0.242857143,0.405454545,0.329090909
17242,"Lamb, Veal, and Game Products","LAMB,DOM,SHLDR,WHL (ARM&BLD),LN&FAT,1/8FAT,CHOIC,RAW","Lamb, domestic, shoulder, whole (arm and blade), separable lean and fat, trimmed to 1/8 fat, choice, raw",,,,244,17.07,18.96,0.0,0.0,0.0,0.0,0.14,2.57,0.0,0.0,19,5.62,0.21,0.11,16,0.1,1.53,21,0.02,163,19.7,4.12,0.0,0.082352941,1.070833333,0.0,0.0,0.0475,0.35125,0.161538462,0.091666667,0.013333333,0.000111111,0.05,0.232857143,0.358181818,0.374545455
17243,"Lamb, Veal, and Game Products","LAMB,DOM,SHLDR,WHL (ARM&BLD),LN&FAT,1/8FAT,CHOIC,CKD,BRSD","Lamb, domestic, shoulder, whole (arm and blade), separable lean and fat, trimmed to 1/8 fat, choice, cooked, braised",,,,338,29.46,23.57,0.0,0.0,0.0,0.0,0.11,2.78,0.0,0.0,18,6.15,0.22,0.07,27,0.126,2.39,25,0.026,193,33.8,6.8,0.0,0.064705882,1.158333333,0.0,0.0,0.045,0.384375,0.169230769,0.058333333,0.0225,0.00014,0.05952381,0.275714286,0.614545455,0.618181818
17244,"Lamb, Veal, and Game Products","LAMB,DOM,SHLDR,WHL (ARM&BLD),LN&FAT,1/8FAT,CHOIC,CKD,BRLD","Lamb, domestic, shoulder, whole (arm and blade), separable lean and fat, trimmed to 1/8 fat, choice, cooked, broiled",,,,268,23.84,18.39,0.0,0.0,0.0,0.0,0.14,2.78,0.0,0.0,18,6.49,0.26,0.1,23,0.126,1.83,25,0.024,201,26.5,5.58,0.0,0.082352941,1.158333333,0.0,0.0,0.045,0.405625,0.2,0.083333333,0.019166667,0.00014,0.05952381,0.287142857,0.481818182,0.507272727
17245,"Lamb, Veal, and Game Products","LAMB,DOM,SHLDR,WHL (ARM&BLD),LN&FAT,1/8FAT,CHOIC,CKD,RSTD","Lamb, domestic, shoulder, whole (arm and blade), separable lean and fat, trimmed to 1/8 fat, choice, cooked, roasted",,,,269,22.7,19.08,0.0,0.0,0.0,0.0,0.13,2.65,0.0,0.0,21,6.04,0.24,0.09,20,0.108,1.97,23,0.022,185,26.4,5.44,0.0,0.076470588,1.104166667,0.0,0.0,0.0525,0.3775,0.184615385,0.075,0.016666667,0.00012,0.054761905,0.264285714,0.48,0.494545455
17246,"Lamb, Veal, and Game Products","LAMB,DOM,SHLDR,ARM,LN&FAT,1/8FAT,CHOIC,RAW","Lamb, domestic, shoulder, arm, separable lean and fat, trimmed to 1/8 fat, choice, raw",,,,244,17.19,18.94,0.0,0.0,0.0,0.0,0.13,2.47,0.0,0.0,19,6.08,0.22,0.11,14,0.104,1.58,22,0.02,162,19.8,3.52,0.0,0.076470588,1.029166667,0.0,0.0,0.0475,0.38,0.169230769,0.091666667,0.011666667,0.000115556,0.052380952,0.231428571,0.36,0.32
17247,"Lamb, Veal, and Game Products","LAMB,DOM,SHLDR,ARM,LN&FAT,1/8FAT,CHOIC,CKD,BRSD","Lamb, domestic, shoulder, arm, separable lean and fat, trimmed to 1/8 fat, choice, cooked, braised",,,,337,31.1,22.65,0.0,0.0,0.0,0.0,0.11,2.59,0.0,0.0,19,6.61,0.25,0.07,25,0.141,2.43,26,0.023,210,37.9,6.24,0.0,0.064705882,1.079166667,0.0,0.0,0.0475,0.413125,0.192307692,0.058333333,0.020833333,0.000156667,0.061904762,0.3,0.689090909,0.567272727
17248,"Lamb, Veal, and Game Products","LAMB,DOM,SHLDR,ARM,LN&FAT,1/8FAT,CKD,BRLD","Lamb, domestic, shoulder, arm, separable lean and fat, trimmed to 1/8 fat, cooked, broiled",,,,269,24.91,18.05,0.0,0.0,0.0,0.0,0.12,2.88,0.0,0.0,19,6.99,0.27,0.1,18,0.135,2.12,27,0.024,200,28.1,5.01,0.0,0.070588235,1.2,0.0,0.0,0.0475,0.436875,0.207692308,0.083333333,0.015,0.00015,0.064285714,0.285714286,0.510909091,0.455454545
17249,"Lamb, Veal, and Game Products","LAMB,DOM,SHLDR,ARM,LN&FAT,1/8FAT,CHOIC,RSTD","Lamb, domestic, shoulder, arm, separable lean and fat, trimmed to 1/8 fat, choice, roasted",,,,267,22.93,18.75,0.0,0.0,0.0,0.0,0.13,2.56,0.0,0.0,21,6.62,0.25,0.09,17,0.114,2.05,23,0.022,185,25.8,4.58,0.0,0.076470588,1.066666667,0.0,0.0,0.0525,0.41375,0.192307692,0.075,0.014166667,0.000126667,0.054761905,0.264285714,0.469090909,0.416363636
17250,"Lamb, Veal, and Game Products","LAMB,DOM,SHLDR,BLADE,LN&FAT,1/8FAT,CHOIC,RAW","Lamb, domestic, shoulder, blade, separable lean and fat, trimmed to 1/8 fat, choice, raw",,,,244,17.01,18.97,0.0,0.0,0.0,0.0,0.14,2.62,0.0,0.0,20,5.4,0.21,0.11,17,0.098,1.5,21,0.02,163,19.6,4.4,0.0,0.082352941,1.091666667,0.0,0.0,0.05,0.3375,0.161538462,0.091666667,0.014166667,0.000108889,0.05,0.232857143,0.356363636,0.4
17251,"Lamb, Veal, and Game Products","LAMB,DOM,SHLDR,BLADE,LN&FAT,1/8FAT,CHOIC,CKD,BRSD","Lamb, domestic, shoulder, blade, separable lean and fat, trimmed to 1/8 fat, choice, cooked, braised",,,,339,28.92,23.88,0.0,0.0,0.0,0.0,0.11,2.84,0.0,0.0,18,6.0,0.21,0.06,27,0.121,2.38,24,0.027,187,33.5,6.98,0.0,0.064705882,1.183333333,0.0,0.0,0.045,0.375,0.161538462,0.05,0.0225,0.000134444,0.057142857,0.267142857,0.609090909,0.634545455
17252,"Lamb, Veal, and Game Products","LAMB,DOM,SHLDR,BLADE,LN&FAT,1/8FAT,CHOIC,CKD,BRLD","Lamb, domestic, shoulder, blade, separable lean and fat, trimmed to 1/8 fat, choice, cooked, broiled",,,,267,23.48,18.5,0.0,0.0,0.0,0.0,0.15,2.74,0.0,0.0,18,6.33,0.25,0.09,24,0.123,1.73,24,0.024,201,27.8,5.77,0.0,0.088235294,1.141666667,0.0,0.0,0.045,0.395625,0.192307692,0.075,0.02,0.000136667,0.057142857,0.287142857,0.505454545,0.524545455
17253,"Lamb, Veal, and Game Products","LAMB,DOM,SHLDR,BLADE,LN&FAT,1/8FAT,CHOIC,CKD,RSTD","Lamb, domestic, shoulder, blade, separable lean and fat, trimmed to 1/8 fat, choice, cooked, roasted",,,,270,22.62,19.19,0.0,0.0,0.0,0.0,0.13,2.68,0.0,0.0,21,5.84,0.24,0.09,21,0.107,1.95,23,0.022,185,25.6,5.72,0.0,0.076470588,1.116666667,0.0,0.0,0.0525,0.365,0.184615385,0.075,0.0175,0.000118889,0.054761905,0.264285714,0.465454545,0.52
17254,"Lamb, Veal, and Game Products","LAMB,NZ,IMP,FRZ,COMP OF RTL CUTS,LN&FAT,1/8FAT,RAW","Lamb, new zealand, imported, frozen, composite of trimmed retail cuts, separable lean and fat, trimmed to 1/8 fat, raw",,,,232,17.95,17.2,0.0,0.0,0.0,0.0,0.12,2.5,0.0,0.0,1,6.57,0.35,0.13,11,0.089,1.54,16,0.02,179,1.4,2.58,0.0,0.070588235,1.041666667,0.0,0.0,0.0025,0.410625,0.269230769,0.108333333,0.009166667,9.88889e-05,0.038095238,0.255714286,0.025454545,0.234545455
17255,"Lamb, Veal, and Game Products","LAMB,NZ,IMP,FRZ,COMP OF RTL CUTS,LN&FAT,1/8FAT,CKD","Lamb, new zealand, imported, frozen, composite of trimmed retail cuts, separable lean and fat, trimmed to 1/8 fat, cooked",,,,270,25.26,17.98,0.0,0.0,0.0,0.0,0.11,2.71,0.0,0.0,1,7.31,0.41,0.11,15,0.102,2.08,19,0.023,211,2.0,3.61,0.0,0.064705882,1.129166667,0.0,0.0,0.0025,0.456875,0.315384615,0.091666667,0.0125,0.000113333,0.045238095,0.301428571,0.036363636,0.328181818
17256,"Lamb, Veal, and Game Products","LAMB,NZ,IMP,FRZ,FORESHANK,LN&FAT,1/8FAT,RAW","Lamb, new zealand, imported, frozen, foreshank, separable lean and fat, trimmed to 1/8 fat, raw",,,,223,18.04,16.15,0.0,0.0,0.0,0.0,0.11,2.53,0.0,0.0,1,6.3,0.36,0.13,10,0.095,1.49,15,0.02,170,3.5,3.37,0.0,0.064705882,1.054166667,0.0,0.0,0.0025,0.39375,0.276923077,0.108333333,0.008333333,0.000105556,0.035714286,0.242857143,0.063636364,0.306363636
17257,"Lamb, Veal, and Game Products","LAMB,NZ,IMP,FRZ,FORESHANK,LN&FAT,1/8FAT,CKD,BRSD","Lamb, new zealand, imported, frozen, foreshank, separable lean and fat, trimmed to 1/8 fat, cooked, braised",,,,258,26.97,15.83,0.0,0.0,0.0,0.0,0.08,2.44,0.0,0.0,1,6.07,0.33,0.07,14,0.102,2.07,15,0.024,175,5.3,4.8,0.0,0.047058824,1.016666667,0.0,0.0,0.0025,0.379375,0.253846154,0.058333333,0.011666667,0.000113333,0.035714286,0.25,0.096363636,0.436363636
17258,"Lamb, Veal, and Game Products","LAMB,NZ,IMP,FRZ,LEG,WHL (SHK&SIRL),LN&FAT,1/8FAT,RAW","Lamb, new zealand, imported, frozen, leg, whole (shank and sirloin), separable lean and fat, trimmed to 1/8 fat, raw",,,,201,18.76,13.37,0.0,0.0,0.0,0.0,0.13,2.47,0.0,0.0,1,6.86,0.38,0.14,7,0.095,1.6,18,0.021,189,3.0,2.72,0.0,0.076470588,1.029166667,0.0,0.0,0.0025,0.42875,0.292307692,0.116666667,0.005833333,0.000105556,0.042857143,0.27,0.054545455,0.247272727
17259,"Lamb, Veal, and Game Products","LAMB,NZ,IMP,FRZ,LEG,WHL (SHK&SIRL),LN&FAT,1/8FAT,CKD,RSTD","Lamb, new zealand, imported, frozen, leg, whole (shank and sirloin), separable lean and fat, trimmed to 1/8 fat, cooked, roasted",,,,234,25.34,13.95,0.0,0.0,0.0,0.0,0.13,2.61,0.0,0.0,1,7.57,0.46,0.12,9,0.105,2.13,20,0.024,221,4.1,3.67,0.0,0.076470588,1.0875,0.0,0.0,0.0025,0.473125,0.353846154,0.1,0.0075,0.000116667,0.047619048,0.315714286,0.074545455,0.333636364
17260,"Lamb, Veal, and Game Products","LAMB,NZ,IMP,FRZ,LOIN,LN&FAT,1/8FAT,RAW","Lamb, new zealand, imported, frozen, loin, separable lean and fat, trimmed to 1/8 fat, raw",,,,273,17.18,22.1,0.0,0.0,0.0,0.0,0.12,2.13,0.0,0.0,1,6.85,0.3,0.13,17,0.087,1.59,15,0.018,170,1.5,1.94,0.0,0.070588235,0.8875,0.0,0.0,0.0025,0.428125,0.230769231,0.108333333,0.014166667,9.66667e-05,0.035714286,0.242857143,0.027272727,0.176363636
17261,"Lamb, Veal, and Game Products","LAMB,NZ,IMP,FRZ,LOIN,LN&FAT,1/8FAT,CKD,BRLD","Lamb, new zealand, imported, frozen, loin, separable lean and fat, trimmed to 1/8 fat, cooked, broiled",,,,296,24.41,21.28,0.0,0.0,0.0,0.0,0.11,2.54,0.0,0.0,1,7.92,0.37,0.12,23,0.112,2.1,20,0.022,213,2.1,2.76,0.0,0.064705882,1.058333333,0.0,0.0,0.0025,0.495,0.284615385,0.1,0.019166667,0.000124444,0.047619048,0.304285714,0.038181818,0.250909091
17262,"Lamb, Veal, and Game Products","LAMB,NZ,IMP,FRZ,RIB,LN&FAT,1/8FAT,RAW","Lamb, new zealand, imported, frozen, rib, separable lean and fat, trimmed to 1/8 fat, raw",,,,311,15.87,27.0,0.0,0.0,0.0,0.0,0.09,2.22,0.0,0.0,1,6.29,0.26,0.12,15,0.067,1.43,13,0.017,153,1.3,2.19,0.0,0.052941176,0.925,0.0,0.0,0.0025,0.393125,0.2,0.1,0.0125,7.44444e-05,0.030952381,0.218571429,0.023636364,0.199090909
17263,"Lamb, Veal, and Game Products","LAMB,NZ,IMP,FRZ,RIB,LN&FAT,1/8FAT,CKD,RSTD","Lamb, new zealand, imported, frozen, rib, separable lean and fat, trimmed to 1/8 fat, cooked, roasted",,,,317,19.86,25.74,0.0,0.0,0.0,0.0,0.08,2.32,0.0,0.0,1,6.72,0.28,0.1,18,0.072,1.74,15,0.018,173,1.8,2.73,0.0,0.047058824,0.966666667,0.0,0.0,0.0025,0.42,0.215384615,0.083333333,0.015,8e-05,0.035714286,0.247142857,0.032727273,0.248181818
17264,"Lamb, Veal, and Game Products","LAMB,NZ,IMP,FRZ,SHLDR,WHL (ARM&BLD),LN&FAT,1/8FAT,RAW","Lamb, new zealand, imported, frozen, shoulder, whole (arm and blade), separable lean and fat, trimmed to 1/8 fat, raw",,,,251,17.19,19.74,0.0,0.0,0.0,0.0,0.08,3.14,0.0,0.0,1,5.46,0.31,0.12,17,0.083,1.36,15,0.019,168,2.7,2.91,0.0,0.047058824,1.308333333,0.0,0.0,0.0025,0.34125,0.238461538,0.1,0.014166667,9.22222e-05,0.035714286,0.24,0.049090909,0.264545455
17265,"Lamb, Veal, and Game Products","LAMB,NZ,IMP,FRZ,SHLDR,WHL (ARM&BLD),LN&FAT,1/8FAT,CKD,BRSD","Lamb, new zealand, imported, frozen, shoulder, whole (arm and blade), separable lean and fat, trimmed to 1/8 fat, cooked, braised",,,,342,29.43,24.03,0.0,0.0,0.0,0.0,0.07,3.47,0.0,0.0,1,6.26,0.33,0.08,27,0.106,2.16,18,0.026,200,4.4,4.76,0.0,0.041176471,1.445833333,0.0,0.0,0.0025,0.39125,0.253846154,0.066666667,0.0225,0.000117778,0.042857143,0.285714286,0.08,0.432727273
17267,"Lamb, Veal, and Game Products","GAME MEAT,BISON,TOP SIRLOIN,LN,0FAT,RAW","Game meat, bison, top sirloin, separable lean only, trimmed to 0 fat, raw",buffalo,,Bison bison,113,21.4,2.4,0.0,0.0,0.0,1.0,0.259,2.3,0.0,0.05,0,2.017,0.097,0.045,5,0.155,3.0,24,0.015,203,25.1,3.4,0.001111111,0.152352941,0.958333333,0.0,0.003333333,0.0,0.1260625,0.074615385,0.0375,0.004166667,0.000172222,0.057142857,0.29,0.456363636,0.309090909
17268,"Lamb, Veal, and Game Products","GAME MEAT,BISON,RIBEYE,LN,0FAT,RAW","Game meat, bison, ribeye, separable lean only, trimmed to 0 fat, raw",buffalo,,Bison bison,116,22.1,2.4,0.0,0.0,0.0,1.0,0.252,2.2,0.0,0.04,0,1.838,0.09,0.046,6,0.13,2.8,24,0.013,198,23.3,3.2,0.001111111,0.148235294,0.916666667,0.0,0.002666667,0.0,0.114875,0.069230769,0.038333333,0.005,0.000144444,0.057142857,0.282857143,0.423636364,0.290909091
17269,"Lamb, Veal, and Game Products","GAME MEAT,BISON,SHLDR CLOD,LN,0FAT,RAW","Game meat, bison, shoulder clod, separable lean only, trimmed to 0 fat, raw",buffalo,,Bison bison,109,21.1,2.1,0.0,0.0,0.0,1.0,0.221,2.2,0.0,0.05,0,1.879,0.096,0.042,4,0.148,3.0,24,0.014,189,26.4,5.0,0.001111111,0.13,0.916666667,0.0,0.003333333,0.0,0.1174375,0.073846154,0.035,0.003333333,0.000164444,0.057142857,0.27,0.48,0.454545455
17270,"Lamb, Veal, and Game Products","VEAL,BREAST,FAT,CKD","Veal, breast, separable fat, cooked",,,Bos taurus,521,9.4,53.35,0.0,0.0,0.0,0.0,0.11,0.55,0.0,0.0,5,2.79,0.12,0.02,6,0.042,0.45,10,0.01,102,5.5,0.76,0.0,0.064705882,0.229166667,0.0,0.0,0.0125,0.174375,0.092307692,0.016666667,0.005,4.66667e-05,0.023809524,0.145714286,0.1,0.069090909
17271,"Lamb, Veal, and Game Products","VEAL,BREAST,WHL,BNLESS,LN&FAT,RAW","Veal, breast, whole, boneless, separable lean and fat, raw",,,Bos taurus,208,17.47,14.75,0.0,0.0,0.0,0.0,0.0,0.0,0.0,0.0,0,0.0,0.0,0.0,7,0.094,0.53,18,0.01,172,6.6,2.33,0.0,0.0,0.0,0.0,0.0,0.0,0.0,0.0,0.0,0.005833333,0.000104444,0.042857143,0.245714286,0.12,0.211818182
17272,"Lamb, Veal, and Game Products","VEAL,BREAST,WHL,BNLESS,LN&FAT,CKD,BRSD","Veal, breast, whole, boneless, separable lean and fat, cooked, braised",,,Bos taurus,266,26.97,16.77,0.0,0.0,0.0,0.0,0.261,1.33,0.0,0.0,13,7.981,0.296,0.054,9,0.071,0.77,20,0.008,191,11.0,3.64,0.0,0.153529412,0.554166667,0.0,0.0,0.0325,0.4988125,0.227692308,0.045,0.0075,7.88889e-05,0.047619048,0.272857143,0.2,0.330909091
17273,"Lamb, Veal, and Game Products","VEAL,BREAST,PLATE HALF,BNLESS,LN&FAT,CKD,BRSD","Veal, breast, plate half, boneless, separable lean and fat, cooked, braised",,,Bos taurus,282,25.93,18.95,0.0,0.0,0.0,0.0,0.261,1.33,0.0,0.0,13,7.895,0.296,0.053,8,0.069,0.75,19,0.008,186,10.6,3.47,0.0,0.153529412,0.554166667,0.0,0.0,0.0325,0.4934375,0.227692308,0.044166667,0.006666667,7.66667e-05,0.045238095,0.265714286,0.192727273,0.315454545
17274,"Lamb, Veal, and Game Products","VEAL,BREAST,POINT HALF,BNLESS,LN&FAT,CKD,BRSD","Veal, breast, point half, boneless, separable lean and fat, cooked, braised",,,Bos taurus,248,28.23,14.16,0.0,0.0,0.0,0.0,0.272,1.39,0.0,0.0,14,8.352,0.309,0.056,9,0.073,0.79,21,0.008,197,11.5,3.85,0.0,0.16,0.579166667,0.0,0.0,0.035,0.522,0.237692308,0.046666667,0.0075,8.11111e-05,0.05,0.281428571,0.209090909,0.35
17275,"Lamb, Veal, and Game Products","VEAL,BREAST,WHL,BNLESS,LN,CKD,BRSD","Veal, breast, whole, boneless, separable lean only, cooked, braised",,,Bos taurus,218,30.32,9.8,0.0,0.0,0.0,0.0,0.29,1.48,0.0,0.0,15,8.97,0.33,0.06,9,0.076,0.83,22,0.008,208,12.5,4.19,0.0,0.170588235,0.616666667,0.0,0.0,0.0375,0.560625,0.253846154,0.05,0.0075,8.44444e-05,0.052380952,0.297142857,0.227272727,0.380909091
17276,"Lamb, Veal, and Game Products","VEAL,SHANK (FORE&HIND),LN&FAT,RAW","Veal, shank (fore and hind), separable lean and fat, raw",,,Bos taurus,113,19.15,3.48,0.0,0.0,0.0,0.0,0.437,1.36,0.0,0.0,15,7.458,0.268,0.079,20,0.074,0.76,21,0.009,191,7.9,3.99,0.0,0.257058824,0.566666667,0.0,0.0,0.0375,0.466125,0.206153846,0.065833333,0.016666667,8.22222e-05,0.05,0.272857143,0.143636364,0.362727273
17277,"Lamb, Veal, and Game Products","VEAL,SHANK (FORE&HIND),LN&FAT,CKD,BRSD","Veal, shank (fore and hind), separable lean and fat, cooked, braised",,,Bos taurus,191,31.54,6.2,0.0,0.0,0.0,0.0,0.265,1.61,0.0,0.0,17,9.454,0.295,0.049,33,0.111,1.25,25,0.015,225,15.3,6.63,0.0,0.155882353,0.670833333,0.0,0.0,0.0425,0.590875,0.226923077,0.040833333,0.0275,0.000123333,0.05952381,0.321428571,0.278181818,0.602727273
17278,"Lamb, Veal, and Game Products","VEAL,SHANK (FORE&HIND),LN,RAW","Veal, shank (fore and hind), separable lean only, raw",,,Bos taurus,108,19.28,2.83,0.0,0.0,0.0,0.0,0.44,1.37,0.0,0.0,15,7.6,0.27,0.08,20,0.074,0.76,21,0.009,192,8.0,4.02,0.0,0.258823529,0.570833333,0.0,0.0,0.0375,0.475,0.207692308,0.066666667,0.016666667,8.22222e-05,0.05,0.274285714,0.145454545,0.365454545
17279,"Lamb, Veal, and Game Products","VEAL,SHANK (FORE&HIND),LN,CKD,BRSD","Veal, shank (fore and hind), separable lean only, cooked, braised",,,Bos taurus,177,32.22,4.33,0.0,0.0,0.0,0.0,0.27,1.64,0.0,0.0,17,9.66,0.3,0.05,34,0.113,1.26,25,0.015,228,13.7,6.81,0.0,0.158823529,0.683333333,0.0,0.0,0.0425,0.60375,0.230769231,0.041666667,0.028333333,0.000125556,0.05952381,0.325714286,0.249090909,0.619090909
17280,"Lamb, Veal, and Game Products","LAMB,AUS,IMP,FRSH,COMP OF RTL CUTS,LN&FAT,1/8FAT,RAW","Lamb, Australian, imported, fresh, composite of trimmed retail cuts, separable lean and fat, trimmed to 1/8 fat, raw",,,,229,17.84,16.97,0.0,0.0,0.0,0.0,0.339,2.47,0.0,0.0,0,4.934,0.261,0.133,13,0.145,1.43,20,0.011,168,7.5,3.67,0.0,0.199411765,1.029166667,0.0,0.0,0.0,0.308375,0.200769231,0.110833333,0.010833333,0.000161111,0.047619048,0.24,0.136363636,0.333636364
17281,"Lamb, Veal, and Game Products","LAMB,AUS,IMP,FRSH,COMP OF RTL CUTS,LN&FAT,1/8FAT,CKD","Lamb, Australian, imported, fresh, composite of trimmed retail cuts, separable lean and fat, trimmed to 1/8 fat, cooked",,,,256,24.52,16.82,0.0,0.0,0.0,0.0,0.366,2.87,0.0,0.0,0,5.441,0.332,0.123,17,0.142,1.93,22,0.013,195,10.1,4.68,0.0,0.215294118,1.195833333,0.0,0.0,0.0,0.3400625,0.255384615,0.1025,0.014166667,0.000157778,0.052380952,0.278571429,0.183636364,0.425454545
17282,"Lamb, Veal, and Game Products","LAMB,AUS,IMP,FRSH,COMP OF RTL CUTS,LN,1/8FAT,RAW","Lamb, Australian, imported, fresh, composite of trimmed retail cuts, separable lean only, trimmed to 1/8 fat, raw",,,,142,20.25,6.18,0.0,0.0,0.0,0.0,0.386,2.77,0.0,0.0,0,5.595,0.293,0.149,12,0.165,1.59,22,0.013,188,8.6,4.21,0.0,0.227058824,1.154166667,0.0,0.0,0.0,0.3496875,0.225384615,0.124166667,0.01,0.000183333,0.052380952,0.268571429,0.156363636,0.382727273
17283,"Lamb, Veal, and Game Products","LAMB,AUS,IMP,FRSH,COMP OF RTL CUTS,LN,1/8FAT,CKD","Lamb, Australian, imported, fresh, composite of trimmed retail cuts, separable lean only, trimmed to 1/8 fat, cooked",,,,201,26.71,9.63,0.0,0.0,0.0,0.0,0.394,3.01,0.0,0.0,0,5.812,0.36,0.131,16,0.153,2.05,24,0.014,207,11.0,5.14,0.0,0.231764706,1.254166667,0.0,0.0,0.0,0.36325,0.276923077,0.109166667,0.013333333,0.00017,0.057142857,0.295714286,0.2,0.467272727
17284,"Lamb, Veal, and Game Products","LAMB,AUS,IMP,FRSH,FAT,RAW","Lamb, Australian, imported, fresh, separable fat, raw",,,,648,6.27,68.87,0.0,0.0,0.0,0.0,0.111,1.06,0.0,0.0,0,1.753,0.107,0.057,19,0.046,0.63,7,0.0,71,4.0,1.06,0.0,0.065294118,0.441666667,0.0,0.0,0.0,0.1095625,0.082307692,0.0475,0.015833333,5.11111e-05,0.016666667,0.101428571,0.072727273,0.096363636
17285,"Lamb, Veal, and Game Products","LAMB,AUS,IMP,FRSH,FAT,CKD","Lamb, Australian, imported, fresh, separable fat, cooked",,,,639,9.42,66.4,0.0,0.0,0.0,0.0,0.171,1.84,0.0,0.0,0,2.89,0.14,0.063,27,0.065,1.11,12,0.01,114,5.8,1.48,0.0,0.100588235,0.766666667,0.0,0.0,0.0,0.180625,0.107692308,0.0525,0.0225,7.22222e-05,0.028571429,0.162857143,0.105454545,0.134545455
17286,"Lamb, Veal, and Game Products","LAMB,AUS,IMP,FRSH,FORESHANK,LN&FAT,1/8FAT,RAW","Lamb, Australian, imported, fresh, foreshank, separable lean and fat, trimmed to 1/8 fat, raw",,,,195,18.85,12.68,0.0,0.0,0.0,0.0,0.264,2.48,0.0,0.0,0,5.265,0.219,0.094,12,0.092,1.38,19,0.009,158,7.2,5.4,0.0,0.155294118,1.033333333,0.0,0.0,0.0,0.3290625,0.168461538,0.078333333,0.01,0.000102222,0.045238095,0.225714286,0.130909091,0.490909091
17287,"Lamb, Veal, and Game Products","LAMB,AUS,IMP,FRSH,FORESHANK,LN&FAT,1/8FAT,CKD,BRSD","Lamb, Australian, imported, fresh, foreshank, separable lean and fat, trimmed to 1/8 fat, cooked, braised",,,,236,24.78,14.44,0.0,0.0,0.0,0.0,0.244,3.0,0.0,0.0,0,5.013,0.262,0.086,16,0.116,1.79,21,0.011,167,8.3,6.96,0.0,0.143529412,1.25,0.0,0.0,0.0,0.3133125,0.201538462,0.071666667,0.013333333,0.000128889,0.05,0.238571429,0.150909091,0.632727273
17288,"Lamb, Veal, and Game Products","LAMB,AUS,IMP,FRSH,FORESHANK,LN,1/8FAT,RAW","Lamb, Australian, imported, fresh, foreshank, separable lean only, trimmed to 1/8 fat, raw",,,,123,20.83,3.81,0.0,0.0,0.0,0.0,0.288,2.71,0.0,0.0,0,5.82,0.237,0.1,11,0.099,1.5,20,0.01,171,8.0,6.08,0.0,0.169411765,1.129166667,0.0,0.0,0.0,0.36375,0.182307692,0.083333333,0.009166667,0.00011,0.047619048,0.244285714,0.145454545,0.552727273
17289,"Lamb, Veal, and Game Products","LAMB,AUS,IMP,FRSH,FORESHANK,LN,1/8FAT,CKD,BRSD","Lamb, Australian, imported, fresh, foreshank, separable lean only, trimmed to 1/8 fat, cooked, braised",,,,165,27.5,5.22,0.0,0.0,0.0,0.0,0.257,3.2,0.0,0.0,0,5.39,0.283,0.09,14,0.125,1.91,22,0.011,177,9.0,7.93,0.0,0.151176471,1.333333333,0.0,0.0,0.0,0.336875,0.217692308,0.075,0.011666667,0.000138889,0.052380952,0.252857143,0.163636364,0.720909091
17290,"Lamb, Veal, and Game Products","LAMB,AUS,IMP,FRSH,LEG,WHL (SHK&SIRL),LN&FAT,1/8FAT,RAW","Lamb, Australian, imported, fresh, leg, whole (shank and sirloin), separable lean and fat, trimmed to 1/8 fat, raw",,,,215,18.24,15.19,0.0,0.0,0.0,0.0,0.359,2.7,0.0,0.0,0,4.964,0.287,0.14,10,0.173,1.48,20,0.011,173,4.2,3.75,0.0,0.211176471,1.125,0.0,0.0,0.0,0.31025,0.220769231,0.116666667,0.008333333,0.000192222,0.047619048,0.247142857,0.076363636,0.340909091
17291,"Lamb, Veal, and Game Products","LAMB,AUS,IMP,FRSH,LEG,WHL (SHK&SIRL),LN&FAT,1/8FAT,CKD,RSTD","Lamb, Australian, imported, fresh, leg, whole (shank and sirloin), separable lean and fat, trimmed to 1/8 fat, cooked, roasted",,,,244,25.16,15.13,0.0,0.0,0.0,0.0,0.425,3.03,0.0,0.0,0,5.383,0.386,0.126,11,0.147,2.03,23,0.014,202,5.7,4.43,0.0,0.25,1.2625,0.0,0.0,0.0,0.3364375,0.296923077,0.105,0.009166667,0.000163333,0.054761905,0.288571429,0.103636364,0.402727273
17292,"Lamb, Veal, and Game Products","LAMB,AUS,IMP,FRSH,LEG,WHL (SHK&SIRL),LN,1/8FAT,RAW","Lamb, Australian, imported, fresh, leg, whole (shank and sirloin), separable lean only, trimmed to 1/8 fat, raw",,,,135,20.46,5.23,0.0,0.0,0.0,0.0,0.406,3.01,0.0,0.0,0,5.56,0.32,0.155,8,0.196,1.64,23,0.013,192,4.6,4.25,0.0,0.238823529,1.254166667,0.0,0.0,0.0,0.3475,0.246153846,0.129166667,0.006666667,0.000217778,0.054761905,0.274285714,0.083636364,0.386363636
17293,"Lamb, Veal, and Game Products","LAMB,AUS,IMP,FRSH,LEG,WHL (SHK&SIRL),LN,1/8FAT,CKD,RSTD","Lamb, Australian, imported, fresh, leg, whole (shank and sirloin), separable lean only, trimmed to 1/8 fat, cooked, roasted",,,,190,27.31,8.1,0.0,0.0,0.0,0.0,0.46,3.19,0.0,0.0,0,5.725,0.42,0.135,9,0.158,2.15,25,0.014,214,5.9,4.83,0.0,0.270588235,1.329166667,0.0,0.0,0.0,0.3578125,0.323076923,0.1125,0.0075,0.000175556,0.05952381,0.305714286,0.107272727,0.439090909
17294,"Lamb, Veal, and Game Products","LAMB,AUS,IMP,FRSH,LEG,SHANK HALF,LN&FAT,1/8FAT,RAW","Lamb, Australian, imported, fresh, leg, shank half, separable lean and fat, trimmed to 1/8 fat, raw",,,,201,18.59,13.48,0.0,0.0,0.0,0.0,0.367,2.75,0.0,0.0,0,5.06,0.292,0.142,9,0.181,1.48,20,0.01,176,7.8,4.04,0.0,0.215882353,1.145833333,0.0,0.0,0.0,0.31625,0.224615385,0.118333333,0.0075,0.000201111,0.047619048,0.251428571,0.141818182,0.367272727
17295,"Lamb, Veal, and Game Products","LAMB,AUS,IMP,FRSH,LEG,SHANK HALF,LN&FAT,1/8FAT,CKD,RSTD","Lamb, Australian, imported, fresh, leg, shank half, separable lean and fat, trimmed to 1/8 fat, cooked, roasted",,,,231,25.25,13.69,0.0,0.0,0.0,0.0,0.429,3.04,0.0,0.0,0,5.418,0.39,0.127,10,0.138,2.01,23,0.013,203,10.6,4.49,0.0,0.252352941,1.266666667,0.0,0.0,0.0,0.338625,0.3,0.105833333,0.008333333,0.000153333,0.054761905,0.29,0.192727273,0.408181818
17296,"Lamb, Veal, and Game Products","LAMB,AUS,IMP,FRSH,LEG,SHANK HALF,LN,1/8FAT,RAW","Lamb, Australian, imported, fresh, leg, shank half, separable lean only, trimmed to 1/8 fat, raw",,,,133,20.45,5.1,0.0,0.0,0.0,0.0,0.406,3.01,0.0,0.0,0,5.56,0.32,0.155,7,0.202,1.61,22,0.012,191,8.7,4.5,0.0,0.238823529,1.254166667,0.0,0.0,0.0,0.3475,0.246153846,0.129166667,0.005833333,0.000224444,0.052380952,0.272857143,0.158181818,0.409090909
17297,"Lamb, Veal, and Game Products","LAMB,AUS,IMP,FRSH,LEG,SHANK HALF,LN,1/8FAT,CKD,RSTD","Lamb, Australian, imported, fresh, leg, shank half, separable lean only, trimmed to 1/8 fat, cooked, roasted",,,,182,27.18,7.27,0.0,0.0,0.0,0.0,0.46,3.19,0.0,0.0,0,5.725,0.42,0.135,8,0.147,2.13,25,0.014,213,11.5,4.86,0.0,0.270588235,1.329166667,0.0,0.0,0.0,0.3578125,0.323076923,0.1125,0.006666667,0.000163333,0.05952381,0.304285714,0.209090909,0.441818182
17298,"Lamb, Veal, and Game Products","LAMB,AUS,IMP,FRSH,LEG,SIRLOIN HALF,BNLESS,LN&FAT,1/8FAT,RAW","Lamb, Australian, imported, fresh, leg, sirloin half, boneless, separable lean and fat, trimmed to 1/8 fat, raw",,,,254,17.25,20.0,0.0,0.0,0.0,0.0,0.339,2.57,0.0,0.0,0,4.695,0.272,0.133,12,0.148,1.5,20,0.013,167,8.0,2.95,0.0,0.199411765,1.070833333,0.0,0.0,0.0,0.2934375,0.209230769,0.110833333,0.01,0.000164444,0.047619048,0.238571429,0.145454545,0.268181818
17299,"Lamb, Veal, and Game Products","LAMB,AUS,IMP,FRSH,LEG,SIRL HLF,BNLESS,LN&FT,1/8FAT,CKD,RSTD","Lamb, Australian, imported, fresh, leg, sirloin half, boneless, separable lean and fat, trimmed to 1/8 fat, cooked, roasted",,,,281,24.88,19.38,0.0,0.0,0.0,0.0,0.415,2.98,0.0,0.0,0,5.281,0.376,0.124,15,0.173,2.06,23,0.016,199,11.7,4.24,0.0,0.244117647,1.241666667,0.0,0.0,0.0,0.3300625,0.289230769,0.103333333,0.0125,0.000192222,0.054761905,0.284285714,0.212727273,0.385454545
17300,"Lamb, Veal, and Game Products","LAMB,AUS,IMP,FRSH,LEG,SIRLOIN HALF,BNLESS,LN,1/8FAT,RAW","Lamb, Australian, imported, fresh, leg, sirloin half, boneless, separable lean only, trimmed to 1/8 fat, raw",,,,138,20.48,5.64,0.0,0.0,0.0,0.0,0.406,3.01,0.0,0.0,0,5.56,0.32,0.155,10,0.179,1.75,23,0.017,195,9.8,3.5,0.0,0.238823529,1.254166667,0.0,0.0,0.0,0.3475,0.246153846,0.129166667,0.008333333,0.000198889,0.054761905,0.278571429,0.178181818,0.318181818
17301,"Lamb, Veal, and Game Products","LAMB,AUS,IMP,FRSH,LEG,SIRL HALF,BNLESS,LN,1/8FAT,CKD,RSTD","Lamb, Australian, imported, fresh, leg, sirloin half, boneless, separable lean only, trimmed to 1/8 fat, cooked, roasted",,,,215,27.75,10.65,0.0,0.0,0.0,0.0,0.46,3.19,0.0,0.0,0,5.725,0.42,0.135,13,0.194,2.24,25,0.017,214,13.0,4.76,0.0,0.270588235,1.329166667,0.0,0.0,0.0,0.3578125,0.323076923,0.1125,0.010833333,0.000215556,0.05952381,0.305714286,0.236363636,0.432727273
17302,"Lamb, Veal, and Game Products","LAMB,AUS,IMP,FRSH,LEG,SIRL CHOPS,BNLESS,LN&FAT,1/8FAT,RAW","Lamb, Australian, imported, fresh, leg, sirloin chops, boneless, separable lean and fat, trimmed to 1/8 fat, raw",,,,208,18.33,14.38,0.0,0.0,0.0,0.0,0.362,2.72,0.0,0.0,0,4.996,0.288,0.14,11,0.139,1.75,22,0.014,192,7.1,3.21,0.0,0.212941176,1.133333333,0.0,0.0,0.0,0.31225,0.221538462,0.116666667,0.009166667,0.000154444,0.052380952,0.274285714,0.129090909,0.291818182
17303,"Lamb, Veal, and Game Products","LAMB,AUS,IMP,FRSH,LEG,SIRL CHPS,BNLESS,LN&FT,1/8FT,CKD,BRLD","Lamb, Australian, imported, fresh, leg, sirloin chops, boneless, separable lean and fat, trimmed to 1/8 fat, cooked, broiled",,,,235,25.75,13.83,0.0,0.0,0.0,0.0,0.43,3.05,0.0,0.0,0,5.433,0.391,0.128,14,0.162,2.34,25,0.015,224,10.1,4.83,0.0,0.252941176,1.270833333,0.0,0.0,0.0,0.3395625,0.300769231,0.106666667,0.011666667,0.00018,0.05952381,0.32,0.183636364,0.439090909
17304,"Lamb, Veal, and Game Products","LAMB,AUS,IMP,FRSH,LEG,SIRLOIN CHOPS,BNLESS,LN,1/8FAT,RAW","Lamb, Australian, imported, fresh, leg, sirloin chops, boneless, separable lean only, trimmed to 1/8 fat, raw",,,,132,20.43,4.91,0.0,0.0,0.0,0.0,0.406,3.01,0.0,0.0,0,5.56,0.32,0.155,9,0.156,1.94,25,0.016,214,8.0,3.58,0.0,0.238823529,1.254166667,0.0,0.0,0.0,0.3475,0.246153846,0.129166667,0.0075,0.000173333,0.05952381,0.305714286,0.145454545,0.325454545
17305,"Lamb, Veal, and Game Products","LAMB,AUS,IMP,FRSH,LEG,SIRL CHOPS,BNLESS,LN,1/8FAT,CKD,BRLD","Lamb, Australian, imported, fresh, leg, sirloin chops, boneless, separable lean only, trimmed to 1/8 fat, cooked, broiled",,,,188,27.63,7.8,0.0,0.0,0.0,0.0,0.46,3.19,0.0,0.0,0,5.725,0.42,0.135,13,0.173,2.48,26,0.015,237,10.8,5.21,0.0,0.270588235,1.329166667,0.0,0.0,0.0,0.3578125,0.323076923,0.1125,0.010833333,0.000192222,0.061904762,0.338571429,0.196363636,0.473636364
17306,"Lamb, Veal, and Game Products","LAMB,AUS,IMP,FRSH,LEG,CNTR SLICE,BONE-IN,LN&FAT,1/8FAT,RAW","Lamb, Australian, imported, fresh, leg, center slice, bone-in, separable lean and fat, trimmed to 1/8 fat, raw",,,,195,19.17,12.56,0.0,0.0,0.0,0.0,0.375,2.81,0.0,0.0,0,5.167,0.298,0.145,10,0.144,1.81,23,0.015,199,7.4,3.32,0.0,0.220588235,1.170833333,0.0,0.0,0.0,0.3229375,0.229230769,0.120833333,0.008333333,0.00016,0.054761905,0.284285714,0.134545455,0.301818182
17307,"Lamb, Veal, and Game Products","LAMB,AUS,IMP,FRSH,LEG,CNTR SLCE,BNE-IN,LN&FT,1/8FT,CKD,BRLD","Lamb, Australian, imported, fresh, leg, center slice, bone-in, separable lean and fat, trimmed to 1/8 fat, cooked, broiled",,,,215,25.54,11.78,0.0,0.0,0.0,0.0,0.44,3.1,0.0,0.0,0,5.527,0.4,0.13,14,0.165,2.38,25,0.015,228,13.5,4.95,0.0,0.258823529,1.291666667,0.0,0.0,0.0,0.3454375,0.307692308,0.108333333,0.011666667,0.000183333,0.05952381,0.325714286,0.245454545,0.45
17308,"Lamb, Veal, and Game Products","LAMB,AUS,IMP,FRSH,LEG,CNTR SLICE,BONE-IN,LN,1/8FAT,RAW","Lamb, Australian, imported, fresh, leg, center slice, bone-in, separable lean only, trimmed to 1/8 fat, raw",,,,143,20.65,6.08,0.0,0.0,0.0,0.0,0.406,3.01,0.0,0.0,0,5.56,0.32,0.155,9,0.156,1.94,25,0.016,214,8.0,3.58,0.0,0.238823529,1.254166667,0.0,0.0,0.0,0.3475,0.246153846,0.129166667,0.0075,0.000173333,0.05952381,0.305714286,0.145454545,0.325454545
17309,"Lamb, Veal, and Game Products","LAMB,AUS,IMP,FRSH,LEG,CNTR SLICE,BONE-IN,LN,1/8FAT,CKD,BRLD","Lamb, Australian, imported, fresh, leg, center slice, bone-in, separable lean only, trimmed to 1/8 fat, cooked, broiled",,,,183,26.75,7.68,0.0,0.0,0.0,0.0,0.46,3.19,0.0,0.0,0,5.725,0.42,0.135,13,0.173,2.48,26,0.015,237,14.2,5.21,0.0,0.270588235,1.329166667,0.0,0.0,0.0,0.3578125,0.323076923,0.1125,0.010833333,0.000192222,0.061904762,0.338571429,0.258181818,0.473636364
17310,"Lamb, Veal, and Game Products","LAMB,AUS,IMP,FRSH,LOIN,LN&FAT,1/8FAT,RAW","Lamb, Australian, imported, fresh, loin, separable lean and fat, trimmed to 1/8 fat, raw",,,,203,19.32,13.38,0.0,0.0,0.0,0.0,0.445,1.76,0.0,0.0,0,6.652,0.29,0.169,15,0.13,1.66,22,0.013,185,8.2,2.5,0.0,0.261764706,0.733333333,0.0,0.0,0.0,0.41575,0.223076923,0.140833333,0.0125,0.000144444,0.052380952,0.264285714,0.149090909,0.227272727
17311,"Lamb, Veal, and Game Products","LAMB,AUS,IMP,FRSH,LOIN,LN&FAT,1/8FAT,CKD,BRLD","Lamb, Australian, imported, fresh, loin, separable lean and fat, trimmed to 1/8 fat, cooked, broiled",,,,219,25.49,12.25,0.0,0.0,0.0,0.0,0.493,2.0,0.0,0.0,0,7.831,0.322,0.173,21,0.15,2.12,25,0.013,214,9.6,3.36,0.0,0.29,0.833333333,0.0,0.0,0.0,0.4894375,0.247692308,0.144166667,0.0175,0.000166667,0.05952381,0.305714286,0.174545455,0.305454545
17312,"Lamb, Veal, and Game Products","LAMB,AUS,IMP,FRSH,LOIN,LN,1/8FAT,RAW","Lamb, Australian, imported, fresh, loin, separable lean only, trimmed to 1/8 fat, raw",,,,146,21.0,6.24,0.0,0.0,0.0,0.0,0.488,1.85,0.0,0.0,0,7.283,0.313,0.183,15,0.141,1.79,24,0.014,199,9.0,2.69,0.0,0.287058824,0.770833333,0.0,0.0,0.0,0.4551875,0.240769231,0.1525,0.0125,0.000156667,0.057142857,0.284285714,0.163636364,0.244545455
17313,"Lamb, Veal, and Game Products","LAMB,AUS,IMP,FRSH,LOIN,LN,1/8FAT,CKD,BRLD","Lamb, Australian, imported, fresh, loin, separable lean only, trimmed to 1/8 fat, cooked, broiled",,,,192,26.53,8.75,0.0,0.0,0.0,0.0,0.514,2.01,0.0,0.0,0,8.15,0.333,0.18,21,0.156,2.18,26,0.014,220,10.3,3.48,0.0,0.302352941,0.8375,0.0,0.0,0.0,0.509375,0.256153846,0.15,0.0175,0.000173333,0.061904762,0.314285714,0.187272727,0.316363636
17314,"Lamb, Veal, and Game Products","LAMB,AUS,IMP,FRSH,RIB,LN&FAT,1/8FAT,RAW","Lamb, Australian, imported, fresh, rib, separable lean and fat, trimmed to 1/8 fat, raw",,,,289,16.46,24.2,0.0,0.0,0.0,0.0,0.347,1.62,0.0,0.0,0,5.103,0.232,0.145,13,0.12,1.34,18,0.009,156,6.9,2.51,0.0,0.204117647,0.675,0.0,0.0,0.0,0.3189375,0.178461538,0.120833333,0.010833333,0.000133333,0.042857143,0.222857143,0.125454545,0.228181818
17315,"Lamb, Veal, and Game Products","LAMB,AUS,IMP,FRSH,RIB,LN&FAT,1/8FAT,CKD,RSTD","Lamb, Australian, imported, fresh, rib, separable lean and fat, trimmed to 1/8 fat, cooked, roasted",,,,277,22.24,20.21,0.0,0.0,0.0,0.0,0.382,1.94,0.0,0.0,0,5.559,0.272,0.131,17,0.131,1.67,21,0.012,182,9.1,3.35,0.0,0.224705882,0.808333333,0.0,0.0,0.0,0.3474375,0.209230769,0.109166667,0.014166667,0.000145556,0.05,0.26,0.165454545,0.304545455
17316,"Lamb, Veal, and Game Products","LAMB,AUS,IMP,FRSH,RIB,LN,1/8FAT,RAW","Lamb, Australian, imported, fresh, rib, separable lean only, trimmed to 1/8 fat, raw",,,,160,20.12,8.2,0.0,0.0,0.0,0.0,0.432,1.82,0.0,0.0,0,6.303,0.277,0.177,10,0.147,1.59,22,0.012,186,8.7,3.03,0.0,0.254117647,0.758333333,0.0,0.0,0.0,0.3939375,0.213076923,0.1475,0.008333333,0.000163333,0.052380952,0.265714286,0.158181818,0.275454545
17317,"Lamb, Veal, and Game Products","LAMB,AUS,IMP,FRSH,RIB,LN,1/8FAT,CKD,RSTD","Lamb, Australian, imported, fresh, rib, separable lean only, trimmed to 1/8 fat, cooked, roasted",,,,210,24.63,11.6,0.0,0.0,0.0,0.0,0.421,1.96,0.0,0.0,0,6.057,0.297,0.143,15,0.143,1.78,23,0.013,195,9.7,3.7,0.0,0.247647059,0.816666667,0.0,0.0,0.0,0.3785625,0.228461538,0.119166667,0.0125,0.000158889,0.054761905,0.278571429,0.176363636,0.336363636
17318,"Lamb, Veal, and Game Products","LAMB,AUS,IMP,FRSH,SHLDR,WHL (ARM&BLD),LN&FAT,1/8FAT,RAW","Lamb, Australian, imported, fresh, shoulder, whole (arm and blade), separable lean and fat, trimmed to 1/8 fat, raw",,,,256,16.68,20.47,0.0,0.0,0.0,0.0,0.261,2.61,0.0,0.0,0,4.001,0.213,0.107,18,0.113,1.26,18,0.01,156,3.3,4.09,0.0,0.153529412,1.0875,0.0,0.0,0.0,0.2500625,0.163846154,0.089166667,0.015,0.000125556,0.042857143,0.222857143,0.06,0.371818182
17319,"Lamb, Veal, and Game Products","LAMB,AUS,IMP,FRSH,SHLDR,WHL (ARM&BLD),LN&FAT,1/8FAT,CKD","Lamb, Australian, imported, fresh, shoulder, whole (arm and blade), separable lean and fat, trimmed to 1/8 fat, cooked",,,,296,23.58,21.65,0.0,0.0,0.0,0.0,0.204,3.29,0.0,0.0,0,4.415,0.267,0.094,28,0.137,1.78,21,0.014,183,4.5,5.85,0.0,0.12,1.370833333,0.0,0.0,0.0,0.2759375,0.205384615,0.078333333,0.023333333,0.000152222,0.05,0.261428571,0.081818182,0.531818182
17320,"Lamb, Veal, and Game Products","LAMB,AUS,IMP,FRSH,SHLDR,WHL (ARM&BLD),LN,1/8FAT,RAW","Lamb, Australian, imported, fresh, shoulder, whole (arm and blade), separable lean only,   trimmed to 1/8 fat, raw",,,,155,19.36,8.01,0.0,0.0,0.0,0.0,0.299,3.01,0.0,0.0,0,4.58,0.24,0.12,18,0.13,1.42,21,0.013,178,3.9,4.87,0.0,0.175882353,1.254166667,0.0,0.0,0.0,0.28625,0.184615385,0.1,0.015,0.000144444,0.05,0.254285714,0.070909091,0.442727273
17321,"Lamb, Veal, and Game Products","LAMB,AUS,IMP,FRSH,SHLDR,WHL (ARM&BLD),LN,1/8FAT,CKD","Lamb, Australian, imported, fresh, shoulder, whole (arm and blade), separable lean only, trimmed to 1/8 fat, cooked",,,,233,26.18,13.44,0.0,0.0,0.0,0.0,0.211,3.56,0.0,0.0,0,4.695,0.29,0.1,28,0.15,1.9,22,0.014,195,5.1,6.65,0.0,0.124117647,1.483333333,0.0,0.0,0.0,0.2934375,0.223076923,0.083333333,0.023333333,0.000166667,0.052380952,0.278571429,0.092727273,0.604545455
17322,"Lamb, Veal, and Game Products","LAMB,AUS,IMP,FRSH,SHLDR,ARM,LN&FAT,1/8FAT,RAW","Lamb, Australian, imported, fresh, shoulder, arm, separable lean and fat, trimmed to 1/8 fat, raw",,,,243,17.06,18.89,0.0,0.0,0.0,0.0,0.26,2.6,0.0,0.0,0,3.994,0.212,0.107,16,0.12,1.35,19,0.012,168,6.5,3.52,0.0,0.152941176,1.083333333,0.0,0.0,0.0,0.249625,0.163076923,0.089166667,0.013333333,0.000133333,0.045238095,0.24,0.118181818,0.32
17323,"Lamb, Veal, and Game Products","LAMB,AUS,IMP,FRSH,SHLDR,ARM,LN&FAT,1/8FAT,CKD,BRSD","Lamb, Australian, imported, fresh, shoulder, arm, separable lean and fat, trimmed to 1/8 fat, cooked, braised",,,,311,29.7,20.38,0.0,0.0,0.0,0.0,0.203,3.25,0.0,0.0,0,4.369,0.263,0.093,27,0.188,2.42,23,0.018,201,9.2,6.64,0.0,0.119411765,1.354166667,0.0,0.0,0.0,0.2730625,0.202307692,0.0775,0.0225,0.000208889,0.054761905,0.287142857,0.167272727,0.603636364
17324,"Lamb, Veal, and Game Products","LAMB,AUS,IMP,FRSH,SHLDR,ARM,LN,1/8FAT,RAW","Lamb, Australian, imported, fresh, shoulder, arm, separable lean only, trimmed to 1/8 fat, raw",,,,137,19.88,5.81,0.0,0.0,0.0,0.0,0.299,3.01,0.0,0.0,0,4.58,0.24,0.12,15,0.139,1.54,22,0.015,193,7.7,4.16,0.0,0.175882353,1.254166667,0.0,0.0,0.0,0.28625,0.184615385,0.1,0.0125,0.000154444,0.052380952,0.275714286,0.14,0.378181818
17325,"Lamb, Veal, and Game Products","LAMB,AUS,IMP,FRSH,SHLDR,ARM,LN,1/8FAT,CKD,BRSD","Lamb, Australian, imported, fresh, shoulder, arm, separable lean only,   trimmed to 1/8 fat, cooked, braised",,,,238,34.17,10.23,0.0,0.0,0.0,0.0,0.211,3.56,0.0,0.0,0,4.695,0.29,0.1,27,0.215,2.71,25,0.02,221,10.6,7.78,0.0,0.124117647,1.483333333,0.0,0.0,0.0,0.2934375,0.223076923,0.083333333,0.0225,0.000238889,0.05952381,0.315714286,0.192727273,0.707272727
17326,"Lamb, Veal, and Game Products","LAMB,AUS,IMP,FRSH,SHLDR,BLADE,LN&FAT,1/8FAT,RAW","Lamb, Australian, imported, fresh, shoulder, blade, separable lean and fat, trimmed to 1/8 fat, raw",,,,262,16.48,21.28,0.0,0.0,0.0,0.0,0.261,2.61,0.0,0.0,0,4.004,0.213,0.107,19,0.109,1.21,17,0.01,150,6.9,4.37,0.0,0.153529412,1.0875,0.0,0.0,0.0,0.25025,0.163846154,0.089166667,0.015833333,0.000121111,0.04047619,0.214285714,0.125454545,0.397272727
17327,"Lamb, Veal, and Game Products","LAMB,AUS,IMP,FRSH,SHLDR,BLADE,LN&FAT,1/8FAT,CKD,BRLD","Lamb, Australian, imported, fresh, shoulder, blade, separable lean and fat, trimmed to 1/8 fat, cooked, broiled",,,,291,21.71,22.03,0.0,0.0,0.0,0.0,0.205,3.3,0.0,0.0,0,4.43,0.268,0.095,28,0.121,1.58,20,0.012,177,8.2,5.61,0.0,0.120588235,1.375,0.0,0.0,0.0,0.276875,0.206153846,0.079166667,0.023333333,0.000134444,0.047619048,0.252857143,0.149090909,0.51
17328,"Lamb, Veal, and Game Products","LAMB,AUS,IMP,FRSH,SHLDR,BLADE,LN,1/8FAT,RAW","Lamb, Australian, imported, fresh, shoulder, blade, separable lean only, trimmed to 1/8 fat, raw",,,,164,19.1,9.09,0.0,0.0,0.0,0.0,0.299,3.01,0.0,0.0,0,4.58,0.24,0.12,19,0.126,1.36,20,0.012,170,8.1,5.22,0.0,0.175882353,1.254166667,0.0,0.0,0.0,0.28625,0.184615385,0.1,0.015833333,0.00014,0.047619048,0.242857143,0.147272727,0.474545455
17329,"Lamb, Veal, and Game Products","LAMB,AUS,IMP,FRSH,SHLDR,BLADE,LN,1/8FAT,CKD,BRLD","Lamb, Australian, imported, fresh, shoulder ,blade, separable lean only, trimmed to 1/8 fat, cooked, broiled",,,,231,23.83,14.38,0.0,0.0,0.0,0.0,0.211,3.56,0.0,0.0,0,4.695,0.29,0.1,28,0.131,1.67,21,0.013,188,9.0,6.32,0.0,0.124117647,1.483333333,0.0,0.0,0.0,0.2934375,0.223076923,0.083333333,0.023333333,0.000145556,0.05,0.268571429,0.163636364,0.574545455
17330,"Lamb, Veal, and Game Products","GAME MEAT BISON,GROUND,RAW","Game meat , bison, ground, raw",buffalo,,Bison bison,223,18.67,15.93,0.0,0.0,0.0,0.0,0.353,1.79,0.0,0.24,11,4.91,0.227,0.13,11,0.131,2.6,19,0.009,181,18.7,4.29,0.0,0.207647059,0.745833333,0.0,0.016,0.0275,0.306875,0.174615385,0.108333333,0.009166667,0.000145556,0.045238095,0.258571429,0.34,0.39
17331,"Lamb, Veal, and Game Products","GAME MEAT,BISON,GROUND,CKD,PAN-BROILED","Game meat, bison, ground, cooked, pan-broiled",buffalo,,Bison bison,238,23.77,15.13,0.0,0.0,0.0,0.0,0.375,2.28,0.0,0.24,15,5.57,0.247,0.13,13,0.146,3.08,22,0.01,205,30.0,5.14,0.0,0.220588235,0.95,0.0,0.016,0.0375,0.348125,0.19,0.108333333,0.010833333,0.000162222,0.052380952,0.292857143,0.545454545,0.467272727
17332,"Lamb, Veal, and Game Products","GAME MEAT BISON,TOP SIRLOIN,LN,1 STEAK,CKD,BRLD","Game meat , bison, top sirloin, separable lean only, 1 steak, cooked, broiled",buffalo,,Bison bison,171,28.05,5.65,0.0,0.0,0.0,0.0,0.557,2.83,0.0,0.2,18,5.57,0.447,0.227,5,0.211,3.47,27,0.013,253,41.2,5.11,0.0,0.327647059,1.179166667,0.0,0.013333333,0.045,0.348125,0.343846154,0.189166667,0.004166667,0.000234444,0.064285714,0.361428571,0.749090909,0.464545455
17333,"Lamb, Veal, and Game Products","GAME MEAT,BISON,CHUCK,SHLDR CLOD,LN,3-5 LB RST,CKD,BRSD","Game meat, bison, chuck, shoulder clod, separable lean only, 3-5 lb roast, cooked, braised",buffalo,,Bison bison,193,33.78,5.43,0.0,0.0,0.0,0.0,0.458,2.38,0.0,0.23,21,4.773,0.47,0.12,7,0.208,4.86,26,0.017,239,41.7,8.64,0.0,0.269411765,0.991666667,0.0,0.015333333,0.0525,0.2983125,0.361538462,0.1,0.005833333,0.000231111,0.061904762,0.341428571,0.758181818,0.785454545
17334,"Lamb, Veal, and Game Products","GAME MEAT,BISON,CHUCK,SHLDR CLOD,LN,3-5 LB RST,RAW","Game meat, bison, chuck, shoulder clod, separable lean only, 3-5 lb roast, raw",buffalo,,Bison bison,119,21.12,3.15,0.0,0.0,0.0,0.0,0.472,2.46,0.0,0.16,13,4.443,0.347,0.227,5,0.202,2.88,24,0.013,213,28.7,5.27,0.0,0.277647059,1.025,0.0,0.010666667,0.0325,0.2776875,0.266923077,0.189166667,0.004166667,0.000224444,0.057142857,0.304285714,0.521818182,0.479090909
17335,"Lamb, Veal, and Game Products","GAME MEAT,BISON,RIBEYE,LN,1 STEAK,CKD,BRLD","Game meat, bison, ribeye, separable lean only, 1 steak, cooked, broiled",buffalo,,Bison bison,177,29.45,5.67,0.0,0.0,0.0,0.0,0.475,1.29,0.0,0.21,18,6.687,0.307,0.137,7,0.201,2.88,26,0.012,238,42.1,5.01,0.0,0.279411765,0.5375,0.0,0.014,0.045,0.4179375,0.236153846,0.114166667,0.005833333,0.000223333,0.061904762,0.34,0.765454545,0.455454545
17336,"Lamb, Veal, and Game Products","GAME MEAT,BISON,TOP RND,LN,1 STEAK,CKD,BRLD","Game meat, bison, top round, separable lean only, 1 steak, cooked, broiled",buffalo,,Bison bison,174,30.18,4.96,0.0,0.0,0.0,0.0,0.657,1.81,0.0,0.21,19,6.475,0.365,0.165,5,0.21,3.52,28,0.011,257,41.0,3.79,0.0,0.386470588,0.754166667,0.0,0.014,0.0475,0.4046875,0.280769231,0.1375,0.004166667,0.000233333,0.066666667,0.367142857,0.745454545,0.344545455
17337,"Lamb, Veal, and Game Products","GAME MEAT,BISON,TOP RND,LN,1 STEAK,RAW","Game meat, bison, top round, separable lean only, 1 steak, raw",buffalo,,Bison bison,122,23.32,2.43,0.0,0.0,0.0,0.0,0.562,1.55,0.0,0.17,14,6.183,0.337,0.217,5,0.131,2.66,27,0.047,237,35.3,2.92,0.0,0.330588235,0.645833333,0.0,0.011333333,0.035,0.3864375,0.259230769,0.180833333,0.004166667,0.000145556,0.064285714,0.338571429,0.641818182,0.265454545
17338,"Lamb, Veal, and Game Products","GAME MEAT,ELK,GROUND,RAW","Game meat, elk, ground, raw",,,Cervus elaphus,172,21.76,8.82,0.0,0.0,0.0,0.0,0.336,2.13,0.0,0.28,7,4.89,0.26,0.125,12,0.15,2.75,22,0.023,195,8.0,5.4,0.0,0.197647059,0.8875,0.0,0.018666667,0.0175,0.305625,0.2,0.104166667,0.01,0.000166667,0.052380952,0.278571429,0.145454545,0.490909091
17339,"Lamb, Veal, and Game Products","GAME MEAT,ELK,GROUND,CKD,PAN-BROILED","Game meat, elk, ground, cooked, pan-broiled",,,Cervus elaphus,193,26.64,8.74,0.0,0.0,0.0,0.0,0.42,2.57,0.0,0.57,8,5.32,0.32,0.125,10,0.142,3.34,24,0.011,221,9.0,6.56,0.0,0.247058824,1.070833333,0.0,0.038,0.02,0.3325,0.246153846,0.104166667,0.008333333,0.000157778,0.057142857,0.315714286,0.163636364,0.596363636
17340,"Lamb, Veal, and Game Products","GAME MEAT,ELK,LOIN,LN,CKD,BRLD","Game meat, elk, loin, separable lean only, cooked, broiled",,,Cervus elaphus,167,31.0,3.84,0.0,0.0,0.0,0.0,0.47,0.83,0.0,0.56,9,8.98,0.33,0.16,5,0.173,3.96,28,0.012,256,10.5,5.1,0.0,0.276470588,0.345833333,0.0,0.037333333,0.0225,0.56125,0.253846154,0.133333333,0.004166667,0.000192222,0.066666667,0.365714286,0.190909091,0.463636364
17341,"Lamb, Veal, and Game Products","GAME MEAT,ELK,RND,LN,CKD,BRLD","Game meat, elk, round, separable lean only, cooked, broiled",,,Cervus elaphus,156,30.94,2.64,0.0,0.0,0.0,0.0,0.466,1.5,0.0,0.54,9,7.16,0.46,0.18,5,0.221,4.08,28,0.015,266,10.6,5.64,0.0,0.274117647,0.625,0.0,0.036,0.0225,0.4475,0.353846154,0.15,0.004166667,0.000245556,0.066666667,0.38,0.192727273,0.512727273
17342,"Lamb, Veal, and Game Products","GAME MEAT,ELK,TENDERLOIN,LN,CKD,BRLD","Game meat, elk, tenderloin, separable lean only, cooked, broiled",,,Cervus elaphus,162,30.76,3.41,0.0,0.0,0.0,0.0,0.485,2.96,0.0,0.55,9,6.143,0.37,0.144,5,0.349,4.07,29,0.019,285,10.5,4.12,0.0,0.285294118,1.233333333,0.0,0.036666667,0.0225,0.3839375,0.284615385,0.12,0.004166667,0.000387778,0.069047619,0.407142857,0.190909091,0.374545455
17343,"Lamb, Veal, and Game Products","GAME MEAT,DEER,GROUND,RAW","Game meat, deer, ground, raw",venison,,"Cervus elaphus, Dama dama",157,21.78,7.13,0.0,0.0,0.0,0.0,0.464,1.87,0.0,0.45,4,5.7,0.287,0.547,11,0.14,2.92,21,0.014,201,10.0,4.2,0.0,0.272941176,0.779166667,0.0,0.03,0.01,0.35625,0.220769231,0.455833333,0.009166667,0.000155556,0.05,0.287142857,0.181818182,0.381818182
17344,"Lamb, Veal, and Game Products","GAME MEAT,DEER,GROUND,CKD,PAN-BROILED","Game meat, deer, ground, cooked, pan-broiled",Venison,,"Cervus elaphus, Dama dama",187,26.45,8.22,0.0,0.0,0.0,0.0,0.468,2.32,0.0,0.68,8,9.257,0.327,0.503,14,0.1,3.35,24,0.013,228,10.3,5.2,0.0,0.275294118,0.966666667,0.0,0.045333333,0.02,0.5785625,0.251538462,0.419166667,0.011666667,0.000111111,0.057142857,0.325714286,0.187272727,0.472727273
17345,"Lamb, Veal, and Game Products","GAME MEAT,DEER,LOIN,LN,1 STEAK,CKD,BRLD","Game meat, deer, loin, separable lean only, 1 steak, cooked, broiled",venison,,"Cervus elaphus, Dama dama",150,30.2,2.38,0.0,0.0,0.0,0.0,0.756,1.83,0.0,0.62,9,10.757,0.513,0.28,6,0.227,4.09,30,0.029,277,13.3,3.63,0.0,0.444705882,0.7625,0.0,0.041333333,0.0225,0.6723125,0.394615385,0.233333333,0.005,0.000252222,0.071428571,0.395714286,0.241818182,0.33
17346,"Lamb, Veal, and Game Products","GAME MEAT,DEER,SHLDR CLOD,LN,3-5 LB RST,CKD,BRSD","Game meat, deer, shoulder clod, separable lean only, 3-5 lb roast, cooked, braised",venison,,"Cervus elaphus, Dama dama",191,36.28,3.95,0.0,0.0,0.0,0.0,0.481,3.06,0.0,0.75,11,7.43,0.657,0.153,6,0.285,5.01,28,0.026,261,17.7,8.64,0.0,0.282941176,1.275,0.0,0.05,0.0275,0.464375,0.505384615,0.1275,0.005,0.000316667,0.066666667,0.372857143,0.321818182,0.785454545
17347,"Lamb, Veal, and Game Products","GAME MEAT,DEER,TENDERLOIN,LN,0.5-1 LB RST,CKD,BRLD","Game meat, deer, tenderloin, separable lean only, 0.5-1 lb roast, cooked, broiled",venison,,"Cervus elaphus, Dama dama",149,29.9,2.35,0.0,0.0,0.0,0.0,0.614,3.62,0.0,0.62,9,8.78,0.563,0.26,5,0.254,4.25,33,0.022,299,11.0,3.99,0.0,0.361176471,1.508333333,0.0,0.041333333,0.0225,0.54875,0.433076923,0.216666667,0.004166667,0.000282222,0.078571429,0.427142857,0.2,0.362727273
17348,"Lamb, Veal, and Game Products","GAME MEAT,DEER,TOP RND,LN,1 STEAK,CKD,BRLD","Game meat, deer, top round, separable lean only, 1 steak, cooked, broiled",venison,,"Cervus elaphus, Dama dama",152,31.47,1.92,0.0,0.0,0.0,0.0,0.71,2.27,0.0,0.64,10,8.4,0.5,0.25,4,0.272,4.23,30,0.018,272,11.3,3.67,0.0,0.417647059,0.945833333,0.0,0.042666667,0.025,0.525,0.384615385,0.208333333,0.003333333,0.000302222,0.071428571,0.388571429,0.205454545,0.333636364
17349,"Lamb, Veal, and Game Products","VEAL,AUSTRALIAN,SHANK,FORE,BONE-IN,LN,RAW","Veal, Australian, shank, fore, bone-in, separable lean only, raw",,,,123,20.18,4.65,0.0,0.0,0.0,0.0,0.0,0.0,0.0,0.0,0,0.0,0.0,0.0,16,0.0,1.0,0,0.0,0,0.0,0.0,0.0,0.0,0.0,0.0,0.0,0.0,0.0,0.0,0.0,0.013333333,0.0,0.0,0.0,0.0,0.0
17350,"Lamb, Veal, and Game Products","VEAL,AUSTRALIAN,SHANK,FORE,BONE-IN,LN & FAT,RAW","Veal, Australian, shank, fore, bone-in, separable lean and fat, raw",,,,145,19.58,7.42,0.0,0.0,0.0,2.0,0.0,0.0,0.0,0.0,0,0.0,0.0,0.0,15,0.0,0.99,0,0.0,0,0.0,0.0,0.002222222,0.0,0.0,0.0,0.0,0.0,0.0,0.0,0.0,0.0125,0.0,0.0,0.0,0.0,0.0
17351,"Lamb, Veal, and Game Products","VEAL,AUSTRALIAN,SHANK,HIND,BONE-IN,LN,RAW","Veal, Australian, shank, hind, bone-in, separable lean only, raw",,,,122,20.37,4.47,0.0,0.0,0.0,0.0,0.0,0.0,0.0,0.0,0,0.0,0.0,0.0,17,0.0,3.08,0,0.0,0,0.0,0.0,0.0,0.0,0.0,0.0,0.0,0.0,0.0,0.0,0.0,0.014166667,0.0,0.0,0.0,0.0,0.0
17352,"Lamb, Veal, and Game Products","VEAL,AUSTRALIAN,SHANK,HIND,BONE-IN,LN & FAT","Veal, Australian, shank, hind, bone-in, separable lean and fat",,,,144,19.78,7.2,0.0,0.0,0.0,2.0,0.0,0.0,0.0,0.0,0,0.0,0.0,0.0,16,0.0,2.95,0,0.0,0,0.0,0.0,0.002222222,0.0,0.0,0.0,0.0,0.0,0.0,0.0,0.0,0.013333333,0.0,0.0,0.0,0.0,0.0
17353,"Lamb, Veal, and Game Products","LAMB,AUSTRALIAN,GROUND,85% LN / 15% FAT,RAW","Lamb, Australian, ground,  85% lean / 15% fat, raw",,,,255,17.14,20.71,0.0,0.0,0.0,0.0,0.0,0.0,0.0,0.0,0,0.0,0.0,0.0,9,0.0,1.41,0,0.0,0,0.0,0.0,0.0,0.0,0.0,0.0,0.0,0.0,0.0,0.0,0.0,0.0075,0.0,0.0,0.0,0.0,0.0
17354,"Lamb, Veal, and Game Products","LAMB,NZ,IMP,INTERMUSCULAR FAT,CKD","Lamb, New Zealand, imported, Intermuscular fat, cooked",,,,596,8.53,62.44,0.0,0.0,0.0,34.0,0.067,0.7,0.0,0.94,0,1.74,0.104,0.131,6,0.039,1.39,12,0.006,118,2.3,1.77,0.037777778,0.039411765,0.291666667,0.0,0.062666667,0.0,0.10875,0.08,0.109166667,0.005,4.33333e-05,0.028571429,0.168571429,0.041818182,0.160909091
17355,"Lamb, Veal, and Game Products","LAMB,NZ,IMP,INTERMUSCULAR FAT,RAW","Lamb, New Zealand, imported, Intermuscular fat, raw",,,,640,4.63,68.53,1.26,0.0,0.0,46.0,0.052,0.45,0.0,0.84,0,1.13,0.034,0.094,5,0.023,0.72,6,0.002,61,2.3,0.87,0.051111111,0.030588235,0.1875,0.0,0.056,0.0,0.070625,0.026153846,0.078333333,0.004166667,2.55556e-05,0.014285714,0.087142857,0.041818182,0.079090909
17356,"Lamb, Veal, and Game Products","LAMB,NZ,IMP,SUBCUTANEOUS FAT,RAW","Lamb, New Zealand, imported, subcutaneous fat, raw",,,,703,3.87,76.16,0.55,0.0,0.0,44.0,0.032,0.41,0.0,1.18,0,1.06,0.038,0.088,3,0.019,0.47,5,0.002,45,1.3,0.46,0.048888889,0.018823529,0.170833333,0.0,0.078666667,0.0,0.06625,0.029230769,0.073333333,0.0025,2.11111e-05,0.011904762,0.064285714,0.023636364,0.041818182
17357,"Lamb, Veal, and Game Products","LAMB,NZ,IMP,BRAINS,CKD,SOAKED & FRIED","Lamb, New Zealand, imported, brains, cooked, soaked and fried",,,,154,14.03,10.92,0.0,0.0,0.0,2.0,0.081,9.54,0.0,1.12,0,2.995,0.219,0.084,6,0.283,1.21,15,0.036,384,16.3,1.33,0.002222222,0.047647059,3.975,0.0,0.074666667,0.0,0.1871875,0.168461538,0.07,0.005,0.000314444,0.035714286,0.548571429,0.296363636,0.120909091
17358,"Lamb, Veal, and Game Products","LAMB,NZ,IMP,BRAINS,RAW","Lamb, New Zealand, imported, brains, raw",,,,118,11.33,8.03,0.0,0.0,0.0,3.0,0.087,9.99,0.0,0.87,0,3.812,0.203,0.102,4,0.298,1.07,14,0.031,327,13.5,1.1,0.003333333,0.051176471,4.1625,0.0,0.058,0.0,0.23825,0.156153846,0.085,0.003333333,0.000331111,0.033333333,0.467142857,0.245454545,0.1
17359,"Lamb, Veal, and Game Products","LAMB,NZ,IMP,BREAST,LN,CKD,BRSD","Lamb, New Zealand, imported, breast, separable lean only, cooked, braised",,,,270,28.16,17.53,0.0,0.0,0.0,5.0,0.089,1.44,0.0,0.39,0,3.654,0.13,0.026,25,0.138,1.89,20,0.002,152,6.4,4.8,0.005555556,0.052352941,0.6,0.0,0.026,0.0,0.228375,0.1,0.021666667,0.020833333,0.000153333,0.047619048,0.217142857,0.116363636,0.436363636
17360,"Lamb, Veal, and Game Products","LAMB,NZ,IMP,BREAST,LN,RAW","Lamb, New Zealand, imported, breast, separable lean only, raw",,,,149,18.31,7.98,1.02,0.0,0.0,9.0,0.143,1.96,0.0,0.31,0,4.949,0.159,0.055,13,0.089,1.15,21,0.007,180,4.0,2.93,0.01,0.084117647,0.816666667,0.0,0.020666667,0.0,0.3093125,0.122307692,0.045833333,0.010833333,9.88889e-05,0.05,0.257142857,0.072727273,0.266363636
17361,"Lamb, Veal, and Game Products","LAMB,NZ,IMP,CHUMP,BNLESS,LN,CKD,FAST RSTD","Lamb, New Zealand, imported, chump, boneless, separable lean only, cooked, fast roasted",,,,142,23.69,5.27,0.0,0.0,0.0,5.0,0.175,2.06,0.0,0.33,0,3.571,0.188,0.138,4,0.158,1.73,25,0.013,205,6.0,3.24,0.005555556,0.102941176,0.858333333,0.0,0.022,0.0,0.2231875,0.144615385,0.115,0.003333333,0.000175556,0.05952381,0.292857143,0.109090909,0.294545455
17362,"Lamb, Veal, and Game Products","LAMB,NZ,IMP,SUBCUTANEOUS FAT,CKD","Lamb, New Zealand, imported, subcutaneous fat, cooked",,,,674,5.24,72.28,0.62,0.0,0.0,60.0,0.061,0.7,0.0,1.02,0,1.53,0.058,0.094,6,0.03,0.7,9,0.005,84,2.1,1.03,0.066666667,0.035882353,0.291666667,0.0,0.068,0.0,0.095625,0.044615385,0.078333333,0.005,3.33333e-05,0.021428571,0.12,0.038181818,0.093636364
17363,"Lamb, Veal, and Game Products","LAMB,NZ,IMP,CHUMP,BNLESS,LN,RAW","Lamb, New Zealand, imported, chump, boneless, separable lean only, raw",,,,121,21.68,3.83,0.0,0.0,0.0,5.0,0.15,2.06,0.0,0.32,0,5.256,0.128,0.154,4,0.14,1.52,24,0.013,201,4.4,2.89,0.005555556,0.088235294,0.858333333,0.0,0.021333333,0.0,0.3285,0.098461538,0.128333333,0.003333333,0.000155556,0.057142857,0.287142857,0.08,0.262727273
17364,"Lamb, Veal, and Game Products","LAMB,NZ,IMP,KIDNEY,CKD,SOAKED & FRIED","Lamb, New Zealand, imported, kidney, cooked, soaked and fried",,,,112,19.78,3.56,0.18,0.0,0.0,85.0,0.23,55.56,0.0,0.57,0,9.064,1.529,0.462,9,0.415,14.7,19,0.105,312,105.0,2.36,0.094444444,0.135294118,23.15,0.0,0.038,0.0,0.5665,1.176153846,0.385,0.0075,0.000461111,0.045238095,0.445714286,1.909090909,0.214545455
17365,"Lamb, Veal, and Game Products","LAMB,NZ,IMP,FLAP,BNLESS,LN,CKD,BRSD","Lamb, New Zealand, imported, flap, boneless, separable lean only, cooked, braised",,,,234,27.88,13.6,0.0,0.0,0.0,10.0,0.091,1.53,0.0,0.34,0,3.343,0.148,0.014,9,0.095,1.21,18,0.002,137,7.8,4.21,0.011111111,0.053529412,0.6375,0.0,0.022666667,0.0,0.2089375,0.113846154,0.011666667,0.0075,0.000105556,0.042857143,0.195714286,0.141818182,0.382727273
17366,"Lamb, Veal, and Game Products","LAMB,NZ,IMP,FLAP,BNLESS,LN,RAW","Lamb, New Zealand, imported, flap, boneless, separable lean only, raw",,,,180,21.72,10.31,0.0,0.0,0.0,9.0,0.115,2.14,0.0,0.37,0,4.617,0.139,0.043,7,0.07,0.96,19,0.002,164,3.7,3.15,0.01,0.067647059,0.891666667,0.0,0.024666667,0.0,0.2885625,0.106923077,0.035833333,0.005833333,7.77778e-05,0.045238095,0.234285714,0.067272727,0.286363636
17367,"Lamb, Veal, and Game Products","LAMB,NZ,IMP,KIDNEY,RAW","Lamb, New Zealand, imported, kidney, raw",,,,84,15.21,2.54,0.03,0.0,0.0,61.0,0.173,50.37,0.0,0.42,0,8.426,1.279,0.413,8,0.361,6.6,16,0.084,245,93.6,1.81,0.067777778,0.101764706,20.9875,0.0,0.028,0.0,0.526625,0.983846154,0.344166667,0.006666667,0.000401111,0.038095238,0.35,1.701818182,0.164545455
17368,"Lamb, Veal, and Game Products","LAMB,NZ,IMP,LIVER,CKD,SOAKED & FRIED","Lamb, New Zealand, imported, liver, cooked, soaked and fried",,,,168,25.8,6.56,1.48,0.0,0.0,19872.0,0.187,57.5,0.0,1.12,0,12.8,5.27,1.57,5,13.4,5.4,21,0.37,459,19.0,5.1,22.08,0.11,23.95833333,0.0,0.074666667,0.0,0.8,4.053846154,1.308333333,0.004166667,0.014888889,0.05,0.655714286,0.345454545,0.463636364
17369,"Lamb, Veal, and Game Products","LAMB,NZ,IMP,LIVER,RAW","Lamb, New Zealand, imported, liver, raw",,,,136,20.7,4.92,2.22,0.0,0.0,15434.0,0.218,59.0,0.0,0.86,0,13.7,4.21,1.21,4,11.4,4.6,18,0.33,381,11.1,3.4,17.14888889,0.128235294,24.58333333,0.0,0.057333333,0.0,0.85625,3.238461538,1.008333333,0.003333333,0.012666667,0.042857143,0.544285714,0.201818182,0.309090909
17370,"Lamb, Veal, and Game Products","LAMB,NZ,IMP,GROUND LAMB,CKD,BRSD","Lamb, New Zealand, imported, ground lamb, cooked, braised",,,,192,22.6,11.34,0.0,0.0,0.0,8.0,0.134,0.96,0.0,0.4,0,3.308,0.153,0.02,4,0.1,1.27,15,0.002,122,6.8,3.38,0.008888889,0.078823529,0.4,0.0,0.026666667,0.0,0.20675,0.117692308,0.016666667,0.003333333,0.000111111,0.035714286,0.174285714,0.123636364,0.307272727
17371,"Lamb, Veal, and Game Products","LAMB,NZ,IMP,GROUND LAMB,RAW","Lamb, New Zealand, imported, ground lamb, raw",,,,193,20.33,12.41,0.0,0.0,0.0,8.0,0.132,1.62,0.0,0.24,0,5.011,0.176,0.059,4,0.09,1.04,18,0.007,156,4.7,2.75,0.008888889,0.077647059,0.675,0.0,0.016,0.0,0.3131875,0.135384615,0.049166667,0.003333333,0.0001,0.042857143,0.222857143,0.085454545,0.25
17372,"Lamb, Veal, and Game Products","LAMB,NZ,IMP,HEART,CKD,SOAKED & SIMMRD","Lamb, New Zealand, imported, heart, cooked, soaked and simmered",,,,161,26.26,6.21,0.0,0.0,0.0,4.0,0.125,9.18,0.0,0.63,0,4.229,0.838,0.229,5,0.643,4.94,22,0.028,237,20.3,2.66,0.004444444,0.073529412,3.825,0.0,0.042,0.0,0.2643125,0.644615385,0.190833333,0.004166667,0.000714444,0.052380952,0.338571429,0.369090909,0.241818182
17373,"Lamb, Veal, and Game Products","LAMB,NZ,IMP,HEART,RAW","Lamb, New Zealand, imported, heart, raw",,,,105,18.09,3.68,0.0,0.0,0.0,5.0,0.144,8.4,0.0,0.65,0,5.757,0.537,0.52,5,0.412,3.29,20,0.022,204,10.9,1.65,0.005555556,0.084705882,3.5,0.0,0.043333333,0.0,0.3598125,0.413076923,0.433333333,0.004166667,0.000457778,0.047619048,0.291428571,0.198181818,0.15
17374,"Lamb, Veal, and Game Products","LAMB,NZ,IMP,SWEETBREAD,CKD,SOAKED & SIMMRD","Lamb, New Zealand, imported, sweetbread, cooked, soaked and simmered",,,,144,21.13,6.61,0.0,0.0,0.0,8.0,0.0,2.5,0.0,1.13,0,1.375,0.096,0.075,6,0.075,1.06,25,0.017,550,14.9,1.93,0.008888889,0.0,1.041666667,0.0,0.075333333,0.0,0.0859375,0.073846154,0.0625,0.005,8.33333e-05,0.05952381,0.785714286,0.270909091,0.175454545
17375,"Lamb, Veal, and Game Products","LAMB,NZ,IMP,SWEETBREAD,RAW","Lamb, New Zealand, imported, sweetbread, raw",,,,72,11.0,3.16,0.0,0.0,0.0,5.0,0.0,1.83,0.0,0.48,0,1.342,0.067,0.054,2,0.06,0.54,14,0.01,310,8.6,0.98,0.005555556,0.0,0.7625,0.0,0.032,0.0,0.083875,0.051538462,0.045,0.001666667,6.66667e-05,0.033333333,0.442857143,0.156363636,0.089090909
17376,"Lamb, Veal, and Game Products","LAMB,NZ,IMP,TESTES,CKD,SOAKED & FRIED","Lamb, New Zealand, imported, testes, cooked, soaked and fried",,,,125,21.01,4.56,0.0,0.0,0.0,22.0,0.038,8.88,0.0,0.85,0,2.224,0.313,0.312,8,0.127,1.69,16,0.044,302,53.0,2.12,0.024444444,0.022352941,3.7,0.0,0.056666667,0.0,0.139,0.240769231,0.26,0.006666667,0.000141111,0.038095238,0.431428571,0.963636364,0.192727273
17377,"Lamb, Veal, and Game Products","LAMB,NZ,IMP,TESTES,RAW","Lamb, New Zealand, imported, testes, raw",,,,68,11.4,2.38,0.14,0.0,0.0,10.0,0.033,9.89,0.0,0.31,0,1.744,0.214,0.315,5,0.091,1.14,11,0.029,179,26.2,1.14,0.011111111,0.019411765,4.120833333,0.0,0.020666667,0.0,0.109,0.164615385,0.2625,0.004166667,0.000101111,0.026190476,0.255714286,0.476363636,0.103636364
17378,"Lamb, Veal, and Game Products","LAMB,NZ,IMP,TONGUE - SWISS CUT,CKD,SOAKED & SIMMRD","Lamb, New Zealand, imported, tongue - swiss cut, cooked, soaked and simmered",,,,272,17.51,22.04,0.86,0.0,0.0,1.0,0.077,5.22,0.0,0.16,0,2.272,0.341,0.036,6,0.199,1.74,15,0.02,143,9.1,2.07,0.001111111,0.045294118,2.175,0.0,0.010666667,0.0,0.142,0.262307692,0.03,0.005,0.000221111,0.035714286,0.204285714,0.165454545,0.188181818
17379,"Lamb, Veal, and Game Products","LAMB,NZ,IMP,TONGUE - SWISS CUT,RAW","Lamb, New Zealand, imported, tongue - swiss cut, raw",,,,225,14.27,18.61,0.0,0.0,0.0,5.0,0.097,6.1,0.0,0.57,0,3.078,0.293,0.1,6,0.152,1.25,15,0.018,142,5.4,1.55,0.005555556,0.057058824,2.541666667,0.0,0.038,0.0,0.192375,0.225384615,0.083333333,0.005,0.000168889,0.035714286,0.202857143,0.098181818,0.140909091
17380,"Lamb, Veal, and Game Products","LAMB,NZ,IMP,TUNNEL-BNED LG,CHMP OFF,SHNK OFF,LN,CKD,SLW RSTD","Lamb, New Zealand, imported, tunnel-boned leg, chump off, shank off, separable lean only, cooked, slow roasted",,,,159,25.29,6.44,0.0,0.0,0.0,2.0,0.275,1.58,0.0,0.33,0,5.892,0.248,0.107,4,0.155,1.71,26,0.013,213,4.6,3.69,0.002222222,0.161764706,0.658333333,0.0,0.022,0.0,0.36825,0.190769231,0.089166667,0.003333333,0.000172222,0.061904762,0.304285714,0.083636364,0.335454545
17381,"Lamb, Veal, and Game Products","LAMB,NZ,IMP,TUNNEL-BONED LEG,CHUMP OFF,SHANK OFF,LN,RAW","Lamb, New Zealand, imported, tunnel-boned leg, chump off, shank off, separable lean only, raw",,,,121,20.93,4.09,0.0,0.0,0.0,3.0,0.225,1.89,0.0,0.3,0,5.234,0.201,0.14,4,0.123,1.4,24,0.011,197,3.6,3.26,0.003333333,0.132352941,0.7875,0.0,0.02,0.0,0.327125,0.154615385,0.116666667,0.003333333,0.000136667,0.057142857,0.281428571,0.065454545,0.296363636
17382,"Lamb, Veal, and Game Products","LAMB,NZ,IMP,SQUARE-CUT SHLDR CHOPS,LN,CKD,BRSD","Lamb, New Zealand, imported, square-cut shoulder chops, separable lean only, cooked, braised",,,,255,31.06,14.56,0.0,0.0,0.0,8.0,0.11,2.42,0.0,0.63,0,2.897,0.214,0.031,40,0.143,1.89,22,0.011,175,11.8,6.2,0.008888889,0.064705882,1.008333333,0.0,0.042,0.0,0.1810625,0.164615385,0.025833333,0.033333333,0.000158889,0.052380952,0.25,0.214545455,0.563636364
17383,"Lamb, Veal, and Game Products","LAMB,NZ,IMP,SQUARE-CUT SHLDR CHOPS,LN,RAW","Lamb, New Zealand, imported, square-cut shoulder chops, separable lean only, raw",,,,164,20.62,9.08,0.0,0.0,0.0,6.0,0.063,2.52,0.0,0.39,0,3.862,0.18,0.068,27,0.089,1.18,21,0.008,189,7.4,3.29,0.006666667,0.037058824,1.05,0.0,0.026,0.0,0.241375,0.138461538,0.056666667,0.0225,9.88889e-05,0.05,0.27,0.134545455,0.299090909
17384,"Lamb, Veal, and Game Products","LAMB,NZ,IMP,TENDERLOIN,LN,CKD,FAST FRIED","Lamb, New Zealand, imported, tenderloin, separable lean only, cooked, fast fried",,,,155,27.94,4.81,0.0,0.0,0.0,2.0,0.281,2.41,0.0,0.55,0,9.099,0.296,0.101,5,0.18,2.12,31,0.016,268,6.5,2.81,0.002222222,0.165294118,1.004166667,0.0,0.036666667,0.0,0.5686875,0.227692308,0.084166667,0.004166667,0.0002,0.073809524,0.382857143,0.118181818,0.255454545
17385,"Lamb, Veal, and Game Products","LAMB,NZ,IMP,TENDERLOIN,LN,RAW","Lamb, New Zealand, imported, tenderloin, separable lean only, raw",,,,116,20.53,3.81,0.0,0.0,0.0,1.0,0.247,1.88,0.0,0.41,0,7.301,0.215,0.075,4,0.136,1.63,26,0.012,222,5.0,2.16,0.001111111,0.145294118,0.783333333,0.0,0.027333333,0.0,0.4563125,0.165384615,0.0625,0.003333333,0.000151111,0.061904762,0.317142857,0.090909091,0.196363636
17386,"Lamb, Veal, and Game Products","LAMB,NZ,IMP,LOIN SADDLE,LN,CKD,FAST RSTD","Lamb, New Zealand, imported, loin saddle, separable lean only, cooked, fast roasted",,,,162,25.53,6.7,0.0,0.0,0.0,5.0,0.206,1.63,0.0,0.28,0,6.436,0.221,0.119,8,0.137,1.6,24,0.01,205,4.0,3.01,0.005555556,0.121176471,0.679166667,0.0,0.018666667,0.0,0.40225,0.17,0.099166667,0.006666667,0.000152222,0.057142857,0.292857143,0.072727273,0.273636364
17387,"Lamb, Veal, and Game Products","LAMB,NZ,IMP,LOIN SADDLE,LN,RAW","Lamb, New Zealand, imported, loin saddle, separable lean only, raw",,,,131,20.86,5.32,0.0,0.0,0.0,4.0,0.175,1.13,0.0,0.22,0,5.918,0.136,0.118,7,0.116,1.54,24,0.009,193,4.2,2.54,0.004444444,0.102941176,0.470833333,0.0,0.014666667,0.0,0.369875,0.104615385,0.098333333,0.005833333,0.000128889,0.057142857,0.275714286,0.076363636,0.230909091
17388,"Lamb, Veal, and Game Products","LAMB,NZ,IMP,LOIN,BNLESS,LN,CKD,FAST RSTD","Lamb, New Zealand, imported, loin, boneless, separable lean only, cooked, fast roasted",,,,156,28.99,4.49,0.0,0.0,0.0,1.0,0.205,1.39,0.0,0.34,0,7.133,0.187,0.062,6,0.167,2.05,28,0.01,234,5.5,2.7,0.001111111,0.120588235,0.579166667,0.0,0.022666667,0.0,0.4458125,0.143846154,0.051666667,0.005,0.000185556,0.066666667,0.334285714,0.1,0.245454545
17389,"Lamb, Veal, and Game Products","LAMB,NZ,IMP,LOIN,BNLESS,LN,RAW","Lamb, New Zealand, imported, loin, boneless, separable lean only, raw",,,,120,21.5,3.77,0.0,0.0,0.0,2.0,0.176,1.12,0.0,0.33,0,6.356,0.162,0.072,4,0.127,1.55,26,0.01,217,2.9,2.1,0.002222222,0.103529412,0.466666667,0.0,0.022,0.0,0.39725,0.124615385,0.06,0.003333333,0.000141111,0.061904762,0.31,0.052727273,0.190909091
17390,"Lamb, Veal, and Game Products","LAMB,NZ,IMP,HIND-SHANK,LN,CKD,BRSD","Lamb, New Zealand, imported, hind-shank, separable lean only, cooked, braised",,,,196,32.5,7.37,0.0,0.0,0.0,2.0,0.103,1.6,0.0,0.52,0,4.45,0.241,0.03,8,0.158,2.12,23,0.011,180,9.2,5.41,0.002222222,0.060588235,0.666666667,0.0,0.034666667,0.0,0.278125,0.185384615,0.025,0.006666667,0.000175556,0.054761905,0.257142857,0.167272727,0.491818182
17391,"Lamb, Veal, and Game Products","LAMB,NZ,IMP,HIND-SHANK,LN,RAW","Lamb, New Zealand, imported, hind-shank, separable lean only, raw",,,,115,20.4,3.35,0.73,0.0,0.0,2.0,0.148,1.43,0.0,0.29,0,4.852,0.164,0.064,5,0.108,1.46,22,0.011,185,4.7,3.45,0.002222222,0.087058824,0.595833333,0.0,0.019333333,0.0,0.30325,0.126153846,0.053333333,0.004166667,0.00012,0.052380952,0.264285714,0.085454545,0.313636364
17392,"Lamb, Veal, and Game Products","LAMB,NZ,IMP,NECK CHOPS,LN,RAW","Lamb, New Zealand, imported, neck chops, separable lean only, raw",,,,151,19.84,7.97,0.0,0.0,0.0,5.0,0.121,2.89,0.0,0.24,0,4.297,0.145,0.08,23,0.087,1.24,20,0.007,175,4.8,3.48,0.005555556,0.071176471,1.204166667,0.0,0.016,0.0,0.2685625,0.111538462,0.066666667,0.019166667,9.66667e-05,0.047619048,0.25,0.087272727,0.316363636
17393,"Lamb, Veal, and Game Products","LAMB,NZ,IMP,NECK CHOPS,LN,CKD,BRSD","Lamb, New Zealand, imported, neck chops, separable lean only, cooked, braised",,,,264,31.4,15.36,0.0,0.0,0.0,8.0,0.077,2.0,0.0,0.57,0,4.151,0.14,0.026,58,0.123,2.28,22,0.01,194,7.8,5.72,0.008888889,0.045294118,0.833333333,0.0,0.038,0.0,0.2594375,0.107692308,0.021666667,0.048333333,0.000136667,0.052380952,0.277142857,0.141818182,0.52
17394,"Lamb, Veal, and Game Products","LAMB,NZ,IMP,NETTED SHLDR,ROLLED,BNLESS,LN,CKD,SLOW RSTD","Lamb, New Zealand, imported, netted shoulder, rolled, boneless, separable lean only, cooked, slow roasted",,,,199,25.14,10.91,0.0,0.0,0.0,6.0,0.118,2.27,0.0,0.34,0,4.279,0.188,0.116,7,0.118,1.38,23,0.01,197,4.7,5.0,0.006666667,0.069411765,0.945833333,0.0,0.022666667,0.0,0.2674375,0.144615385,0.096666667,0.005833333,0.000131111,0.054761905,0.281428571,0.085454545,0.454545455
17395,"Lamb, Veal, and Game Products","LAMB,NZ,IMP,NETTED SHLDR,ROLLED,BNLESS,LN,RAW","Lamb, New Zealand, imported, netted shoulder, rolled, boneless, separable lean only, raw",,,,143,20.2,6.88,0.0,0.0,0.0,5.0,0.113,2.38,0.0,0.21,0,5.204,0.142,0.138,5,0.092,1.16,21,0.009,175,3.3,3.8,0.005555556,0.066470588,0.991666667,0.0,0.014,0.0,0.32525,0.109230769,0.115,0.004166667,0.000102222,0.05,0.25,0.06,0.345454545
17396,"Lamb, Veal, and Game Products","LAMB,NZ,IMP,RACK - FULLY FRENCHED,LN,CKD,FAST RSTD","Lamb, New Zealand, imported, rack - fully frenched, separable lean only, cooked, fast roasted",,,,173,24.39,8.38,0.0,0.0,0.0,3.0,0.291,1.31,0.0,0.29,0,6.267,0.21,0.057,11,0.126,1.76,24,0.009,200,4.4,2.56,0.003333333,0.171176471,0.545833333,0.0,0.019333333,0.0,0.3916875,0.161538462,0.0475,0.009166667,0.00014,0.057142857,0.285714286,0.08,0.232727273
17397,"Lamb, Veal, and Game Products","LAMB,NZ,IMP,RACK - FULLY FRENCHED,LN,RAW","Lamb, New Zealand, imported, rack - fully frenched, separable lean only, raw",,,,147,20.61,7.12,0.0,0.0,0.0,5.0,0.246,1.05,0.0,0.32,0,5.208,0.178,0.061,8,0.105,1.4,23,0.008,192,2.9,2.24,0.005555556,0.144705882,0.4375,0.0,0.021333333,0.0,0.3255,0.136923077,0.050833333,0.006666667,0.000116667,0.054761905,0.274285714,0.052727273,0.203636364
17398,"Lamb, Veal, and Game Products","LAMB,NZ,IMP,LOIN CHOP,LN,CKD,FAST FRIED","Lamb, New Zealand, imported, loin chop, separable lean only, cooked, fast fried",,,,208,27.43,10.7,0.41,0.0,0.0,6.0,0.189,1.84,0.0,0.37,0,6.651,0.222,0.097,42,0.152,1.88,27,0.009,233,7.3,3.48,0.006666667,0.111176471,0.766666667,0.0,0.024666667,0.0,0.4156875,0.170769231,0.080833333,0.035,0.000168889,0.064285714,0.332857143,0.132727273,0.316363636
17399,"Lamb, Veal, and Game Products","LAMB,NZ,IMP,SQUARE-CUT SHLDR,LN,CKD,SLOW RSTD","Lamb, New Zealand, imported, square-cut shoulder, separable lean only, cooked, slow roasted",,,,192,25.08,10.13,0.0,0.0,0.0,1.0,0.189,2.65,0.0,0.22,0,4.238,0.231,0.056,14,0.114,1.47,22,0.009,197,6.8,4.59,0.001111111,0.111176471,1.104166667,0.0,0.014666667,0.0,0.264875,0.177692308,0.046666667,0.011666667,0.000126667,0.052380952,0.281428571,0.123636364,0.417272727
17400,"Lamb, Veal, and Game Products","LAMB,NZ,IMP,LEG CHOP/STEAK,BONE-IN,LN,CKD,FAST FRIED","Lamb, New Zealand, imported, leg chop/steak, bone-in, separable lean only, cooked, fast fried",,,,162,26.31,6.35,0.0,0.0,0.0,2.0,0.166,2.25,0.0,0.2,0,6.393,0.15,0.138,10,0.157,2.03,27,0.01,223,3.7,3.93,0.002222222,0.097647059,0.9375,0.0,0.013333333,0.0,0.3995625,0.115384615,0.115,0.008333333,0.000174444,0.064285714,0.318571429,0.067272727,0.357272727
17401,"Lamb, Veal, and Game Products","LAMB,NZ,IMP,FLAP,BNLESS,LN & FAT,CKD,BRSD","Lamb, New Zealand, imported, flap, boneless, separable lean and fat, cooked, braised",,,,376,20.48,32.63,0.14,0.0,0.0,24.0,0.081,1.25,0.0,0.57,0,2.744,0.122,0.046,8,0.074,1.11,15,0.003,122,5.9,3.2,0.026666667,0.047647059,0.520833333,0.0,0.038,0.0,0.1715,0.093846154,0.038333333,0.006666667,8.22222e-05,0.035714286,0.174285714,0.107272727,0.290909091
17402,"Lamb, Veal, and Game Products","LAMB,NZ,IMP,FLAP,BNLESS,LN & FAT,RAW","Lamb, New Zealand, imported, flap, boneless, separable lean and fat, raw",,,,337,16.17,30.14,0.27,0.0,0.0,20.0,0.091,1.6,0.0,0.58,0,3.501,0.106,0.058,6,0.054,0.84,15,0.002,129,3.1,2.35,0.022222222,0.053529412,0.666666667,0.0,0.038666667,0.0,0.2188125,0.081538462,0.048333333,0.005,6e-05,0.035714286,0.184285714,0.056363636,0.213636364
17403,"Lamb, Veal, and Game Products","LAMB,NZ,IMP,HIND-SHANK,LN & FAT,CKD,BRSD","Lamb, New Zealand, imported, hind-shank, separable lean and fat, cooked, braised",,,,247,29.59,14.22,0.04,0.0,0.0,8.0,0.099,1.5,0.0,0.57,0,4.133,0.223,0.039,8,0.144,1.99,21,0.01,170,8.4,4.95,0.008888889,0.058235294,0.625,0.0,0.038,0.0,0.2583125,0.171538462,0.0325,0.006666667,0.00016,0.05,0.242857143,0.152727273,0.45
17404,"Lamb, Veal, and Game Products","LAMB,NZ,IMP,HIND-SHANK,LN & FAT,RAW","Lamb, New Zealand, imported, hind-shank, separable lean and fat, raw",,,,186,18.39,12.12,0.73,0.0,0.0,7.0,0.134,1.31,0.0,0.4,0,4.388,0.148,0.067,5,0.097,1.34,20,0.009,168,4.3,3.09,0.007777778,0.078823529,0.545833333,0.0,0.026666667,0.0,0.27425,0.113846154,0.055833333,0.004166667,0.000107778,0.047619048,0.24,0.078181818,0.280909091
17405,"Lamb, Veal, and Game Products","LAMB,NZ,IMP,LEG CHOP/STEAK,BONE-IN,LN & FAT,CKD,FAST FRIED","Lamb, New Zealand, imported, leg chop/steak, bone-in, separable lean and fat, cooked, fast fried",,,,212,24.26,12.76,0.04,0.0,0.0,7.0,0.155,2.09,0.0,0.28,0,5.899,0.142,0.135,10,0.144,1.93,25,0.009,210,3.5,3.66,0.007777778,0.091176471,0.870833333,0.0,0.018666667,0.0,0.3686875,0.109230769,0.1125,0.008333333,0.00016,0.05952381,0.3,0.063636364,0.332727273
17406,"Lamb, Veal, and Game Products","LAMB,NZ,IMP,LOIN CHOP,LN & FAT,CKD,FAST FRIED","Lamb, New Zealand, imported, loin chop, separable lean and fat, cooked, fast fried",,,,332,21.5,27.11,0.41,0.0,0.0,19.0,0.153,1.52,0.0,0.54,0,5.229,0.18,0.1,31,0.118,1.62,22,0.008,194,5.8,2.86,0.021111111,0.09,0.633333333,0.0,0.036,0.0,0.3268125,0.138461538,0.083333333,0.025833333,0.000131111,0.052380952,0.277142857,0.105454545,0.26
17407,"Lamb, Veal, and Game Products","LAMB,NZ,IMP,LOIN SADDLE,LN & FAT,CKD,FAST RSTD","Lamb, New Zealand, imported, loin saddle, separable lean and fat, cooked, fast roasted",,,,274,21.13,20.98,0.1,0.0,0.0,16.0,0.173,1.42,0.0,0.44,0,5.334,0.187,0.116,7,0.113,1.44,21,0.009,179,3.6,2.61,0.017777778,0.101764706,0.591666667,0.0,0.029333333,0.0,0.333375,0.143846154,0.096666667,0.005833333,0.000125556,0.05,0.255714286,0.065454545,0.237272727
17408,"Lamb, Veal, and Game Products","LAMB,NZ,IMP,LOIN SADDLE,LN & FAT,RAW","Lamb, New Zealand, imported, loin saddle, separable lean and fat, raw",,,,273,16.56,22.9,0.2,0.0,0.0,15.0,0.14,0.95,0.0,0.44,0,4.676,0.11,0.111,6,0.091,1.29,19,0.007,156,3.5,2.04,0.016666667,0.082352941,0.395833333,0.0,0.029333333,0.0,0.29225,0.084615385,0.0925,0.005,0.000101111,0.045238095,0.222857143,0.063636364,0.185454545
17409,"Lamb, Veal, and Game Products","LAMB,NZ,IMP,LOIN,BNLESS,LN & FAT,CKD,FAST RSTD","Lamb, New Zealand, imported, loin, boneless, separable lean and fat, cooked, fast roasted",,,,157,28.96,4.57,0.0,0.0,0.0,1.0,0.205,1.39,0.0,0.34,0,7.126,0.187,0.062,6,0.167,2.05,28,0.01,234,5.5,2.69,0.001111111,0.120588235,0.579166667,0.0,0.022666667,0.0,0.445375,0.143846154,0.051666667,0.005,0.000185556,0.066666667,0.334285714,0.1,0.244545455
17410,"Lamb, Veal, and Game Products","LAMB,NZ,IMP,LOIN,BNLESS,LN & FAT,RAW","Lamb, New Zealand, imported, loin, boneless, separable lean and fat, raw",,,,122,21.44,3.99,0.0,0.0,0.0,2.0,0.175,1.12,0.0,0.34,0,6.338,0.162,0.072,4,0.127,1.55,26,0.01,217,2.9,2.09,0.002222222,0.102941176,0.466666667,0.0,0.022666667,0.0,0.396125,0.124615385,0.06,0.003333333,0.000141111,0.061904762,0.31,0.052727273,0.19
17411,"Lamb, Veal, and Game Products","LAMB,NZ,IMP,NECK CHOPS,LN & FAT,CKD,BRSD","Lamb, New Zealand, imported, neck chops, separable lean and fat, cooked, braised",,,,307,28.53,21.43,0.03,0.0,0.0,13.0,0.075,1.85,0.0,0.62,0,3.855,0.134,0.036,52,0.113,2.14,21,0.009,183,7.2,5.21,0.014444444,0.044117647,0.770833333,0.0,0.041333333,0.0,0.2409375,0.103076923,0.03,0.043333333,0.000125556,0.05,0.261428571,0.130909091,0.473636364
17412,"Lamb, Veal, and Game Products","LAMB,NZ,IMP,NECK CHOPS,LN & FAT,RAW","Lamb, New Zealand, imported, neck chops, separable lean and fat, raw",,,,231,17.43,17.9,0.14,0.0,0.0,11.0,0.109,2.51,0.0,0.36,0,3.801,0.128,0.082,20,0.077,1.14,18,0.006,156,4.3,3.05,0.012222222,0.064117647,1.045833333,0.0,0.024,0.0,0.2375625,0.098461538,0.068333333,0.016666667,8.55556e-05,0.042857143,0.222857143,0.078181818,0.277272727
17413,"Lamb, Veal, and Game Products","LAMB,NZ,IMP,NETTED SHLDR,ROLLED,BNLESS,L & F,CKD,SLOW RSTD","Lamb, New Zealand, imported, netted shoulder, rolled, boneless, separable lean and fat, cooked, slow roasted",,,,287,21.45,22.33,0.05,0.0,0.0,14.0,0.107,1.94,0.0,0.47,0,3.739,0.167,0.116,7,0.101,1.33,21,0.009,178,4.2,4.28,0.015555556,0.062941176,0.808333333,0.0,0.031333333,0.0,0.2336875,0.128461538,0.096666667,0.005833333,0.000112222,0.05,0.254285714,0.076363636,0.389090909
17414,"Lamb, Veal, and Game Products","LAMB,NZ,IMP,NETTED SHLDR,ROLLED,BNLESS,LN & FAT,RAW","Lamb, New Zealand, imported, netted shoulder, rolled, boneless, separable lean and fat, raw",,,,252,16.9,20.36,0.2,0.0,0.0,13.0,0.098,1.98,0.0,0.37,0,4.352,0.12,0.128,5,0.077,1.05,18,0.007,150,3.0,3.16,0.014444444,0.057647059,0.825,0.0,0.024666667,0.0,0.272,0.092307692,0.106666667,0.004166667,8.55556e-05,0.042857143,0.214285714,0.054545455,0.287272727
17415,"Lamb, Veal, and Game Products","LAMB,NZ,IMP,SQUARE-CUT SHLDR CHOPS,LN & FAT,CKD,BRSD","Lamb, New Zealand, imported, square-cut shoulder chops, separable lean and fat, cooked, braised",,,,322,26.79,23.86,0.05,0.0,0.0,15.0,0.102,2.11,0.0,0.69,0,2.674,0.19,0.046,34,0.124,1.74,20,0.01,162,10.1,5.35,0.016666667,0.06,0.879166667,0.0,0.046,0.0,0.167125,0.146153846,0.038333333,0.028333333,0.000137778,0.047619048,0.231428571,0.183636364,0.486363636
17416,"Lamb, Veal, and Game Products","LAMB,NZ,IMP,SQUARE-CUT SHLDR CHOPS,LN & FAT,RAW","Lamb, New Zealand, imported, square-cut shoulder chops, separable lean and fat, raw",,,,275,17.02,22.84,0.23,0.0,0.0,15.0,0.059,2.06,0.0,0.52,0,3.25,0.148,0.073,22,0.074,1.06,18,0.007,160,6.2,2.73,0.016666667,0.034705882,0.858333333,0.0,0.034666667,0.0,0.203125,0.113846154,0.060833333,0.018333333,8.22222e-05,0.042857143,0.228571429,0.112727273,0.248181818
17417,"Lamb, Veal, and Game Products","LAMB,NZ,IMP,SQUARE-CUT SHLDR,LN & FAT,CKD,SLOW RSTD","Lamb, New Zealand, imported, square-cut shoulder, separable lean and fat, cooked, slow roasted",,,,294,20.88,23.39,0.03,0.0,0.0,11.0,0.159,2.18,0.0,0.4,0,3.618,0.198,0.072,12,0.095,1.41,20,0.008,176,5.7,3.87,0.012222222,0.093529412,0.908333333,0.0,0.026666667,0.0,0.226125,0.152307692,0.06,0.01,0.000105556,0.047619048,0.251428571,0.103636364,0.351818182
17418,"Lamb, Veal, and Game Products","LAMB,NZ,IMP,TENDERLOIN,LN & FAT,CKD,FAST FRIED","Lamb, New Zealand, imported, tenderloin, separable lean and fat, cooked, fast fried",,,,157,27.87,5.0,0.0,0.0,0.0,2.0,0.28,2.41,0.0,0.55,0,9.074,0.295,0.101,5,0.18,2.11,31,0.016,268,6.5,2.8,0.002222222,0.164705882,1.004166667,0.0,0.036666667,0.0,0.567125,0.226923077,0.084166667,0.004166667,0.0002,0.073809524,0.382857143,0.118181818,0.254545455
17419,"Lamb, Veal, and Game Products","LAMB,NZ,IMP,RACK - FULLY FRENCHED,LN & FAT,CKD,FAST RSTD","Lamb, New Zealand, imported, rack - fully frenched, separable lean and fat, cooked, fast roasted",,,,195,23.56,11.2,0.01,0.0,0.0,5.0,0.28,1.28,0.0,0.33,0,6.037,0.204,0.06,11,0.122,1.74,23,0.009,195,4.3,2.52,0.005555556,0.164705882,0.533333333,0.0,0.022,0.0,0.3773125,0.156923077,0.05,0.009166667,0.000135556,0.054761905,0.278571429,0.078181818,0.229090909
17420,"Lamb, Veal, and Game Products","LAMB,NZ,IMP,RACK - FULLY FRENCHED,LN & FAT,RAW","Lamb, New Zealand, imported, rack - fully frenched, separable lean and fat, raw",,,,169,19.88,9.96,0.05,0.0,0.0,7.0,0.237,1.03,0.0,0.35,0,5.024,0.172,0.062,8,0.101,1.36,22,0.008,186,2.8,2.17,0.007777778,0.139411765,0.429166667,0.0,0.023333333,0.0,0.314,0.132307692,0.051666667,0.006666667,0.000112222,0.052380952,0.265714286,0.050909091,0.197272727
17421,"Lamb, Veal, and Game Products","LAMB,NZ,IMP,TUN-BND LG,CHMP OFF,SHNK OFF,L & F,CKD,SL RSTD","Lamb, New Zealand, imported, tunnel-boned leg, chump off, shank off, separable lean and fat, cooked, slow roasted",,,,208,23.41,12.68,0.03,0.0,0.0,7.0,0.253,1.49,0.0,0.4,0,5.457,0.23,0.107,4,0.143,1.64,24,0.012,201,4.4,3.45,0.007777778,0.148823529,0.620833333,0.0,0.026666667,0.0,0.3410625,0.176923077,0.089166667,0.003333333,0.000158889,0.057142857,0.287142857,0.08,0.313636364
17422,"Lamb, Veal, and Game Products","LAMB,NZ,IMP,TUNNEL-BONED LG,CHUMP OFF,SHANK OFF,LN & FAT,RAW","Lamb, New Zealand, imported, tunnel-boned leg, chump off, shank off, separable lean and fat, raw",,,,121,20.93,4.09,0.0,0.0,0.0,3.0,0.225,1.89,0.0,0.3,0,5.234,0.201,0.14,4,0.123,1.4,24,0.011,197,3.6,3.26,0.003333333,0.132352941,0.7875,0.0,0.02,0.0,0.327125,0.154615385,0.116666667,0.003333333,0.000136667,0.057142857,0.281428571,0.065454545,0.296363636
17423,"Lamb, Veal, and Game Products","LAMB,NZ,IMP,TENDERLOIN,LN & FAT,RAW","Lamb, New Zealand, imported, tenderloin, separable lean and fat, raw",,,,120,20.43,4.22,0.01,0.0,0.0,2.0,0.246,1.87,0.0,0.41,0,7.262,0.214,0.075,4,0.135,1.62,26,0.012,221,5.0,2.15,0.002222222,0.144705882,0.779166667,0.0,0.027333333,0.0,0.453875,0.164615385,0.0625,0.003333333,0.00015,0.061904762,0.315714286,0.090909091,0.195454545
17424,"Lamb, Veal, and Game Products","VEAL,GROUND,CKD,PAN-FRIED","Veal, ground, cooked, pan-fried",IMPS 396,,,215,25.83,11.78,1.51,0.0,0.0,0.0,0.508,3.53,0.0,0.26,6,7.9,0.43,0.095,18,0.116,1.5,34,0.009,231,18.5,2.95,0.0,0.298823529,1.470833333,0.0,0.017333333,0.015,0.49375,0.330769231,0.079166667,0.015,0.000128889,0.080952381,0.33,0.336363636,0.268181818
17425,"Lamb, Veal, and Game Products","VEAL,LEG,TOP RND,CAP OFF,CUTLET,BNLESS,CKD,GRILLED","Veal, leg, top round, cap off, cutlet, boneless, cooked, grilled",IMPS#1336,,,151,31.89,2.63,0.0,0.0,0.0,0.0,0.761,2.72,0.0,0.43,8,10.1,0.47,0.093,6,0.112,1.39,38,0.017,277,21.6,3.29,0.0,0.447647059,1.133333333,0.0,0.028666667,0.02,0.63125,0.361538462,0.0775,0.005,0.000124444,0.09047619,0.395714286,0.392727273,0.299090909
17426,"Lamb, Veal, and Game Products","VEAL,LEG,TOP RND,CAP OFF,CUTLET,BNLESS,RAW","Veal, leg, top round, cap off, cutlet, boneless, raw",IMPS# 1336,,,107,22.07,2.07,0.0,0.0,0.0,0.0,0.599,2.08,0.0,0.31,4,9.28,0.34,0.1,4,0.089,0.81,30,0.017,212,16.0,1.97,0.0,0.352352941,0.866666667,0.0,0.020666667,0.01,0.58,0.261538462,0.083333333,0.003333333,9.88889e-05,0.071428571,0.302857143,0.290909091,0.179090909
17427,"Lamb, Veal, and Game Products","VEAL,LOIN,CHOP,LN,CKD,GRILLED","Veal, loin, chop, separable lean only, cooked, grilled",IMPS #1332,,,159,29.75,4.44,0.07,0.0,0.0,0.0,0.691,2.89,0.0,0.38,7,7.94,0.33,0.07,13,0.124,0.79,33,0.012,214,26.1,1.83,0.0,0.406470588,1.204166667,0.0,0.025333333,0.0175,0.49625,0.253846154,0.058333333,0.010833333,0.000137778,0.078571429,0.305714286,0.474545455,0.166363636
17428,"Lamb, Veal, and Game Products","VEAL,SHANK,LN,RAW","Veal, shank, separable lean only, raw",IMPS #312,,,94,19.77,1.64,0.0,0.0,0.0,0.0,0.403,1.92,0.0,0.15,3,5.37,0.39,0.084,11,0.103,1.19,33,0.01,212,13.0,3.42,0.0,0.237058824,0.8,0.0,0.01,0.0075,0.335625,0.3,0.07,0.009166667,0.000114444,0.078571429,0.302857143,0.236363636,0.310909091
17429,"Lamb, Veal, and Game Products","VEAL,FORESHANK,OSSO BUCO,LN,CKD,BRSD","Veal, foreshank, osso buco, separable lean only, cooked, braised",IMPS # 1312,,,157,29.12,4.51,0.0,0.0,0.0,0.0,0.177,1.88,0.0,0.38,5,3.77,0.35,0.083,21,0.119,2.06,34,0.011,218,20.7,5.32,0.0,0.104117647,0.783333333,0.0,0.025333333,0.0125,0.235625,0.269230769,0.069166667,0.0175,0.000132222,0.080952381,0.311428571,0.376363636,0.483636364
17430,"Lamb, Veal, and Game Products","VEAL,SHLDR,BLADE CHOP,LN,CKD,GRILLED","Veal, shoulder, blade chop, separable lean only, cooked, grilled",IMPS #1309A,,,159,27.33,5.53,0.0,0.0,0.0,0.0,0.435,3.66,0.0,0.47,7,5.14,0.48,0.11,21,0.15,1.65,34,0.009,253,18.4,5.07,0.0,0.255882353,1.525,0.0,0.031333333,0.0175,0.32125,0.369230769,0.091666667,0.0175,0.000166667,0.080952381,0.361428571,0.334545455,0.460909091
17431,"Lamb, Veal, and Game Products","VEAL,EXTERNAL FAT ONLY,RAW","Veal, external fat only, raw",,,,503,8.85,51.6,0.89,0.0,0.0,0.0,0.154,1.35,0.0,0.3,0,2.78,0.09,0.035,31,0.045,0.73,19,0.008,133,5.2,0.83,0.0,0.090588235,0.5625,0.0,0.02,0.0,0.17375,0.069230769,0.029166667,0.025833333,5e-05,0.045238095,0.19,0.094545455,0.075454545
17432,"Lamb, Veal, and Game Products","VEAL,EXTERNAL FAT ONLY,CKD","Veal, external fat only, cooked",,,,540,15.28,53.23,0.0,0.0,0.0,0.0,0.214,1.61,0.0,0.45,0,4.16,0.16,0.053,58,0.074,1.09,26,0.044,168,9.8,1.42,0.0,0.125882353,0.670833333,0.0,0.03,0.0,0.26,0.123076923,0.044166667,0.048333333,8.22222e-05,0.061904762,0.24,0.178181818,0.129090909
17433,"Lamb, Veal, and Game Products","VEAL,SEAM FAT ONLY,RAW","Veal, seam fat only, raw",,,,444,12.53,43.75,0.0,0.0,0.0,0.0,0.227,1.56,0.0,0.68,0,3.81,0.15,0.041,30,0.056,0.87,23,0.014,150,8.0,1.77,0.0,0.133529412,0.65,0.0,0.045333333,0.0,0.238125,0.115384615,0.034166667,0.025,6.22222e-05,0.054761905,0.214285714,0.145454545,0.160909091
17434,"Lamb, Veal, and Game Products","VEAL,SEAM FAT ONLY,CKD","Veal, seam fat only, cooked",,,,505,11.16,50.17,2.11,0.0,0.0,0.0,0.203,1.62,0.0,0.52,0,2.84,0.16,0.047,43,0.081,1.15,24,0.034,152,9.7,2.0,0.0,0.119411765,0.675,0.0,0.034666667,0.0,0.1775,0.123076923,0.039166667,0.035833333,9e-05,0.057142857,0.217142857,0.176363636,0.181818182
17435,"Lamb, Veal, and Game Products","VEAL,SHANK,LN & FAT,RAW","Veal, shank, separable lean and fat, raw",IMPS# 312,,,107,19.28,3.3,0.0,0.0,0.0,0.0,0.392,1.89,0.0,0.17,3,5.254,0.376,0.082,12,0.1,1.17,32,0.01,207,12.7,3.32,0.0,0.230588235,0.7875,0.0,0.011333333,0.0075,0.328375,0.289230769,0.068333333,0.01,0.000111111,0.076190476,0.295714286,0.230909091,0.301818182
17436,"Lamb, Veal, and Game Products","VEAL,FORESHANK,OSSO BUCO,LN & FAT,CKD,BRSD","Veal, foreshank, osso buco, separable lean and fat, cooked, braised",IMPS# 1312,,,182,27.94,7.77,0.11,0.0,0.0,0.0,0.179,1.86,0.0,0.39,4,3.731,0.337,0.081,22,0.116,2.0,34,0.013,214,19.9,5.08,0.0,0.105294118,0.775,0.0,0.026,0.01,0.2331875,0.259230769,0.0675,0.018333333,0.000128889,0.080952381,0.305714286,0.361818182,0.461818182
17437,"Lamb, Veal, and Game Products","VEAL,LOIN,CHOP,LN & FAT,CKD,GRILLED","Veal, loin, chop, separable lean and fat, cooked, grilled",IMPS # 1332,,,198,28.04,9.48,0.16,0.0,0.0,0.0,0.64,2.75,0.0,0.39,6,7.483,0.312,0.068,17,0.119,0.82,32,0.015,208,24.4,1.81,0.0,0.376470588,1.145833333,0.0,0.026,0.015,0.4676875,0.24,0.056666667,0.014166667,0.000132222,0.076190476,0.297142857,0.443636364,0.164545455
17438,"Lamb, Veal, and Game Products","VEAL,SHLDR,BLADE CHOP,LN & FAT,CKD,GRILLED","Veal, shoulder, blade chop, separable lean and fat, cooked, grilled",IMPS# 1309A,,,199,25.72,10.57,0.15,0.0,0.0,0.0,0.41,3.44,0.0,0.47,6,4.94,0.445,0.103,24,0.142,1.59,33,0.013,242,17.4,4.71,0.0,0.241176471,1.433333333,0.0,0.031333333,0.015,0.30875,0.342307692,0.085833333,0.02,0.000157778,0.078571429,0.345714286,0.316363636,0.428181818
18001,Baked Products,"BAGEL,PLN,TSTD, ENR W/CA PROP(INCLUDE ONION,POPPY,SESAME)","Bagels, plain, enriched, with calcium propionate (includes onion, poppy, sesame)",,,,264,10.56,1.32,52.38,8.43,1.6,0.0,0.07,0.0,0.0,7.46,163,4.515,0.344,0.568,219,0.128,3.57,29,0.539,99,21.5,0.83,0.0,0.041176471,0.0,0.0,0.497333333,0.4075,0.2821875,0.264615385,0.473333333,0.1825,0.000142222,0.069047619,0.141428571,0.390909091,0.075454545
18002,Baked Products,"BAGELS,PLN,TSTD,ENR W/CA PROP (INCLUDES ONION,POPPY,SESAME)","Bagels, plain, toasted, enriched, with calcium propionate (includes onion, poppy, sesame)",,,,288,11.14,1.72,57.11,5.82,2.6,0.0,0.07,0.0,0.0,0.12,203,4.375,0.27,0.602,99,0.15,4.5,24,0.575,92,25.2,1.3,0.0,0.041176471,0.0,0.0,0.008,0.5075,0.2734375,0.207692308,0.501666667,0.0825,0.000166667,0.057142857,0.131428571,0.458181818,0.118181818
18003,Baked Products,"BAGELS,EGG","Bagels, egg",,,,278,10.6,2.1,53.0,0.0,2.3,33.0,0.087,0.16,0.6,0.0,134,3.443,0.235,0.536,13,0.09,3.98,25,0.41,84,30.6,0.77,0.036666667,0.051176471,0.066666667,0.006666667,0.0,0.335,0.2151875,0.180769231,0.446666667,0.010833333,0.0001,0.05952381,0.12,0.556363636,0.07
18005,Baked Products,"BAGELS,CINNAMON-RAISIN","Bagels, cinnamon-raisin",,,,274,9.8,1.7,55.2,5.98,2.3,21.0,0.062,0.0,0.7,0.31,174,3.08,0.277,0.384,19,0.163,3.8,28,0.876,100,31.0,1.13,0.023333333,0.036470588,0.0,0.007777778,0.020666667,0.435,0.1925,0.213076923,0.32,0.015833333,0.000181111,0.066666667,0.142857143,0.563636364,0.102727273
18006,Baked Products,"BAGELS,CINNAMON-RAISIN,TSTD","Bagels, cinnamon-raisin, toasted",,,,294,10.6,1.8,59.3,6.43,2.5,23.0,0.06,0.0,0.6,0.34,162,2.981,0.268,0.33,20,0.16,4.09,23,0.328,83,33.3,0.81,0.025555556,0.035294118,0.0,0.006666667,0.022666667,0.405,0.1863125,0.206153846,0.275,0.016666667,0.000177778,0.054761905,0.118571429,0.605454545,0.073636364
18007,Baked Products,"BAGELS,OAT BRAN","Bagels, oat bran",,,,255,10.7,1.2,53.3,1.63,3.6,1.0,0.043,0.0,0.2,0.33,134,2.96,0.338,0.331,12,0.151,3.08,31,0.863,110,34.2,0.9,0.001111111,0.025294118,0.0,0.002222222,0.022,0.335,0.185,0.26,0.275833333,0.01,0.000167778,0.073809524,0.157142857,0.621818182,0.081818182
18009,Baked Products,"BISCUITS,PLN OR BTTRMLK,FRZ,BKD","Biscuits, plain or buttermilk, frozen, baked",,,,338,6.2,11.03,53.87,3.48,1.3,0.0,0.047,0.14,0.0,1.32,111,3.352,0.292,0.427,49,0.083,3.3,17,0.392,430,18.8,0.48,0.0,0.027647059,0.058333333,0.0,0.088,0.2775,0.2095,0.224615385,0.355833333,0.040833333,9.22222e-05,0.04047619,0.614285714,0.341818182,0.043636364
18010,Baked Products,"BISCUITS,PLN OR BTTRMLK,DRY MIX","Biscuits, plain or buttermilk, dry mix",,,,428,8.0,15.4,63.4,11.65,2.1,2.0,0.076,0.39,0.3,0.13,189,4.542,0.437,0.575,179,0.154,2.77,25,0.34,585,7.5,0.6,0.002222222,0.044705882,0.1625,0.003333333,0.008666667,0.4725,0.283875,0.336153846,0.479166667,0.149166667,0.000171111,0.05952381,0.835714286,0.136363636,0.054545455
18011,Baked Products,"BISCUITS,PLN OR BTTRMLK,DRY MIX,PREP","Biscuits, plain or buttermilk, dry mix, prepared",,,,335,7.3,12.1,48.4,0.0,1.8,26.0,0.068,0.21,0.4,0.0,84,3.021,0.357,0.35,185,0.116,2.05,25,0.249,470,6.2,0.61,0.028888889,0.04,0.0875,0.004444444,0.0,0.21,0.1888125,0.274615385,0.291666667,0.154166667,0.000128889,0.05952381,0.671428571,0.112727273,0.055454545
18012,Baked Products,"BISCUITS,PLN OR BTTRMLK,REFR DOUGH,LOWER FAT","Biscuits, plain or buttermilk, refrigerated dough, lower fat",,,,270,6.7,7.83,43.7,7.18,2.0,0.0,0.024,0.0,0.1,0.06,140,3.295,0.222,0.448,26,0.079,2.13,15,0.301,400,18.9,0.39,0.0,0.014117647,0.0,0.001111111,0.004,0.35,0.2059375,0.170769231,0.373333333,0.021666667,8.77778e-05,0.035714286,0.571428571,0.343636364,0.035454545
18013,Baked Products,"BISCUITS,PLN OR BTTRMLK,REFR DOUGH,LOWER FAT,BKD","Biscuits, plain or buttermilk, refrigerated dough, lower fat, baked",,,,299,7.8,5.2,55.4,8.14,1.9,0.0,0.029,0.0,0.0,0.07,138,3.448,0.232,0.417,19,0.092,3.09,17,0.35,465,17.8,0.46,0.0,0.017058824,0.0,0.0,0.004666667,0.345,0.2155,0.178461538,0.3475,0.015833333,0.000102222,0.04047619,0.664285714,0.323636364,0.041818182
18014,Baked Products,"BISCUIT, PLN OR BUTMLK, REFRI DOUGH, HIGHER FAT","Biscuits, plain or buttermilk, refrigerated dough, higher fat",,,,307,6.66,10.58,46.32,7.4,0.7,2.0,0.063,0.05,0.1,0.69,89,3.308,0.29,0.391,51,0.09,2.48,17,0.438,470,8.0,0.5,0.002222222,0.037058824,0.020833333,0.001111111,0.046,0.2225,0.20675,0.223076923,0.325833333,0.0425,0.0001,0.04047619,0.671428571,0.145454545,0.045454545
18015,Baked Products,"BISCUITS,PLN OR BTTRMLK,REFR DOUGH,HIGHER FAT,BKD","Biscuits, plain or buttermilk, refrigerated dough, higher fat, baked",,,,324,6.79,11.22,49.05,8.19,2.8,0.0,0.046,0.0,0.0,0.67,100,3.684,0.299,0.447,27,0.086,2.57,18,0.49,446,13.6,0.41,0.0,0.027058824,0.0,0.0,0.044666667,0.25,0.23025,0.23,0.3725,0.0225,9.55556e-05,0.042857143,0.637142857,0.247272727,0.037272727
18016,Baked Products,"BISCUITS,PLN OR BTTRMLK,PREP FROM RECIPE","Biscuits, plain or buttermilk, prepared from recipe",,,,353,7.0,16.3,44.6,2.18,1.5,0.0,0.035,0.08,0.2,0.0,95,2.949,0.31,0.356,235,0.082,2.9,18,0.378,164,19.5,0.54,0.0,0.020588235,0.033333333,0.002222222,0.0,0.2375,0.1843125,0.238461538,0.296666667,0.195833333,9.11111e-05,0.042857143,0.234285714,0.354545455,0.049090909
18017,Baked Products,"BISCUITS,MXD GRAIN,REFR DOUGH","Biscuits, mixed grain, refrigerated dough",,,,263,6.1,5.6,47.4,0.0,0.0,0.0,0.065,0.0,0.0,0.0,133,3.4,0.21,0.39,17,0.115,2.75,30,0.659,236,0.0,0.6,0.0,0.038235294,0.0,0.0,0.0,0.3325,0.2125,0.161538462,0.325,0.014166667,0.000127778,0.071428571,0.337142857,0.0,0.054545455
18019,Baked Products,"BREAD,BANANA,PREP FROM RECIPE,MADE W/MARGARINE","Bread, banana, prepared from recipe, made with margarine",,,,326,4.3,10.5,54.6,0.0,1.1,106.0,0.15,0.1,1.7,0.0,48,1.446,0.2,0.172,21,0.072,1.4,14,0.209,58,12.1,0.35,0.117777778,0.088235294,0.041666667,0.018888889,0.0,0.12,0.090375,0.153846154,0.143333333,0.0175,8e-05,0.033333333,0.082857143,0.22,0.031818182
18021,Baked Products,"BREAD,BOSTON BROWN,CANNED","Bread, boston brown, canned",,,,195,5.2,1.5,43.3,2.42,4.7,25.0,0.082,0.01,0.0,0.32,14,1.12,0.115,0.014,70,0.08,2.1,63,1.02,112,21.9,0.5,0.027777778,0.048235294,0.004166667,0.0,0.021333333,0.035,0.07,0.088461538,0.011666667,0.058333333,8.88889e-05,0.15,0.16,0.398181818,0.045454545
18022,Baked Products,"BREAD,CORNBREAD,DRY MIX,ENR (INCL CORN MUFFIN MIX)","Bread, cornbread, dry mix, enriched (includes corn muffin mix)",,,,418,7.0,12.2,69.5,20.34,6.5,19.0,0.128,0.09,0.1,0.16,150,3.342,0.272,0.427,57,0.085,2.5,24,0.315,489,5.6,0.57,0.021111111,0.075294118,0.0375,0.001111111,0.010666667,0.375,0.208875,0.209230769,0.355833333,0.0475,9.44444e-05,0.057142857,0.698571429,0.101818182,0.051818182
18023,Baked Products,"BREAD,CORNBREAD,DRY MIX,PREP W/ 2% MILK,80% MARGARINE,& EGGS","Bread, cornbread, dry mix, prepared with 2% milk, 80% margarine, and eggs",,,,330,6.59,9.58,54.46,16.05,2.3,35.0,0.085,0.23,0.1,0.51,86,2.004,0.175,0.19,135,0.073,1.85,17,0.222,391,8.7,0.67,0.038888889,0.05,0.095833333,0.001111111,0.034,0.215,0.12525,0.134615385,0.158333333,0.1125,8.11111e-05,0.04047619,0.558571429,0.158181818,0.060909091
18024,Baked Products,"BREAD,CORNBREAD,PREP FROM RECIPE,MADE W/LOFAT (2%) MILK","Bread, cornbread, prepared from recipe, made with low fat (2%) milk",,,,266,6.7,7.1,43.5,0.0,0.0,0.0,0.113,0.15,0.3,0.0,118,2.254,0.294,0.291,249,0.051,2.5,25,0.118,169,10.1,0.6,0.0,0.066470588,0.0625,0.003333333,0.0,0.295,0.140875,0.226153846,0.2425,0.2075,5.66667e-05,0.05952381,0.241428571,0.183636364,0.054545455
18025,Baked Products,"BREAD,CRACKED-WHEAT","Bread, cracked-wheat",,,,260,8.7,3.9,49.5,0.0,5.5,0.0,0.304,0.02,0.0,0.0,76,3.671,0.24,0.358,43,0.222,2.81,52,1.371,153,25.3,1.24,0.0,0.178823529,0.008333333,0.0,0.0,0.19,0.2294375,0.184615385,0.298333333,0.035833333,0.000246667,0.123809524,0.218571429,0.46,0.112727273
18027,Baked Products,"BREAD,EGG","Bread, egg",,,,287,9.5,6.0,47.8,1.78,2.3,63.0,0.064,0.1,0.0,0.26,130,4.848,0.436,0.438,93,0.162,3.04,19,0.5,106,30.1,0.79,0.07,0.037647059,0.041666667,0.0,0.017333333,0.325,0.303,0.335384615,0.365,0.0775,0.00018,0.045238095,0.151428571,0.547272727,0.071818182
18028,Baked Products,"BREAD,EGG,TOASTED","Bread, egg, toasted",,,,315,10.5,6.6,52.6,1.94,2.5,69.0,0.064,0.11,0.0,0.29,128,4.795,0.432,0.385,102,0.178,3.34,21,0.549,117,32.9,0.86,0.076666667,0.037647059,0.045833333,0.0,0.019333333,0.32,0.2996875,0.332307692,0.320833333,0.085,0.000197778,0.05,0.167142857,0.598181818,0.078181818
18029,Baked Products,"Bread, french","Bread, french or vienna (includes sourdough)",,,,272,10.75,2.42,51.88,4.62,2.2,0.0,0.107,0.0,0.0,0.21,170,4.817,0.427,0.71,52,0.152,3.91,32,0.577,105,28.6,1.04,0.0,0.062941176,0.0,0.0,0.014,0.425,0.3010625,0.328461538,0.591666667,0.043333333,0.000168889,0.076190476,0.15,0.52,0.094545455
18030,Baked Products,"BREAD, FRENCH OR VIENNA, TSTD (IND SOURDOUGH)","Bread, french or vienna, toasted (includes sourdough)",,,,319,13.0,2.14,61.93,3.59,3.1,0.0,0.096,0.0,0.2,0.19,217,5.38,0.37,0.427,47,0.15,3.87,31,0.573,126,29.7,1.05,0.0,0.056470588,0.0,0.002222222,0.012666667,0.5425,0.33625,0.284615385,0.355833333,0.039166667,0.000166667,0.073809524,0.18,0.54,0.095454545
18032,Baked Products,"BREAD,IRISH SODA,PREP FROM RECIPE","Bread, irish soda, prepared from recipe",,,,290,6.6,5.0,56.0,0.0,2.6,48.0,0.083,0.05,0.8,0.0,73,2.405,0.269,0.298,81,0.13,2.69,23,0.355,114,16.0,0.57,0.053333333,0.048823529,0.020833333,0.008888889,0.0,0.1825,0.1503125,0.206923077,0.248333333,0.0675,0.000144444,0.054761905,0.162857143,0.290909091,0.051818182
18033,Baked Products,"BREAD,ITALIAN","Bread, italian",,,,271,8.8,3.5,50.0,0.83,2.7,0.0,0.048,0.0,0.0,0.29,304,4.381,0.292,0.473,78,0.191,2.94,27,0.464,103,27.2,0.86,0.0,0.028235294,0.0,0.0,0.019333333,0.76,0.2738125,0.224615385,0.394166667,0.065,0.000212222,0.064285714,0.147142857,0.494545455,0.078181818
18035,Baked Products,"BREAD,MULTI-GRAIN (INCLUDES WHOLE-GRAIN)","Bread, Multi-Grain (includes whole-grain)",,,,265,13.36,4.23,43.34,6.39,7.4,0.0,0.263,0.0,0.1,0.37,75,4.042,0.131,0.279,103,0.282,2.5,78,2.025,228,32.9,1.7,0.0,0.154705882,0.0,0.001111111,0.024666667,0.1875,0.252625,0.100769231,0.2325,0.085833333,0.000313333,0.185714286,0.325714286,0.598181818,0.154545455
18036,Baked Products,"BREAD,MULTI-GRAIN,TSTD (INCLUDES WHOLE-GRAIN)","Bread, Multi-Grain, toasted (includes whole-grain)",,,,288,14.52,4.6,47.11,6.94,8.1,0.0,0.286,0.0,0.1,0.4,70,4.394,0.142,0.243,111,0.307,2.72,85,2.201,247,35.8,1.85,0.0,0.168235294,0.0,0.001111111,0.026666667,0.175,0.274625,0.109230769,0.2025,0.0925,0.000341111,0.202380952,0.352857143,0.650909091,0.168181818
18037,Baked Products,"BREAD,OAT BRAN","Bread, oat bran",,,,236,10.4,4.4,39.8,7.7,4.5,2.0,0.073,0.0,0.0,0.44,120,4.831,0.346,0.504,65,0.135,3.12,35,0.779,141,30.0,0.89,0.002222222,0.042941176,0.0,0.0,0.029333333,0.3,0.3019375,0.266153846,0.42,0.054166667,0.00015,0.083333333,0.201428571,0.545454545,0.080909091
18038,Baked Products,"BREAD,OAT BRAN,TOASTED","Bread, oat bran, toasted",,,,259,11.4,4.8,43.7,8.46,4.9,2.0,0.04,0.0,0.0,0.48,104,4.778,0.343,0.443,71,0.128,3.43,34,0.76,116,33.0,1.05,0.002222222,0.023529412,0.0,0.0,0.032,0.26,0.298625,0.263846154,0.369166667,0.059166667,0.000142222,0.080952381,0.165714286,0.6,0.095454545
18039,Baked Products,"BREAD,OATMEAL","Bread, oatmeal",,,,269,8.4,4.4,48.5,8.14,4.0,5.0,0.068,0.03,0.0,0.48,87,3.136,0.24,0.399,66,0.209,2.7,37,0.94,126,24.6,1.02,0.005555556,0.04,0.0125,0.0,0.032,0.2175,0.196,0.184615385,0.3325,0.055,0.000232222,0.088095238,0.18,0.447272727,0.092727273
18040,Baked Products,"BREAD,OATMEAL,TOASTED","Bread, oatmeal, toasted",,,,292,9.2,4.8,52.7,8.84,4.3,5.0,0.067,0.02,0.3,0.53,75,3.068,0.235,0.347,72,0.227,2.94,41,1.022,137,26.7,1.11,0.005555556,0.039411765,0.008333333,0.003333333,0.035333333,0.1875,0.19175,0.180769231,0.289166667,0.06,0.000252222,0.097619048,0.195714286,0.485454545,0.100909091
18041,Baked Products,"BREAD,PITA,WHITE,ENRICHED","Bread, pita, white, enriched",,,,275,9.1,1.2,55.7,1.3,2.2,0.0,0.034,0.0,0.0,0.3,165,4.632,0.327,0.599,86,0.168,2.62,26,0.481,97,27.1,0.84,0.0,0.02,0.0,0.0,0.02,0.4125,0.2895,0.251538462,0.499166667,0.071666667,0.000186667,0.061904762,0.138571429,0.492727273,0.076363636
18042,Baked Products,"BREAD,PITA,WHOLE-WHEAT","Bread, pita, whole-wheat",,,,266,9.8,2.6,55.0,0.82,7.4,0.0,0.265,0.0,0.0,0.61,35,2.84,0.08,0.339,15,0.29,3.06,69,1.74,180,44.0,1.52,0.0,0.155882353,0.0,0.0,0.040666667,0.0875,0.1775,0.061538462,0.2825,0.0125,0.000322222,0.164285714,0.257142857,0.8,0.138181818
18043,Baked Products,"BREAD,PROT (INCL GLUTEN)","Bread, protein (includes gluten)",,,,245,12.1,2.2,43.8,1.44,3.0,0.0,0.071,0.0,0.0,0.36,173,4.289,0.394,0.36,124,0.417,4.15,65,1.472,185,32.9,1.82,0.0,0.041764706,0.0,0.0,0.024,0.4325,0.2680625,0.303076923,0.3,0.103333333,0.000463333,0.154761905,0.264285714,0.598181818,0.165454545
18044,Baked Products,"BREAD,PUMPERNICKEL","Bread, pumpernickel",,,,250,8.7,3.1,47.5,0.53,6.5,0.0,0.126,0.0,0.0,0.42,134,3.091,0.305,0.327,68,0.287,2.87,54,1.305,178,24.5,1.48,0.0,0.074117647,0.0,0.0,0.028,0.335,0.1931875,0.234615385,0.2725,0.056666667,0.000318889,0.128571429,0.254285714,0.445454545,0.134545455
18045,Baked Products,"BREAD,PUMPERNICKEL,TSTD","Bread, pumpernickel, toasted",,,,275,9.5,3.4,52.2,0.58,7.1,0.0,0.124,0.0,0.0,0.46,129,3.057,0.301,0.287,74,0.315,3.15,60,1.434,195,26.9,1.62,0.0,0.072941176,0.0,0.0,0.030666667,0.3225,0.1910625,0.231538462,0.239166667,0.061666667,0.00035,0.142857143,0.278571429,0.489090909,0.147272727
18047,Baked Products,"BREAD,RAISIN,ENRICHED","Bread, raisin, enriched",,,,274,7.9,4.4,52.3,5.68,4.3,0.0,0.069,0.0,0.1,0.28,156,3.466,0.398,0.339,66,0.198,2.9,26,0.501,109,20.0,0.72,0.0,0.040588235,0.0,0.001111111,0.018666667,0.39,0.216625,0.306153846,0.2825,0.055,0.00022,0.061904762,0.155714286,0.363636364,0.065454545
18048,Baked Products,"BREAD,RAISIN,TSTD,ENR","Bread, raisin, toasted, enriched",,,,297,8.6,4.8,56.9,6.18,4.7,0.0,0.068,0.0,0.4,0.31,148,3.391,0.39,0.294,72,0.215,3.15,28,0.545,118,21.7,0.78,0.0,0.04,0.0,0.004444444,0.020666667,0.37,0.2119375,0.3,0.245,0.06,0.000238889,0.066666667,0.168571429,0.394545455,0.070909091
18049,Baked Products,"BREAD,RED-CAL,OAT BRAN","Bread, reduced-calorie, oat bran",,,,201,8.0,3.2,41.3,3.52,12.0,0.0,0.103,0.0,0.0,0.28,114,3.763,0.203,0.354,57,0.291,3.15,55,1.101,139,20.6,1.05,0.0,0.060588235,0.0,0.0,0.018666667,0.285,0.2351875,0.156153846,0.295,0.0475,0.000323333,0.130952381,0.198571429,0.374545455,0.095454545
18050,Baked Products,"BREAD,RED-CAL,OAT BRAN,TSTD","Bread, reduced-calorie, oat bran, toasted",,,,239,9.5,3.8,49.2,4.2,14.3,0.0,0.087,0.0,0.0,0.33,115,4.032,0.217,0.338,68,0.147,3.75,55,1.006,144,24.5,1.19,0.0,0.051176471,0.0,0.0,0.022,0.2875,0.252,0.166923077,0.281666667,0.056666667,0.000163333,0.130952381,0.205714286,0.445454545,0.108181818
18051,Baked Products,"BREAD,RED-CAL,OATMEAL","Bread, reduced-calorie, oatmeal",,,,210,7.6,3.5,43.3,0.0,0.0,0.0,0.045,0.1,0.2,0.0,70,3.03,0.28,0.348,115,0.099,2.3,24,0.539,100,23.0,0.83,0.0,0.026470588,0.041666667,0.002222222,0.0,0.175,0.189375,0.215384615,0.29,0.095833333,0.00011,0.057142857,0.142857143,0.418181818,0.075454545
18053,Baked Products,"BREAD,REDUCED-CALORIE,RYE","Bread, reduced-calorie, rye",,,,203,9.1,2.9,40.5,2.29,12.0,0.0,0.077,0.04,0.4,0.28,83,2.527,0.24,0.367,76,0.133,3.1,22,0.453,78,27.9,0.66,0.0,0.045294118,0.016666667,0.004444444,0.018666667,0.2075,0.1579375,0.184615385,0.305833333,0.063333333,0.000147778,0.052380952,0.111428571,0.507272727,0.06
18055,Baked Products,"BREAD,RED-CAL,WHEAT","Bread, reduced-calorie, wheat",,,,217,13.32,2.92,42.47,3.71,11.1,0.0,0.06,0.0,0.1,0.24,135,3.78,0.14,0.35,163,0.171,2.91,43,1.21,149,30.4,1.35,0.0,0.035294118,0.0,0.001111111,0.016,0.3375,0.23625,0.107692308,0.291666667,0.135833333,0.00019,0.102380952,0.212857143,0.552727273,0.122727273
18057,Baked Products,"BREAD,RED-CAL,WHITE","Bread, reduced-calorie, white",,,,207,8.7,2.5,44.3,4.76,9.7,0.0,0.042,0.28,0.5,0.19,138,3.641,0.289,0.41,94,0.33,3.19,23,0.391,121,21.7,1.34,0.0,0.024705882,0.116666667,0.005555556,0.012666667,0.345,0.2275625,0.222307692,0.341666667,0.078333333,0.000366667,0.054761905,0.172857143,0.394545455,0.121818182
18059,Baked Products,"BREAD,RICE BRAN","Bread, rice bran",,,,243,8.9,4.6,43.5,4.67,4.9,0.0,0.268,0.0,0.0,0.65,125,6.81,0.3,0.653,69,0.184,3.61,80,1.585,178,28.7,1.31,0.0,0.157647059,0.0,0.0,0.043333333,0.3125,0.425625,0.230769231,0.544166667,0.0575,0.000204444,0.19047619,0.254285714,0.521818182,0.119090909
18060,Baked Products,"BREAD,RYE","Bread, rye",,,,259,8.5,3.3,48.3,3.85,5.8,0.0,0.075,0.0,0.4,0.33,151,3.805,0.335,0.434,73,0.186,2.83,40,0.824,125,30.9,1.14,0.0,0.044117647,0.0,0.004444444,0.022,0.3775,0.2378125,0.257692308,0.361666667,0.060833333,0.000206667,0.095238095,0.178571429,0.561818182,0.103636364
18061,Baked Products,"BREAD,RYE,TOASTED","Bread, rye, toasted",,,,284,9.4,3.6,53.1,4.23,6.4,0.0,0.074,0.0,0.2,0.37,148,3.763,0.332,0.382,80,0.204,3.1,43,0.905,138,34.0,1.25,0.0,0.043529412,0.0,0.002222222,0.024666667,0.37,0.2351875,0.255384615,0.318333333,0.066666667,0.000226667,0.102380952,0.197142857,0.618181818,0.113636364
18064,Baked Products,"BREAD,WHEAT","Bread, wheat",,,,267,10.72,3.24,48.68,5.91,4.0,0.0,0.111,0.0,0.2,0.19,99,5.62,0.253,0.415,133,0.159,3.49,45,1.177,149,28.8,1.19,0.0,0.065294118,0.0,0.002222222,0.012666667,0.2475,0.35125,0.194615385,0.345833333,0.110833333,0.000176667,0.107142857,0.212857143,0.523636364,0.108181818
18065,Baked Products,"BREAD, WHEAT, TSTD","Bread, wheat, toasted",,,,313,12.96,4.27,55.77,6.42,4.7,0.0,0.153,0.0,0.2,0.24,100,6.25,0.382,0.439,165,0.198,4.09,59,1.377,188,33.4,1.47,0.0,0.09,0.0,0.002222222,0.016,0.25,0.390625,0.293846154,0.365833333,0.1375,0.00022,0.14047619,0.268571429,0.607272727,0.133636364
18066,Baked Products,"BREAD,WHEAT BRAN","Bread, wheat bran",,,,248,8.8,3.4,47.8,9.68,4.0,0.0,0.176,0.0,0.0,0.32,161,4.402,0.287,0.397,74,0.221,3.07,81,1.668,185,31.0,1.35,0.0,0.103529412,0.0,0.0,0.021333333,0.4025,0.275125,0.220769231,0.330833333,0.061666667,0.000245556,0.192857143,0.264285714,0.563636364,0.122727273
18068,Baked Products,"BREAD,WHEAT GERM","Bread, wheat germ",,,,261,9.6,2.9,48.3,3.73,2.1,0.0,0.079,0.07,0.2,0.51,162,4.498,0.375,0.369,89,0.204,3.45,28,0.845,121,27.2,0.98,0.0,0.046470588,0.029166667,0.002222222,0.034,0.405,0.281125,0.288461538,0.3075,0.074166667,0.000226667,0.066666667,0.172857143,0.494545455,0.089090909
18069,Baked Products,"BREAD,WHITE,COMMLY PREP (INCL SOFT BREAD CRUMBS)","Bread, white, commercially prepared (includes soft bread crumbs)",,,,266,8.85,3.33,49.42,5.67,2.7,0.0,0.087,0.0,0.0,0.22,171,4.78,0.243,0.533,144,0.101,3.61,23,0.536,98,22.0,0.74,0.0,0.051176471,0.0,0.0,0.014666667,0.4275,0.29875,0.186923077,0.444166667,0.12,0.000112222,0.054761905,0.14,0.4,0.067272727
18070,Baked Products,"BREAD,WHITE,COMMLY PREP,TSTD","Bread, white, commercially prepared, toasted",,,,293,9.0,4.0,54.4,4.74,2.5,0.0,0.063,0.02,0.0,0.24,159,3.926,0.337,0.415,119,0.138,3.33,26,0.421,103,31.0,0.68,0.0,0.037058824,0.008333333,0.0,0.016,0.3975,0.245375,0.259230769,0.345833333,0.099166667,0.000153333,0.061904762,0.147142857,0.563636364,0.061818182
18071,Baked Products,"BREAD,WHITE,PREP FROM RECIPE,MADE W/NONFAT DRY MILK","Bread, white, prepared from recipe, made with nonfat dry milk",,,,274,7.7,2.6,53.6,0.0,2.0,12.0,0.037,0.02,0.0,0.0,126,3.731,0.352,0.431,32,0.112,3.18,17,0.46,96,23.1,0.59,0.013333333,0.021764706,0.008333333,0.0,0.0,0.315,0.2331875,0.270769231,0.359166667,0.026666667,0.000124444,0.04047619,0.137142857,0.42,0.053636364
18073,Baked Products,"BREAD,WHITE,PREP FROM RECIPE,MADE W/LOFAT (2%) MILK","Bread, white, prepared from recipe, made with low fat (2%) milk",,,,285,7.9,5.7,49.6,0.0,2.0,22.0,0.051,0.08,0.2,0.0,125,3.588,0.383,0.405,57,0.115,2.97,19,0.416,115,21.3,0.64,0.024444444,0.03,0.033333333,0.002222222,0.0,0.3125,0.22425,0.294615385,0.3375,0.0475,0.000127778,0.045238095,0.164285714,0.387272727,0.058181818
18075,Baked Products,"BREAD,WHOLE-WHEAT,COMM. PREPARED","Bread, whole-wheat, commercially prepared",,,,252,12.45,3.5,42.71,4.34,6.0,0.0,0.215,0.0,0.0,2.66,42,4.438,0.167,0.394,161,0.227,2.47,75,2.174,212,25.7,1.77,0.0,0.126470588,0.0,0.0,0.177333333,0.105,0.277375,0.128461538,0.328333333,0.134166667,0.000252222,0.178571429,0.302857143,0.467272727,0.160909091
18076,Baked Products,"BREAD, WHOLE-WHEAT, COMMER PREP, TOASTED","Bread, whole-wheat, commercially prepared, toasted",,,,306,16.27,4.07,51.16,5.77,9.2,0.0,0.237,0.0,0.0,0.63,52,5.732,0.284,0.376,130,0.67,2.96,99,2.545,303,52.6,2.15,0.0,0.139411765,0.0,0.0,0.042,0.13,0.35825,0.218461538,0.313333333,0.108333333,0.000744444,0.235714286,0.432857143,0.956363636,0.195454545
18077,Baked Products,"BREAD,WHOLE-WHEAT,PREP FROM RECIPE","Bread, whole-wheat, prepared from recipe",,,,278,8.4,5.4,51.4,3.84,6.0,0.0,0.199,0.0,0.0,0.76,78,3.985,0.227,0.303,33,0.253,3.1,81,1.881,187,38.6,1.5,0.0,0.117058824,0.0,0.0,0.050666667,0.195,0.2490625,0.174615385,0.2525,0.0275,0.000281111,0.192857143,0.267142857,0.701818182,0.136363636
18078,Baked Products,"BREAD,WHOLE-WHEAT,PREP FROM RECIPE,TSTD","Bread, whole-wheat, prepared from recipe, toasted",,,,305,9.2,5.9,56.4,4.22,6.7,0.0,0.197,0.0,0.0,0.84,89,3.941,0.225,0.266,36,0.278,3.4,89,2.067,205,42.5,1.65,0.0,0.115882353,0.0,0.0,0.056,0.2225,0.2463125,0.173076923,0.221666667,0.03,0.000308889,0.211904762,0.292857143,0.772727273,0.15
18079,Baked Products,"BREAD CRUMBS,DRY,GRATED,PLN","Bread crumbs, dry, grated, plain",,,,395,13.35,5.3,71.98,6.2,4.5,0.0,0.121,0.35,0.0,0.08,164,6.634,0.403,0.967,183,0.255,4.83,43,0.919,165,25.2,1.45,0.0,0.071176471,0.145833333,0.0,0.005333333,0.41,0.414625,0.31,0.805833333,0.1525,0.000283333,0.102380952,0.235714286,0.458181818,0.131818182
18080,Baked Products,"BREAD STICKS,PLAIN","Bread sticks, plain",,,,412,12.0,9.5,68.4,1.26,3.0,0.0,0.073,0.0,0.0,1.01,255,5.281,0.553,0.589,22,0.188,4.28,32,0.557,121,37.5,0.88,0.0,0.042941176,0.0,0.0,0.067333333,0.6375,0.3300625,0.425384615,0.490833333,0.018333333,0.000208889,0.076190476,0.172857143,0.681818182,0.08
18081,Baked Products,"BREAD STUFFING,BREAD,DRY MIX","Bread stuffing, bread, dry mix",,,,386,11.0,3.4,76.2,8.27,3.2,0.0,0.152,0.02,0.0,0.38,225,5.766,0.404,0.596,97,0.238,3.81,40,0.594,141,48.0,0.93,0.0,0.089411765,0.008333333,0.0,0.025333333,0.5625,0.360375,0.310769231,0.496666667,0.080833333,0.000264444,0.095238095,0.201428571,0.872727273,0.084545455
18082,Baked Products,"BREAD STUFFING,BREAD,DRY MIX,PREP","Bread stuffing, bread, dry mix, prepared",,,,177,3.2,8.6,21.7,2.11,2.9,118.0,0.04,0.01,0.0,1.4,54,1.475,0.107,0.136,32,0.072,1.09,12,0.169,42,49.8,0.28,0.131111111,0.023529412,0.004166667,0.0,0.093333333,0.135,0.0921875,0.082307692,0.113333333,0.026666667,8e-05,0.028571429,0.06,0.905454545,0.025454545
18084,Baked Products,"BREAD STUFFING,CORNBREAD,DRY MIX","Bread stuffing, cornbread, dry mix",,,,389,10.0,4.2,76.7,4.77,14.3,8.0,0.146,0.01,3.5,0.0,269,4.873,0.348,0.509,78,0.228,3.25,44,0.529,113,29.6,0.75,0.008888889,0.085882353,0.004166667,0.038888889,0.0,0.6725,0.3045625,0.267692308,0.424166667,0.065,0.000253333,0.104761905,0.161428571,0.538181818,0.068181818
18085,Baked Products,"BREAD STUFFING,CORNBREAD,DRY MIX,PREP","Bread stuffing, cornbread, dry mix, prepared",,,,179,2.9,8.8,21.9,3.92,2.9,78.0,0.038,0.01,0.8,0.85,159,1.247,0.092,0.117,26,0.069,0.94,13,0.114,34,30.7,0.23,0.086666667,0.022352941,0.004166667,0.008888889,0.056666667,0.3975,0.0779375,0.070769231,0.0975,0.021666667,7.66667e-05,0.030952381,0.048571429,0.558181818,0.020909091
18086,Baked Products,"CAKE,ANGELFOOD,COMMLY PREP","Cake, angelfood, commercially prepared",,,,258,5.9,0.8,57.8,0.0,1.5,0.0,0.031,0.06,0.0,0.0,57,0.883,0.491,0.102,140,0.078,0.52,12,0.085,324,7.3,0.07,0.0,0.018235294,0.025,0.0,0.0,0.1425,0.0551875,0.377692308,0.085,0.116666667,8.66667e-05,0.028571429,0.462857143,0.132727273,0.006363636
18087,Baked Products,"CAKE MIX,ANGELFOOD,DRY","Cake mix, angelfood, dry",,,,366,6.4,0.27,86.13,61.33,0.5,0.0,0.009,0.05,0.0,0.0,60,0.267,0.267,0.0,153,0.094,0.27,11,0.142,337,12.6,0.16,0.0,0.005294118,0.020833333,0.0,0.0,0.15,0.0166875,0.205384615,0.0,0.1275,0.000104444,0.026190476,0.481428571,0.229090909,0.014545455
18088,Baked Products,"CAKE,ANGELFOOD,DRY MIX,PREP","Cake, angelfood, dry mix, prepared",,,,257,6.1,0.3,58.7,30.51,0.2,0.0,0.006,0.03,0.0,0.01,29,0.171,0.202,0.092,84,0.068,0.23,8,0.063,232,15.3,0.13,0.0,0.003529412,0.0125,0.0,0.000666667,0.0725,0.0106875,0.155384615,0.076666667,0.07,7.55556e-05,0.019047619,0.331428571,0.278181818,0.011818182
18090,Baked Products,"CAKE,BOSTON CRM PIE,COMMLY PREP","Cake, boston cream pie, commercially prepared",,,,252,2.4,8.5,42.9,36.11,1.4,24.0,0.026,0.16,0.2,0.15,18,0.191,0.27,0.408,23,0.042,0.38,6,0.05,49,4.1,0.16,0.026666667,0.015294118,0.066666667,0.002222222,0.01,0.045,0.0119375,0.207692308,0.34,0.019166667,4.66667e-05,0.014285714,0.07,0.074545455,0.014545455
18092,Baked Products,"CAKE,CARROT,DRY MIX,PUDDING-TYPE","Cake, carrot, dry mix, pudding-type",,,,415,5.1,9.8,79.2,0.0,0.0,97.0,0.079,0.04,1.2,0.0,104,2.205,0.17,0.265,172,0.05,1.8,8,0.528,247,14.9,0.2,0.107777778,0.046470588,0.016666667,0.013333333,0.0,0.26,0.1378125,0.130769231,0.220833333,0.143333333,5.55556e-05,0.019047619,0.352857143,0.270909091,0.018181818
18095,Baked Products,"CAKE,CHERRY FUDGE W/CHOC FRSTNG","Cake, cherry fudge with chocolate frosting",,,,264,2.4,12.5,38.0,32.94,1.2,77.0,0.06,0.21,13.6,0.75,13,0.7,0.19,0.03,48,0.057,1.1,19,0.067,105,3.4,0.28,0.085555556,0.035294118,0.0875,0.151111111,0.05,0.0325,0.04375,0.146153846,0.025,0.04,6.33333e-05,0.045238095,0.15,0.061818182,0.025454545
18096,Baked Products,"CAKE,CHOC,COMMLY PREP W/ CHOC FRSTNG,IN-STORE BAKERY","Cake, chocolate, commercially prepared with chocolate frosting, in-store bakery",,,,389,3.48,20.05,52.84,39.96,2.2,1.0,0.0,0.0,0.1,4.33,23,0.773,0.057,0.0,30,0.216,3.04,31,0.329,137,7.8,0.58,0.001111111,0.0,0.0,0.001111111,0.288666667,0.0575,0.0483125,0.043846154,0.0,0.025,0.00024,0.073809524,0.195714286,0.141818182,0.052727273
18097,Baked Products,"CAKE,CHOC,DRY MIX,PUDDING-TYPE","Cake, chocolate, dry mix, pudding-type",,,,391,4.6,8.14,80.16,39.53,2.3,1.0,0.031,0.5,0.1,0.65,85,2.417,0.17,0.21,133,0.272,2.92,41,0.213,286,3.3,0.78,0.001111111,0.018235294,0.208333333,0.001111111,0.043333333,0.2125,0.1510625,0.130769231,0.175,0.110833333,0.000302222,0.097619048,0.408571429,0.06,0.070909091
18101,Baked Products,"CAKE,CHOC,PREP FROM RECIPE WO/FRSTNG","Cake, chocolate, prepared from recipe without frosting",,,,371,5.3,15.1,53.4,0.0,1.6,0.0,0.041,0.16,0.2,0.0,39,1.137,0.213,0.141,60,0.207,1.61,32,0.28,106,11.9,0.69,0.0,0.024117647,0.066666667,0.002222222,0.0,0.0975,0.0710625,0.163846154,0.1175,0.05,0.00023,0.076190476,0.151428571,0.216363636,0.062727273
18102,Baked Products,"CAKE,WHITE,PREP FROM RECIPE W/COCNT FRSTNG","Cake, white, prepared from recipe with coconut frosting",,,,356,4.4,10.3,63.2,57.39,1.0,12.0,0.029,0.06,0.1,0.12,51,1.063,0.189,0.128,90,0.067,1.16,12,0.277,70,10.7,0.33,0.013333333,0.017058824,0.025,0.001111111,0.008,0.1275,0.0664375,0.145384615,0.106666667,0.075,7.44444e-05,0.028571429,0.1,0.194545455,0.03
18103,Baked Products,"COFFEECAKE,CHEESE","Coffeecake, cheese",,,,339,7.0,15.2,44.3,0.0,1.0,86.0,0.058,0.34,0.1,0.0,53,0.682,0.125,0.105,59,0.052,0.64,15,0.172,101,13.3,0.59,0.095555556,0.034117647,0.141666667,0.001111111,0.0,0.1325,0.042625,0.096153846,0.0875,0.049166667,5.77778e-05,0.035714286,0.144285714,0.241818182,0.053636364
18104,Baked Products,"COFFEECAKE,CINN W/CRUMB TOPPING,COMMLY PREP,ENR","Coffeecake, cinnamon with crumb topping, commercially prepared, enriched",,,,418,6.8,23.3,46.7,0.0,2.0,33.0,0.027,0.18,0.3,0.0,81,1.678,0.229,0.209,54,0.125,1.91,22,0.45,108,17.2,0.81,0.036666667,0.015882353,0.075,0.003333333,0.0,0.2025,0.104875,0.176153846,0.174166667,0.045,0.000138889,0.052380952,0.154285714,0.312727273,0.073636364
18105,Baked Products,"COFFEECAKE,CREME-FILLED W/CHOC FRSTNG","Coffeecake, creme-filled with chocolate frosting",,,,331,5.0,10.8,53.8,0.0,2.0,37.0,0.041,0.2,0.1,0.0,58,0.84,0.074,0.08,38,0.07,0.51,15,0.19,75,14.4,0.44,0.041111111,0.024117647,0.083333333,0.001111111,0.0,0.145,0.0525,0.056923077,0.066666667,0.031666667,7.77778e-05,0.035714286,0.107142857,0.261818182,0.04
18106,Baked Products,"COFFEECAKE,FRUIT","Coffeecake, fruit",,,,311,5.2,10.2,51.5,0.0,2.5,7.0,0.037,0.02,0.8,0.0,67,2.573,0.19,0.037,45,0.03,2.43,17,0.24,118,16.5,0.65,0.007777778,0.021764706,0.008333333,0.008888889,0.0,0.1675,0.1608125,0.146153846,0.030833333,0.0375,3.33333e-05,0.04047619,0.168571429,0.3,0.059090909
18107,Baked Products,"COFFEECAKE,CINN W/CRUMB TOPPING,DRY MIX","Coffeecake, cinnamon with crumb topping, dry mix",,,,436,4.8,12.0,77.7,42.52,1.8,7.0,0.044,0.0,0.2,0.12,136,2.505,0.13,0.291,148,0.22,1.9,19,0.411,256,16.1,0.34,0.007777778,0.025882353,0.0,0.002222222,0.008,0.34,0.1565625,0.1,0.2425,0.123333333,0.000244444,0.045238095,0.365714286,0.292727273,0.030909091
18108,Baked Products,"COFFEECAKE,CINN W/CRUMB TOPPING,DRY MIX,PREP","Coffeecake, cinnamon with crumb topping, dry mix, prepared",,,,318,5.5,9.6,52.8,29.53,1.2,35.0,0.05,0.14,0.2,0.2,73,1.519,0.175,0.167,136,0.149,1.43,18,0.31,215,16.7,0.45,0.038888889,0.029411765,0.058333333,0.002222222,0.013333333,0.1825,0.0949375,0.134615385,0.139166667,0.113333333,0.000165556,0.042857143,0.307142857,0.303636364,0.040909091
18110,Baked Products,"CAKE,FRUITCAKE,COMMLY PREP","Cake, fruitcake, commercially prepared",,,,324,2.9,9.1,61.6,27.42,3.7,7.0,0.046,0.01,0.5,0.9,32,0.791,0.099,0.05,33,0.05,2.07,16,0.22,52,2.0,0.27,0.007777778,0.027058824,0.004166667,0.005555556,0.06,0.08,0.0494375,0.076153846,0.041666667,0.0275,5.55556e-05,0.038095238,0.074285714,0.036363636,0.024545455
18112,Baked Products,"CAKE MIX,PUDD,DRY,GERMAN CHOC","Cake mix, pudding, dry, german chocolate",,,,350,4.17,3.24,81.25,42.13,2.1,1.0,0.035,0.0,0.0,0.08,80,2.315,0.231,0.231,189,0.156,3.01,22,0.105,294,3.1,0.42,0.001111111,0.020588235,0.0,0.0,0.005333333,0.2,0.1446875,0.177692308,0.1925,0.1575,0.000173333,0.052380952,0.42,0.056363636,0.038181818
18114,Baked Products,"CAKE,GINGERBREAD,DRY MIX","Cake, gingerbread, dry mix",,,,437,4.4,13.8,74.6,46.62,1.7,0.0,0.041,0.0,0.2,0.2,77,2.55,0.24,0.34,94,0.246,4.7,21,0.556,226,2.1,0.36,0.0,0.024117647,0.0,0.002222222,0.013333333,0.1925,0.159375,0.184615385,0.283333333,0.078333333,0.000273333,0.05,0.322857143,0.038181818,0.032727273
18116,Baked Products,"CAKE,GINGERBREAD,PREP FROM RECIPE","Cake, gingerbread, prepared from recipe",,,,356,3.9,16.4,49.2,0.0,0.0,14.0,0.19,0.06,0.1,0.0,51,1.738,0.162,0.19,71,0.195,2.88,70,0.683,54,16.3,0.39,0.015555556,0.111764706,0.025,0.001111111,0.0,0.1275,0.108625,0.124615385,0.158333333,0.059166667,0.000216667,0.166666667,0.077142857,0.296363636,0.035454545
18117,Baked Products,"CAKE,MARBLE,DRY MIX,PUDDING-TYPE","Cake, marble, dry mix, pudding-type",,,,416,3.4,11.7,79.5,35.71,2.9,1.0,0.025,0.0,0.0,0.85,55,1.546,0.13,0.181,76,0.135,1.62,18,0.139,275,2.6,0.35,0.001111111,0.014705882,0.0,0.0,0.056666667,0.1375,0.096625,0.1,0.150833333,0.063333333,0.00015,0.042857143,0.392857143,0.047272727,0.031818182
18119,Baked Products,"CAKE,PNAPPL UPSIDE-DOWN,PREP FROM RECIPE","Cake, pineapple upside-down, prepared from recipe",,,,319,3.5,12.1,50.5,0.0,0.8,62.0,0.034,0.08,1.2,0.0,39,1.19,0.156,0.153,120,0.087,1.48,13,0.35,82,9.4,0.31,0.068888889,0.02,0.033333333,0.013333333,0.0,0.0975,0.074375,0.12,0.1275,0.1,9.66667e-05,0.030952381,0.117142857,0.170909091,0.028181818
18120,Baked Products,"CAKE,POUND,COMMLY PREP,BUTTER (INCLUDES FRSH & FROZEN)","Cake, pound, commercially prepared, butter (includes fresh and frozen)",,,,353,5.0,13.96,53.64,33.36,0.6,70.0,0.036,0.36,0.0,0.65,52,1.615,0.249,0.173,47,0.042,1.48,8,0.11,140,5.0,0.43,0.077777778,0.021176471,0.15,0.0,0.043333333,0.13,0.1009375,0.191538462,0.144166667,0.039166667,4.66667e-05,0.019047619,0.2,0.090909091,0.039090909
18121,Baked Products,"CAKE,POUND,COMMLY PREP,OTHER THAN ALL BUTTER,ENR","Cake, pound, commercially prepared, other than all butter, enriched",,,,389,5.2,17.9,52.5,0.0,1.0,35.0,0.023,0.14,0.1,0.0,55,1.349,0.26,0.143,64,0.054,1.62,13,0.088,134,6.8,0.39,0.038888889,0.013529412,0.058333333,0.001111111,0.0,0.1375,0.0843125,0.2,0.119166667,0.053333333,6e-05,0.030952381,0.191428571,0.123636364,0.035454545
18126,Baked Products,"CAKE,SHORTCAKE,BISCUIT-TYPE,PREP FROM RECIPE","Cake, shortcake, biscuit-type, prepared from recipe",,,,346,6.1,14.2,48.5,0.0,0.0,18.0,0.03,0.07,0.2,0.0,83,2.573,0.272,0.311,205,0.076,2.54,16,0.33,143,17.0,0.48,0.02,0.017647059,0.029166667,0.002222222,0.0,0.2075,0.1608125,0.209230769,0.259166667,0.170833333,8.44444e-05,0.038095238,0.204285714,0.309090909,0.043636364
18127,Baked Products,"CAKE,SNACK CAKES,CREME-FILLED,CHOC W/ FRSTNG","Cake, snack cakes, creme-filled, chocolate with frosting",,,,399,3.63,15.93,60.31,37.76,3.2,1.0,0.143,0.06,1.9,1.09,35,0.925,0.075,0.037,116,0.305,3.6,36,0.485,87,3.4,1.04,0.001111111,0.084117647,0.025,0.021111111,0.072666667,0.0875,0.0578125,0.057692308,0.030833333,0.096666667,0.000338889,0.085714286,0.124285714,0.061818182,0.094545455
18128,Baked Products,"CAKE,SNACK CAKES,CREME-FILLED,SPONGE","Cake, snack cakes, creme-filled, sponge",,,,374,3.47,11.54,64.03,37.3,1.0,5.0,0.0,0.19,0.1,0.62,54,1.549,0.168,0.181,24,0.148,1.36,8,0.305,185,3.5,0.6,0.005555556,0.0,0.079166667,0.001111111,0.041333333,0.135,0.0968125,0.129230769,0.150833333,0.02,0.000164444,0.019047619,0.264285714,0.063636364,0.054545455
18131,Baked Products,"CAKE,WHITE,DRY MIX,SPL DIETARY (INCL LEMON-FLAVORED)","Cake, white, dry mix, special dietary (includes lemon-flavored)",,,,397,3.0,8.4,79.6,0.0,0.0,0.0,0.018,0.0,0.0,0.0,111,2.395,0.179,0.289,26,0.057,1.99,10,0.3,296,2.5,0.3,0.0,0.010588235,0.0,0.0,0.0,0.2775,0.1496875,0.137692308,0.240833333,0.021666667,6.33333e-05,0.023809524,0.422857143,0.045454545,0.027272727
18133,Baked Products,"CAKE,SPONGE,COMMLY PREP","Cake, sponge, commercially prepared",,,,290,5.4,2.7,61.0,36.66,0.5,44.0,0.052,0.24,0.0,0.24,71,1.932,0.269,0.243,70,0.062,2.72,11,0.21,137,9.1,0.51,0.048888889,0.030588235,0.1,0.0,0.016,0.1775,0.12075,0.206923077,0.2025,0.058333333,6.88889e-05,0.026190476,0.195714286,0.165454545,0.046363636
18134,Baked Products,"CAKE,SPONGE,PREP FROM RECIPE","Cake, sponge, prepared from recipe",,,,297,7.3,4.3,57.7,0.0,0.0,77.0,0.059,0.37,0.0,0.0,53,1.204,0.301,0.159,42,0.056,1.58,9,0.167,100,18.5,0.59,0.085555556,0.034705882,0.154166667,0.0,0.0,0.1325,0.07525,0.231538462,0.1325,0.035,6.22222e-05,0.021428571,0.142857143,0.336363636,0.053636364
18135,Baked Products,"CAKE,WHITE,DRY MIX,PUDDING-TYPE,ENR","Cake, white, dry mix, pudding-type, enriched",,,,423,3.9,9.5,80.9,48.95,0.7,0.0,0.018,0.04,0.0,0.08,135,2.425,0.18,0.28,77,0.056,1.36,9,0.278,277,2.7,0.25,0.0,0.010588235,0.016666667,0.0,0.005333333,0.3375,0.1515625,0.138461538,0.233333333,0.064166667,6.22222e-05,0.021428571,0.395714286,0.049090909,0.022727273
18139,Baked Products,"CAKE,WHITE,PREP FROM RECIPE WO/FRSTNG","Cake, white, prepared from recipe without frosting",,,,357,5.4,12.4,57.2,35.49,0.8,15.0,0.021,0.08,0.2,0.12,60,1.533,0.242,0.186,130,0.059,1.52,12,0.197,93,13.0,0.32,0.016666667,0.012352941,0.033333333,0.002222222,0.008,0.15,0.0958125,0.186153846,0.155,0.108333333,6.55556e-05,0.028571429,0.132857143,0.236363636,0.029090909
18140,Baked Products,"CAKE,YEL,COMMLY PREP,W/ CHOC FRSTNG,IN-STORE BAKERY","Cake, yellow, commercially prepared, with chocolate frosting, in-store bakery",,,,379,3.16,17.75,55.36,39.22,1.5,7.0,0.0,0.0,0.0,4.5,32,0.8,0.093,0.043,32,0.159,2.03,20,0.222,138,5.9,0.42,0.007777778,0.0,0.0,0.0,0.3,0.08,0.05,0.071538462,0.035833333,0.026666667,0.000176667,0.047619048,0.197142857,0.107272727,0.038181818
18141,Baked Products,"CAKE,YEL,COMMLY PREP,W/VANILLA FRSTNG","Cake, yellow, commercially prepared, with vanilla frosting",,,,391,2.99,17.91,56.2,41.79,0.3,32.0,0.043,0.15,0.0,1.19,40,0.5,0.07,0.1,62,0.034,1.07,6,0.095,143,5.5,0.25,0.035555556,0.025294118,0.0625,0.0,0.079333333,0.1,0.03125,0.053846154,0.083333333,0.051666667,3.77778e-05,0.014285714,0.204285714,0.1,0.022727273
18142,Baked Products,"CAKE,YEL,DRY MIX,PUDDING-TYPE","Cake, yellow, dry mix, pudding-type",,,,423,4.0,9.8,80.0,44.21,0.7,0.0,0.016,0.05,0.0,0.77,171,2.588,0.188,0.307,115,0.058,1.57,9,0.28,253,2.4,0.27,0.0,0.009411765,0.020833333,0.0,0.051333333,0.4275,0.16175,0.144615385,0.255833333,0.095833333,6.44444e-05,0.021428571,0.361428571,0.043636364,0.024545455
18144,Baked Products,"CAKE,YEL,DRY MIX,REG,ENR","Cake, yellow, dry mix, regular, enriched",,,,374,3.7,3.5,81.92,43.29,1.2,0.0,0.077,0.1,0.0,0.92,108,2.315,0.231,0.231,211,0.072,2.08,10,0.191,310,3.0,0.27,0.0,0.045294118,0.041666667,0.0,0.061333333,0.27,0.1446875,0.177692308,0.1925,0.175833333,8e-05,0.023809524,0.442857143,0.054545455,0.024545455
18146,Baked Products,"CAKE,YEL,PREP FROM RECIPE WO/FRSTNG","Cake, yellow, prepared from recipe without frosting",,,,361,5.3,14.6,53.0,0.0,0.7,40.0,0.036,0.16,0.2,0.0,51,1.456,0.233,0.183,146,0.056,1.64,12,0.19,117,13.7,0.45,0.044444444,0.021176471,0.066666667,0.002222222,0.0,0.1275,0.091,0.179230769,0.1525,0.121666667,6.22222e-05,0.028571429,0.167142857,0.249090909,0.040909091
18147,Baked Products,CHEESECAKE COMMLY PREP,Cheesecake commercially prepared,,,,321,5.5,22.5,25.5,21.8,0.4,159.0,0.052,0.17,0.4,0.56,20,0.195,0.193,0.028,51,0.02,0.63,11,0.14,93,5.2,0.51,0.176666667,0.030588235,0.070833333,0.004444444,0.037333333,0.05,0.0121875,0.148461538,0.023333333,0.0425,2.22222e-05,0.026190476,0.132857143,0.094545455,0.046363636
18148,Baked Products,"CHEESECAKE PREP FROM MIX,NO-BAKE TYPE","Cheesecake prepared from mix, no-bake type",,,,274,5.5,12.7,35.5,0.0,1.9,96.0,0.052,0.31,0.5,0.0,38,0.493,0.263,0.121,172,0.029,0.47,19,0.12,234,4.7,0.46,0.106666667,0.030588235,0.129166667,0.005555556,0.0,0.095,0.0308125,0.202307692,0.100833333,0.143333333,3.22222e-05,0.045238095,0.334285714,0.085454545,0.041818182
18150,Baked Products,"COOKIES,ANIMAL CRACKERS (INCL ARROWROOT,TEA BISCUITS,)","Cookies, animal crackers (includes arrowroot, tea biscuits)",,,,446,6.9,13.8,74.1,23.3,1.1,0.0,0.022,0.05,0.0,0.12,165,3.47,0.326,0.35,43,0.157,2.75,18,0.423,114,7.0,0.64,0.0,0.012941176,0.020833333,0.0,0.008,0.4125,0.216875,0.250769231,0.291666667,0.035833333,0.000174444,0.042857143,0.162857143,0.127272727,0.058181818
18151,Baked Products,"COOKIES,BROWNIES,COMMLY PREP","Cookies, brownies, commercially prepared",,,,405,4.8,16.3,63.9,36.61,2.1,20.0,0.035,0.07,0.0,0.15,72,1.721,0.21,0.255,29,0.224,2.25,31,0.128,101,6.3,0.72,0.022222222,0.020588235,0.029166667,0.0,0.01,0.18,0.1075625,0.161538462,0.2125,0.024166667,0.000248889,0.073809524,0.144285714,0.114545455,0.065454545
18152,Baked Products,"COOKIES,BROWNIES,DRY MIX,REG","Cookies, brownies, dry mix, regular",,,,434,4.0,14.9,76.6,0.0,0.0,1.0,0.067,0.0,0.3,0.0,53,1.882,0.162,0.165,19,0.276,1.99,40,0.351,82,2.6,0.64,0.001111111,0.039411765,0.0,0.003333333,0.0,0.1325,0.117625,0.124615385,0.1375,0.015833333,0.000306667,0.095238095,0.117142857,0.047272727,0.058181818
18154,Baked Products,"COOKIES,BROWNIES,PREP FROM RECIPE","Cookies, brownies, prepared from recipe",,,,466,6.2,29.1,50.2,0.0,0.0,176.0,0.094,0.16,0.3,0.0,39,0.982,0.19,0.141,57,0.388,1.84,53,0.587,132,11.5,0.97,0.195555556,0.055294118,0.066666667,0.003333333,0.0,0.0975,0.061375,0.146153846,0.1175,0.0475,0.000431111,0.126190476,0.188571429,0.209090909,0.088181818
18155,Baked Products,"COOKIES,BUTTER,COMMLY PREP,ENR","Cookies, butter, commercially prepared, enriched",,,,467,6.1,18.8,68.9,20.24,0.8,165.0,0.036,0.36,0.0,0.58,125,3.19,0.335,0.37,29,0.2,2.22,12,0.17,102,8.4,0.38,0.183333333,0.021176471,0.15,0.0,0.038666667,0.3125,0.199375,0.257692308,0.308333333,0.024166667,0.000222222,0.028571429,0.145714286,0.152727273,0.034545455
18156,Baked Products,"COOKIES,FUDGE,CAKE-TYPE (INCL TROLLEY CAKES)","Cookies, fudge, cake-type (includes trolley cakes)",,,,349,5.0,3.7,78.3,0.0,2.8,0.0,0.031,0.08,0.1,0.0,67,1.203,0.194,0.226,34,0.291,2.48,32,0.322,83,3.6,0.55,0.0,0.018235294,0.033333333,0.001111111,0.0,0.1675,0.0751875,0.149230769,0.188333333,0.028333333,0.000323333,0.076190476,0.118571429,0.065454545,0.05
18157,Baked Products,"COOKIES,CHOCOLATE WAFERS","Cookies, chocolate wafers",,,,433,6.6,14.2,72.7,37.43,3.4,3.0,0.051,0.09,0.0,0.72,75,2.858,0.266,0.203,31,0.463,4.01,53,0.696,132,5.7,1.09,0.003333333,0.03,0.0375,0.0,0.048,0.1875,0.178625,0.204615385,0.169166667,0.025833333,0.000514444,0.126190476,0.188571429,0.103636364,0.099090909
18158,Baked Products,"COOKIES,CHOC CHIP,COMMLY PREP,REG,LOWER FAT","Cookies, chocolate chip, commercially prepared, regular, lower fat",,,,451,5.97,17.91,67.49,32.84,3.0,0.0,0.022,0.0,0.0,1.47,96,1.982,0.185,0.263,0,0.204,3.22,32,0.394,63,6.0,0.59,0.0,0.012941176,0.0,0.0,0.098,0.24,0.123875,0.142307692,0.219166667,0.0,0.000226667,0.076190476,0.09,0.109090909,0.053636364
18159,Baked Products,"COOKIES,CHOC CHIP,COMMLY PREP,REG,HIGHER FAT,ENR","Cookies, chocolate chip, commercially prepared, regular, higher fat, enriched",,,,492,5.1,24.72,65.36,32.9,2.0,0.0,0.058,0.03,0.0,2.01,92,2.665,0.297,0.292,21,0.323,5.58,41,0.62,109,3.9,0.72,0.0,0.034117647,0.0125,0.0,0.134,0.23,0.1665625,0.228461538,0.243333333,0.0175,0.000358889,0.097619048,0.155714286,0.070909091,0.065454545
18160,Baked Products,"COOKIES,CHOC CHIP,COMMLY PREP,SOFT-TYPE","Cookies, chocolate chip, commercially prepared, soft-type",,,,444,3.63,19.77,65.75,37.1,1.8,0.0,0.05,0.0,0.0,1.55,45,2.06,0.283,0.14,17,0.227,4.07,29,0.423,61,3.1,0.54,0.0,0.029411765,0.0,0.0,0.103333333,0.1125,0.12875,0.217692308,0.116666667,0.014166667,0.000252222,0.069047619,0.087142857,0.056363636,0.049090909
18161,Baked Products,"COOKIES,CHOC CHIP,DRY MIX","Cookies, chocolate chip, dry mix",,,,497,4.6,25.2,66.1,0.0,0.0,0.0,0.017,0.0,0.0,0.0,83,1.99,0.205,0.195,43,0.3,2.07,36,0.363,80,2.4,0.6,0.0,0.01,0.0,0.0,0.0,0.2075,0.124375,0.157692308,0.1625,0.035833333,0.000333333,0.085714286,0.114285714,0.043636364,0.054545455
18163,Baked Products,"COOKIES,CHOC CHIP,REFR DOUGH","Cookies, chocolate chip, refrigerated dough",,,,451,3.98,21.33,61.02,38.04,1.5,4.0,0.038,0.08,0.0,0.0,91,1.975,0.191,0.187,14,0.18,2.0,24,0.373,69,5.0,0.5,0.004444444,0.022352941,0.033333333,0.0,0.0,0.2275,0.1234375,0.146923077,0.155833333,0.011666667,0.0002,0.057142857,0.098571429,0.090909091,0.045454545
18164,Baked Products,"COOKIES,CHOC CHIP,REFR DOUGH,BKD","Cookies, chocolate chip, refrigerated dough, baked",,,,492,4.9,22.6,68.2,0.0,1.7,18.0,0.005,0.07,0.0,0.0,70,1.975,0.191,0.166,28,0.2,2.5,27,0.473,76,5.6,0.56,0.02,0.002941176,0.029166667,0.0,0.0,0.175,0.1234375,0.146923077,0.138333333,0.023333333,0.000222222,0.064285714,0.108571429,0.101818182,0.050909091
18165,Baked Products,"COOKIES,CHOC CHIP,PREP FROM RECIPE,MADE W/MARGARINE","Cookies, chocolate chip, prepared from recipe, made with margarine",,,,488,5.7,28.3,58.4,0.0,2.8,143.0,0.085,0.08,0.3,0.0,47,1.362,0.178,0.185,39,0.383,2.46,55,0.663,100,11.1,0.93,0.158888889,0.05,0.033333333,0.003333333,0.0,0.1175,0.085125,0.136923077,0.154166667,0.0325,0.000425556,0.130952381,0.142857143,0.201818182,0.084545455
18166,Baked Products,"COOKIES,CHOC SNDWCH,W/CREME FILLING,REG","Cookies, chocolate sandwich, with creme filling, regular",,,,464,5.21,19.14,71.0,40.67,2.9,1.0,0.023,0.0,0.0,2.47,102,2.603,0.238,0.197,21,0.334,12.14,47,0.7,93,5.2,0.74,0.001111111,0.013529412,0.0,0.0,0.164666667,0.255,0.1626875,0.183076923,0.164166667,0.0175,0.000371111,0.111904762,0.132857143,0.094545455,0.067272727
18167,Baked Products,"COOKIES,CHOC SNDWCH,W/CREME FILLING,REG,CHOCOLATE-COATED","Cookies, chocolate sandwich, with creme filling, regular, chocolate-coated",,,,481,3.6,26.4,66.4,49.58,5.2,2.0,0.044,0.05,0.0,1.58,26,1.373,0.204,0.095,35,0.315,3.13,39,0.372,90,3.2,0.58,0.002222222,0.025882353,0.020833333,0.0,0.105333333,0.065,0.0858125,0.156923077,0.079166667,0.029166667,0.00035,0.092857143,0.128571429,0.058181818,0.052727273
18168,Baked Products,"COOKIES,CHOC SNDWCH,W/EX CREME FILLING","Cookies, chocolate sandwich, with extra creme filling",,,,497,4.33,24.52,68.2,46.0,2.7,0.0,0.0,0.02,0.0,1.89,69,1.937,0.12,0.115,16,0.337,7.8,36,0.497,69,8.1,0.78,0.0,0.0,0.008333333,0.0,0.126,0.1725,0.1210625,0.092307692,0.095833333,0.013333333,0.000374444,0.085714286,0.098571429,0.147272727,0.070909091
18170,Baked Products,"COOKIES,FIG BARS","Cookies, fig bars",,,,348,3.7,7.3,70.9,46.36,4.6,9.0,0.075,0.09,0.3,0.65,53,1.874,0.217,0.158,64,0.147,2.9,27,0.343,62,3.3,0.39,0.01,0.044117647,0.0375,0.003333333,0.043333333,0.1325,0.117125,0.166923077,0.131666667,0.053333333,0.000163333,0.064285714,0.088571429,0.06,0.035454545
18171,Baked Products,"COOKIES,FORTUNE","Cookies, fortune",,,,378,4.2,2.7,84.0,45.42,1.6,1.0,0.013,0.01,0.0,0.03,105,1.84,0.13,0.182,12,0.06,1.44,7,0.19,35,2.9,0.17,0.001111111,0.007647059,0.004166667,0.0,0.002,0.2625,0.115,0.1,0.151666667,0.01,6.66667e-05,0.016666667,0.05,0.052727273,0.015454545
18172,Baked Products,"COOKIES,GINGERSNAPS","Cookies, gingersnaps",,,,416,5.6,9.8,76.9,19.92,2.2,0.0,0.098,0.0,0.0,0.97,145,3.235,0.293,0.2,77,0.305,6.4,49,1.555,83,5.1,0.55,0.0,0.057647059,0.0,0.0,0.064666667,0.3625,0.2021875,0.225384615,0.166666667,0.064166667,0.000338889,0.116666667,0.118571429,0.092727273,0.05
18173,Baked Products,"COOKIES,GRAHAM CRACKERS,PLN OR HONEY (INCL CINN)","Cookies, graham crackers, plain or honey (includes cinnamon)",,,,430,6.69,10.6,77.66,24.85,3.4,0.0,0.156,0.0,0.0,1.51,142,4.439,0.317,0.265,77,0.17,3.78,40,1.019,185,6.3,0.96,0.0,0.091764706,0.0,0.0,0.100666667,0.355,0.2774375,0.243846154,0.220833333,0.064166667,0.000188889,0.095238095,0.264285714,0.114545455,0.087272727
18174,Baked Products,"COOKIES,GRAHAM CRACKERS,CHOCOLATE-COATED","Cookies, graham crackers, chocolate-coated",,,,500,4.0,25.8,66.78,37.3,2.2,2.0,0.064,0.1,0.1,0.99,77,1.7,0.15,0.27,46,0.194,2.0,16,0.464,87,11.1,0.2,0.002222222,0.037647059,0.041666667,0.001111111,0.066,0.1925,0.10625,0.115384615,0.225,0.038333333,0.000215556,0.038095238,0.124285714,0.201818182,0.018181818
18175,Baked Products,"COOKIES,LADYFINGERS,W/LEMON JUC&RIND","Cookies, ladyfingers, with lemon juice and rind",,,,365,10.6,9.1,59.7,25.39,1.0,3.0,0.122,0.75,3.7,0.63,76,2.104,0.428,0.284,47,0.095,3.58,12,0.24,173,21.1,1.14,0.003333333,0.071764706,0.3125,0.041111111,0.042,0.19,0.1315,0.329230769,0.236666667,0.039166667,0.000105556,0.028571429,0.247142857,0.383636364,0.103636364
18176,Baked Products,"COOKIES,MARSHMLLW,CHOCOLATE-COATED (INCL MARSHMLLW PIES)","Cookies, marshmallow, chocolate-coated (includes marshmallow pies)",,,,421,4.0,16.9,67.7,44.8,2.0,1.0,0.062,0.17,0.1,0.14,37,0.784,0.208,0.093,46,0.262,2.53,36,0.285,97,4.4,0.65,0.001111111,0.036470588,0.070833333,0.001111111,0.009333333,0.0925,0.049,0.16,0.0775,0.038333333,0.000291111,0.085714286,0.138571429,0.08,0.059090909
18177,Baked Products,"COOKIES,MOLASSES","Cookies, molasses",,,,430,5.6,12.8,73.8,17.6,1.0,0.0,0.104,0.0,0.0,0.11,146,3.031,0.264,0.355,74,0.373,6.43,52,1.257,95,5.6,0.45,0.0,0.061176471,0.0,0.0,0.007333333,0.365,0.1894375,0.203076923,0.295833333,0.061666667,0.000414444,0.123809524,0.135714286,0.101818182,0.040909091
18178,Baked Products,"COOKIES,OATMEAL,COMMLY PREP,REG","Cookies, oatmeal, commercially prepared, regular",,,,450,6.2,18.1,68.7,24.66,2.8,5.0,0.066,0.0,0.5,0.26,95,2.227,0.23,0.267,37,0.134,2.58,33,0.839,138,9.8,0.79,0.005555556,0.038823529,0.0,0.005555556,0.017333333,0.2375,0.1391875,0.176923077,0.2225,0.030833333,0.000148889,0.078571429,0.197142857,0.178181818,0.071818182
18179,Baked Products,"COOKIES,OATMEAL,COMMLY PREP,SOFT-TYPE","Cookies, oatmeal, commercially prepared, soft-type",,,,409,6.1,14.7,65.7,0.0,2.7,5.0,0.085,0.01,0.2,0.0,52,1.823,0.228,0.186,90,0.55,2.79,30,0.421,209,10.5,0.44,0.005555556,0.05,0.004166667,0.002222222,0.0,0.13,0.1139375,0.175384615,0.155,0.075,0.000611111,0.071428571,0.298571429,0.190909091,0.04
18180,Baked Products,"COOKIES,OATMEAL,DRY MIX","Cookies, oatmeal, dry mix",,,,462,6.5,19.2,67.3,0.0,0.0,1.0,0.042,0.0,0.1,0.0,77,1.3,0.14,0.142,25,0.2,2.22,48,1.23,163,10.6,0.8,0.001111111,0.024705882,0.0,0.001111111,0.0,0.1925,0.08125,0.107692308,0.118333333,0.020833333,0.000222222,0.114285714,0.232857143,0.192727273,0.072727273
18182,Baked Products,"COOKIES,OATMEAL,REFR DOUGH","Cookies, oatmeal, refrigerated dough",,,,424,5.4,18.9,59.1,0.0,2.5,4.0,0.041,0.04,0.0,0.0,53,1.865,0.148,0.234,31,0.11,2.14,28,0.765,104,9.1,0.64,0.004444444,0.024117647,0.016666667,0.0,0.0,0.1325,0.1165625,0.113846154,0.195,0.025833333,0.000122222,0.066666667,0.148571429,0.165454545,0.058181818
18183,Baked Products,"COOKIES,OATMEAL,REFR DOUGH,BKD","Cookies, oatmeal, refrigerated dough, baked",,,,471,6.0,21.0,65.7,0.0,2.8,4.0,0.055,0.04,0.1,0.0,41,1.865,0.148,0.208,35,0.122,2.38,32,0.953,116,10.1,0.71,0.004444444,0.032352941,0.016666667,0.001111111,0.0,0.1025,0.1165625,0.113846154,0.173333333,0.029166667,0.000135556,0.076190476,0.165714286,0.183636364,0.064545455
18184,Baked Products,"COOKIES,OATMEAL,PREP FROM RECIPE,W/RAISINS","Cookies, oatmeal, prepared from recipe, with raisins",,,,435,6.5,16.2,68.4,0.0,0.0,143.0,0.071,0.08,0.5,0.0,43,1.259,0.166,0.249,100,0.181,2.65,42,0.987,161,15.6,0.86,0.158888889,0.041764706,0.033333333,0.005555556,0.0,0.1075,0.0786875,0.127692308,0.2075,0.083333333,0.000201111,0.1,0.23,0.283636364,0.078181818
18185,Baked Products,"COOKIES,PNUT BUTTER,COMMLY PREP,REG","Cookies, peanut butter, commercially prepared, regular",,,,473,8.92,23.82,58.15,28.58,2.1,9.0,0.122,0.04,0.0,3.53,78,3.86,0.208,0.208,41,0.153,2.11,44,0.643,156,6.3,0.86,0.01,0.071764706,0.016666667,0.0,0.235333333,0.195,0.24125,0.16,0.173333333,0.034166667,0.00017,0.104761905,0.222857143,0.114545455,0.078181818
18186,Baked Products,"COOKIES,PNUT BUTTER,COMMLY PREP,SOFT-TYPE","Cookies, peanut butter, commercially prepared, soft-type",,,,457,5.3,24.4,57.7,0.0,1.7,0.0,0.027,0.0,0.0,0.0,110,2.16,0.165,0.248,12,0.08,0.89,32,0.43,87,4.4,0.55,0.0,0.015882353,0.0,0.0,0.0,0.275,0.135,0.126923077,0.206666667,0.01,8.88889e-05,0.076190476,0.124285714,0.08,0.05
18187,Baked Products,"COOKIES,PNUT BUTTER,REFR DOUGH","Cookies, peanut butter, refrigerated dough",,,,458,8.2,25.0,52.1,0.0,1.1,14.0,0.142,0.04,0.0,0.0,89,4.143,0.186,0.191,101,0.151,1.7,37,0.326,241,5.0,0.68,0.015555556,0.083529412,0.016666667,0.0,0.0,0.2225,0.2589375,0.143076923,0.159166667,0.084166667,0.000167778,0.088095238,0.344285714,0.090909091,0.061818182
18188,Baked Products,"COOKIES,PNUT BUTTER,REFR DOUGH,BKD","Cookies, peanut butter, refrigerated dough, baked",,,,503,9.1,27.5,57.3,0.0,1.2,14.0,0.064,0.06,0.0,0.0,69,4.098,0.184,0.168,111,0.166,1.87,41,0.461,264,5.1,0.75,0.015555556,0.037647059,0.025,0.0,0.0,0.1725,0.256125,0.141538462,0.14,0.0925,0.000184444,0.097619048,0.377142857,0.092727273,0.068181818
18189,Baked Products,"COOKIES,PNUT BUTTER,PREP FROM RECIPE","Cookies, peanut butter, prepared from recipe",,,,475,9.0,23.8,58.9,0.0,0.0,137.0,0.084,0.09,0.1,0.0,81,3.514,0.21,0.222,39,0.183,2.23,39,0.57,116,14.8,0.82,0.152222222,0.049411765,0.0375,0.001111111,0.0,0.2025,0.219625,0.161538462,0.185,0.0325,0.000203333,0.092857143,0.165714286,0.269090909,0.074545455
18190,Baked Products,"COOKIES,PNUT BUTTER SNDWCH,REG","Cookies, peanut butter sandwich, regular",,,,478,8.8,21.1,65.6,35.44,1.9,1.0,0.139,0.23,0.1,1.87,93,3.739,0.263,0.325,53,0.237,2.6,49,0.912,188,7.7,1.06,0.001111111,0.081764706,0.095833333,0.001111111,0.124666667,0.2325,0.2336875,0.202307692,0.270833333,0.044166667,0.000263333,0.116666667,0.268571429,0.14,0.096363636
18191,Baked Products,"COOKIES,RAISIN,SOFT-TYPE","Cookies, raisin, soft-type",,,,401,4.1,13.6,68.0,47.56,1.2,2.0,0.052,0.03,0.4,2.22,48,1.967,0.206,0.216,46,0.413,2.29,21,0.305,83,2.8,0.32,0.002222222,0.030588235,0.0125,0.004444444,0.148,0.12,0.1229375,0.158461538,0.18,0.038333333,0.000458889,0.05,0.118571429,0.050909091,0.029090909
18192,Baked Products,"COOKIES,SHORTBREAD,COMMLY PREP,PLN","Cookies, shortbread, commercially prepared, plain",,,,514,5.37,26.22,63.78,21.65,1.3,0.0,0.071,0.0,0.0,2.44,124,3.275,0.314,0.353,13,0.09,2.98,14,0.393,66,6.2,0.49,0.0,0.041764706,0.0,0.0,0.162666667,0.31,0.2046875,0.241538462,0.294166667,0.010833333,0.0001,0.033333333,0.094285714,0.112727273,0.044545455
18193,Baked Products,"COOKIES,SHORTBREAD,COMMLY PREP,PECAN","Cookies, shortbread, commercially prepared, pecan",,,,542,4.9,32.5,58.3,0.0,1.8,1.0,0.02,0.01,0.0,0.0,102,2.481,0.22,0.293,30,0.152,2.43,18,0.617,85,3.2,0.58,0.001111111,0.011764706,0.004166667,0.0,0.0,0.255,0.1550625,0.169230769,0.244166667,0.025,0.000168889,0.042857143,0.121428571,0.058181818,0.052727273
18196,Baked Products,"COOKIES,BROWNIES,DRY MIX,SPL DIETARY","Cookies, brownies, dry mix, special dietary",,,,426,2.9,12.5,80.4,0.0,4.2,0.0,0.008,0.0,0.0,0.0,80,1.24,0.109,0.139,12,0.026,1.52,4,0.201,57,2.0,0.14,0.0,0.004705882,0.0,0.0,0.0,0.2,0.0775,0.083846154,0.115833333,0.01,2.88889e-05,0.00952381,0.081428571,0.036363636,0.012727273
18198,Baked Products,"COOKIES,CHOC CHIP,COMMLY PREP,SPL DIETARY","Cookies, chocolate chip, commercially prepared, special dietary",,,,450,3.9,16.8,73.4,39.81,1.6,1.0,0.018,0.0,0.0,1.06,87,2.843,0.188,0.373,46,0.218,3.5,21,0.365,109,2.6,0.47,0.001111111,0.010588235,0.0,0.0,0.070666667,0.2175,0.1776875,0.144615385,0.310833333,0.038333333,0.000242222,0.05,0.155714286,0.047272727,0.042727273
18199,Baked Products,"COOKIES,CHOC SNDWCH,W/CREME FILLING,SPL DIETARY","Cookies, chocolate sandwich, with creme filling, special dietary",,,,461,4.5,22.1,68.0,19.73,4.1,1.0,0.033,0.04,0.0,1.64,98,3.971,0.292,0.524,98,0.22,4.72,26,0.403,200,3.7,0.58,0.001111111,0.019411765,0.016666667,0.0,0.109333333,0.245,0.2481875,0.224615385,0.436666667,0.081666667,0.000244444,0.061904762,0.285714286,0.067272727,0.052727273
18200,Baked Products,"COOKIES,OATMEAL,COMMLY PREP,SPL DIETARY","Cookies, oatmeal, commercially prepared, special dietary",,,,449,4.8,18.0,69.9,31.65,2.9,1.0,0.026,0.0,0.3,1.52,74,3.236,0.211,0.46,54,0.151,4.07,17,0.64,122,4.4,0.49,0.001111111,0.015294118,0.0,0.003333333,0.101333333,0.185,0.20225,0.162307692,0.383333333,0.045,0.000167778,0.04047619,0.174285714,0.08,0.044545455
18201,Baked Products,"COOKIES,PNUT BUTTER SNDWCH,SPL DIETARY","Cookies, peanut butter sandwich, special dietary",,,,535,10.0,34.0,50.8,0.0,0.0,0.0,0.078,0.01,0.0,0.0,69,5.259,0.148,0.346,43,0.267,2.55,51,0.705,154,3.5,1.03,0.0,0.045882353,0.004166667,0.0,0.0,0.1725,0.3286875,0.113846154,0.288333333,0.035833333,0.000296667,0.121428571,0.22,0.063636364,0.093636364
18202,Baked Products,"COOKIES,SUGAR WAFERS W/CREME FILLING,SPL DIETARY","Cookies, sugar wafers with creme filling, special dietary",,,,502,3.1,25.7,66.0,0.0,0.0,0.0,0.009,0.0,0.0,0.0,69,1.533,0.107,0.164,53,0.038,1.44,6,0.254,34,6.3,0.2,0.0,0.005294118,0.0,0.0,0.0,0.1725,0.0958125,0.082307692,0.136666667,0.044166667,4.22222e-05,0.014285714,0.048571429,0.114545455,0.018181818
18204,Baked Products,"COOKIES,SUGAR,COMMLY PREP,REG (INCL VANILLA)","Cookies, sugar, commercially prepared, regular (includes vanilla)",,,,464,5.35,19.55,67.34,27.31,1.3,7.0,0.068,0.19,0.1,3.07,95,2.942,0.236,0.232,35,0.079,2.24,13,0.307,99,8.2,0.43,0.007777778,0.04,0.079166667,0.001111111,0.204666667,0.2375,0.183875,0.181538462,0.193333333,0.029166667,8.77778e-05,0.030952381,0.141428571,0.149090909,0.039090909
18205,Baked Products,"COOKIES,SUGAR,REFR DOUGH","Cookies, sugar, refrigerated dough",,,,436,4.0,19.48,61.22,36.51,0.9,11.0,0.019,0.02,0.0,0.19,0,2.412,0.122,0.205,8,0.037,1.85,7,0.308,169,3.1,0.24,0.012222222,0.011176471,0.008333333,0.0,0.012666667,0.0,0.15075,0.093846154,0.170833333,0.006666667,4.11111e-05,0.016666667,0.241428571,0.056363636,0.021818182
18206,Baked Products,"COOKIES,SUGAR,REFR DOUGH,BKD","Cookies, sugar, refrigerated dough, baked",,,,484,4.7,23.1,65.6,23.96,0.8,12.0,0.023,0.07,0.0,0.21,115,2.412,0.122,0.182,90,0.041,1.84,8,0.289,187,3.5,0.27,0.013333333,0.013529412,0.029166667,0.0,0.014,0.2875,0.15075,0.093846154,0.151666667,0.075,4.55556e-05,0.019047619,0.267142857,0.063636364,0.024545455
18208,Baked Products,"COOKIES,SUGAR,PREP FROM RECIPE,MADE W/MARGARINE","Cookies, sugar, prepared from recipe, made with margarine",,,,472,5.9,23.4,60.0,24.86,1.2,238.0,0.03,0.09,0.1,2.57,98,2.443,0.257,0.294,73,0.078,2.33,12,0.316,90,17.6,0.42,0.264444444,0.017647059,0.0375,0.001111111,0.171333333,0.245,0.1526875,0.197692308,0.245,0.060833333,8.66667e-05,0.028571429,0.128571429,0.32,0.038181818
18209,Baked Products,"COOKIES,SUGAR WAFERS W/CREME FILLING,REG","Cookies, sugar wafers with creme filling, regular",,,,502,3.84,23.24,70.64,42.95,1.6,0.0,0.043,0.0,0.0,2.5,129,2.183,0.12,0.037,27,0.066,3.73,16,0.421,72,3.7,0.43,0.0,0.025294118,0.0,0.0,0.166666667,0.3225,0.1364375,0.092307692,0.030833333,0.0225,7.33333e-05,0.038095238,0.102857143,0.067272727,0.039090909
18210,Baked Products,"COOKIES,VANILLA SNDWCH W/CREME FILLING","Cookies, vanilla sandwich with creme filling",,,,483,4.5,20.0,72.1,39.3,1.5,0.0,0.018,0.0,0.0,1.6,82,2.69,0.243,0.261,27,0.114,2.21,14,0.292,75,3.0,0.4,0.0,0.010588235,0.0,0.0,0.106666667,0.205,0.168125,0.186923077,0.2175,0.0225,0.000126667,0.033333333,0.107142857,0.054545455,0.036363636
18211,Baked Products,"PUFF PASTRY,FRZ,RTB,BKD","Puff pastry, frozen, ready-to-bake, baked",,,,558,7.4,38.5,45.7,0.75,1.5,0.0,0.019,0.0,0.0,0.55,87,3.8,0.258,0.323,10,0.115,2.6,16,0.495,60,24.5,0.54,0.0,0.011176471,0.0,0.0,0.036666667,0.2175,0.2375,0.198461538,0.269166667,0.008333333,0.000127778,0.038095238,0.085714286,0.445454545,0.049090909
18212,Baked Products,"COOKIES,VANILLA WAFERS,LOWER FAT","Cookies, vanilla wafers, lower fat",,,,441,5.0,15.2,73.6,37.5,1.9,8.0,0.073,0.13,0.0,0.23,96,3.106,0.32,0.275,48,0.1,2.38,14,0.262,104,11.3,0.36,0.008888889,0.042941176,0.054166667,0.0,0.015333333,0.24,0.194125,0.246153846,0.229166667,0.04,0.000111111,0.033333333,0.148571429,0.205454545,0.032727273
18213,Baked Products,"COOKIES,VANILLA WAFERS,HIGHER FAT","Cookies, vanilla wafers, higher fat",,,,473,4.3,19.4,71.1,0.0,2.0,0.0,0.024,0.04,0.0,0.0,68,2.976,0.209,0.361,25,0.124,2.21,12,0.384,64,11.3,0.33,0.0,0.014117647,0.016666667,0.0,0.0,0.17,0.186,0.160769231,0.300833333,0.020833333,0.000137778,0.028571429,0.091428571,0.205454545,0.03
18214,Baked Products,"CRACKERS,CHEESE,REGULAR","Crackers, cheese, regular",,,,489,10.93,22.74,59.42,4.53,2.3,17.0,0.17,0.34,0.0,2.19,241,6.113,0.338,0.562,136,0.125,4.88,25,0.562,200,13.5,1.19,0.018888889,0.1,0.141666667,0.0,0.146,0.6025,0.3820625,0.26,0.468333333,0.113333333,0.000138889,0.05952381,0.285714286,0.245454545,0.108181818
18215,Baked Products,"CRACKERS,CHS,SANDWICH-TYPE W/PNUT BUTTER FILLING","Crackers, cheese, sandwich-type with peanut butter filling",,,,496,12.41,25.12,56.74,6.98,3.4,1.0,0.151,0.28,0.0,2.37,142,5.831,0.294,0.552,50,0.302,2.72,56,0.822,268,8.2,1.04,0.001111111,0.088823529,0.116666667,0.0,0.158,0.355,0.3644375,0.226153846,0.46,0.041666667,0.000335556,0.133333333,0.382857143,0.149090909,0.094545455
18216,Baked Products,"CRACKERS,CRISPBREAD,RYE","Crackers, crispbread, rye",,,,366,7.9,1.3,82.2,1.07,16.5,0.0,0.21,0.0,0.0,0.81,65,1.04,0.145,0.243,31,0.255,2.43,78,2.475,269,36.6,2.39,0.0,0.123529412,0.0,0.0,0.054,0.1625,0.065,0.111538462,0.2025,0.025833333,0.000283333,0.185714286,0.384285714,0.665454545,0.217272727
18217,Baked Products,"CRACKERS,MATZO,PLAIN","Crackers, matzo, plain",,,,395,10.0,1.4,83.7,0.29,3.0,0.0,0.115,0.0,0.0,0.06,17,3.892,0.291,0.387,13,0.06,3.16,25,0.65,89,36.9,0.68,0.0,0.067647059,0.0,0.0,0.004,0.0425,0.24325,0.223846154,0.3225,0.010833333,6.66667e-05,0.05952381,0.127142857,0.670909091,0.061818182
18218,Baked Products,"CRACKERS,MATZO,EGG","Crackers, matzo, egg",,,,391,12.3,2.1,78.6,0.0,2.8,13.0,0.054,0.19,0.1,0.0,24,5.08,0.618,0.788,40,0.155,2.7,24,0.6,148,27.7,0.73,0.014444444,0.031764706,0.079166667,0.001111111,0.0,0.06,0.3175,0.475384615,0.656666667,0.033333333,0.000172222,0.057142857,0.211428571,0.503636364,0.066363636
18219,Baked Products,"CRACKERS,MATZO,WHOLE-WHEAT","Crackers, matzo, whole-wheat",,,,351,13.1,1.5,78.9,0.0,11.8,0.0,0.159,0.0,0.0,0.0,35,5.41,0.271,0.365,23,0.35,4.65,134,3.5,305,75.1,2.61,0.0,0.093529412,0.0,0.0,0.0,0.0875,0.338125,0.208461538,0.304166667,0.019166667,0.000388889,0.319047619,0.435714286,1.365454545,0.237272727
18220,Baked Products,"CRACKERS,MELBA TOAST,PLN","Crackers, melba toast, plain",,,,390,12.1,3.2,76.6,0.94,6.3,0.0,0.098,0.0,0.0,0.43,193,4.113,0.273,0.413,93,0.289,3.7,59,1.13,196,34.8,2.01,0.0,0.057647059,0.0,0.0,0.028666667,0.4825,0.2570625,0.21,0.344166667,0.0775,0.000321111,0.14047619,0.28,0.632727273,0.182727273
18221,Baked Products,"CRACKERS,MELBA TOAST,RYE (INCL PUMPERNICKEL)","Crackers, melba toast, rye (includes pumpernickel)",,,,389,11.6,3.4,77.3,0.0,8.0,0.0,0.086,0.0,0.0,0.0,129,4.718,0.284,0.473,78,0.401,3.68,39,0.738,183,38.7,1.36,0.0,0.050588235,0.0,0.0,0.0,0.3225,0.294875,0.218461538,0.394166667,0.065,0.000445556,0.092857143,0.261428571,0.703636364,0.123636364
18222,Baked Products,"CRACKERS,MELBA TOAST,WHEAT","Crackers, melba toast, wheat",,,,374,12.9,2.3,76.4,0.0,7.4,0.0,0.103,0.0,0.0,0.0,208,5.083,0.299,0.422,43,0.265,4.5,56,1.064,165,55.0,1.5,0.0,0.060588235,0.0,0.0,0.0,0.52,0.3176875,0.23,0.351666667,0.035833333,0.000294444,0.133333333,0.235714286,1.0,0.136363636
18223,Baked Products,"CRACKERS,MILK","Crackers, milk",,,,455,7.6,15.8,69.7,16.44,1.9,16.0,0.037,0.08,0.2,1.22,142,4.43,0.418,0.538,172,0.227,3.58,22,0.552,303,15.9,0.67,0.017777778,0.021764706,0.033333333,0.002222222,0.081333333,0.355,0.276875,0.321538462,0.448333333,0.143333333,0.000252222,0.052380952,0.432857143,0.289090909,0.060909091
18224,Baked Products,"CRACKERS,RUSK TOAST","Crackers, rusk toast",,,,407,13.5,7.2,72.3,0.0,0.0,12.0,0.047,0.18,0.0,0.0,103,4.625,0.399,0.404,27,0.245,2.72,36,0.439,153,20.1,1.1,0.013333333,0.027647059,0.075,0.0,0.0,0.2575,0.2890625,0.306923077,0.336666667,0.0225,0.000272222,0.085714286,0.218571429,0.365454545,0.1
18225,Baked Products,"CRACKERS,RYE,SANDWICH-TYPE W/CHS FILLING","Crackers, rye, sandwich-type with cheese filling",,,,481,9.2,22.3,60.8,0.0,3.6,24.0,0.076,0.12,0.4,0.0,127,3.57,0.494,0.612,222,0.096,2.45,37,0.635,339,20.8,0.7,0.026666667,0.044705882,0.05,0.004444444,0.0,0.3175,0.223125,0.38,0.51,0.185,0.000106667,0.088095238,0.484285714,0.378181818,0.063636364
18226,Baked Products,"CRACKERS,RYE,WAFERS,PLAIN","Crackers, rye, wafers, plain",,,,334,9.6,0.9,80.4,1.01,22.9,0.0,0.271,0.0,0.1,0.8,45,1.581,0.289,0.427,40,0.461,5.94,121,5.366,334,23.8,2.8,0.0,0.159411765,0.0,0.001111111,0.053333333,0.1125,0.0988125,0.222307692,0.355833333,0.033333333,0.000512222,0.288095238,0.477142857,0.432727273,0.254545455
18227,Baked Products,"CRACKERS,RYE,WAFERS,SEASONED","Crackers, rye, wafers, seasoned",,,,381,9.0,9.2,73.8,0.0,20.9,0.0,0.19,0.0,0.1,0.0,52,2.474,0.223,0.316,44,0.495,3.04,106,2.371,307,32.5,2.55,0.0,0.111764706,0.0,0.001111111,0.0,0.13,0.154625,0.171538462,0.263333333,0.036666667,0.00055,0.252380952,0.438571429,0.590909091,0.231818182
18228,Baked Products,"CRACKERS,SALTINES (INCL OYSTER,SODA,SOUP)","Crackers, saltines (includes oyster, soda, soup)",,,,418,9.46,8.64,74.05,1.29,2.8,1.0,0.086,0.09,0.0,1.15,216,6.442,0.487,0.702,19,0.139,5.57,23,0.686,102,10.3,0.69,0.001111111,0.050588235,0.0375,0.0,0.076666667,0.54,0.402625,0.374615385,0.585,0.015833333,0.000154444,0.054761905,0.145714286,0.187272727,0.062727273
18229,Baked Products,"CRACKERS,STD SNACK-TYPE,REG","Crackers, standard snack-type, regular",,,,510,6.64,26.43,61.3,8.18,2.3,0.0,0.063,0.0,0.0,3.03,150,4.352,0.456,0.416,120,0.104,4.03,18,0.491,248,6.7,0.49,0.0,0.037058824,0.0,0.0,0.202,0.375,0.272,0.350769231,0.346666667,0.1,0.000115556,0.042857143,0.354285714,0.121818182,0.044545455
18230,Baked Products,"CRACKERS,STD SNACK-TYPE,SNDWCH,W/CHS FILLING","Crackers, standard snack-type, sandwich, with cheese filling",,,,477,9.3,21.1,61.7,3.18,1.9,17.0,0.049,0.1,0.1,0.22,160,3.766,0.684,0.446,257,0.082,2.39,36,0.29,406,21.5,0.62,0.018888889,0.028823529,0.041666667,0.001111111,0.014666667,0.4,0.235375,0.526153846,0.371666667,0.214166667,9.11111e-05,0.085714286,0.58,0.390909091,0.056363636
18231,Baked Products,"CRACKERS,STD SNACK-TYPE,SNDWCH,W/PNUT BUTTER FILLING","Crackers, standard snack-type, sandwich, with peanut butter filling",,,,494,11.47,24.54,58.38,10.5,2.3,1.0,0.148,0.01,0.0,2.06,122,6.114,0.271,0.489,81,0.324,2.77,55,0.784,274,10.8,1.13,0.001111111,0.087058824,0.004166667,0.0,0.137333333,0.305,0.382125,0.208461538,0.4075,0.0675,0.00036,0.130952381,0.391428571,0.196363636,0.102727273
18232,Baked Products,"CRACKERS,WHEAT,REGULAR","Crackers, wheat, regular",,,,455,7.3,16.4,70.73,15.48,6.9,0.0,0.244,0.0,0.0,1.55,40,4.022,0.146,0.284,92,0.274,2.64,72,1.549,302,9.9,1.64,0.0,0.143529412,0.0,0.0,0.103333333,0.1,0.251375,0.112307692,0.236666667,0.076666667,0.000304444,0.171428571,0.431428571,0.18,0.149090909
18233,Baked Products,"CRACKERS,WHEAT,SNDWCH,W/CHS FILLING","Crackers, wheat, sandwich, with cheese filling",,,,497,9.8,25.0,58.2,0.0,3.1,21.0,0.261,0.12,1.5,0.0,96,3.185,0.427,0.358,204,0.16,2.62,54,1.083,382,24.3,0.87,0.023333333,0.153529412,0.05,0.016666667,0.0,0.24,0.1990625,0.328461538,0.298333333,0.17,0.000177778,0.128571429,0.545714286,0.441818182,0.079090909
18234,Baked Products,"CRACKERS,WHEAT,SNDWCH,W/PNUT BUTTER FILLING","Crackers, wheat, sandwich, with peanut butter filling",,,,495,13.5,26.7,53.8,0.0,4.4,0.0,0.137,0.0,0.0,0.0,93,5.877,0.293,0.389,170,0.055,2.67,38,0.701,347,21.8,0.82,0.0,0.080588235,0.0,0.0,0.0,0.2325,0.3673125,0.225384615,0.324166667,0.141666667,6.11111e-05,0.09047619,0.495714286,0.396363636,0.074545455
18235,Baked Products,"CRACKERS,WHOLE-WHEAT","Crackers, whole-wheat",,,,427,10.58,14.13,69.55,1.19,10.3,0.0,0.185,0.0,0.0,1.41,28,4.63,0.021,0.182,36,0.42,3.34,110,2.152,331,10.1,2.63,0.0,0.108823529,0.0,0.0,0.094,0.07,0.289375,0.016153846,0.151666667,0.03,0.000466667,0.261904762,0.472857143,0.183636364,0.239090909
18236,Baked Products,CRACKER MEAL,Cracker meal,,,,383,9.3,1.7,80.9,0.33,2.6,0.0,0.039,0.0,0.0,0.43,216,5.707,0.468,0.696,23,0.225,4.64,24,0.944,104,42.3,0.69,0.0,0.022941176,0.0,0.0,0.028666667,0.54,0.3566875,0.36,0.58,0.019166667,0.00025,0.057142857,0.148571429,0.769090909,0.062727273
18237,Baked Products,"CREAM PUFF SHELL,PREP FROM RECIPE","Cream puff shell, prepared from recipe",,,,362,9.0,25.9,22.8,0.43,0.8,278.0,0.075,0.39,0.0,2.81,75,1.567,0.36,0.206,36,0.051,2.02,12,0.211,119,24.0,0.73,0.308888889,0.044117647,0.1625,0.0,0.187333333,0.1875,0.0979375,0.276923077,0.171666667,0.03,5.66667e-05,0.028571429,0.17,0.436363636,0.066363636
18239,Baked Products,"CROISSANTS,BUTTER","Croissants, butter",,,,406,8.2,21.0,45.8,11.26,2.6,206.0,0.058,0.16,0.2,0.84,130,2.188,0.241,0.388,37,0.08,2.03,16,0.33,105,22.7,0.75,0.228888889,0.034117647,0.066666667,0.002222222,0.056,0.325,0.13675,0.185384615,0.323333333,0.030833333,8.88889e-05,0.038095238,0.15,0.412727273,0.068181818
18240,Baked Products,"CROISSANTS,APPLE","Croissants, apple",,,,254,7.4,8.7,37.1,0.0,2.5,94.0,0.032,0.2,0.5,0.0,88,1.6,0.164,0.232,30,0.04,1.1,13,0.21,58,19.0,1.03,0.104444444,0.018823529,0.083333333,0.005555556,0.0,0.22,0.1,0.126153846,0.193333333,0.025,4.44444e-05,0.030952381,0.082857143,0.345454545,0.093636364
18241,Baked Products,"CROISSANTS,CHEESE","Croissants, cheese",,,,414,9.2,20.9,47.0,11.35,2.6,204.0,0.073,0.32,0.2,1.44,103,2.16,0.325,0.523,53,0.1,2.15,24,0.34,130,26.8,0.94,0.226666667,0.042941176,0.133333333,0.002222222,0.096,0.2575,0.135,0.25,0.435833333,0.044166667,0.000111111,0.057142857,0.185714286,0.487272727,0.085454545
18242,Baked Products,"CROUTONS,PLAIN","Croutons, plain",,,,407,11.9,6.6,73.5,0.0,5.1,0.0,0.026,0.0,0.0,0.0,209,5.439,0.272,0.623,76,0.163,4.08,31,0.5,115,37.5,0.89,0.0,0.015294118,0.0,0.0,0.0,0.5225,0.3399375,0.209230769,0.519166667,0.063333333,0.000181111,0.073809524,0.164285714,0.681818182,0.080909091
18243,Baked Products,"CROUTONS,SEASONED","Croutons, seasoned",,,,465,10.8,18.3,63.5,4.41,5.0,7.0,0.083,0.14,0.0,0.4,151,4.646,0.421,0.506,96,0.168,2.82,42,0.514,140,28.8,0.94,0.007777778,0.048823529,0.058333333,0.0,0.026666667,0.3775,0.290375,0.323846154,0.421666667,0.08,0.000186667,0.1,0.2,0.523636364,0.085454545
18244,Baked Products,"DANISH PASTRY,CINN,ENR","Danish pastry, cinnamon, enriched",,,,403,7.0,22.4,44.6,19.78,1.3,6.0,0.038,0.1,0.1,0.39,92,2.867,0.263,0.3,71,0.1,1.96,19,0.362,107,17.0,0.72,0.006666667,0.022352941,0.041666667,0.001111111,0.026,0.23,0.1791875,0.202307692,0.25,0.059166667,0.000111111,0.045238095,0.152857143,0.309090909,0.065454545
18245,Baked Products,"DANISH PASTRY,CHEESE","Danish pastry, cheese",,,,374,8.0,21.9,37.2,6.95,1.0,35.0,0.04,0.2,0.1,0.35,85,2.0,0.26,0.19,35,0.089,1.8,15,0.351,108,18.9,0.7,0.038888889,0.023529412,0.083333333,0.001111111,0.023333333,0.2125,0.125,0.2,0.158333333,0.029166667,9.88889e-05,0.035714286,0.154285714,0.343636364,0.063636364
18246,Baked Products,"DANISH PASTRY,FRUIT,ENR","Danish pastry, fruit, enriched (includes apple, cinnamon, raisin, lemon, raspberry, strawberry)",,,,371,5.4,18.5,47.8,27.53,1.9,15.0,0.043,0.09,3.9,0.34,68,1.992,0.22,0.263,46,0.065,1.77,15,0.253,89,14.8,0.54,0.016666667,0.025294118,0.0375,0.043333333,0.022666667,0.17,0.1245,0.169230769,0.219166667,0.038333333,7.22222e-05,0.035714286,0.127142857,0.269090909,0.049090909
18247,Baked Products,"DANISH PASTRY,NUT (INCL ALMOND,RAISIN NUT,CINN NUT)","Danish pastry, nut (includes almond, raisin nut, cinnamon nut)",,,,430,7.1,25.2,45.7,25.87,2.0,9.0,0.104,0.21,1.7,0.82,122,2.3,0.24,0.22,94,0.195,1.8,32,0.845,110,14.2,0.87,0.01,0.061176471,0.0875,0.018888889,0.054666667,0.305,0.14375,0.184615385,0.183333333,0.078333333,0.000216667,0.076190476,0.157142857,0.258181818,0.079090909
18248,Baked Products,"DOUGHNUTS,CAKE-TYPE,PLN (INCLUDES UNSUGARED,OLD-FASHIONED)","Doughnuts, cake-type, plain (includes unsugared, old-fashioned)",donut,,,434,5.31,24.93,47.06,18.15,1.7,4.0,0.05,0.06,0.0,1.99,145,2.91,0.301,0.39,40,0.09,2.53,17,0.333,260,10.1,0.5,0.004444444,0.029411765,0.025,0.0,0.132666667,0.3625,0.181875,0.231538462,0.325,0.033333333,0.0001,0.04047619,0.371428571,0.183636364,0.045454545
18249,Baked Products,"DOUGHNUTS,CAKE-TYPE,PLN,CHOCOLATE-COATED OR FRSTD","Doughnuts, cake-type, plain, chocolate-coated or frosted",donut,,,452,4.93,25.25,51.33,26.65,1.9,4.0,0.024,0.1,1.3,2.02,90,1.59,0.125,0.163,24,0.26,4.0,30,0.64,210,6.8,0.98,0.004444444,0.014117647,0.041666667,0.014444444,0.134666667,0.225,0.099375,0.096153846,0.135833333,0.02,0.000288889,0.071428571,0.3,0.123636364,0.089090909
18250,Baked Products,"DOUGHNUTS,CAKE-TYPE,PLN,SUGARED OR GLAZED","Doughnuts, cake-type, plain, sugared or glazed",donut,,,426,5.2,22.9,50.8,0.0,1.5,3.0,0.027,0.24,0.1,0.0,70,1.512,0.198,0.233,60,0.101,1.06,17,0.334,117,9.6,0.44,0.003333333,0.015882353,0.1,0.001111111,0.0,0.175,0.0945,0.152307692,0.194166667,0.05,0.000112222,0.04047619,0.167142857,0.174545455,0.04
18251,Baked Products,"DOUGHNUTS,CAKE-TYPE,CHOC,SUGARED OR GLAZED","Doughnuts, cake-type, chocolate, sugared or glazed",donut,,,417,4.5,19.9,57.4,31.92,2.2,12.0,0.027,0.1,0.1,0.21,64,0.47,0.07,0.045,213,0.191,2.27,34,0.37,162,4.1,0.57,0.013333333,0.015882353,0.041666667,0.001111111,0.014,0.16,0.029375,0.053846154,0.0375,0.1775,0.000212222,0.080952381,0.231428571,0.074545455,0.051818182
18253,Baked Products,"DOUGHNUTS,FRENCH CRULLERS,GLAZED","Doughnuts, french crullers, glazed",donut,,,412,3.1,18.3,59.5,35.11,1.2,2.0,0.02,0.05,0.0,0.16,66,2.13,0.23,0.181,26,0.07,2.42,12,0.215,123,2.2,0.26,0.002222222,0.011764706,0.020833333,0.0,0.010666667,0.165,0.133125,0.176923077,0.150833333,0.021666667,7.77778e-05,0.028571429,0.175714286,0.04,0.023636364
18254,Baked Products,"DOUGHNUTS,YEAST-LEAVENED,W/CREME FILLING","Doughnuts, yeast-leavened, with creme filling",donut,,,361,6.4,24.5,30.0,14.55,0.8,11.0,0.068,0.14,0.0,0.29,109,2.242,0.148,0.338,25,0.113,1.83,20,0.225,76,10.8,0.8,0.012222222,0.04,0.058333333,0.0,0.019333333,0.2725,0.140125,0.113846154,0.281666667,0.020833333,0.000125556,0.047619048,0.108571429,0.196363636,0.072727273
18255,Baked Products,"DOUGHNUTS, YEAST-LEAVENED, GLAZED, ENRICHED (INC HONEY BUNS)","Doughnuts, yeast-leavened, glazed, enriched (includes honey buns)",donut,,,421,6.14,22.7,47.93,22.75,2.1,5.0,0.037,0.11,1.2,1.43,155,2.61,0.185,0.312,101,0.088,2.38,17,0.307,117,15.7,0.61,0.005555556,0.021764706,0.045833333,0.013333333,0.095333333,0.3875,0.163125,0.142307692,0.26,0.084166667,9.77778e-05,0.04047619,0.167142857,0.285454545,0.055454545
18256,Baked Products,"DOUGHNUTS,YEAST-LEAVENED,W/JELLY FILLING","Doughnuts, yeast-leavened, with jelly filling",donut,,,340,5.9,18.7,39.0,21.1,0.9,17.0,0.1,0.22,0.0,0.43,104,2.137,0.142,0.312,25,0.136,1.76,20,0.205,85,12.5,0.75,0.018888889,0.058823529,0.091666667,0.0,0.028666667,0.26,0.1335625,0.109230769,0.26,0.020833333,0.000151111,0.047619048,0.121428571,0.227272727,0.068181818
18258,Baked Products,"ENGLISH MUFFIN, PLN,ENCHED.W/CA PROP (INCLD SOURDOUGH)","English muffins, plain, enriched, with ca prop (includes sourdough)",,,,227,8.87,1.69,44.17,3.53,3.5,0.0,0.054,0.04,1.8,0.31,132,4.07,0.25,0.477,163,0.135,4.0,24,0.505,92,22.4,1.05,0.0,0.031764706,0.016666667,0.02,0.020666667,0.33,0.254375,0.192307692,0.3975,0.135833333,0.00015,0.057142857,0.131428571,0.407272727,0.095454545
18259,Baked Products,"ENGLISH,MUFFIN,PLN,TSTD,ENR,W/CA PROP(INCL SOURDOUGH)","English muffins, plain, toasted, enriched, with calcium propionate (includes sourdough)",,,,270,10.32,2.02,52.65,3.47,2.8,0.0,0.067,0.05,1.7,0.36,180,4.99,0.28,0.541,197,0.16,4.65,28,0.63,107,26.3,1.4,0.0,0.039411765,0.020833333,0.018888889,0.024,0.45,0.311875,0.215384615,0.450833333,0.164166667,0.000177778,0.066666667,0.152857143,0.478181818,0.127272727
18260,Baked Products,"ENGLISH MUFFINS,MIXED-GRAIN (INCL GRANOLA)","English muffins, mixed-grain (includes granola)",,,,235,9.1,1.8,46.3,0.81,2.8,0.0,0.038,0.0,0.0,0.0,112,3.583,0.313,0.43,196,0.243,3.02,41,0.604,81,25.5,1.39,0.0,0.022352941,0.0,0.0,0.0,0.28,0.2239375,0.240769231,0.358333333,0.163333333,0.00027,0.097619048,0.115714286,0.463636364,0.126363636
18261,Baked Products,"ENGLISH MUFFINS,MIXED-GRAIN,TSTD (INCL GRANOLA)","English muffins, mixed-grain, toasted (includes granola)",,,,255,9.9,1.9,50.3,0.88,3.0,0.0,0.103,0.0,0.0,0.0,95,3.505,0.307,0.374,213,0.254,3.29,48,0.823,162,27.7,1.05,0.0,0.060588235,0.0,0.0,0.0,0.2375,0.2190625,0.236153846,0.311666667,0.1775,0.000282222,0.114285714,0.231428571,0.503636364,0.095454545
18262,Baked Products,"ENGLISH MUFFINS,RAISIN-CINNAMON (INCLUDES APPLE-CINNAMON)","English muffins, raisin-cinnamon (includes apple-cinnamon)",,,,240,7.91,1.8,48.1,14.76,2.6,0.0,0.066,0.0,1.3,0.31,112,3.67,0.215,0.412,114,0.16,4.5,23,0.575,91,21.6,0.97,0.0,0.038823529,0.0,0.014444444,0.020666667,0.28,0.229375,0.165384615,0.343333333,0.095,0.000177778,0.054761905,0.13,0.392727273,0.088181818
18263,Baked Products,"ENGLISH MUFFINS,RAISIN-CINNAMON,TSTD (INCL APPLE-CINNAMON)","English muffins, raisin-cinnamon, toasted (includes apple-cinnamon)",,,,276,8.87,2.21,55.04,13.34,3.0,0.0,0.062,0.0,1.4,0.36,131,4.285,0.245,0.518,139,0.175,4.9,28,0.72,108,24.3,1.0,0.0,0.036470588,0.0,0.015555556,0.024,0.3275,0.2678125,0.188461538,0.431666667,0.115833333,0.000194444,0.066666667,0.154285714,0.441818182,0.090909091
18264,Baked Products,"ENGLISH MUFFINS,WHEAT","English muffins, wheat",,,,223,8.7,2.0,44.8,1.56,4.6,0.0,0.087,0.0,0.0,0.45,81,3.356,0.292,0.431,178,0.148,2.87,37,1.001,107,29.2,1.07,0.0,0.051176471,0.0,0.0,0.03,0.2025,0.20975,0.224615385,0.359166667,0.148333333,0.000164444,0.088095238,0.152857143,0.530909091,0.097272727
18265,Baked Products,"ENGLISH MUFFINS,WHEAT,TSTD","English muffins, wheat, toasted",,,,243,9.4,2.1,48.7,1.7,5.0,0.0,0.098,0.0,0.0,0.49,79,3.283,0.286,0.375,193,0.163,3.12,42,1.12,125,31.8,1.22,0.0,0.057647059,0.0,0.0,0.032666667,0.1975,0.2051875,0.22,0.3125,0.160833333,0.000181111,0.1,0.178571429,0.578181818,0.110909091
18266,Baked Products,"ENGLISH MUFFINS,WHOLE-WHEAT","English muffins, whole-wheat",,,,203,8.8,2.1,40.4,8.09,6.7,0.0,0.163,0.0,0.0,0.41,49,3.41,0.14,0.3,265,0.212,2.45,71,1.79,282,40.3,1.6,0.0,0.095882353,0.0,0.0,0.027333333,0.1225,0.213125,0.107692308,0.25,0.220833333,0.000235556,0.169047619,0.402857143,0.732727273,0.145454545
18267,Baked Products,"ENGLISH MUFFINS,WHOLE-WHEAT,TSTD","English muffins, whole-wheat, toasted",,,,221,9.6,2.3,44.1,8.79,7.3,0.0,0.159,0.0,0.0,0.44,45,3.336,0.137,0.261,288,0.225,2.66,77,1.946,307,43.8,1.74,0.0,0.093529412,0.0,0.0,0.029333333,0.1125,0.2085,0.105384615,0.2175,0.24,0.00025,0.183333333,0.438571429,0.796363636,0.158181818
18268,Baked Products,"FRENCH TOAST,FRZ,RTH","French toast, frozen, ready-to-heat",,,,213,7.4,6.1,32.1,0.0,1.1,54.0,0.496,1.68,0.3,0.0,72,2.722,0.381,0.277,107,0.084,2.21,17,0.245,139,16.7,0.77,0.06,0.291764706,0.7,0.003333333,0.0,0.18,0.170125,0.293076923,0.230833333,0.089166667,9.33333e-05,0.04047619,0.198571429,0.303636364,0.07
18269,Baked Products,"FRENCH TOAST,PREP FROM RECIPE,MADE W/LOFAT (2%) MILK","French toast, prepared from recipe, made with low fat (2%) milk",,,,229,7.7,10.8,25.0,0.0,0.0,124.0,0.074,0.31,0.3,0.0,57,1.628,0.321,0.204,100,0.058,1.67,17,0.188,117,20.1,0.67,0.137777778,0.043529412,0.129166667,0.003333333,0.0,0.1425,0.10175,0.246923077,0.17,0.083333333,6.44444e-05,0.04047619,0.167142857,0.365454545,0.060909091
18270,Baked Products,"HUSH PUPPIES,PREP FROM RECIPE","Hush puppies, prepared from recipe",,,,337,7.7,13.5,46.0,2.03,2.8,41.0,0.102,0.19,0.2,1.26,137,2.782,0.332,0.352,278,0.066,3.04,24,0.22,189,15.8,0.66,0.045555556,0.06,0.079166667,0.002222222,0.084,0.3425,0.173875,0.255384615,0.293333333,0.231666667,7.33333e-05,0.057142857,0.27,0.287272727,0.06
18271,Baked Products,"ICE CRM CONES,CAKE OR WAFER-TYPE","Ice cream cones, cake or wafer-type",,,,417,8.1,6.9,79.0,6.0,3.0,0.0,0.03,0.0,0.0,0.78,291,4.427,0.354,0.25,25,0.204,3.6,26,0.572,97,4.8,0.67,0.0,0.017647059,0.0,0.0,0.052,0.7275,0.2766875,0.272307692,0.208333333,0.020833333,0.000226667,0.061904762,0.138571429,0.087272727,0.060909091
18272,Baked Products,"ICE CRM CONES,SUGAR,ROLLED-TYPE","Ice cream cones, sugar, rolled-type",,,,402,7.9,3.8,84.1,25.66,1.7,0.0,0.052,0.0,0.0,0.07,236,5.066,0.405,0.511,44,0.268,4.43,31,0.732,103,4.8,0.75,0.0,0.030588235,0.0,0.0,0.004666667,0.59,0.316625,0.311538462,0.425833333,0.036666667,0.000297778,0.073809524,0.147142857,0.087272727,0.068181818
18273,Baked Products,"MUFFINS,PLN,PREP FROM RECIPE,MADE W/LOFAT (2%) MILK","Muffins, plain, prepared from recipe, made with low fat (2%) milk",,,,296,6.9,11.4,41.4,0.0,2.7,40.0,0.042,0.15,0.3,0.0,78,2.308,0.301,0.284,200,0.069,2.39,17,0.296,153,18.0,0.56,0.044444444,0.024705882,0.0625,0.003333333,0.0,0.195,0.14425,0.231538462,0.236666667,0.166666667,7.66667e-05,0.04047619,0.218571429,0.327272727,0.050909091
18274,Baked Products,"MUFFINS,BLUEBERRY,COMMLY PREP (INCLUDES MINI-MUFFINS)","Muffins, blueberry, commercially prepared (Includes mini-muffins)",,,,375,4.49,16.07,53.0,31.47,1.1,21.0,0.04,0.16,0.9,1.63,73,1.418,0.163,0.168,44,0.06,1.3,10,0.449,146,8.2,0.37,0.023333333,0.023529412,0.066666667,0.01,0.108666667,0.1825,0.088625,0.125384615,0.14,0.036666667,6.66667e-05,0.023809524,0.208571429,0.149090909,0.033636364
18275,Baked Products,"MUFFINS,BLUEBERRY,DRY MIX","Muffins, blueberry, dry mix",,,,293,3.48,3.25,61.0,32.73,1.4,1.0,0.082,0.0,2.3,0.0,0,1.857,0.232,0.232,18,0.088,1.62,13,0.276,220,3.1,0.33,0.001111111,0.048235294,0.0,0.025555556,0.0,0.0,0.1160625,0.178461538,0.193333333,0.015,9.77778e-05,0.030952381,0.314285714,0.056363636,0.03
18277,Baked Products,"MUFFINS,BLUEBERRY,TOASTER-TYPE","Muffins, blueberry, toaster-type",,,,313,4.6,9.5,53.3,4.85,1.8,94.0,0.027,0.02,0.0,0.91,103,2.02,0.29,0.24,13,0.083,0.51,12,0.368,59,17.6,0.39,0.104444444,0.015882353,0.008333333,0.0,0.060666667,0.2575,0.12625,0.223076923,0.2,0.010833333,9.22222e-05,0.028571429,0.084285714,0.32,0.035454545
18278,Baked Products,"MUFFINS,BLUEBERRY,PREP FROM RECIPE,MADE W/LOFAT (2%) MILK","Muffins, blueberry, prepared from recipe, made with low fat (2%) milk",,,,285,6.5,10.8,40.7,0.0,0.0,38.0,0.043,0.14,1.5,0.0,73,2.211,0.289,0.272,189,0.071,2.27,16,0.312,145,17.1,0.54,0.042222222,0.025294118,0.058333333,0.016666667,0.0,0.1825,0.1381875,0.222307692,0.226666667,0.1575,7.88889e-05,0.038095238,0.207142857,0.310909091,0.049090909
18279,Baked Products,"MUFFINS,CORN,COMMLY PREP","Muffins, corn, commercially prepared",,,,305,5.9,8.4,51.0,17.78,3.4,52.0,0.084,0.09,0.0,0.8,82,2.037,0.326,0.273,74,0.299,2.81,32,0.355,284,15.2,0.54,0.057777778,0.049411765,0.0375,0.0,0.053333333,0.205,0.1273125,0.250769231,0.2275,0.061666667,0.000332222,0.076190476,0.405714286,0.276363636,0.049090909
18280,Baked Products,"MUFFINS,CORN,DRY MIX,PREP","Muffins, corn, dry mix, prepared",,,,321,7.4,10.2,49.1,0.0,2.4,41.0,0.106,0.16,0.1,0.0,89,2.101,0.276,0.249,75,0.063,1.94,21,0.221,384,15.2,0.64,0.045555556,0.062352941,0.066666667,0.001111111,0.0,0.2225,0.1313125,0.212307692,0.2075,0.0625,7e-05,0.05,0.548571429,0.276363636,0.058181818
18281,Baked Products,"MUFFINS,CORN,TOASTER-TYPE","Muffins, corn, toaster-type",,,,346,5.3,11.3,57.9,0.0,1.6,18.0,0.048,0.03,0.0,0.0,89,2.31,0.37,0.31,19,0.072,1.47,14,0.28,151,15.2,0.39,0.02,0.028235294,0.0125,0.0,0.0,0.2225,0.144375,0.284615385,0.258333333,0.015833333,8e-05,0.033333333,0.215714286,0.276363636,0.035454545
18282,Baked Products,"MUFFINS,CORN,PREP FROM RECIPE,MADE W/LOFAT (2%) MILK","Muffins, corn, prepared from recipe, made with low fat (2%) milk",,,,316,7.1,12.3,44.2,0.0,0.0,0.0,0.093,0.16,0.3,0.0,115,2.382,0.31,0.303,259,0.059,2.61,23,0.186,177,13.4,0.61,0.0,0.054705882,0.066666667,0.003333333,0.0,0.2875,0.148875,0.238461538,0.2525,0.215833333,6.55556e-05,0.054761905,0.252857143,0.243636364,0.055454545
18283,Baked Products,"MUFFINS,OAT BRAN","Muffins, oat bran",,,,270,7.0,7.4,48.3,8.22,4.6,0.0,0.161,0.01,0.0,0.66,139,0.42,0.095,0.262,63,0.33,4.2,157,2.63,376,11.0,1.84,0.0,0.094705882,0.004166667,0.0,0.044,0.3475,0.02625,0.073076923,0.218333333,0.0525,0.000366667,0.373809524,0.537142857,0.2,0.167272727
18284,Baked Products,"MUFFINS,WHEAT BRAN,DRY MIX","Muffins, wheat bran, dry mix",,,,396,7.1,12.0,73.0,0.0,0.0,0.0,0.282,0.0,0.0,0.0,128,5.0,0.28,0.36,36,0.2,3.6,87,2.666,480,18.0,1.5,0.0,0.165882353,0.0,0.0,0.0,0.32,0.3125,0.215384615,0.3,0.03,0.000222222,0.207142857,0.685714286,0.327272727,0.136363636
18288,Baked Products,"PANCAKES PLN,FRZ,RTH (INCLUDES BUTTERMILK)","Pancakes plain, frozen, ready-to-heat (includes buttermilk)",,,,233,5.23,6.83,37.75,8.32,1.0,453.0,0.52,2.8,0.3,0.62,110,6.357,0.38,0.7,78,0.072,5.67,14,0.285,215,10.8,0.4,0.503333333,0.305882353,1.166666667,0.003333333,0.041333333,0.275,0.3973125,0.292307692,0.583333333,0.065,8e-05,0.033333333,0.307142857,0.196363636,0.036363636
18289,Baked Products,"PANCAKES,PLN,DRY MIX,COMPLETE (INCL BTTRMLK)","Pancakes, plain, dry mix, complete (includes buttermilk)",,,,368,9.77,3.1,73.65,16.03,2.9,0.0,0.171,0.32,0.0,0.0,0,4.368,0.267,0.45,344,0.126,3.6,28,0.685,600,21.6,0.72,0.0,0.100588235,0.133333333,0.0,0.0,0.0,0.273,0.205384615,0.375,0.286666667,0.00014,0.066666667,0.857142857,0.392727273,0.065454545
18290,Baked Products,"PANCAKES,PLN,DRY MIX,COMPLETE,PREP","Pancakes, plain, dry mix, complete, prepared",,,,194,5.2,2.5,36.7,0.0,1.3,10.0,0.091,0.2,0.2,0.0,57,1.711,0.217,0.211,126,0.094,1.56,20,0.272,334,13.5,0.39,0.011111111,0.053529412,0.083333333,0.002222222,0.0,0.1425,0.1069375,0.166923077,0.175833333,0.105,0.000104444,0.047619048,0.477142857,0.245454545,0.035454545
18291,Baked Products,"PANCAKES,PLN,DRY MIX,INCOMPLETE (INCL BTTRMLK)","Pancakes, plain, dry mix, incomplete (includes buttermilk)",,,,355,10.0,1.7,73.6,2.21,5.4,0.0,0.183,0.0,0.0,0.39,225,3.758,0.371,0.61,342,0.115,3.05,31,0.395,627,12.9,0.84,0.0,0.107647059,0.0,0.0,0.026,0.5625,0.234875,0.285384615,0.508333333,0.285,0.000127778,0.073809524,0.895714286,0.234545455,0.076363636
18292,Baked Products,"PANCAKES,PLN,DRY MIX,INCOMPLETE,PREP","Pancakes, plain, dry mix, incomplete, prepared",,,,218,7.8,7.7,28.9,0.0,1.9,71.0,0.105,0.34,0.6,0.0,54,1.232,0.311,0.201,215,0.047,1.3,22,0.14,313,9.8,0.75,0.078888889,0.061764706,0.141666667,0.006666667,0.0,0.135,0.077,0.239230769,0.1675,0.179166667,5.22222e-05,0.052380952,0.447142857,0.178181818,0.068181818
18293,Baked Products,"PANCAKES,PLN,PREP FROM RECIPE","Pancakes, plain, prepared from recipe",,,,227,6.4,9.7,28.3,0.0,0.0,54.0,0.046,0.22,0.3,0.0,56,1.567,0.281,0.201,219,0.049,1.8,16,0.2,159,14.9,0.56,0.06,0.027058824,0.091666667,0.003333333,0.0,0.14,0.0979375,0.216153846,0.1675,0.1825,5.44444e-05,0.038095238,0.227142857,0.270909091,0.050909091
18294,Baked Products,"PANCAKES,BLUEBERRY,PREP FROM RECIPE","Pancakes, blueberry, prepared from recipe",,,,222,6.1,9.2,29.0,0.0,0.0,50.0,0.049,0.2,2.2,0.0,53,1.524,0.272,0.195,206,0.055,1.72,16,0.237,151,14.0,0.54,0.055555556,0.028823529,0.083333333,0.024444444,0.0,0.1325,0.09525,0.209230769,0.1625,0.171666667,6.11111e-05,0.038095238,0.215714286,0.254545455,0.049090909
18295,Baked Products,"PANCAKES,BUCKWHEAT,DRY MIX,INCOMPLETE","Pancakes, buckwheat, dry mix, incomplete",,,,340,10.9,2.7,71.3,7.21,8.5,0.0,0.438,0.0,0.0,0.48,66,4.095,0.249,0.542,476,0.415,4.73,190,1.656,913,13.1,2.55,0.0,0.257647059,0.0,0.0,0.032,0.165,0.2559375,0.191538462,0.451666667,0.396666667,0.000461111,0.452380952,1.304285714,0.238181818,0.231818182
18297,Baked Products,"PANCAKES,SPL DIETARY,DRY MIX","Pancakes, special dietary, dry mix",,,,349,8.9,1.4,73.9,0.0,0.0,6.0,0.037,0.0,0.0,0.0,172,3.27,0.209,0.37,99,0.137,3.05,47,0.578,596,25.1,1.19,0.006666667,0.021764706,0.0,0.0,0.0,0.43,0.204375,0.160769231,0.308333333,0.0825,0.000152222,0.111904762,0.851428571,0.456363636,0.108181818
18299,Baked Products,"PANCAKES,WHOLE-WHEAT,DRY MIX,INCOMPLETE","Pancakes, whole-wheat, dry mix, incomplete",,,,344,12.8,1.5,71.0,0.0,0.0,2.0,0.227,0.0,0.0,0.0,102,6.767,1.083,0.569,449,0.56,7.84,104,2.236,782,38.0,1.96,0.002222222,0.133529412,0.0,0.0,0.0,0.255,0.4229375,0.833076923,0.474166667,0.374166667,0.000622222,0.247619048,1.117142857,0.690909091,0.178181818
18300,Baked Products,"PANCAKES,WHOLE-WHEAT,DRY MIX,INCOMPLETE,PREP","Pancakes, whole-wheat, dry mix, incomplete, prepared",,,,208,8.5,6.5,29.4,0.0,2.8,64.0,0.11,0.29,0.5,0.0,35,2.309,0.529,0.197,250,0.08,3.11,46,1.546,373,19.4,1.04,0.071111111,0.064705882,0.120833333,0.005555556,0.0,0.0875,0.1443125,0.406923077,0.164166667,0.208333333,8.88889e-05,0.10952381,0.532857143,0.352727273,0.094545455
18301,Baked Products,"PIE,APPL,COMMLY PREP,ENR FLR","Pie, apple, commercially prepared, enriched flour",,,,237,1.9,11.0,34.0,15.65,1.6,32.0,0.038,0.01,3.2,1.52,43,0.263,0.027,0.028,11,0.046,0.45,7,0.182,24,1.0,0.16,0.035555556,0.022352941,0.004166667,0.035555556,0.101333333,0.1075,0.0164375,0.020769231,0.023333333,0.009166667,5.11111e-05,0.016666667,0.034285714,0.018181818,0.014545455
18302,Baked Products,"PIE,APPL,PREP FROM RECIPE","Pie, apple, prepared from recipe",,,,265,2.4,12.5,37.1,0.0,0.0,11.0,0.032,0.0,1.7,0.0,38,1.23,0.107,0.148,7,0.053,1.12,7,0.185,28,7.8,0.19,0.012222222,0.018823529,0.0,0.018888889,0.0,0.095,0.076875,0.082307692,0.123333333,0.005833333,5.88889e-05,0.016666667,0.04,0.141818182,0.017272727
18303,Baked Products,"PIE,BANANA CRM,PREP FROM MIX,NO-BAKE TYPE","Pie, banana cream, prepared from mix, no-bake type",,,,251,3.4,12.9,31.6,0.0,0.6,95.0,0.035,0.21,0.5,0.0,31,0.709,0.146,0.102,73,0.043,0.46,12,0.107,167,4.9,0.33,0.105555556,0.020588235,0.0875,0.005555556,0.0,0.0775,0.0443125,0.112307692,0.085,0.060833333,4.77778e-05,0.028571429,0.238571429,0.089090909,0.03
18304,Baked Products,"PIE,BANANA CRM,PREP FROM RECIPE","Pie, banana cream, prepared from recipe",,,,269,4.4,13.6,32.9,12.06,0.7,61.0,0.133,0.25,1.6,0.4,38,1.054,0.207,0.139,75,0.052,1.04,16,0.152,92,9.1,0.48,0.067777778,0.078235294,0.104166667,0.017777778,0.026666667,0.095,0.065875,0.159230769,0.115833333,0.0625,5.77778e-05,0.038095238,0.131428571,0.165454545,0.043636364
18305,Baked Products,"PIE,BLUEBERRY,COMMLY PREP","Pie, blueberry, commercially prepared",,,,232,1.8,10.0,34.9,9.89,1.0,44.0,0.037,0.01,2.7,1.04,43,0.3,0.03,0.01,8,0.046,0.3,5,0.176,23,1.4,0.16,0.048888889,0.021764706,0.004166667,0.03,0.069333333,0.1075,0.01875,0.023076923,0.008333333,0.006666667,5.11111e-05,0.011904762,0.032857143,0.025454545,0.014545455
18306,Baked Products,"PIE,BLUEBERRY,PREP FROM RECIPE","Pie, blueberry, prepared from recipe",,,,245,2.7,11.9,33.5,0.0,0.0,2.0,0.034,0.0,0.7,0.0,36,1.194,0.132,0.153,7,0.067,1.23,8,0.3,30,7.4,0.2,0.002222222,0.02,0.0,0.007777778,0.0,0.09,0.074625,0.101538462,0.1275,0.005833333,7.44444e-05,0.019047619,0.042857143,0.134545455,0.018181818
18308,Baked Products,"PIE,CHERRY,COMMLY PREP","Pie, cherry, commercially prepared",,,,260,2.0,11.0,39.8,14.29,0.8,52.0,0.041,0.01,0.9,0.76,40,0.2,0.029,0.023,12,0.04,0.48,8,0.14,29,1.2,0.18,0.057777778,0.024117647,0.004166667,0.01,0.050666667,0.1,0.0125,0.022307692,0.019166667,0.01,4.44444e-05,0.019047619,0.041428571,0.021818182,0.016363636
18309,Baked Products,"PIE,CHERRY,PREP FROM RECIPE","Pie, cherry, prepared from recipe",,,,270,2.8,12.2,38.5,0.0,0.0,29.0,0.034,0.0,1.0,0.0,41,1.276,0.125,0.148,10,0.077,1.85,9,0.2,30,7.8,0.2,0.032222222,0.02,0.0,0.011111111,0.0,0.1025,0.07975,0.096153846,0.123333333,0.008333333,8.55556e-05,0.021428571,0.042857143,0.141818182,0.018181818
18310,Baked Products,"PIE,CHOC CREME,COMMLY PREP","Pie, chocolate creme, commercially prepared",,,,353,4.15,22.41,38.44,27.39,0.8,46.0,0.02,0.12,0.0,1.09,28,0.605,0.14,0.087,66,0.118,1.49,19,0.161,79,6.0,0.44,0.051111111,0.011764706,0.05,0.0,0.072666667,0.07,0.0378125,0.107692308,0.0725,0.055,0.000131111,0.045238095,0.112857143,0.109090909,0.04
18312,Baked Products,"PIE,CHOC MOUSSE,PREP FROM MIX,NO-BAKE TYPE","Pie, chocolate mousse, prepared from mix, no-bake type",,,,260,3.5,15.4,29.6,0.0,0.0,124.0,0.029,0.21,0.5,0.0,42,0.595,0.147,0.051,77,0.203,1.08,32,0.125,231,6.1,0.6,0.137777778,0.017058824,0.0875,0.005555556,0.0,0.105,0.0371875,0.113076923,0.0425,0.064166667,0.000225556,0.076190476,0.33,0.110909091,0.054545455
18313,Baked Products,"PIE,COCNT CREME,COMMLY PREP","Pie, coconut creme, commercially prepared",,,,298,2.1,16.6,37.3,18.52,1.3,27.0,0.068,0.12,0.0,0.15,8,0.2,0.08,0.05,29,0.068,0.8,20,0.438,85,5.3,0.47,0.03,0.04,0.05,0.0,0.01,0.02,0.0125,0.061538462,0.041666667,0.024166667,7.55556e-05,0.047619048,0.121428571,0.096363636,0.042727273
18314,Baked Products,"PIE,COCNT CRM,PREP FROM MIX,NO-BAKE TYPE","Pie, coconut cream, prepared from mix, no-bake type",,,,276,2.8,17.6,28.5,0.0,0.5,95.0,0.045,0.21,0.6,0.0,23,0.132,0.104,0.028,72,0.08,0.4,17,0.19,169,5.0,0.38,0.105555556,0.026470588,0.0875,0.006666667,0.0,0.0575,0.00825,0.08,0.023333333,0.06,8.88889e-05,0.04047619,0.241428571,0.090909091,0.034545455
18316,Baked Products,"PIE,COCNT CUSTARD,COMMLY PREP","Pie, coconut custard, commercially prepared",,,,260,5.9,13.2,30.2,0.0,1.8,26.0,0.011,0.09,0.6,0.0,19,0.403,0.148,0.088,81,0.063,0.8,18,0.21,122,6.4,0.68,0.028888889,0.006470588,0.0375,0.006666667,0.0,0.0475,0.0251875,0.113846154,0.073333333,0.0675,7e-05,0.042857143,0.174285714,0.116363636,0.061818182
18317,Baked Products,"PIE,EGG CUSTARD,COMMLY PREP","Pie, egg custard, commercially prepared",,,,210,5.5,11.6,20.8,11.58,1.6,57.0,0.048,0.43,0.6,0.94,20,0.292,0.208,0.039,80,0.024,0.58,11,0.06,112,7.1,0.52,0.063333333,0.028235294,0.179166667,0.006666667,0.062666667,0.05,0.01825,0.16,0.0325,0.066666667,2.66667e-05,0.026190476,0.16,0.129090909,0.047272727
18319,Baked Products,"PIE,FRIED PIES,FRUIT","Pie, fried pies, fruit",,,,316,3.0,16.1,42.6,21.4,2.6,5.0,0.03,0.08,1.3,1.72,29,1.425,0.106,0.141,22,0.047,1.22,10,0.224,43,2.4,0.23,0.005555556,0.017647059,0.033333333,0.014444444,0.114666667,0.0725,0.0890625,0.081538462,0.1175,0.018333333,5.22222e-05,0.023809524,0.061428571,0.043636364,0.020909091
18320,Baked Products,"PIE,LEMON MERINGUE,COMMLY PREP","Pie, lemon meringue, commercially prepared",,,,268,1.5,8.7,47.2,23.86,1.2,51.0,0.03,0.17,3.2,1.06,35,0.649,0.209,0.062,56,0.001,0.61,15,0.06,105,3.0,0.49,0.056666667,0.017647059,0.070833333,0.035555556,0.070666667,0.0875,0.0405625,0.160769231,0.051666667,0.046666667,1.11111e-06,0.035714286,0.15,0.054545455,0.044545455
18321,Baked Products,"PIE,LEMON MERINGUE,PREP FROM RECIPE","Pie, lemon meringue, prepared from recipe",,,,285,3.8,12.9,39.1,0.0,0.0,43.0,0.027,0.12,3.3,0.0,36,0.944,0.159,0.118,12,0.042,1.0,6,0.128,42,11.6,0.28,0.047777778,0.015882353,0.05,0.036666667,0.0,0.09,0.059,0.122307692,0.098333333,0.01,4.66667e-05,0.014285714,0.06,0.210909091,0.025454545
18322,Baked Products,"PIE,MINCE,PREP FROM RECIPE","Pie, mince, prepared from recipe",,,,289,2.6,10.8,48.0,28.31,2.6,1.0,0.065,0.0,5.9,0.15,36,1.189,0.105,0.15,22,0.113,1.49,14,0.263,42,6.6,0.22,0.001111111,0.038235294,0.0,0.065555556,0.01,0.09,0.0743125,0.080769231,0.125,0.018333333,0.000125556,0.033333333,0.06,0.12,0.02
18323,Baked Products,"PIE,PEACH","Pie, peach",,,,224,1.9,10.0,32.9,16.23,0.8,10.0,0.023,0.0,0.9,0.94,46,0.2,0.033,0.061,8,0.053,0.5,6,0.152,22,1.3,0.09,0.011111111,0.013529412,0.0,0.01,0.062666667,0.115,0.0125,0.025384615,0.050833333,0.006666667,5.88889e-05,0.014285714,0.031428571,0.023636364,0.008181818
18324,Baked Products,"PIE,PECAN,COMMLY PREP","Pie, pecan, commercially prepared",,,,407,4.5,16.69,59.61,25.18,2.1,51.0,0.038,0.12,0.0,0.8,43,1.31,0.078,0.204,22,0.184,0.93,22,0.71,83,7.0,0.87,0.056666667,0.022352941,0.05,0.0,0.053333333,0.1075,0.081875,0.06,0.17,0.018333333,0.000204444,0.052380952,0.118571429,0.127272727,0.079090909
18325,Baked Products,"PIE,PECAN,PREP FROM RECIPE","Pie, pecan, prepared from recipe",,,,412,4.9,22.2,52.2,0.0,0.0,82.0,0.06,0.17,0.2,0.0,34,0.847,0.18,0.188,32,0.211,1.48,26,0.712,94,12.0,1.02,0.091111111,0.035294118,0.070833333,0.002222222,0.0,0.085,0.0529375,0.138461538,0.156666667,0.026666667,0.000234444,0.061904762,0.134285714,0.218181818,0.092727273
18326,Baked Products,"PIE,PUMPKIN,COMMLY PREP","Pie, pumpkin, commercially prepared",,,,243,3.9,9.75,34.83,18.88,1.8,448.0,0.063,0.35,0.0,0.76,37,1.107,0.124,0.177,64,0.148,0.9,14,0.227,81,5.4,0.39,0.497777778,0.037058824,0.145833333,0.0,0.050666667,0.0925,0.0691875,0.095384615,0.1475,0.053333333,0.000164444,0.033333333,0.115714286,0.098181818,0.035454545
18327,Baked Products,"PIE,PUMPKIN,PREP FROM RECIPE","Pie, pumpkin, prepared from recipe",,,,204,4.5,9.3,26.4,0.0,0.0,426.0,0.047,0.09,1.7,0.0,28,0.782,0.201,0.092,94,0.066,1.27,19,0.198,98,7.1,0.46,0.473333333,0.027647059,0.0375,0.018888889,0.0,0.07,0.048875,0.154615385,0.076666667,0.078333333,7.33333e-05,0.045238095,0.14,0.129090909,0.041818182
18328,Baked Products,"PIE,VANILLA CRM,PREP FROM RECIPE","Pie, vanilla cream, prepared from recipe",,,,278,4.8,14.4,32.6,12.68,0.6,83.0,0.049,0.3,0.5,0.45,37,0.984,0.216,0.139,90,0.039,1.02,13,0.128,104,9.5,0.53,0.092222222,0.028823529,0.125,0.005555556,0.03,0.0925,0.0615,0.166153846,0.115833333,0.075,4.33333e-05,0.030952381,0.148571429,0.172727273,0.048181818
18332,Baked Products,"PIE CRUST,STANDARD-TYPE,DRY MIX","Pie crust, standard-type, dry mix",,,,518,6.9,31.4,52.1,0.0,0.0,0.0,0.064,0.0,0.0,0.0,164,2.727,0.213,0.392,61,0.075,2.22,15,0.315,86,22.9,0.4,0.0,0.037647059,0.0,0.0,0.0,0.41,0.1704375,0.163846154,0.326666667,0.050833333,8.33333e-05,0.035714286,0.122857143,0.416363636,0.036363636
18333,Baked Products,"PIE CRUST,STANDARD-TYPE,DRY MIX,PREP,BKD","Pie crust, standard-type, dry mix, prepared, baked",,,,501,6.7,30.4,50.4,0.0,1.8,0.0,0.056,0.0,0.0,0.0,111,2.373,0.186,0.303,60,0.074,2.15,15,0.305,84,22.1,0.39,0.0,0.032941176,0.0,0.0,0.0,0.2775,0.1483125,0.143076923,0.2525,0.05,8.22222e-05,0.035714286,0.12,0.401818182,0.035454545
18334,Baked Products,"PIE CRUST,STANDARD-TYPE,FRZ,RTB,ENR","Pie crust, standard-type, frozen, ready-to-bake, enriched",,,,457,6.16,26.07,48.62,4.7,2.5,0.0,0.05,0.0,0.0,0.46,102,2.7,0.17,0.275,19,0.075,2.6,15,0.442,72,5.7,0.45,0.0,0.029411765,0.0,0.0,0.030666667,0.255,0.16875,0.130769231,0.229166667,0.015833333,8.33333e-05,0.035714286,0.102857143,0.103636364,0.040909091
18335,Baked Products,"PIE CRUST,STANDARD-TYPE,FRZ,RTB,ENR,BKD","Pie crust, standard-type, frozen, ready-to-bake, enriched, baked",,,,508,6.5,28.59,56.24,4.23,3.3,0.0,0.045,0.0,0.0,0.54,102,3.45,0.155,0.3,21,0.097,2.8,17,0.0,82,6.8,0.51,0.0,0.026470588,0.0,0.0,0.036,0.255,0.215625,0.119230769,0.25,0.0175,0.000107778,0.04047619,0.117142857,0.123636364,0.046363636
18336,Baked Products,"PIE CRUST,STANDARD-TYPE,PREP FROM RECIPE,BKD","Pie crust, standard-type, prepared from recipe, baked",,,,527,6.4,34.6,47.5,0.17,1.7,0.0,0.025,0.0,0.0,0.31,106,3.307,0.277,0.391,10,0.091,2.89,14,0.43,67,21.1,0.44,0.0,0.014705882,0.0,0.0,0.020666667,0.265,0.2066875,0.213076923,0.325833333,0.008333333,0.000101111,0.033333333,0.095714286,0.383636364,0.04
18337,Baked Products,"PUFF PASTRY,FRZ,RTB","Puff pastry, frozen, ready-to-bake",,,,551,7.3,38.1,45.1,0.74,1.5,0.0,0.021,0.0,0.0,0.54,124,4.168,0.283,0.398,10,0.114,2.56,16,0.488,60,24.2,0.53,0.0,0.012352941,0.0,0.0,0.036,0.31,0.2605,0.217692308,0.331666667,0.008333333,0.000126667,0.038095238,0.085714286,0.44,0.048181818
18338,Baked Products,PHYLLO DOUGH,Phyllo dough,,,,299,7.1,6.0,52.6,0.18,1.9,0.0,0.03,0.0,0.0,0.08,137,4.073,0.341,0.541,11,0.101,3.21,15,0.476,75,23.3,0.49,0.0,0.017647059,0.0,0.0,0.005333333,0.3425,0.2545625,0.262307692,0.450833333,0.009166667,0.000112222,0.035714286,0.107142857,0.423636364,0.044545455
18339,Baked Products,"POPOVERS,DRY MIX,ENRICHED","Popovers, dry mix, enriched",,,,371,10.4,4.3,71.0,0.0,0.0,0.0,0.042,0.08,0.1,0.0,229,3.378,0.147,0.43,32,0.171,2.97,25,0.741,100,37.6,0.88,0.0,0.024705882,0.033333333,0.001111111,0.0,0.5725,0.211125,0.113076923,0.358333333,0.026666667,0.00019,0.05952381,0.142857143,0.683636364,0.08
18342,Baked Products,"ROLLS, DINNER, PLN,COMM PREPARED (INC BROWN -N- SERVE)","Rolls, dinner, plain, commercially prepared (includes brown-and-serve)",,,,310,10.86,6.47,52.04,5.55,2.0,1.0,0.097,0.13,0.2,0.28,150,5.367,0.374,0.526,178,0.135,3.72,26,0.582,122,26.8,0.99,0.001111111,0.057058824,0.054166667,0.002222222,0.018666667,0.375,0.3354375,0.287692308,0.438333333,0.148333333,0.00015,0.061904762,0.174285714,0.487272727,0.09
18344,Baked Products,"ROLLS,DINNER,EGG","Rolls, dinner, egg",,,,307,9.5,6.4,52.0,4.3,3.7,5.0,0.053,0.24,0.0,0.36,276,3.287,0.517,0.527,59,0.133,3.52,25,0.527,101,29.6,1.12,0.005555556,0.031176471,0.1,0.0,0.024,0.69,0.2054375,0.397692308,0.439166667,0.049166667,0.000147778,0.05952381,0.144285714,0.538181818,0.101818182
18345,Baked Products,"ROLLS,DINNER,OAT BRAN","Rolls, dinner, oat bran",,,,236,9.5,4.6,40.2,6.67,4.1,0.0,0.045,0.0,0.0,0.48,140,4.954,0.289,0.448,85,0.136,4.14,33,0.754,115,29.3,1.02,0.0,0.026470588,0.0,0.0,0.032,0.35,0.309625,0.222307692,0.373333333,0.070833333,0.000151111,0.078571429,0.164285714,0.532727273,0.092727273
18346,Baked Products,"ROLLS,DINNER,RYE","Rolls, dinner, rye",,,,286,10.3,3.4,53.1,1.17,4.9,0.0,0.062,0.0,0.0,0.34,153,3.9,0.27,0.38,30,0.201,2.7,54,0.702,159,27.8,0.97,0.0,0.036470588,0.0,0.0,0.022666667,0.3825,0.24375,0.207692308,0.316666667,0.025,0.000223333,0.128571429,0.227142857,0.505454545,0.088181818
18347,Baked Products,"ROLLS,DINNER,WHEAT","Rolls, dinner, wheat",,,,273,8.6,6.3,46.0,1.63,3.8,0.0,0.076,0.0,0.0,0.36,92,4.072,0.273,0.433,176,0.15,3.55,36,1.023,104,33.0,0.9,0.0,0.044705882,0.0,0.0,0.024,0.23,0.2545,0.21,0.360833333,0.146666667,0.000166667,0.085714286,0.148571429,0.6,0.081818182
18348,Baked Products,"ROLLS,DINNER,WHOLE-WHEAT","Rolls, dinner, whole-wheat",,,,266,8.7,4.7,51.1,8.46,7.5,0.0,0.195,0.0,0.0,0.9,30,3.677,0.152,0.248,106,0.239,2.42,85,2.298,224,49.4,2.01,0.0,0.114705882,0.0,0.0,0.06,0.075,0.2298125,0.116923077,0.206666667,0.088333333,0.000265556,0.202380952,0.32,0.898181818,0.182727273
18349,Baked Products,"ROLLS,FRENCH","Rolls, french",,,,277,8.6,4.3,50.2,0.31,3.2,0.0,0.039,0.0,0.0,0.3,169,4.352,0.3,0.523,91,0.135,2.71,20,0.559,84,27.9,0.9,0.0,0.022941176,0.0,0.0,0.02,0.4225,0.272,0.230769231,0.435833333,0.075833333,0.00015,0.047619048,0.12,0.507272727,0.081818182
18350,Baked Products,"ROLLS,HAMBURGER OR HOTDOG,PLN","Rolls, hamburger or hotdog, plain",,,,278,9.87,3.76,50.15,6.37,2.1,0.0,0.071,0.2,1.3,0.07,171,4.765,0.213,0.642,173,0.127,3.43,24,0.553,107,22.8,0.86,0.0,0.041764706,0.083333333,0.014444444,0.004666667,0.4275,0.2978125,0.163846154,0.535,0.144166667,0.000141111,0.057142857,0.152857143,0.414545455,0.078181818
18351,Baked Products,"ROLLS,HAMBURGER OR HOTDOG,MIXED-GRAIN","Rolls, hamburger or hotdog, mixed-grain",,,,263,9.6,6.0,44.6,6.25,3.8,0.0,0.092,0.01,0.0,0.07,171,4.468,0.31,0.463,95,0.216,3.95,44,1.015,122,31.8,1.05,0.0,0.054117647,0.004166667,0.0,0.004666667,0.4275,0.27925,0.238461538,0.385833333,0.079166667,0.00024,0.104761905,0.174285714,0.578181818,0.095454545
18352,Baked Products,"ROLLS,HAMBURGER OR HOTDOG,RED-CAL","Rolls, hamburger or hotdog, reduced-calorie",,,,196,8.3,2.0,42.1,4.76,6.2,0.0,0.038,0.1,0.2,0.07,171,4.935,0.175,0.393,59,0.143,2.99,20,0.449,84,23.5,0.68,0.0,0.022352941,0.041666667,0.002222222,0.004666667,0.4275,0.3084375,0.134615385,0.3275,0.049166667,0.000158889,0.047619048,0.12,0.427272727,0.061818182
18353,Baked Products,"ROLLS,HARD (INCL KAISER)","Rolls, hard (includes kaiser)",,,,293,9.9,4.3,52.7,1.77,2.3,0.0,0.035,0.0,0.0,0.42,151,4.239,0.336,0.478,95,0.163,3.28,27,0.46,100,39.1,0.94,0.0,0.020588235,0.0,0.0,0.028,0.3775,0.2649375,0.258461538,0.398333333,0.079166667,0.000181111,0.064285714,0.142857143,0.710909091,0.085454545
18354,Baked Products,"STRUDEL,APPLE","Strudel, apple",,,,274,3.3,11.2,41.1,25.75,2.2,6.0,0.046,0.22,1.7,1.42,44,0.33,0.025,0.04,15,0.03,0.42,9,0.19,33,6.1,0.19,0.006666667,0.027058824,0.091666667,0.018888889,0.094666667,0.11,0.020625,0.019230769,0.033333333,0.0125,3.33333e-05,0.021428571,0.047142857,0.110909091,0.017272727
18355,Baked Products,"SWEET ROLLS,CHEESE","Sweet rolls, cheese",,,,360,7.1,18.3,43.7,0.0,1.2,0.0,0.069,0.3,0.2,0.0,51,0.83,0.13,0.15,118,0.095,0.76,19,0.21,98,11.9,0.63,0.0,0.040588235,0.125,0.002222222,0.0,0.1275,0.051875,0.1,0.125,0.098333333,0.000105556,0.045238095,0.14,0.216363636,0.057272727
18356,Baked Products,"SWEET ROLLS,CINN,COMMLY PREP W/RAISINS","Sweet rolls, cinnamon, commercially prepared with raisins",,,,372,6.2,16.4,50.9,31.73,2.4,62.0,0.107,0.14,2.0,1.99,106,2.384,0.265,0.324,72,0.088,1.6,17,0.3,76,17.0,0.59,0.068888889,0.062941176,0.058333333,0.022222222,0.132666667,0.265,0.149,0.203846154,0.27,0.06,9.77778e-05,0.04047619,0.108571429,0.309090909,0.053636364
18357,Baked Products,"SWEET ROLLS,CINN,REFR DOUGH W/FRSTNG","Sweet rolls, cinnamon, refrigerated dough with frosting",,,,333,5.0,12.2,51.6,0.0,0.0,0.0,0.031,0.02,0.2,0.0,79,3.703,0.249,0.47,31,0.065,2.44,11,0.415,321,16.3,0.31,0.0,0.018235294,0.008333333,0.002222222,0.0,0.1975,0.2314375,0.191538462,0.391666667,0.025833333,7.22222e-05,0.026190476,0.458571429,0.296363636,0.028181818
18358,Baked Products,"SWEET ROLLS,CINN,REFR DOUGH W/FRSTNG,BKD","Sweet rolls, cinnamon, refrigerated dough with frosting, baked",,,,362,5.4,13.2,56.1,0.0,0.0,0.0,0.034,0.05,0.2,0.0,89,3.622,0.244,0.409,34,0.071,2.65,12,0.418,348,17.7,0.34,0.0,0.02,0.020833333,0.002222222,0.0,0.2225,0.226375,0.187692308,0.340833333,0.028333333,7.88889e-05,0.028571429,0.497142857,0.321818182,0.030909091
18360,Baked Products,"TACO SHELLS, BAKED","Taco shells, baked",,,,476,6.41,21.79,63.49,1.5,6.7,1.0,0.203,0.0,0.0,0.69,85,1.867,0.08,0.216,100,0.113,1.64,83,0.56,233,4.8,1.61,0.001111111,0.119411765,0.0,0.0,0.046,0.2125,0.1166875,0.061538462,0.18,0.083333333,0.000125556,0.197619048,0.332857143,0.087272727,0.146363636
18361,Baked Products,"TOASTER PASTRIES,BROWN-SUGAR-CINNAMON","Toaster pastries, brown-sugar-cinnamon",,,,370,4.06,7.98,72.64,27.24,2.3,0.0,0.58,0.0,0.0,1.33,0,7.23,0.6,0.66,293,0.098,5.62,18,0.534,84,3.5,0.55,0.0,0.341176471,0.0,0.0,0.088666667,0.0,0.451875,0.461538462,0.55,0.244166667,0.000108889,0.042857143,0.12,0.063636364,0.05
18362,Baked Products,"TOASTER PASTRIES,FRUIT","Toaster pastries, fruit (includes apple, blueberry, cherry, strawberry)",,,,388,4.2,9.95,70.32,26.13,1.0,202.0,0.52,0.0,0.0,0.9,174,6.791,0.558,0.649,16,0.069,5.51,12,0.324,87,3.1,0.38,0.224444444,0.305882353,0.0,0.0,0.06,0.435,0.4244375,0.429230769,0.540833333,0.013333333,7.66667e-05,0.028571429,0.124285714,0.056363636,0.034545455
18363,Baked Products,"TORTILLAS,RTB OR -FRY,CORN","Tortillas, ready-to-bake or -fry, corn",,,,218,5.7,2.85,44.64,0.88,6.3,0.0,0.219,0.0,0.0,0.28,5,1.498,0.065,0.094,81,0.154,1.23,72,0.326,314,6.1,1.31,0.0,0.128823529,0.0,0.0,0.018666667,0.0125,0.093625,0.05,0.078333333,0.0675,0.000171111,0.171428571,0.448571429,0.110909091,0.119090909
18364,Baked Products,"TORTILLAS,RTB OR -FRY,FLR,REFR","Tortillas, ready-to-bake or -fry, flour, refrigerated",,,,293,7.93,5.87,51.18,3.34,2.5,0.0,0.05,0.0,0.0,0.19,201,3.622,0.134,0.492,127,0.109,3.27,20,0.491,190,25.1,0.55,0.0,0.029411765,0.0,0.0,0.012666667,0.5025,0.226375,0.103076923,0.41,0.105833333,0.000121111,0.047619048,0.271428571,0.456363636,0.05
18365,Baked Products,"WAFFLES,PLN,FRZ,RTH","Waffles, plain, frozen, ready-to-heat",,,,285,6.47,9.7,42.98,4.91,2.2,381.0,0.898,2.93,0.0,1.05,108,7.575,0.62,0.62,308,0.043,5.61,23,0.225,361,12.2,0.59,0.423333333,0.528235294,1.220833333,0.0,0.07,0.27,0.4734375,0.476923077,0.516666667,0.256666667,4.77778e-05,0.054761905,0.515714286,0.221818182,0.053636364
18367,Baked Products,"WAFFLES,PLN,PREP FROM RECIPE","Waffles, plain, prepared from recipe",,,,291,7.9,14.1,32.9,0.0,0.0,65.0,0.056,0.25,0.4,0.0,68,2.073,0.347,0.263,255,0.062,2.31,19,0.265,190,46.2,0.68,0.072222222,0.032941176,0.104166667,0.004444444,0.0,0.17,0.1295625,0.266923077,0.219166667,0.2125,6.88889e-05,0.045238095,0.271428571,0.84,0.061818182
18368,Baked Products,WONTON WRAPPERS (INCL EGG ROLL WRAPPERS),Wonton wrappers (includes egg roll wrappers),,,,291,9.8,1.5,57.9,0.0,1.8,4.0,0.03,0.02,0.0,0.0,134,5.424,0.378,0.519,47,0.147,3.36,20,0.638,81,28.2,0.71,0.004444444,0.017647059,0.008333333,0.0,0.0,0.335,0.339,0.290769231,0.4325,0.039166667,0.000163333,0.047619048,0.115714286,0.512727273,0.064545455
18369,Baked Products,"LEAVENING AGENTS,BAKING PDR,DOUBLE-ACTING,NA AL SULFATE","Leavening agents, baking powder, double-acting, sodium aluminum sulfate",,,,53,0.0,0.0,27.7,0.0,0.2,0.0,0.0,0.0,0.0,0.0,0,0.0,0.0,0.0,5876,0.01,11.02,27,0.011,2191,0.2,0.01,0.0,0.0,0.0,0.0,0.0,0.0,0.0,0.0,0.0,4.896666667,1.11111e-05,0.064285714,3.13,0.003636364,0.000909091
18370,Baked Products,"LEAVENING AGENTS,BAKING PDR,DOUBLE-ACTING,STRAIGHT PO4","Leavening agents, baking powder, double-acting, straight phosphate",,,,51,0.1,0.0,24.1,0.0,0.2,0.0,0.0,0.0,0.0,0.0,0,0.0,0.0,0.0,7364,0.013,11.27,39,0.014,9918,0.2,0.02,0.0,0.0,0.0,0.0,0.0,0.0,0.0,0.0,0.0,6.136666667,1.44444e-05,0.092857143,14.16857143,0.003636364,0.001818182
18371,Baked Products,"LEAVENING AGENTS,BAKING PDR,LOW-SODIUM","Leavening agents, baking powder, low-sodium",,,,97,0.1,0.4,46.9,0.0,2.2,0.0,0.0,0.0,0.0,0.0,0,0.0,0.0,0.0,4332,0.019,8.17,29,0.42,6869,0.2,0.72,0.0,0.0,0.0,0.0,0.0,0.0,0.0,0.0,0.0,3.61,2.11111e-05,0.069047619,9.812857143,0.003636364,0.065454545
18372,Baked Products,"LEAVENING AGENTS,BAKING SODA","Leavening agents, baking soda",,,,0,0.0,0.0,0.0,0.0,0.0,0.0,0.0,0.0,0.0,0.0,0,0.0,0.0,0.0,0,0.0,0.0,0,0.0,0,0.2,0.0,0.0,0.0,0.0,0.0,0.0,0.0,0.0,0.0,0.0,0.0,0.0,0.0,0.0,0.003636364,0.0
18373,Baked Products,"LEAVENING AGENTS,CRM OF TARTAR","Leavening agents, cream of tartar",,,,258,0.0,0.0,61.5,0.0,0.2,0.0,0.0,0.0,0.0,0.0,0,0.0,0.0,0.0,8,0.195,3.72,2,0.205,5,0.2,0.42,0.0,0.0,0.0,0.0,0.0,0.0,0.0,0.0,0.0,0.006666667,0.000216667,0.004761905,0.007142857,0.003636364,0.038181818
18374,Baked Products,"LEAVENING AGENTS,YEAST,BAKERS,COMPRESSED","Leavening agents, yeast, bakers, compressed",,,,105,8.4,1.9,18.1,0.0,8.1,0.0,0.43,0.01,0.1,0.0,785,12.3,1.13,1.88,19,0.148,3.25,40,0.2,336,8.1,9.97,0.0,0.252941176,0.004166667,0.001111111,0.0,1.9625,0.76875,0.869230769,1.566666667,0.015833333,0.000164444,0.095238095,0.48,0.147272727,0.906363636
18375,Baked Products,"LEAVENING AGENTS,YEAST,BAKERS,ACTIVE DRY","Leavening agents, yeast, bakers, active dry",,,,325,40.44,7.61,41.22,0.0,26.9,0.0,1.5,0.07,0.3,0.0,2340,40.2,4.0,10.99,30,0.436,2.17,54,0.312,637,7.9,7.94,0.0,0.882352941,0.029166667,0.003333333,0.0,5.85,2.5125,3.076923077,9.158333333,0.025,0.000484444,0.128571429,0.91,0.143636364,0.721818182
18376,Baked Products,"BREAD CRUMBS,DRY,GRATED,SEASONED","Bread crumbs, dry, grated, seasoned",,,,383,14.13,5.48,68.49,5.74,4.9,10.0,0.171,0.35,2.7,0.26,183,6.161,0.415,0.961,182,0.244,4.92,46,0.984,177,24.7,1.43,0.011111111,0.100588235,0.145833333,0.03,0.017333333,0.4575,0.3850625,0.319230769,0.800833333,0.151666667,0.000271111,0.10952381,0.252857143,0.449090909,0.13
18377,Baked Products,"COOKIES,OATMEAL,PREP FROM RECIPE,WO/RAISINS","Cookies, oatmeal, prepared from recipe, without raisins",,,,447,6.8,17.9,66.4,0.0,0.0,160.0,0.05,0.09,0.2,0.0,48,1.311,0.174,0.262,105,0.168,2.7,43,1.061,167,17.2,0.93,0.177777778,0.029411765,0.0375,0.002222222,0.0,0.12,0.0819375,0.133846154,0.218333333,0.0875,0.000186667,0.102380952,0.238571429,0.312727273,0.084545455
18378,Baked Products,"COOKIES,CHOC CHIP,PREP FROM RECIPE,MADE W/BUTTER","Cookies, chocolate chip, prepared from recipe, made with butter",,,,488,5.7,28.4,58.2,0.0,0.0,139.0,0.084,0.08,0.2,0.0,47,1.365,0.177,0.184,38,0.386,2.48,55,0.663,100,11.2,0.94,0.154444444,0.049411765,0.033333333,0.002222222,0.0,0.1175,0.0853125,0.136153846,0.153333333,0.031666667,0.000428889,0.130952381,0.142857143,0.203636364,0.085454545
18383,Baked Products,"BREAD,PROT,TSTD (INCL GLUTEN)","Bread, protein, toasted (includes gluten)",,,,270,13.2,2.4,48.1,1.44,3.3,0.0,0.07,0.0,0.0,0.36,149,4.241,0.389,0.317,136,0.205,4.56,56,0.803,189,36.2,1.17,0.0,0.041176471,0.0,0.0,0.024,0.3725,0.2650625,0.299230769,0.264166667,0.113333333,0.000227778,0.133333333,0.27,0.658181818,0.106363636
18384,Baked Products,"BREAD,RICE BRAN,TOASTED","Bread, rice bran, toasted",,,,264,9.7,5.0,47.3,5.08,5.3,0.0,0.208,0.0,0.0,0.71,118,6.662,0.293,0.568,75,0.182,3.92,76,1.521,174,31.2,1.38,0.0,0.122352941,0.0,0.0,0.047333333,0.295,0.416375,0.225384615,0.473333333,0.0625,0.000202222,0.180952381,0.248571429,0.567272727,0.125454545
18385,Baked Products,"BREAD,WHEAT GERM,TOASTED","Bread, wheat germ, toasted",,,,293,10.7,3.3,54.3,4.14,2.3,0.0,0.096,0.07,0.3,0.57,160,4.548,0.379,0.332,100,0.202,3.88,38,1.259,175,30.5,1.46,0.0,0.056470588,0.029166667,0.003333333,0.038,0.4,0.28425,0.291538462,0.276666667,0.083333333,0.000224444,0.09047619,0.25,0.554545455,0.132727273
18386,Baked Products,"MUFFINS,BLUEBERRY,TOASTER-TYPE,TSTD","Muffins, blueberry, toaster-type, toasted",,,,333,4.9,10.1,56.7,12.95,1.9,101.0,0.028,0.01,0.0,0.98,94,1.934,0.278,0.204,14,0.1,0.54,15,0.47,192,18.7,0.48,0.112222222,0.016470588,0.004166667,0.0,0.065333333,0.235,0.120875,0.213846154,0.17,0.011666667,0.000111111,0.035714286,0.274285714,0.34,0.043636364
18388,Baked Products,"MUFFINS,WHEAT BRAN,TOASTER-TYPE W/RAISINS,TSTD","Muffins, wheat bran, toaster-type with raisins, toasted",,,,313,5.5,9.4,55.5,23.07,8.2,56.0,0.056,0.02,0.0,0.98,46,2.317,0.287,0.204,39,0.12,2.83,21,0.433,284,20.3,0.44,0.062222222,0.032941176,0.008333333,0.0,0.065333333,0.115,0.1448125,0.220769231,0.17,0.0325,0.000133333,0.05,0.405714286,0.369090909,0.04
18390,Baked Products,"PANCAKES,BTTRMLK,PREP FROM RECIPE","Pancakes, buttermilk, prepared from recipe",,,,227,6.8,9.3,28.7,0.0,0.0,30.0,0.045,0.18,0.4,0.0,56,1.577,0.292,0.204,157,0.052,1.7,15,0.203,139,15.1,0.62,0.033333333,0.026470588,0.075,0.004444444,0.0,0.14,0.0985625,0.224615385,0.17,0.130833333,5.77778e-05,0.035714286,0.198571429,0.274545455,0.056363636
18396,Baked Products,"ROLLS,DINNER,PLN,PREP FROM RECIPE,MADE W/LOFAT (2%) MILK","Rolls, dinner, plain, prepared from recipe, made with low fat (2%) milk",,,,316,8.5,7.3,53.4,0.0,1.9,87.0,0.06,0.14,0.2,0.0,123,3.448,0.408,0.393,60,0.114,2.96,19,0.401,126,22.8,0.7,0.096666667,0.035294118,0.058333333,0.002222222,0.0,0.3075,0.2155,0.313846154,0.3275,0.05,0.000126667,0.045238095,0.18,0.414545455,0.063636364
18399,Baked Products,"PIE CRUST,COOKIE-TYPE,PREP FR RECIPE,GRAHAM CRACKER,CHILLED","Pie crust, cookie-type, prepared from recipe, graham cracker, chilled",,,,484,4.1,24.4,63.9,37.57,1.5,191.0,0.035,0.02,0.0,2.28,53,2.091,0.172,0.102,20,0.122,2.12,18,0.453,64,5.9,0.46,0.212222222,0.020588235,0.008333333,0.0,0.152,0.1325,0.1306875,0.132307692,0.085,0.016666667,0.000135556,0.042857143,0.091428571,0.107272727,0.041818182
18400,Baked Products,"CRACKERS,MATZO,EGG&ONION","Crackers, matzo, egg and onion",,,,391,10.0,3.9,77.1,0.0,5.0,7.0,0.111,0.22,0.2,0.0,262,4.891,0.437,0.558,36,0.08,4.37,30,0.82,89,36.5,0.73,0.007777778,0.065294118,0.091666667,0.002222222,0.0,0.655,0.3056875,0.336153846,0.465,0.03,8.88889e-05,0.071428571,0.127142857,0.663636364,0.066363636
18401,Baked Products,"PIE CRUST,COOKIE-TYPE,PREP FROM RECIPE,VANILLA WAFER,CHILLED","Pie crust, cookie-type, prepared from recipe, vanilla wafer, chilled",,,,531,3.7,36.2,50.2,7.33,0.1,269.0,0.052,0.09,0.1,3.06,79,2.113,0.229,0.189,42,0.068,1.63,10,0.178,78,7.7,0.24,0.298888889,0.030588235,0.0375,0.001111111,0.204,0.1975,0.1320625,0.176153846,0.1575,0.035,7.55556e-05,0.023809524,0.111428571,0.14,0.021818182
18402,Baked Products,"PIE CRUST,STANDARD-TYPE,PREP FROM RECIPE,UNBAKED","Pie crust, standard-type, prepared from recipe, unbaked",,,,469,5.7,30.8,42.3,0.15,3.4,0.0,0.022,0.0,0.0,0.28,114,2.943,0.246,0.348,9,0.081,2.57,12,0.383,60,18.8,0.39,0.0,0.012941176,0.0,0.0,0.018666667,0.285,0.1839375,0.189230769,0.29,0.0075,9e-05,0.028571429,0.085714286,0.341818182,0.035454545
18403,Baked Products,"WAFFLES,PLN,FRZ,READY -TO-HEAT,TSTD","Waffles, plain, frozen, ready -to-heat, toasted",,,,312,7.19,9.61,49.29,5.02,2.4,398.0,1.044,2.9,0.0,0.98,119,8.888,0.704,0.525,307,0.031,6.91,24,0.299,429,12.6,0.53,0.442222222,0.614117647,1.208333333,0.0,0.065333333,0.2975,0.5555,0.541538462,0.4375,0.255833333,3.44444e-05,0.057142857,0.612857143,0.229090909,0.048181818
18406,Baked Products,"BAGELS,PLN,ENR,WO/CA PROP (INCL ONION,POPPY,SESAME)","Bagels, plain, enriched, without calcium propionate (includes onion, poppy, sesame)",,,,275,10.5,1.6,53.4,0.0,2.3,0.0,0.051,0.0,0.0,0.0,134,4.562,0.315,0.538,18,0.163,3.56,29,0.54,96,0.0,0.88,0.0,0.03,0.0,0.0,0.0,0.335,0.285125,0.242307692,0.448333333,0.015,0.000181111,0.069047619,0.137142857,0.0,0.08
18407,Baked Products,"BAGELS,PLN,UNENR,W/CA PROP (INCL ONION,POPPY,SESAME)","Bagels, plain, unenriched, with calcium propionate (includes onion, poppy, sesame)",,,,275,10.5,1.6,53.4,0.0,2.3,0.0,0.051,0.0,0.0,0.0,22,1.758,0.052,0.163,74,0.163,1.36,29,0.54,96,0.0,0.88,0.0,0.03,0.0,0.0,0.0,0.055,0.109875,0.04,0.135833333,0.061666667,0.000181111,0.069047619,0.137142857,0.0,0.08
18408,Baked Products,"BAGELS,PLN,UNENR,WO/CA PROP (INCL ONION,POPPY,SESAME)","Bagels, plain, unenriched, without calcium propionate(includes onion, poppy, sesame)",,,,275,10.5,1.6,53.4,0.0,2.3,0.0,0.051,0.0,0.0,0.0,22,1.758,0.052,0.163,18,0.163,1.36,29,0.54,96,0.0,0.88,0.0,0.03,0.0,0.0,0.0,0.055,0.109875,0.04,0.135833333,0.015,0.000181111,0.069047619,0.137142857,0.0,0.08
18412,Baked Products,"BREAD,CORNBREAD,DRY MIX,UNENR (INCL CORN MUFFIN MIX)","Bread, cornbread, dry mix, unenriched (includes corn muffin mix)",,,,418,7.0,12.2,69.5,0.0,6.5,6.0,0.128,0.09,0.1,0.0,11,0.937,0.02,0.046,57,0.085,0.59,24,0.315,489,0.0,0.57,0.006666667,0.075294118,0.0375,0.001111111,0.0,0.0275,0.0585625,0.015384615,0.038333333,0.0475,9.44444e-05,0.057142857,0.698571429,0.0,0.051818182
18413,Baked Products,"BREAD,PITA,WHITE,UNENR","Bread, pita, white, unenriched",,,,275,9.1,1.2,55.7,0.0,2.2,0.0,0.034,0.0,0.0,0.0,24,2.142,0.097,0.267,86,0.168,1.4,26,0.481,97,0.0,0.84,0.0,0.02,0.0,0.0,0.0,0.06,0.133875,0.074615385,0.2225,0.071666667,0.000186667,0.061904762,0.138571429,0.0,0.076363636
18414,Baked Products,"BREAD,RAISIN,UNENRICHED","Bread, raisin, unenriched",,,,274,7.9,4.4,52.3,0.0,4.3,0.0,0.069,0.0,0.1,0.0,34,1.495,0.173,0.177,66,0.198,1.83,26,0.501,109,0.0,0.72,0.0,0.040588235,0.0,0.001111111,0.0,0.085,0.0934375,0.133076923,0.1475,0.055,0.00022,0.061904762,0.155714286,0.0,0.065454545
18416,Baked Products,"BREAD,WHITE,COMMLY PREP,LO NA,NO SALT","Bread, white, commercially prepared, low sodium, no salt",,,,267,8.2,3.6,49.6,4.31,2.3,0.0,0.064,0.03,0.0,0.22,171,3.969,0.341,0.472,108,0.126,3.03,24,0.383,94,22.6,0.62,0.0,0.037647059,0.0125,0.0,0.014666667,0.4275,0.2480625,0.262307692,0.393333333,0.09,0.00014,0.057142857,0.134285714,0.410909091,0.056363636
18417,Baked Products,"COFFEECAKE,CINN W/CRUMB TOPPING,COMMLY PREP,UNENR","Coffeecake, cinnamon with crumb topping, commercially prepared, unenriched",,,,418,6.8,23.3,46.7,0.0,2.0,33.0,0.027,0.18,0.3,0.0,32,0.88,0.095,0.135,54,0.125,0.78,22,0.451,108,0.0,0.81,0.036666667,0.015882353,0.075,0.003333333,0.0,0.08,0.055,0.073076923,0.1125,0.045,0.000138889,0.052380952,0.154285714,0.0,0.073636364
18418,Baked Products,"CAKE,POUND,COMMLY PREP,OTHER THAN ALL BUTTER,UNENR","Cake, pound, commercially prepared, other than all butter, unenriched",,,,389,5.2,17.9,52.5,0.0,1.0,35.0,0.023,0.14,0.1,0.0,9,0.342,0.124,0.024,64,0.054,0.6,13,0.088,134,0.0,0.39,0.038888889,0.013529412,0.058333333,0.001111111,0.0,0.0225,0.021375,0.095384615,0.02,0.053333333,6e-05,0.030952381,0.191428571,0.0,0.035454545
18419,Baked Products,"CAKE,WHITE,DRY MIX,PUDDING-TYPE,UNENR","Cake, white, dry mix, pudding-type, unenriched",,,,423,3.9,9.5,81.0,0.0,0.7,0.0,0.018,0.04,0.0,0.0,9,0.97,0.06,0.08,77,0.056,0.52,9,0.278,277,0.0,0.25,0.0,0.010588235,0.016666667,0.0,0.0,0.0225,0.060625,0.046153846,0.066666667,0.064166667,6.22222e-05,0.021428571,0.395714286,0.0,0.022727273
18420,Baked Products,"CAKE,YEL,DRY MIX,REG,UNENR","Cake, yellow, dry mix, regular, unenriched",,,,432,4.4,11.6,78.1,0.0,1.1,0.0,0.077,0.1,0.2,0.0,9,0.309,0.049,0.082,135,0.072,0.48,10,0.191,310,0.0,0.27,0.0,0.045294118,0.041666667,0.002222222,0.0,0.0225,0.0193125,0.037692308,0.068333333,0.1125,8e-05,0.023809524,0.442857143,0.0,0.024545455
18421,Baked Products,"COOKIES,BUTTER,COMMLY PREP,UNENR","Cookies, butter, commercially prepared, unenriched",,,,467,6.1,18.8,68.9,0.0,0.8,160.0,0.036,0.36,0.0,0.0,6,0.32,0.071,0.066,29,0.2,0.29,12,0.17,102,0.0,0.38,0.177777778,0.021176471,0.15,0.0,0.0,0.015,0.02,0.054615385,0.055,0.024166667,0.000222222,0.028571429,0.145714286,0.0,0.034545455
18422,Baked Products,"COOKIES,CHOC CHIP,COMMLY PREP,REG,HIGHER FAT,UNENR","Cookies, chocolate chip, commercially prepared, regular, higher fat, unenriched",,,,481,5.4,22.6,66.8,0.0,2.5,0.0,0.056,0.01,0.0,0.0,9,0.473,0.06,0.059,25,0.212,1.0,31,0.449,108,0.0,0.64,0.0,0.032941176,0.004166667,0.0,0.0,0.0225,0.0295625,0.046153846,0.049166667,0.020833333,0.000235556,0.073809524,0.154285714,0.0,0.058181818
18423,Baked Products,"COOKIES,LADYFINGERS,WO/LEMON JUC&RIND","Cookies, ladyfingers, without lemon juice and rind",,,,363,10.6,9.1,59.7,0.0,1.0,167.0,0.122,0.75,0.0,0.0,105,2.104,0.428,0.284,47,0.095,3.58,12,0.24,173,0.0,1.14,0.185555556,0.071764706,0.3125,0.0,0.0,0.2625,0.1315,0.329230769,0.236666667,0.039166667,0.000105556,0.028571429,0.247142857,0.0,0.103636364
18424,Baked Products,"CRACKERS,MELBA TOAST,PLN,WO/SALT","Crackers, melba toast, plain, without salt",,,,390,12.1,3.2,76.6,0.0,6.3,0.0,0.098,0.0,0.0,0.0,193,4.113,0.273,0.413,93,0.289,3.7,59,1.13,196,0.0,2.01,0.0,0.057647059,0.0,0.0,0.0,0.4825,0.2570625,0.21,0.344166667,0.0775,0.000321111,0.14047619,0.28,0.0,0.182727273
18425,Baked Products,"CRACKERS,SALTINES,LO SALT (INCL OYSTER,SODA,SOUP)","Crackers, saltines, low salt (includes oyster, soda, soup)",,,,421,9.5,8.85,74.34,2.22,2.9,0.0,0.06,0.09,0.0,1.12,221,5.235,0.331,0.611,119,0.156,5.13,25,0.838,111,6.4,0.82,0.0,0.035294118,0.0375,0.0,0.074666667,0.5525,0.3271875,0.254615385,0.509166667,0.099166667,0.000173333,0.05952381,0.158571429,0.116363636,0.074545455
18426,Baked Products,"CRACKERS,SALTINES,UNSALTED TOPS (INCL OYSTER,SODA,SOUP)","Crackers, saltines, unsalted tops (includes oyster, soda, soup)",,,,434,9.2,11.8,71.5,0.0,3.0,0.0,0.038,0.0,0.0,0.0,189,5.249,0.462,0.565,119,0.199,5.4,27,0.695,105,0.0,0.77,0.0,0.022352941,0.0,0.0,0.0,0.4725,0.3280625,0.355384615,0.470833333,0.099166667,0.000221111,0.064285714,0.15,0.0,0.07
18427,Baked Products,"CRACKERS,STD SNACK-TYPE,REG,LO SALT","Crackers, standard snack-type, regular, low salt",,,,502,7.4,25.3,61.0,1.79,1.6,0.0,0.053,0.0,0.0,2.03,142,4.048,0.342,0.408,120,0.213,3.6,27,0.556,228,6.6,0.68,0.0,0.031176471,0.0,0.0,0.135333333,0.355,0.253,0.263076923,0.34,0.1,0.000236667,0.064285714,0.325714286,0.12,0.061818182
18428,Baked Products,"CRACKERS,WHEAT,LOW SALT","Crackers, wheat, low salt",,,,473,8.6,20.6,64.9,13.04,4.5,0.0,0.136,0.0,0.0,0.5,72,4.961,0.327,0.505,49,0.318,4.4,62,1.781,220,33.7,1.6,0.0,0.08,0.0,0.0,0.033333333,0.18,0.3100625,0.251538462,0.420833333,0.040833333,0.000353333,0.147619048,0.314285714,0.612727273,0.145454545
18429,Baked Products,"CRACKERS,WHOLE-WHEAT,LO SALT","Crackers, whole-wheat, low salt",,,,443,8.8,17.2,68.6,0.37,10.5,0.0,0.183,0.0,0.0,0.86,28,4.519,0.1,0.201,50,0.444,3.08,99,2.247,295,14.7,2.15,0.0,0.107647059,0.0,0.0,0.057333333,0.07,0.2824375,0.076923077,0.1675,0.041666667,0.000493333,0.235714286,0.421428571,0.267272727,0.195454545
18430,Baked Products,"DANISH PASTRY,CINN,UNENR","Danish pastry, cinnamon, unenriched",,,,403,7.0,22.4,44.6,0.0,1.2,4.0,0.038,0.1,0.2,0.0,33,1.1,0.1,0.18,71,0.1,0.78,19,0.362,107,0.0,0.72,0.004444444,0.022352941,0.041666667,0.002222222,0.0,0.0825,0.06875,0.076923077,0.15,0.059166667,0.000111111,0.045238095,0.152857143,0.0,0.065454545
18431,Baked Products,"DANISH PASTRY,FRUIT,UNENR (INCL APPL,CINN,RAISIN,STRAWBERRY)","Danish pastry, fruit, unenriched (includes apple, cinnamon, raisin, strawberry)",,,,371,5.4,18.5,47.8,0.0,1.9,22.0,0.04,0.13,3.9,0.0,16,0.769,0.092,0.065,46,0.065,0.75,15,0.253,89,0.0,0.54,0.024444444,0.023529412,0.054166667,0.043333333,0.0,0.04,0.0480625,0.070769231,0.054166667,0.038333333,7.22222e-05,0.035714286,0.127142857,0.0,0.049090909
18432,Baked Products,"BREAD,WHITE,COMMLY PREP,TSTD,LO NA NO SALT","Bread, white, commercially prepared, toasted, low sodium no salt",,,,293,9.0,4.0,54.4,0.0,0.0,0.0,0.063,0.02,0.0,0.0,143,3.926,0.337,0.415,119,0.138,3.33,26,0.421,103,0.0,0.68,0.0,0.037058824,0.008333333,0.0,0.0,0.3575,0.245375,0.259230769,0.345833333,0.099166667,0.000153333,0.061904762,0.147142857,0.0,0.061818182
18433,Baked Products,"DANISH PASTRY,LEMON,UNENR","Danish pastry, lemon, unenriched",,,,371,5.4,18.5,47.8,0.0,1.9,53.0,0.04,0.09,3.9,0.0,16,0.769,0.092,0.065,46,0.065,0.75,15,0.253,89,0.0,0.54,0.058888889,0.023529412,0.0375,0.043333333,0.0,0.04,0.0480625,0.070769231,0.054166667,0.038333333,7.22222e-05,0.035714286,0.127142857,0.0,0.049090909
18434,Baked Products,"CRACKERS,CHS,LO NA","Crackers, cheese, low sodium",,,,503,10.1,25.3,58.2,0.28,2.4,17.0,0.553,0.46,0.0,0.3,134,4.671,0.428,0.57,151,0.21,4.77,36,0.629,218,8.6,1.13,0.018888889,0.325294118,0.191666667,0.0,0.02,0.335,0.2919375,0.329230769,0.475,0.125833333,0.000233333,0.085714286,0.311428571,0.156363636,0.102727273
18435,Baked Products,"DANISH PASTRY,RASPBERRY,UNENR","Danish pastry, raspberry, unenriched",,,,371,5.4,18.5,47.8,0.0,1.9,60.0,0.04,0.09,3.9,0.0,16,0.769,0.092,0.065,46,0.065,0.75,15,0.253,89,0.0,0.54,0.066666667,0.023529412,0.0375,0.043333333,0.0,0.04,0.0480625,0.070769231,0.054166667,0.038333333,7.22222e-05,0.035714286,0.127142857,0.0,0.049090909
18436,Baked Products,"DOUGHNUTS,YEAST-LEAVENED,GLAZED,UNENR (INCL HONEY BUNS)","Doughnuts, yeast-leavened, glazed, unenriched (includes honey buns)",donut,,,403,6.4,22.8,44.3,0.0,1.2,4.0,0.057,0.09,0.1,0.0,22,0.65,0.067,0.89,43,0.169,0.6,22,0.263,93,0.0,0.77,0.004444444,0.033529412,0.0375,0.001111111,0.0,0.055,0.040625,0.051538462,0.741666667,0.035833333,0.000187778,0.052380952,0.132857143,0.0,0.07
18437,Baked Products,"ENGLISH MUFFINS,PLN,ENR,WO/CA PROP (INCL SOURDOUGH)","English muffins, plain, enriched, without calcium propionate(includes sourdough)",,,,235,7.7,1.8,46.0,0.0,2.7,0.0,0.043,0.04,0.0,0.0,100,3.884,0.281,0.442,52,0.129,2.5,21,0.357,133,0.0,0.7,0.0,0.025294118,0.016666667,0.0,0.0,0.25,0.24275,0.216153846,0.368333333,0.043333333,0.000143333,0.05,0.19,0.0,0.063636364
18438,Baked Products,"ENGLISH MUFFINS,PLN,UNENR,W/CA PROP (INCL SOURDOUGH)","English muffins, plain, unenriched, with calcium propionate (includes sourdough)",,,,235,7.7,1.8,46.0,0.0,2.7,0.0,0.043,0.04,0.0,0.0,37,1.566,0.154,0.181,174,0.129,0.89,21,0.357,133,0.0,0.7,0.0,0.025294118,0.016666667,0.0,0.0,0.0925,0.097875,0.118461538,0.150833333,0.145,0.000143333,0.05,0.19,0.0,0.063636364
18439,Baked Products,"ENGLISH MUFFINS,PLN,UNENR,WO/CA PROP (INCL SOURDOUGH)","English muffins, plain, unenriched, without calcium propionate (includes sourdough)",,,,235,7.7,1.8,46.0,0.0,2.7,0.0,0.043,0.04,0.1,0.0,37,1.566,0.154,0.181,52,0.129,0.89,21,0.357,133,0.0,0.7,0.0,0.025294118,0.016666667,0.001111111,0.0,0.0925,0.097875,0.118461538,0.150833333,0.043333333,0.000143333,0.05,0.19,0.0,0.063636364
18443,Baked Products,"PIE,APPL,COMMLY PREP,UNENR FLR","Pie, apple, commercially prepared, unenriched flour",,,,237,1.9,11.0,34.0,0.0,1.6,29.0,0.038,0.01,3.2,0.0,4,1.123,0.158,0.134,11,0.046,1.21,7,0.182,24,0.0,0.16,0.032222222,0.022352941,0.004166667,0.035555556,0.0,0.01,0.0701875,0.121538462,0.111666667,0.009166667,5.11111e-05,0.016666667,0.034285714,0.0,0.014545455
18444,Baked Products,"PIE,FRIED PIES,CHERRY","Pie, fried pies, cherry",,,,316,3.0,16.1,42.6,0.0,2.6,9.0,0.03,0.08,1.3,0.0,29,1.425,0.106,0.141,22,0.047,1.22,10,0.224,43,2.4,0.23,0.01,0.017647059,0.033333333,0.014444444,0.0,0.0725,0.0890625,0.081538462,0.1175,0.018333333,5.22222e-05,0.023809524,0.061428571,0.043636364,0.020909091
18445,Baked Products,"PIE,FRIED PIES,LEMON","Pie, fried pies, lemon",,,,316,3.0,16.1,42.6,0.0,2.6,2.0,0.03,0.08,0.0,0.0,29,1.425,0.106,0.141,22,0.047,1.22,10,0.224,43,2.4,0.23,0.002222222,0.017647059,0.033333333,0.0,0.0,0.0725,0.0890625,0.081538462,0.1175,0.018333333,5.22222e-05,0.023809524,0.061428571,0.043636364,0.020909091
18446,Baked Products,"PIE CRUST,STANDARD-TYPE,FRZ,RTB,UNENR","Pie crust, standard-type, frozen, ready-to-bake, unenriched",,,,457,3.9,29.2,44.1,0.0,0.9,0.0,0.071,0.03,0.0,0.0,10,0.55,0.01,0.05,18,0.068,0.38,16,0.547,53,0.0,0.3,0.0,0.041764706,0.0125,0.0,0.0,0.025,0.034375,0.007692308,0.041666667,0.015,7.55556e-05,0.038095238,0.075714286,0.0,0.027272727
18447,Baked Products,"POPOVERS,DRY MIX,UNENR","Popovers, dry mix, unenriched",,,,371,10.4,4.3,71.0,0.0,0.0,0.0,0.042,0.08,0.1,0.0,25,1.041,0.026,0.101,32,0.174,0.82,25,0.741,100,0.0,0.88,0.0,0.024705882,0.033333333,0.001111111,0.0,0.0625,0.0650625,0.02,0.084166667,0.026666667,0.000193333,0.05952381,0.142857143,0.0,0.08
18448,Baked Products,"TACO SHELLS,BKD,WO/ SALT","Taco shells, baked, without added salt",,,,468,7.2,22.6,62.4,0.0,7.5,0.0,0.296,0.0,0.0,0.0,174,1.35,0.053,0.228,160,0.12,2.5,105,0.435,248,0.0,1.4,0.0,0.174117647,0.0,0.0,0.0,0.435,0.084375,0.040769231,0.19,0.133333333,0.000133333,0.25,0.354285714,0.0,0.127272727
18449,Baked Products,"TORTILLAS,RTB OR -FRY,CORN,WO/ SALT","Tortillas, ready-to-bake or -fry, corn, without added salt",,,,222,5.7,2.5,46.6,0.0,5.2,0.0,0.219,0.0,0.0,0.0,183,1.498,0.073,0.112,175,0.154,1.4,65,0.402,314,0.0,0.94,0.0,0.128823529,0.0,0.0,0.0,0.4575,0.093625,0.056153846,0.093333333,0.145833333,0.000171111,0.154761905,0.448571429,0.0,0.085454545
18450,Baked Products,"TORTILLAS,RTB OR -FRY,FLR,WO/ CA","Tortillas, ready-to-bake or -fry, flour, without added calcium",,,,325,8.7,7.1,55.6,0.0,3.3,0.0,0.05,0.0,0.0,0.0,201,3.572,0.293,0.531,39,0.267,3.3,26,0.462,124,23.4,0.71,0.0,0.029411765,0.0,0.0,0.0,0.5025,0.22325,0.225384615,0.4425,0.0325,0.000296667,0.061904762,0.177142857,0.425454545,0.064545455
18451,Baked Products,"CAKE,POUND,COMMLY PREP,FAT-FREE","Cake, pound, commercially prepared, fat-free",,,,283,5.4,1.2,61.0,34.34,1.1,29.0,0.012,0.0,0.0,0.01,70,0.686,0.302,0.125,43,0.058,2.06,10,0.137,146,5.3,0.31,0.032222222,0.007058824,0.0,0.0,0.000666667,0.175,0.042875,0.232307692,0.104166667,0.035833333,6.44444e-05,0.023809524,0.208571429,0.096363636,0.028181818
18453,Baked Products,"CAKE,YELLOW,DRY MIX,LIGHT","Cake, yellow, dry mix, light",,,,404,4.7,5.5,84.1,0.0,1.3,4.0,0.026,0.11,0.0,0.0,126,1.569,0.211,0.172,155,0.063,1.31,10,0.228,324,3.1,0.33,0.004444444,0.015294118,0.045833333,0.0,0.0,0.315,0.0980625,0.162307692,0.143333333,0.129166667,7e-05,0.023809524,0.462857143,0.056363636,0.03
18457,Baked Products,"CRACKERS,SALTINES,FAT-FREE,LOW-SODIUM","Crackers, saltines, fat-free, low-sodium",,,,393,10.5,1.6,82.3,0.38,2.7,0.0,0.085,0.0,0.0,0.12,202,5.714,0.59,0.518,22,0.145,7.72,26,0.637,113,21.4,0.94,0.0,0.05,0.0,0.0,0.008,0.505,0.357125,0.453846154,0.431666667,0.018333333,0.000161111,0.061904762,0.161428571,0.389090909,0.085454545
18459,Baked Products,"BREAKFAST TART,LOFAT","Breakfast tart, low fat",,,,372,3.99,5.99,76.8,4.87,1.5,285.0,0.38,0.0,3.8,0.53,133,3.8,0.549,0.285,44,0.073,3.42,44,0.0,93,12.9,0.28,0.316666667,0.223529412,0.0,0.042222222,0.035333333,0.3325,0.2375,0.422307692,0.2375,0.036666667,8.11111e-05,0.104761905,0.132857143,0.234545455,0.025454545
18476,Baked Products,"TOASTER PASTRIES,KELLOGG,KELLOGGS POP TARTS,BLUEBERRY","Toaster Pastries, KELLOGG, KELLOGGS POP TARTS, Blueberry",,"Kellogg, Co.",,412,4.6,13.3,68.41,30.9,1.1,289.0,0.38,0.0,0.0,0.0,0,3.8,0.33,0.29,24,0.15,3.5,16,0.0,88,0.0,1.27,0.321111111,0.223529412,0.0,0.0,0.0,0.0,0.2375,0.253846154,0.241666667,0.02,0.000166667,0.038095238,0.125714286,0.0,0.115454545
18477,Baked Products,"TOASTER PASTRIES,KELLOGG,KELLOGGS POP TARTS,FRSTD BLUEBERRY","Toaster Pastries, KELLOGG, KELLOGGS POP TARTS, Frosted blueberry",,"Kellogg, Co.",,391,4.6,10.0,71.77,31.2,1.1,0.0,0.38,0.0,0.0,0.0,0,3.8,0.33,0.29,24,0.15,3.5,16,0.0,85,0.0,1.23,0.0,0.223529412,0.0,0.0,0.0,0.0,0.2375,0.253846154,0.241666667,0.02,0.000166667,0.038095238,0.121428571,0.0,0.111818182
18478,Baked Products,"TOASTER PASTRIES,KELLOGG,KELLOGGS POP TARTS,BRWN SUGAR CINN","Toaster Pastries, KELLOGG, KELLOGGS POP TARTS, Brown sugar cinnamon",,"Kellogg, Co.",,438,5.4,18.4,64.4,25.4,1.5,0.0,0.4,0.0,0.0,0.0,0,4.0,0.34,0.3,31,0.08,3.6,16,0.0,63,0.0,1.22,0.0,0.235294118,0.0,0.0,0.0,0.0,0.25,0.261538462,0.25,0.025833333,8.88889e-05,0.038095238,0.09,0.0,0.110909091
18479,Baked Products,"TOASTER PASTRIES,KELLOGG,KELLOGGS POP TRTS,FRSTD BR SGR CIN","Toaster Pastries, KELLOGG, KELLOGGS POP TARTS, Frosted brown sugar cinnamon",,"Kellogg, Co.",,417,4.6,13.8,69.0,32.3,1.4,381.0,0.75,0.0,0.0,0.0,0,5.2,0.52,0.43,0,0.0,5.4,9,0.0,50,0.0,0.3,0.423333333,0.441176471,0.0,0.0,0.0,0.0,0.325,0.4,0.358333333,0.0,0.0,0.021428571,0.071428571,0.0,0.027272727
18481,Baked Products,"TOASTER PASTRIES,KELLOGG,KELLOGGS POP TARTS,FRSTD CHERRY","Toaster Pastries, KELLOGG, KELLOGGS POP TARTS, Frosted cherry",,"Kellogg, Co.",,397,4.2,10.2,72.0,36.0,1.0,289.0,0.39,0.0,0.0,0.0,0,3.85,0.33,0.29,25,0.19,3.5,14,0.0,80,0.0,1.46,0.321111111,0.229411765,0.0,0.0,0.0,0.0,0.240625,0.253846154,0.241666667,0.020833333,0.000211111,0.033333333,0.114285714,0.0,0.132727273
18482,Baked Products,"TOASTER PASTRIES,KELLOGG,KELLOGGS POP TARTS,FRSTD CHOC FUDG","Toaster Pastries, KELLOGG, KELLOGGS POP TARTS, Frosted chocolate fudge",,"Kellogg, Co.",,384,4.9,9.3,70.4,35.0,2.1,0.0,0.38,0.0,0.0,0.0,0,3.8,0.33,0.29,192,0.0,3.5,23,0.0,99,0.0,0.5,0.0,0.223529412,0.0,0.0,0.0,0.0,0.2375,0.253846154,0.241666667,0.16,0.0,0.054761905,0.141428571,0.0,0.045454545
18486,Baked Products,"TOASTER PASTRIES,KELLOGG,KELLOGGS POP TARTS,FRSTD RASPBERRY","Toaster Pastries, KELLOGG, KELLOGGS POP TARTS, Frosted raspberry",,"Kellogg, Co.",,399,4.2,10.6,71.62,35.4,1.0,289.0,0.4,0.0,0.0,0.0,0,3.8,0.33,0.29,22,0.08,3.5,16,0.0,88,0.0,1.21,0.321111111,0.235294118,0.0,0.0,0.0,0.0,0.2375,0.253846154,0.241666667,0.018333333,8.88889e-05,0.038095238,0.125714286,0.0,0.11
18487,Baked Products,"TOASTER PASTRIES,KELLOGG,KELLOGGS POP TARTS,SMORES","Toaster Pastries, KELLOGG, KELLOGGS POP TARTS, Smores",,"Kellogg, Co.",,392,6.2,10.5,69.6,36.5,1.4,0.0,0.4,0.0,0.0,0.0,0,3.8,0.3,0.3,29,0.1,3.5,21,0.0,75,0.0,0.4,0.0,0.235294118,0.0,0.0,0.0,0.0,0.2375,0.230769231,0.25,0.024166667,0.000111111,0.05,0.107142857,0.0,0.036363636
18488,Baked Products,"TOASTER PASTRIES,KELLOGG,KELLOGGS POP TARTS,STRAWBERRY","Toaster Pastries, KELLOGG, KELLOGGS POP TARTS, Strawberry",,"Kellogg, Co.",,398,4.7,10.5,71.1,33.0,1.1,0.0,0.4,0.0,0.0,0.0,0,3.8,0.3,0.3,24,0.0,3.5,11,0.0,55,0.0,0.3,0.0,0.235294118,0.0,0.0,0.0,0.0,0.2375,0.230769231,0.25,0.02,0.0,0.026190476,0.078571429,0.0,0.027272727
18489,Baked Products,"TOASTER PASTRIES,KELLOGG,KELLOGS POP TARTS,FRSTD STRAWBERRY","Toaster Pastries, KELLOGG, KELLOGGS POP TARTS, Frosted strawberry",,"Kellogg, Co.",,390,4.1,9.8,71.7,30.3,1.3,368.0,0.4,0.0,0.0,0.0,0,3.8,0.33,0.29,0,0.0,4.8,6,0.0,44,0.0,0.3,0.408888889,0.235294118,0.0,0.0,0.0,0.0,0.2375,0.253846154,0.241666667,0.0,0.0,0.014285714,0.062857143,0.0,0.027272727
18490,Baked Products,"TOASTER PASTRIES,KELLOGG,KELLOGGS POP TARTS,FRSTD WLD BERRY","Toaster Pastries, KELLOGG, KELLOGGS POP TARTS, Frosted wild berry",,"Kellogg, Co.",,390,4.0,9.5,72.4,31.7,1.3,289.0,0.4,0.0,0.0,0.0,0,3.8,0.33,0.29,0,0.0,3.5,6,0.0,42,0.0,0.3,0.321111111,0.235294118,0.0,0.0,0.0,0.0,0.2375,0.253846154,0.241666667,0.0,0.0,0.014285714,0.06,0.0,0.027272727
18494,Baked Products,"TSTR PSTRS,KELLOGG,KELLOGGS LF POP TRTS,FRSTD BRWN SGR CINN","Toaster Pastries, KELLOGG, KELLOGGS LOW FAT POP TARTS, Frosted brown sugar cinnamon",,"Kellogg, Co.",,366,4.7,5.9,73.7,30.5,5.5,0.0,0.4,0.0,0.0,0.0,0,4.0,0.34,0.3,200,0.0,3.6,0,0.0,0,0.0,0.0,0.0,0.235294118,0.0,0.0,0.0,0.0,0.25,0.261538462,0.25,0.166666667,0.0,0.0,0.0,0.0,0.0
18497,Baked Products,"TSTR PSTRS,KELLOGG,KELLOGGS LF POP TARTS,FRSTD STRAWBERRY","Toaster Pastries, KELLOGG, KELLOGGS LOW FAT POP TARTS, Frosted strawberry",,"Kellogg, Co.",,363,4.2,5.4,74.4,29.4,5.6,300.0,0.4,0.0,0.0,0.0,0,4.0,0.34,0.3,200,0.0,3.6,0,0.0,0,0.0,0.0,0.333333333,0.235294118,0.0,0.0,0.0,0.0,0.25,0.261538462,0.25,0.166666667,0.0,0.0,0.0,0.0,0.0
18499,Baked Products,"KELLOGG,KELLOGGS EGGO,BTTRMLK PANCAKE","KELLOGG, KELLOGGS EGGO, Buttermilk Pancake",,"Kellogg, Co.",,245,5.3,8.0,38.6,10.0,1.0,0.0,0.34,1.0,1.4,0.0,0,3.4,0.29,0.26,78,0.0,3.9,1,0.0,194,0.0,0.1,0.0,0.2,0.416666667,0.015555556,0.0,0.0,0.2125,0.223076923,0.216666667,0.065,0.0,0.002380952,0.277142857,0.0,0.009090909
18501,Baked Products,"KELLOGG,KELLOGGS NUTRI-GRAIN CRL BARS,MXD BERRY","KELLOGG, KELLOGS NUTRI-GRAIN CEREAL BARS, Mixed Berry",,"Kellogg, Co.",,370,4.3,7.6,72.8,33.6,1.9,0.0,1.4,0.0,0.0,0.0,0,13.5,1.1,1.0,39,0.1,4.9,26,0.0,98,0.0,4.1,0.0,0.823529412,0.0,0.0,0.0,0.0,0.84375,0.846153846,0.833333333,0.0325,0.000111111,0.061904762,0.14,0.0,0.372727273
18505,Baked Products,"KELLOGGS,EGGO,WAFFLES,HOMESTYLE,LOFAT","KELLOGGS, EGGO, Waffles, Homestyle, Low Fat",,"Kellogg, Co.",,229,6.3,3.5,44.9,4.5,1.3,429.0,0.57,1.7,0.0,0.0,0,5.7,0.49,0.43,378,0.0,6.4,17,0.0,286,0.0,0.5,0.476666667,0.335294118,0.708333333,0.0,0.0,0.0,0.35625,0.376923077,0.358333333,0.315,0.0,0.04047619,0.408571429,0.0,0.045454545
18506,Baked Products,"KELLOGGS,EGGO,NUTRI-GRAIN,WAFFLES,LOFAT","KELLOGGS, EGGO, NUTRI-GRAIN, Waffles, Low Fat",,"Kellogg, Co.",,201,6.5,3.5,39.0,3.9,4.0,0.0,0.57,1.7,0.0,0.0,0,5.7,0.49,0.43,143,0.0,6.4,53,0.0,351,0.0,0.9,0.0,0.335294118,0.708333333,0.0,0.0,0.0,0.35625,0.376923077,0.358333333,0.119166667,0.0,0.126190476,0.501428571,0.0,0.081818182
18507,Baked Products,KELLOGGS EGGO LOWFAT BLUEBERRY NUTRI - GRAIN WAFFLES,KELLOGGS Eggo Lowfat Blueberry Nutri-Grain Waffles,,"Kellogg, Co.",,208,5.95,2.83,42.71,8.89,3.5,0.0,0.51,1.54,0.0,0.0,0,5.13,0.44,0.38,61,0.0,4.62,54,0.0,77,0.0,0.0,0.0,0.3,0.641666667,0.0,0.0,0.0,0.320625,0.338461538,0.316666667,0.050833333,0.0,0.128571429,0.11,0.0,0.0
18513,Baked Products,"ARCHWAY HOME STYLE COOKIES,SUGAR FREE OATMEAL","ARCHWAY Home Style Cookies, Sugar Free Oatmeal",,Archway Cookies,,442,5.54,20.92,67.2,1.26,1.9,0.0,0.0,0.0,0.0,0.0,0,1.81,0.17,0.27,20,0.0,1.96,0,0.0,0,0.0,0.0,0.0,0.0,0.0,0.0,0.0,0.0,0.113125,0.130769231,0.225,0.016666667,0.0,0.0,0.0,0.0,0.0
18522,Baked Products,"ARCHWAY Home Style Cookies, Chocolate Chip Ice Box","ARCHWAY Home Style Cookies, Chocolate Chip Ice Box",,Archway Cookies,,497,4.28,24.4,65.02,34.06,2.0,0.0,0.0,0.0,0.0,0.0,0,2.06,0.17,0.25,14,0.0,2.63,0,0.0,0,0.0,0.0,0.0,0.0,0.0,0.0,0.0,0.0,0.12875,0.130769231,0.208333333,0.011666667,0.0,0.0,0.0,0.0,0.0
18524,Baked Products,"ARCHWAY Home Style Cookies, Coconut Macaroon","ARCHWAY Home Style Cookies, Coconut Macaroon",,Archway Cookies,,460,3.02,22.55,61.23,45.16,5.1,0.0,0.0,0.0,0.0,0.0,0,0.22,0.06,0.02,5,0.0,0.82,0,0.0,0,0.0,0.0,0.0,0.0,0.0,0.0,0.0,0.0,0.01375,0.046153846,0.016666667,0.004166667,0.0,0.0,0.0,0.0,0.0
18527,Baked Products,"ARCHWAY Home Style Cookies, Date Filled Oatmeal","ARCHWAY Home Style Cookies, Date Filled Oatmeal",,Archway Cookies,,400,4.67,12.05,68.16,34.27,2.1,0.0,0.0,0.0,0.0,0.0,0,1.99,0.17,0.28,28,0.0,2.26,0,0.0,0,0.0,0.0,0.0,0.0,0.0,0.0,0.0,0.0,0.124375,0.130769231,0.233333333,0.023333333,0.0,0.0,0.0,0.0,0.0
18528,Baked Products,"ARCHWAY Home Style Cookies, Dutch Cocoa","ARCHWAY Home Style Cookies, Dutch Cocoa",,Archway Cookies,,431,4.5,14.99,69.44,35.35,2.6,0.0,0.0,0.0,0.0,0.0,0,2.22,0.18,0.26,13,0.0,3.36,0,0.0,0,0.0,0.0,0.0,0.0,0.0,0.0,0.0,0.0,0.13875,0.138461538,0.216666667,0.010833333,0.0,0.0,0.0,0.0,0.0
18529,Baked Products,"ARCHWAY HOME STYLE COOKIES,FROSTY LEMON","ARCHWAY Home Style Cookies, Frosty Lemon",,Archway Cookies,,430,4.41,17.11,64.78,33.35,0.7,0.0,0.0,0.0,0.0,0.0,0,1.95,0.2,0.24,41,0.0,1.62,0,0.0,0,0.0,0.0,0.0,0.0,0.0,0.0,0.0,0.0,0.121875,0.153846154,0.2,0.034166667,0.0,0.0,0.0,0.0,0.0
18532,Baked Products,"ARCHWAY Home Style Cookies, Iced Molasses","ARCHWAY Home Style Cookies, Iced Molasses",,Archway Cookies,,420,3.5,14.43,69.12,38.43,1.0,0.0,0.0,0.0,0.0,0.0,0,2.39,0.19,0.26,24,0.0,4.1,0,0.0,0,0.0,0.0,0.0,0.0,0.0,0.0,0.0,0.0,0.149375,0.146153846,0.216666667,0.02,0.0,0.0,0.0,0.0,0.0
18533,Baked Products,"ARCHWAY Home Style Cookies, Iced Oatmeal","ARCHWAY Home Style Cookies, Iced Oatmeal",,Archway Cookies,,435,4.89,16.53,66.76,37.2,2.0,0.0,0.0,0.0,0.0,0.0,0,1.64,0.15,0.27,32,0.0,2.19,0,0.0,0,0.0,0.0,0.0,0.0,0.0,0.0,0.0,0.0,0.1025,0.115384615,0.225,0.026666667,0.0,0.0,0.0,0.0,0.0
18535,Baked Products,"ARCHWAY Home Style Cookies, Molasses","ARCHWAY Home Style Cookies, Molasses",,Archway Cookies,,403,4.25,12.06,69.41,36.35,1.2,0.0,0.0,0.0,0.0,0.0,0,2.71,0.23,0.3,29,0.0,4.68,0,0.0,0,0.0,0.0,0.0,0.0,0.0,0.0,0.0,0.0,0.169375,0.176923077,0.25,0.024166667,0.0,0.0,0.0,0.0,0.0
18537,Baked Products,"ARCHWAY Home Style Cookies, Oatmeal","ARCHWAY Home Style Cookies, Oatmeal",,Archway Cookies,,421,5.48,14.08,68.17,34.5,2.9,0.0,0.0,0.0,0.0,0.0,0,1.88,0.18,0.3,35,0.0,2.45,0,0.0,0,0.0,0.0,0.0,0.0,0.0,0.0,0.0,0.0,0.1175,0.138461538,0.25,0.029166667,0.0,0.0,0.0,0.0,0.0
18538,Baked Products,"ARCHWAY Home Style Cookies, Oatmeal Raisin","ARCHWAY Home Style Cookies, Oatmeal Raisin",,Archway Cookies,,406,5.17,12.08,69.27,39.55,2.7,0.0,0.0,0.0,0.0,0.0,0,1.69,0.16,0.28,38,0.0,2.4,0,0.0,0,0.0,0.0,0.0,0.0,0.0,0.0,0.0,0.0,0.105625,0.123076923,0.233333333,0.031666667,0.0,0.0,0.0,0.0,0.0
18539,Baked Products,"ARCHWAY Home Style Cookies, Old Fashioned Molasses","ARCHWAY Home Style Cookies, Old Fashioned Molasses",,Archway Cookies,,406,4.27,11.83,70.55,36.09,1.1,0.0,0.0,0.0,0.0,0.0,0,2.84,0.24,0.31,32,0.0,4.99,0,0.0,0,0.0,0.0,0.0,0.0,0.0,0.0,0.0,0.0,0.1775,0.184615385,0.258333333,0.026666667,0.0,0.0,0.0,0.0,0.0
18540,Baked Products,"ARCHWAY Home Style Cookies, Old Fashioned Windmill Cookies","ARCHWAY Home Style Cookies, Old Fashioned Windmill Cookies",,Archway Cookies,,468,5.17,17.55,72.23,32.64,1.8,0.0,0.0,0.0,0.0,0.0,0,2.94,0.25,0.34,36,0.0,3.06,0,0.0,0,0.0,0.0,0.0,0.0,0.0,0.0,0.0,0.0,0.18375,0.192307692,0.283333333,0.03,0.0,0.0,0.0,0.0,0.0
18541,Baked Products,"ARCHWAY HOME STYLE COOKIES,PNUT BUTTER","ARCHWAY Home Style Cookies, Peanut Butter",,Archway Cookies,,480,9.0,24.28,58.48,32.55,2.8,0.0,0.0,0.0,0.0,0.0,0,4.37,0.2,0.24,35,0.0,2.72,0,0.0,0,0.0,0.0,0.0,0.0,0.0,0.0,0.0,0.0,0.273125,0.153846154,0.2,0.029166667,0.0,0.0,0.0,0.0,0.0
18544,Baked Products,"ARCHWAY HOME STYLE COOKIES,RASPBERRY FILLED","ARCHWAY Home Style Cookies, Raspberry Filled",,Archway Cookies,,400,4.35,13.26,65.92,31.76,2.2,0.0,0.0,0.0,0.0,0.0,0,2.13,0.18,0.34,20,0.0,2.32,0,0.0,0,0.0,0.0,0.0,0.0,0.0,0.0,0.0,0.0,0.133125,0.138461538,0.283333333,0.016666667,0.0,0.0,0.0,0.0,0.0
18547,Baked Products,"ARCHWAY Home Style Cookies, Strawberry Filled","ARCHWAY Home Style Cookies, Strawberry Filled",,Archway Cookies,,400,4.35,13.26,65.92,31.76,2.2,0.0,0.0,0.0,0.0,0.0,0,2.13,0.18,0.34,20,0.0,2.32,0,0.0,0,0.0,0.0,0.0,0.0,0.0,0.0,0.0,0.0,0.133125,0.138461538,0.283333333,0.016666667,0.0,0.0,0.0,0.0,0.0
18562,Baked Products,"ARCHWAY Home Style Cookies, Reduced Fat Ginger Snaps","ARCHWAY Home Style Cookies, Reduced Fat Ginger Snaps",,Archway Cookies,,424,4.67,11.14,76.23,36.28,1.1,0.0,0.0,0.0,0.0,0.0,0,2.86,0.22,0.32,62,0.0,12.57,0,0.0,0,0.0,0.0,0.0,0.0,0.0,0.0,0.0,0.0,0.17875,0.169230769,0.266666667,0.051666667,0.0,0.0,0.0,0.0,0.0
18566,Baked Products,"ARTIFICIAL BLUEBERRY MUFFIN MIX,DRY","Artificial Blueberry Muffin Mix, dry",,,,407,4.7,8.7,77.45,0.0,0.0,0.0,0.0,0.0,0.0,0.0,0,0.0,0.0,0.0,0,0.0,0.0,0,0.0,0,0.0,0.0,0.0,0.0,0.0,0.0,0.0,0.0,0.0,0.0,0.0,0.0,0.0,0.0,0.0,0.0,0.0
18567,Baked Products,"KRAFT,STOVE TOP STUFFING MIX CHICKEN FLAVOR","KRAFT, STOVE TOP Stuffing Mix Chicken Flavor",,"Kraft Foods, Inc.",,381,12.6,4.1,73.1,10.1,2.5,0.0,0.0,0.0,3.3,0.0,0,3.84,0.29,0.39,63,0.0,4.32,0,0.0,129,0.0,0.0,0.0,0.0,0.0,0.036666667,0.0,0.0,0.24,0.223076923,0.325,0.0525,0.0,0.0,0.184285714,0.0,0.0
18603,Baked Products,"GEORGE WESTON BAKER,BROWNBERRY SAGE & ONION STUFFING MIX,DRY","GEORGE WESTON BAKERIES, Brownberry Sage and Onion Stuffing Mix, dry",,"George weston Bakeries, Inc.",,390,13.3,5.1,72.7,0.0,5.4,0.0,0.0,0.0,0.0,0.0,0,0.0,0.0,0.0,0,0.0,3.81,0,0.0,0,0.0,0.0,0.0,0.0,0.0,0.0,0.0,0.0,0.0,0.0,0.0,0.0,0.0,0.0,0.0,0.0,0.0
18608,Baked Products,"KEEBLER,KEEBLER CHOC GRAHAM SELECTS","KEEBLER, KEEBLER Chocolate Graham SELECTS",,"Keebler, Co.",,465,7.1,16.6,71.8,26.5,0.0,0.0,0.0,0.0,0.0,0.0,0,0.0,0.0,0.0,0,0.0,0.0,0,0.0,0,0.0,0.0,0.0,0.0,0.0,0.0,0.0,0.0,0.0,0.0,0.0,0.0,0.0,0.0,0.0,0.0,0.0
18609,Baked Products,"KEEBLER,VANILLA WAFERS","KEEBLER, Vanilla Wafers",,"Kellogg, Co.",,462,4.0,17.4,73.1,31.6,1.4,0.0,0.0,0.0,0.0,0.0,0,2.6,0.23,0.42,0,0.0,0.0,0,0.0,42,0.0,0.0,0.0,0.0,0.0,0.0,0.0,0.0,0.1625,0.176923077,0.35,0.0,0.0,0.0,0.06,0.0,0.0
18610,Baked Products,"KRUSTEAZ ALMOND POPPYSEED MUFFIN MIX,ARTIFICIALLY FLAV,DRY","CONTINENTAL MILLS, KRUSTEAZ Almond Poppyseed Muffin Mix, Artificially Flavored, dry",,"Continental Mills, Inc.",,418,5.6,10.3,75.6,40.0,1.7,0.0,0.0,0.0,0.0,0.0,0,0.0,0.0,0.0,82,0.0,2.47,0,0.0,0,0.0,0.0,0.0,0.0,0.0,0.0,0.0,0.0,0.0,0.0,0.0,0.068333333,0.0,0.0,0.0,0.0,0.0
18612,Baked Products,"MCKEE BAKING,LITTL DEBBI NUT BAR,WAFER W/PNUT BUTE,CHOC COVE","MCKEE BAKING, LITTLE DEBBIE NUTTY BARS, Wafers with Peanut Butter, Chocolate Covered",,"McKee Baking, Co.",,548,8.0,32.8,55.2,34.0,0.0,0.0,0.0,0.0,2.0,0.0,0,0.0,0.0,0.0,0,0.0,0.0,0,0.0,0,0.0,0.0,0.0,0.0,0.0,0.022222222,0.0,0.0,0.0,0.0,0.0,0.0,0.0,0.0,0.0,0.0,0.0
18614,Baked Products,"MARTHA WHITE FOODS,MARTHA WHITES CHEWY FUDGE BROWNIE MX,DRY","MARTHA WHITE FOODS, Martha Whites Chewy Fudge Brownie Mix, dry",,The J.M. Smucker Co.,,407,4.42,6.16,83.58,54.76,2.9,0.0,0.0,0.0,0.0,0.0,0,1.67,0.13,0.2,17,0.0,3.81,0,0.0,0,0.0,0.26,0.0,0.0,0.0,0.0,0.0,0.0,0.104375,0.1,0.166666667,0.014166667,0.0,0.0,0.0,0.0,0.023636364
18615,Baked Products,"MARTHA WHITE FOODS,MARTHA WHITES BTTRMLK BISCUIT MIX,DRY","MARTHA WHITE FOODS, Martha Whites Buttermilk Biscuit Mix, dry",,The J.M. Smucker Co.,,388,7.81,13.23,59.41,4.46,1.5,0.0,0.02,0.16,0.2,0.0,0,3.93,0.38,0.49,168,0.0,4.06,0,0.0,0,0.0,0.9,0.0,0.011764706,0.066666667,0.002222222,0.0,0.0,0.245625,0.292307692,0.408333333,0.14,0.0,0.0,0.0,0.0,0.081818182
18616,Baked Products,"MISSION FOODS,MISSION FLR TORTILLAS,SOFT TACO,8 INCH","MISSION FOODS, MISSION Flour Tortillas, Soft Taco, 8 inch",,,,287,8.7,6.0,49.6,0.0,0.0,0.0,0.0,0.0,0.0,0.0,0,0.0,0.0,0.0,191,0.0,1.99,0,0.0,0,0.0,0.0,0.0,0.0,0.0,0.0,0.0,0.0,0.0,0.0,0.0,0.159166667,0.0,0.0,0.0,0.0,0.0
18617,Baked Products,"NABISCO,NABISCO GRAHAMS CRACKERS","NABISCO, NABISCO GRAHAMS Crackers",,"Nabisco Brands, Inc.",,424,6.99,10.0,76.2,23.0,3.4,0.0,0.1,0.0,0.0,0.0,0,3.78,0.24,0.228,79,0.03,4.13,59,0.0,202,0.0,1.94,0.0,0.058823529,0.0,0.0,0.0,0.0,0.23625,0.184615385,0.19,0.065833333,3.33333e-05,0.14047619,0.288571429,0.0,0.176363636
18619,Baked Products,"NABISCO,NABISCO OREO CRUNCHIES,COOKIE CRUMB TOPPING","NABISCO, NABISCO OREO CRUNCHIES, Cookie Crumb Topping",,"Nabisco Brands, Inc.",,476,4.78,21.5,70.23,36.0,3.2,0.0,0.032,0.02,0.0,0.0,0,1.845,0.165,0.122,24,0.27,4.9,48,0.0,103,0.0,1.23,0.0,0.018823529,0.008333333,0.0,0.0,0.0,0.1153125,0.126923077,0.101666667,0.02,0.0003,0.114285714,0.147142857,0.0,0.111818182
18621,Baked Products,"NABISCO,NABISCO RITZ CRACKERS","NABISCO, NABISCO RITZ Crackers",,"Nabisco Brands, Inc.",,492,7.23,23.21,63.51,8.14,2.3,0.0,0.06,0.0,0.0,3.49,111,4.88,0.265,0.442,154,0.124,4.47,19,0.54,273,4.6,0.61,0.0,0.035294118,0.0,0.0,0.232666667,0.2775,0.305,0.203846154,0.368333333,0.128333333,0.000137778,0.045238095,0.39,0.083636364,0.055454545
18629,Baked Products,"PILLSBURY,BTTRMLK BISCUITS,ART FLAVOR,REFR DOUGH","PILLSBURY, Buttermilk Biscuits, Artificial Flavor, refrigerated dough",,Pillsbury Co.,,236,6.4,2.79,47.07,4.46,1.6,0.0,0.0,0.0,0.0,0.0,0,0.0,0.0,0.0,23,0.0,2.6,0,0.0,0,0.0,0.0,0.0,0.0,0.0,0.0,0.0,0.0,0.0,0.0,0.0,0.019166667,0.0,0.0,0.0,0.0,0.0
18630,Baked Products,"PILLSBURY,CHOC CHIP COOKIES,REFR DOUGH","PILLSBURY, Chocolate Chip Cookies, refrigerated dough",,Pillsbury Co.,,450,3.82,21.26,60.75,37.67,1.7,0.0,0.0,0.0,0.0,0.0,0,0.0,0.0,0.0,14,0.0,2.03,0,0.0,0,0.0,0.0,0.0,0.0,0.0,0.0,0.0,0.0,0.0,0.0,0.0,0.011666667,0.0,0.0,0.0,0.0,0.0
18631,Baked Products,"PILLSBURY,CRUSTY FRENCH LOAF,REFR DOUGH","PILLSBURY, Crusty French Loaf, refrigerated dough",,Pillsbury Co.,,243,8.59,2.88,46.35,5.06,2.6,0.0,0.0,0.0,0.0,0.0,0,0.0,0.0,0.0,19,0.0,2.27,0,0.0,0,0.0,0.0,0.0,0.0,0.0,0.0,0.0,0.0,0.0,0.0,0.0,0.015833333,0.0,0.0,0.0,0.0,0.0
18632,Baked Products,"PILLSBURY,TRADITIONAL FUDGE BROWNIE MIX,DRY","PILLSBURY, Traditional Fudge Brownie Mix, dry",,Pillsbury Co.,,441,4.8,12.1,78.3,49.6,0.0,0.0,0.0,0.0,0.0,0.0,0,0.0,0.0,0.0,0,0.0,2.81,0,0.0,0,0.0,0.0,0.0,0.0,0.0,0.0,0.0,0.0,0.0,0.0,0.0,0.0,0.0,0.0,0.0,0.0,0.0
18633,Baked Products,"PILLSBURY GRANDS,BTTRMLK BISCUITS,REFR DOUGH","PILLSBURY GRANDS, Buttermilk Biscuits, refrigerated dough",,Pillsbury Co.,,293,6.16,11.34,42.41,4.6,1.5,0.0,0.0,0.0,0.0,0.0,0,0.0,0.0,0.0,23,0.0,2.34,0,0.0,0,0.0,0.0,0.0,0.0,0.0,0.0,0.0,0.0,0.0,0.0,0.0,0.019166667,0.0,0.0,0.0,0.0,0.0
18634,Baked Products,"PILLSBURY GOLDEN LAYER BTTRMLK BISCUITS,ART FLAVOR,REFR","PILLSBURY Golden Layer Buttermilk Biscuits, Artificial Flavor, refrigerated dough",,Pillsbury Co.,,307,5.88,13.24,41.18,5.88,1.2,0.0,0.0,0.0,0.0,0.0,0,0.0,0.0,0.0,0,0.0,2.12,0,0.0,0,0.0,0.0,0.0,0.0,0.0,0.0,0.0,0.0,0.0,0.0,0.0,0.0,0.0,0.0,0.0,0.0,0.0
18635,Baked Products,"PILLSBURY,CINN ROLLS W/ ICING,REFR DOUGH","PILLSBURY, Cinnamon Rolls with Icing, refrigerated dough",,Pillsbury Co.,,330,4.34,11.27,53.42,21.34,1.4,0.0,0.0,0.0,0.1,0.0,0,0.0,0.0,0.0,28,0.0,1.93,0,0.0,0,0.0,0.0,0.0,0.0,0.0,0.001111111,0.0,0.0,0.0,0.0,0.0,0.023333333,0.0,0.0,0.0,0.0,0.0
18637,Baked Products,"KRAFT FOODS,SHAKE N BAKE ORIG RECIPE,COATING FOR PORK,DRY","KRAFT FOODS, SHAKE N BAKE ORIGINAL RECIPE, Coating for Pork, dry",,"Kraft Foods, Inc.",,377,6.1,3.7,79.8,0.0,0.0,0.0,0.0,0.0,0.0,0.0,0,0.0,0.0,0.0,0,0.0,0.0,0,0.0,0,0.0,0.0,0.0,0.0,0.0,0.0,0.0,0.0,0.0,0.0,0.0,0.0,0.0,0.0,0.0,0.0,0.0
18639,Baked Products,"GEORGE WESTON BAKERIES,THOMAS ENG MUFFINS","GEORGE WESTON BAKERIES, Thomas English Muffins",,"George weston Bakeries, Inc.",,232,8.0,1.8,46.0,0.0,0.0,0.0,0.0,0.0,0.0,0.0,0,0.0,0.0,0.0,180,0.0,1.4,0,0.0,0,0.0,0.0,0.0,0.0,0.0,0.0,0.0,0.0,0.0,0.0,0.0,0.15,0.0,0.0,0.0,0.0,0.0
18640,Baked Products,"HEINZ,WEIGHT WATCHER,CHOC ECLAIR,FRZ","HEINZ, WEIGHT WATCHER, Chocolate Eclair, frozen",,"H.J. Heinz, Co.",,241,4.4,6.9,40.3,16.8,2.1,0.0,0.0,0.0,0.0,0.0,0,0.0,0.0,0.0,48,0.0,0.7,0,0.0,0,0.0,0.0,0.0,0.0,0.0,0.0,0.0,0.0,0.0,0.0,0.0,0.04,0.0,0.0,0.0,0.0,0.0
18641,Baked Products,"INTERSTATE BRANDS CORP,WONDER HAMBURGER ROLLS","INTERSTATE BRANDS CORP, WONDER Hamburger Rolls",,Interstate Bakeries Corporation,,273,8.07,4.15,50.84,11.06,2.6,0.0,0.0,0.0,0.0,0.0,0,0.0,0.0,0.0,87,0.0,2.22,0,0.0,0,0.0,0.0,0.0,0.0,0.0,0.0,0.0,0.0,0.0,0.0,0.0,0.0725,0.0,0.0,0.0,0.0,0.0
18642,Baked Products,"GENERAL MILLS,BETTY CROCKER SUPERMOIST YEL CAKE MIX,DRY","GENERAL MILLS, BETTY CROCKER SUPERMOIST Yellow Cake Mix, dry",,General Mills Inc.,,413,3.8,8.1,81.3,43.9,0.0,0.0,0.0,0.0,0.0,0.0,0,0.0,0.0,0.0,161,0.0,0.0,0,0.0,0,0.0,0.0,0.0,0.0,0.0,0.0,0.0,0.0,0.0,0.0,0.0,0.134166667,0.0,0.0,0.0,0.0,0.0
18651,Baked Products,"NABISCO,NABISCO SNACKWELLS FAT FREE DEVILS FD COOKIE CAKES","NABISCO, NABISCO SNACKWELLS Fat Free Devils Food Cookie Cakes",,,,305,5.0,1.09,74.25,43.38,1.6,0.0,0.021,0.07,0.1,0.0,0,1.345,0.171,0.087,30,0.168,2.78,25,0.0,71,1.7,0.46,0.0,0.012352941,0.029166667,0.001111111,0.0,0.0,0.0840625,0.131538462,0.0725,0.025,0.000186667,0.05952381,0.101428571,0.030909091,0.041818182
18927,Baked Products,"CRACKERS,CHS,SANDWICH-TYPE W/ CHS FILLING","Crackers, cheese, sandwich-type with cheese filling",,,,490,8.92,24.41,58.76,12.33,1.9,11.0,0.114,0.8,2.6,1.99,128,3.478,0.457,0.508,89,0.242,2.13,28,0.497,288,10.0,0.57,0.012222222,0.067058824,0.333333333,0.028888889,0.132666667,0.32,0.217375,0.351538462,0.423333333,0.074166667,0.000268889,0.066666667,0.411428571,0.181818182,0.051818182
18930,Baked Products,"USDA CMDTY,BAKERY,FLR MIX","USDA Commodity, Bakery, Flour Mix",Include commodity code B367,,,400,8.47,12.9,62.53,0.0,7.1,0.0,0.08,0.0,0.0,0.0,291,5.904,0.857,0.597,187,0.103,4.11,20,0.738,630,6.6,0.55,0.0,0.047058824,0.0,0.0,0.0,0.7275,0.369,0.659230769,0.4975,0.155833333,0.000114444,0.047619048,0.9,0.12,0.05
18931,Baked Products,"USDA CMDTY,BAKERY,FLR MIX LOW-FAT","USDA Commodity, Bakery, Flour Mix Low-fat",Include commodity code B368,,,361,9.07,4.7,70.59,0.0,3.5,0.0,0.093,0.0,0.0,0.0,291,5.904,0.423,0.65,181,0.141,4.11,28,0.779,633,6.7,0.68,0.0,0.054705882,0.0,0.0,0.0,0.7275,0.369,0.325384615,0.541666667,0.150833333,0.000156667,0.066666667,0.904285714,0.121818182,0.061818182
18932,Baked Products,"WAFFLES,BTTRMLK,FRZ,RTH","Waffles, buttermilk, frozen, ready-to-heat",,,,273,6.58,9.22,41.05,4.3,2.2,401.0,0.972,2.86,0.0,0.62,96,6.675,0.665,0.499,279,0.04,6.04,19,0.215,388,9.5,0.48,0.445555556,0.571764706,1.191666667,0.0,0.041333333,0.24,0.4171875,0.511538462,0.415833333,0.2325,4.44444e-05,0.045238095,0.554285714,0.172727273,0.043636364
18933,Baked Products,"WAFFLE,BTTRMLK,FRZ,RTH,TSTD","Waffle, buttermilk, frozen, ready-to-heat, toasted",,,,309,7.42,9.49,48.39,4.41,2.6,437.0,1.11,1.62,0.0,0.68,107,7.942,0.648,0.563,299,0.037,6.59,22,0.223,444,10.3,0.48,0.485555556,0.652941176,0.675,0.0,0.045333333,0.2675,0.496375,0.498461538,0.469166667,0.249166667,4.11111e-05,0.052380952,0.634285714,0.187272727,0.043636364
18934,Baked Products,"WAFFLE,BTTRMLK,FRZ,RTH,MICROWAVED","Waffle, buttermilk, frozen, ready-to-heat, microwaved",,,,289,6.92,9.4,44.16,4.5,2.4,429.0,1.105,2.44,0.0,0.63,99,6.73,0.695,0.576,125,0.063,6.53,20,0.235,410,10.1,0.58,0.476666667,0.65,1.016666667,0.0,0.042,0.2475,0.420625,0.534615385,0.48,0.104166667,7e-05,0.047619048,0.585714286,0.183636364,0.052727273
18935,Baked Products,"WAFFLE,PLN,FRZ,RTH,MICROWAVE","Waffle, plain, frozen, ready-to-heat, microwave",,,,298,6.71,9.91,45.41,5.04,2.4,0.0,1.016,2.18,0.0,0.95,106,7.785,0.655,0.544,197,0.038,5.81,25,0.154,410,12.8,0.45,0.0,0.597647059,0.908333333,0.0,0.063333333,0.265,0.4865625,0.503846154,0.453333333,0.164166667,4.22222e-05,0.05952381,0.585714286,0.232727273,0.040909091
18936,Baked Products,"PANCAKES,PLN,FRZ,RTH,MICROWAVE(INC BUTTMLK)","Pancakes, plain, frozen, ready-to-heat, microwave (includes buttermilk)",,,,239,5.88,4.73,43.33,7.06,2.5,216.0,0.278,0.0,0.0,0.38,86,3.345,0.335,0.363,72,0.035,1.64,16,0.141,350,7.4,0.44,0.24,0.163529412,0.0,0.0,0.025333333,0.215,0.2090625,0.257692308,0.3025,0.06,3.88889e-05,0.038095238,0.5,0.134545455,0.04
18938,Baked Products,"TOASTER PASTRIES,FRUIT,FRSTD","Toaster Pastries, fruit, frosted (include apples, blueberry, cherry, strawberry)",,,,385,4.01,9.02,71.83,31.0,1.8,202.0,0.495,0.01,0.0,0.74,115,6.174,0.495,0.519,12,0.062,4.35,11,0.322,71,3.4,0.36,0.224444444,0.291176471,0.004166667,0.0,0.049333333,0.2875,0.385875,0.380769231,0.4325,0.01,6.88889e-05,0.026190476,0.101428571,0.061818182,0.032727273
18939,Baked Products,"TSTR PSTRS,FRT,TSTD (INCL APPL,BLUEBERRY,CHERRY,STRAWBERRY)","Toaster pastries, fruit, toasted (include apple, blueberry, cherry, strawberry)",,,,409,4.7,11.03,72.7,28.99,1.0,467.0,0.465,0.0,0.0,0.9,76,5.25,0.415,0.365,11,0.068,3.92,12,0.332,76,5.1,0.38,0.518888889,0.273529412,0.0,0.0,0.06,0.19,0.328125,0.319230769,0.304166667,0.009166667,7.55556e-05,0.028571429,0.108571429,0.092727273,0.034545455
18940,Baked Products,"MUFFIN,BLUEBERRY,COMMLY PREP,LOW-FAT","Muffin, blueberry, commercially prepared, low-fat",,,,255,4.23,4.22,50.05,27.05,4.2,10.0,0.042,0.16,0.9,0.39,73,1.375,0.175,0.163,35,0.08,2.0,10,0.785,125,9.8,1.27,0.011111111,0.024705882,0.066666667,0.01,0.026,0.1825,0.0859375,0.134615385,0.135833333,0.029166667,8.88889e-05,0.023809524,0.178571429,0.178181818,0.115454545
18942,Baked Products,"PIE CRUST,COOKIE-TYPE,GRAHAM CRACKER,READY CRUST","Pie Crust, Cookie-type, Graham Cracker, Ready Crust",,,,501,5.1,24.83,64.3,18.13,1.9,0.0,0.076,0.0,0.0,1.85,97,3.22,0.213,0.184,29,0.223,2.6,23,1.287,117,2.6,1.25,0.0,0.044705882,0.0,0.0,0.123333333,0.2425,0.20125,0.163846154,0.153333333,0.024166667,0.000247778,0.054761905,0.167142857,0.047272727,0.113636364
18943,Baked Products,"PIE CRUST,COOKIE-TYPE,CHOC,READY CRUST","Pie Crust, Cookie-type, Chocolate, Ready Crust",,,,484,6.08,22.42,64.48,26.31,2.7,0.0,0.043,0.0,0.0,1.79,108,3.073,0.265,0.336,32,0.77,4.3,40,1.833,120,2.5,2.1,0.0,0.025294118,0.0,0.0,0.119333333,0.27,0.1920625,0.203846154,0.28,0.026666667,0.000855556,0.095238095,0.171428571,0.045454545,0.190909091
18944,Baked Products,"PIE,DUTCH APPL,COMMLY PREP","Pie, Dutch Apple, Commercially Prepared",,,,290,2.17,11.5,44.54,22.02,1.6,18.0,0.039,0.0,5.7,0.96,32,1.094,0.067,0.193,14,0.148,0.91,8,0.233,29,2.2,0.19,0.02,0.022941176,0.0,0.063333333,0.064,0.08,0.068375,0.051538462,0.160833333,0.011666667,0.000164444,0.019047619,0.041428571,0.04,0.017272727
18945,Baked Products,"PIE CRUST,DEEP DISH,FRZ,UNBAKED,MADE W/ ENR FLR","Pie crust, deep dish, frozen, unbaked, made with enriched flour",,,,468,5.52,28.74,46.79,0.0,1.4,0.0,0.047,0.0,0.0,1.24,111,2.5,0.143,0.227,20,0.079,2.26,15,0.476,68,4.5,0.46,0.0,0.027647059,0.0,0.0,0.082666667,0.2775,0.15625,0.11,0.189166667,0.016666667,8.77778e-05,0.035714286,0.097142857,0.081818182,0.041818182
18946,Baked Products,"PIE CRUST,REFR,REG,BKD","Pie crust, refrigerated, regular, baked",,,,506,3.41,28.69,58.52,0.0,1.4,0.0,0.02,0.0,0.0,0.05,47,1.285,0.037,0.14,12,0.051,1.15,9,0.209,52,4.5,0.22,0.0,0.011764706,0.0,0.0,0.003333333,0.1175,0.0803125,0.028461538,0.116666667,0.01,5.66667e-05,0.021428571,0.074285714,0.081818182,0.02
18947,Baked Products,"PIE CRUST,DEEP DISH,FRZ,BKD,MADE W/ ENR FLR","Pie crust, deep dish, frozen, baked, made with enriched flour",,,,521,6.1,31.84,52.47,0.0,2.3,0.0,0.04,0.0,0.0,1.39,144,2.867,0.13,0.263,23,0.089,2.47,17,0.533,77,5.0,0.52,0.0,0.023529412,0.0,0.0,0.092666667,0.36,0.1791875,0.1,0.219166667,0.019166667,9.88889e-05,0.04047619,0.11,0.090909091,0.047272727
18948,Baked Products,"PIE CRUST,REFR,REG,UNBAKED","Pie crust, refrigerated, regular, unbaked",,,,445,2.97,25.46,51.11,0.0,1.8,0.0,0.02,0.0,0.0,0.05,37,1.145,0.052,0.067,10,0.045,1.02,8,0.181,45,4.0,0.2,0.0,0.011764706,0.0,0.0,0.003333333,0.0925,0.0715625,0.04,0.055833333,0.008333333,5e-05,0.019047619,0.064285714,0.072727273,0.018181818
18949,Baked Products,"CRACKERS,WHOLE-WHEAT,RED FAT","Crackers, whole-wheat, reduced fat",,,,416,11.34,7.59,75.52,1.22,10.9,0.0,0.197,0.0,0.0,1.08,30,5.225,0.022,0.185,39,0.447,3.56,120,2.285,364,14.1,2.99,0.0,0.115882353,0.0,0.0,0.072,0.075,0.3265625,0.016923077,0.154166667,0.0325,0.000496667,0.285714286,0.52,0.256363636,0.271818182
18950,Baked Products,"CRACKERS,WHEAT,RED FAT","Crackers, wheat, reduced fat",,,,444,9.34,13.37,71.52,15.01,3.4,0.0,0.15,0.14,0.0,1.18,197,5.123,0.27,0.625,80,0.223,5.02,47,2.127,258,10.4,1.74,0.0,0.088235294,0.058333333,0.0,0.078666667,0.4925,0.3201875,0.207692308,0.520833333,0.066666667,0.000247778,0.111904762,0.368571429,0.189090909,0.158181818
18951,Baked Products,"WAFFLES,CHOC CHIP,FRZ,RTH","Waffles, chocolate chip, frozen, ready-to-heat",,,,297,5.8,10.1,45.68,13.1,1.5,429.0,0.57,1.7,0.0,0.0,117,5.7,0.49,0.43,357,0.221,6.4,16,0.393,272,13.1,0.4,0.476666667,0.335294118,0.708333333,0.0,0.0,0.2925,0.35625,0.376923077,0.358333333,0.2975,0.000245556,0.038095238,0.388571429,0.238181818,0.036363636
18952,Baked Products,"TOSTADA SHELLS,CORN","Tostada shells, corn",Latino food,,,474,6.15,23.38,64.43,0.0,5.8,0.0,0.363,0.0,0.0,0.0,0,1.553,0.094,0.353,76,0.148,1.53,76,0.363,203,2.2,1.23,0.0,0.213529412,0.0,0.0,0.0,0.0,0.0970625,0.072307692,0.294166667,0.063333333,0.000164444,0.180952381,0.29,0.04,0.111818182
18953,Baked Products,"BREAD,SALVADORAN SWT CHS (QUESADILLA SALVADORENA)","Bread, salvadoran sweet cheese (quesadilla salvadorena)",Latino food,,,374,7.12,17.12,47.84,24.9,0.7,141.0,0.04,0.35,0.0,0.96,48,1.2,0.08,0.02,73,0.03,0.98,11,0.24,200,13.3,0.8,0.156666667,0.023529412,0.145833333,0.0,0.064,0.12,0.075,0.061538462,0.016666667,0.060833333,3.33333e-05,0.026190476,0.285714286,0.241818182,0.072727273
18954,Baked Products,"BREAD,POUND CAKE TYPE,PAN DE TORTA SALVADORAN","Bread, pound cake type, pan de torta salvadoran",Latino food,,,390,7.06,17.45,51.29,18.1,1.7,0.0,0.05,0.0,0.0,1.42,0,4.7,0.18,0.07,46,0.03,2.2,19,0.26,300,13.5,0.62,0.0,0.029411765,0.0,0.0,0.094666667,0.0,0.29375,0.138461538,0.058333333,0.038333333,3.33333e-05,0.045238095,0.428571429,0.245454545,0.056363636
18955,Baked Products,"BREAD,PAN DULCE,SWT YEAST BREAD","Bread, pan dulce, sweet yeast bread",Latino food,,,367,9.42,11.58,56.38,12.5,2.3,5.0,0.057,0.11,1.2,0.29,155,3.463,0.23,0.377,86,0.121,2.87,24,0.46,94,26.2,0.84,0.005555556,0.033529412,0.045833333,0.013333333,0.019333333,0.3875,0.2164375,0.176923077,0.314166667,0.071666667,0.000134444,0.057142857,0.134285714,0.476363636,0.076363636
18956,Baked Products,"KEIKITOS (MUFFINS),LATINO BAKERY ITEM","Keikitos (muffins), Latino bakery item",,,,467,6.81,25.24,53.16,25.81,1.2,0.0,0.0,0.0,0.0,0.0,0,0.0,0.0,0.0,63,0.072,2.53,12,0.207,255,15.3,0.52,0.0,0.0,0.0,0.0,0.0,0.0,0.0,0.0,0.0,0.0525,8e-05,0.028571429,0.364285714,0.278181818,0.047272727
18957,Baked Products,"CAKE,POUND,BIMBO BAKERIES USA,PANQUE CASERO,HOME BKD STYLE","Cake, pound, BIMBO Bakeries USA, Panque Casero, home baked style",Latino food,,,418,6.62,21.7,48.94,28.77,1.0,0.0,0.03,0.0,0.0,0.0,0,0.62,0.15,0.08,52,0.056,1.51,13,0.193,119,17.0,0.59,0.0,0.017647059,0.0,0.0,0.0,0.0,0.03875,0.115384615,0.066666667,0.043333333,6.22222e-05,0.030952381,0.17,0.309090909,0.053636364
18958,Baked Products,"PAN DULCE,LA RICURA,SALPORA DE ARROZ,COOKIE-LIKE","Pan Dulce, LA RICURA, Salpora de Arroz con Azucar, cookie-like, contains wheat flour and rice flour",Latino rice cookies,,,445,8.81,16.11,66.28,21.86,1.2,0.0,0.0,0.0,0.0,0.0,0,0.0,0.0,0.0,52,0.262,2.52,22,0.572,297,22.0,0.82,0.0,0.0,0.0,0.0,0.0,0.0,0.0,0.0,0.0,0.043333333,0.000291111,0.052380952,0.424285714,0.4,0.074545455
18959,Baked Products,"PASTRY,PASTELITOS DE GUAVA (GUAVA PASTRIES)","Pastry, Pastelitos de Guava (guava pastries)","Latino food, pastelios de guava, turnovers",,,379,5.48,18.5,47.76,17.0,2.2,0.0,0.053,0.0,0.0,0.95,0,2.493,0.117,0.19,14,0.079,2.12,15,0.265,56,17.5,0.42,0.0,0.031176471,0.0,0.0,0.063333333,0.0,0.1558125,0.09,0.158333333,0.011666667,8.77778e-05,0.035714286,0.08,0.318181818,0.038181818
18960,Baked Products,"CRACKERS,SNACK,GOYA CRACKERS","Crackers, snack, GOYA CRACKERS",Latino food,,,433,14.25,13.35,64.35,2.35,3.8,0.0,0.0,0.0,0.0,0.0,0,0.0,0.0,0.0,16,0.155,5.66,39,0.625,145,0.0,1.17,0.0,0.0,0.0,0.0,0.0,0.0,0.0,0.0,0.0,0.013333333,0.000172222,0.092857143,0.207142857,0.0,0.106363636
18961,Baked Products,"CRACKERS,CRM,GAMESA SABROSAS","Crackers, cream, GAMESA SABROSAS",Latino food,,,484,7.01,20.37,64.55,9.37,2.4,0.0,0.065,0.46,0.0,1.59,253,5.08,0.24,0.298,26,0.111,7.38,25,0.778,98,9.5,0.66,0.0,0.038235294,0.191666667,0.0,0.106,0.6325,0.3175,0.184615385,0.248333333,0.021666667,0.000123333,0.05952381,0.14,0.172727273,0.06
18962,Baked Products,"CRACKERS,CRM,LA MODERNA RIKIS CRM CRACKERS","Crackers, cream, LA MODERNA RIKIS CREAM CRACKERS",,,,464,7.19,19.5,64.88,10.41,2.4,0.0,0.0,0.8,0.0,0.0,0,0.0,0.0,0.0,734,0.113,6.64,28,0.845,100,0.0,4.11,0.0,0.0,0.333333333,0.0,0.0,0.0,0.0,0.0,0.0,0.611666667,0.000125556,0.066666667,0.142857143,0.0,0.373636364
18963,Baked Products,"GARLIC BREAD,FRZ","Garlic bread, frozen",,,,350,8.36,16.61,41.72,3.69,2.5,13.0,0.083,0.08,0.2,1.18,221,4.142,0.184,0.462,27,0.108,3.05,23,0.441,87,16.6,0.87,0.014444444,0.048823529,0.033333333,0.002222222,0.078666667,0.5525,0.258875,0.141538462,0.385,0.0225,0.00012,0.054761905,0.124285714,0.301818182,0.079090909
18964,Baked Products,"CINNAMON BUNS,FRSTD (INCLUDES HONEY BUNS)","Cinnamon buns, frosted (includes honey buns)",,,,452,4.45,26.61,48.6,25.7,1.2,0.0,0.038,0.16,0.3,1.15,109,2.404,0.138,0.211,183,0.062,1.37,14,0.292,131,13.0,0.53,0.0,0.022352941,0.066666667,0.003333333,0.076666667,0.2725,0.15025,0.106153846,0.175833333,0.1525,6.88889e-05,0.033333333,0.187142857,0.236363636,0.048181818
18965,Baked Products,"CRACKERS,CHS,RED FAT","Crackers, cheese, reduced fat",,,,418,10.0,11.67,68.19,0.0,3.3,9.0,0.044,0.03,0.0,1.88,349,7.17,0.75,1.087,67,0.118,4.8,22,0.517,162,26.2,0.9,0.01,0.025882353,0.0125,0.0,0.125333333,0.8725,0.448125,0.576923077,0.905833333,0.055833333,0.000131111,0.052380952,0.231428571,0.476363636,0.081818182
18966,Baked Products,"CRACKERS,SALTINES,WHL WHEAT (INCLUDES MULTI-GRAIN)","Crackers, saltines, whole wheat (includes multi-grain)",,,,398,7.14,10.71,68.25,0.0,0.0,0.0,0.213,0.0,0.0,1.19,119,4.427,0.225,0.465,0,0.266,5.14,70,1.494,196,25.8,1.46,0.0,0.125294118,0.0,0.0,0.079333333,0.2975,0.2766875,0.173076923,0.3875,0.0,0.000295556,0.166666667,0.28,0.469090909,0.132727273
18967,Baked Products,"BREAD,WHEAT,WHITE WHEAT","Bread, wheat, white wheat",,,,238,10.66,2.15,43.91,5.0,9.2,0.0,0.08,0.0,0.0,0.38,162,4.455,0.255,0.51,684,0.149,4.89,26,0.634,103,16.1,0.95,0.0,0.047058824,0.0,0.0,0.025333333,0.405,0.2784375,0.196153846,0.425,0.57,0.000165556,0.061904762,0.147142857,0.292727273,0.086363636
18968,Baked Products,"BAGEL,WHEAT","Bagel, wheat",,,,250,10.2,1.53,48.89,6.12,4.1,0.0,0.147,0.0,0.0,0.32,108,3.37,0.209,0.403,20,0.175,2.76,51,1.43,142,28.7,1.1,0.0,0.086470588,0.0,0.0,0.021333333,0.27,0.210625,0.160769231,0.335833333,0.016666667,0.000194444,0.121428571,0.202857143,0.521818182,0.1
18969,Baked Products,"CREAM PUFF,ECLAIR,CUSTARD OR CRM FILLED,ICED","Cream puff, eclair, custard or cream filled, iced",,,,334,4.41,18.52,37.43,22.05,0.9,23.0,0.041,0.17,0.0,0.95,100,1.908,0.241,0.263,35,0.06,0.95,10,0.224,71,15.5,0.45,0.025555556,0.024117647,0.070833333,0.0,0.063333333,0.25,0.11925,0.185384615,0.219166667,0.029166667,6.66667e-05,0.023809524,0.101428571,0.281818182,0.040909091
18970,Baked Products,"TORTILLAS,RTB OR -FRY,FLR,SHELF STABLE","Tortillas, ready-to-bake or -fry, flour, shelf stable",,,,297,8.01,7.58,49.27,2.66,2.4,0.0,0.028,0.0,0.0,0.86,188,4.191,0.124,0.487,163,0.115,3.32,21,0.516,213,21.9,0.57,0.0,0.016470588,0.0,0.0,0.057333333,0.47,0.2619375,0.095384615,0.405833333,0.135833333,0.000127778,0.05,0.304285714,0.398181818,0.051818182
18971,Baked Products,"BREAD,POTATO","Bread, potato",,,,266,12.5,3.13,47.07,9.38,6.3,24.0,0.232,0.15,0.0,0.47,149,1.25,0.106,0.188,188,0.094,2.25,28,0.253,369,9.5,1.44,0.026666667,0.136470588,0.0625,0.0,0.031333333,0.3725,0.078125,0.081538462,0.156666667,0.156666667,0.000104444,0.066666667,0.527142857,0.172727273,0.130909091
18972,Baked Products,"BREAD,CHS","Bread, cheese",,,,408,10.42,20.83,44.83,2.08,2.1,24.0,0.048,0.24,0.0,1.49,159,3.279,0.303,0.433,90,0.086,2.49,17,0.366,120,19.8,0.96,0.026666667,0.028235294,0.1,0.0,0.099333333,0.3975,0.2049375,0.233076923,0.360833333,0.075,9.55556e-05,0.04047619,0.171428571,0.36,0.087272727
18973,Baked Products,"FOCACCIA,ITALIAN FLATBREAD,PLN","Focaccia, Italian flatbread, plain",,,,249,8.77,7.89,35.82,1.75,1.8,0.0,0.113,0.0,0.0,1.42,175,3.67,0.301,0.47,35,0.091,3.16,20,0.364,128,15.9,1.33,0.0,0.066470588,0.0,0.0,0.094666667,0.4375,0.229375,0.231538462,0.391666667,0.029166667,0.000101111,0.047619048,0.182857143,0.289090909,0.120909091
18974,Baked Products,"KASHI,TLC,HONEY SESAME CRACKERS","KASHI, TLC, Honey Sesame Crackers",,"Kellogg, Co.",,398,8.7,10.4,72.2,16.1,5.8,12.0,0.09,0.0,1.0,0.0,0,1.5,0.08,0.21,126,0.0,2.4,24,0.0,332,0.0,0.8,0.013333333,0.052941176,0.0,0.011111111,0.0,0.0,0.09375,0.061538462,0.175,0.105,0.0,0.057142857,0.474285714,0.0,0.072727273
18975,Baked Products,"KASHI,TLC,ORIGINAL 7-GRAIN CRACKERS","KASHI, TLC, Original 7-Grain Crackers",,"Kellogg, Co.",,385,13.9,11.9,63.2,13.5,9.0,0.0,0.37,0.1,0.0,0.9,0,4.7,0.27,0.35,136,0.0,3.8,97,0.0,557,0.0,3.0,0.0,0.217647059,0.041666667,0.0,0.06,0.0,0.29375,0.207692308,0.291666667,0.113333333,0.0,0.230952381,0.795714286,0.0,0.272727273
18976,Baked Products,"KASHI,TLC,COUNTRY CHEDDAR CRACKERS","KASHI, TLC, Country Cheddar Crackers",,"Kellogg, Co.",,445,9.8,15.5,68.0,3.7,2.5,52.0,0.01,0.0,3.0,0.0,0,0.3,0.03,0.06,63,0.0,1.1,2,0.0,19,0.0,0.0,0.057777778,0.005882353,0.0,0.033333333,0.0,0.0,0.01875,0.023076923,0.05,0.0525,0.0,0.004761905,0.027142857,0.0,0.0
18977,Baked Products,"KASHI,TLC,TSTD ASIAGO CRACKERS","KASHI, TLC, Toasted Asiago Crackers",,"Kellogg, Co.",,420,12.7,13.8,66.4,7.1,9.6,0.0,0.3,0.0,0.0,0.0,0,2.8,0.11,0.33,160,0.0,2.9,57,0.0,448,0.0,1.5,0.0,0.176470588,0.0,0.0,0.0,0.0,0.175,0.084615385,0.275,0.133333333,0.0,0.135714286,0.64,0.0,0.136363636
18978,Baked Products,"KASHI,BLUEBERRY WAFFLE","KASHI, Blueberry Waffle",,"Kellogg, Co.",,192,5.7,7.1,34.6,4.6,9.0,0.0,0.03,0.0,1.0,0.0,0,1.6,0.05,0.15,51,0.0,1.9,37,0.0,361,0.0,1.0,0.0,0.017647059,0.0,0.011111111,0.0,0.0,0.1,0.038461538,0.125,0.0425,0.0,0.088095238,0.515714286,0.0,0.090909091
18979,Baked Products,"KASHI,H2H WOVEN WHEAT CRACKER,ORIGINAL","KASHI, H2H Woven Wheat Cracker, Original",,"Kellogg, Co.",,396,10.6,11.6,73.4,0.4,12.2,751.0,1.7,5.0,20.0,25.0,0,0.0,0.0,0.0,40,0.0,6.0,86,0.0,386,0.0,3.3,0.834444444,1.0,2.083333333,0.222222222,1.666666667,0.0,0.0,0.0,0.0,0.033333333,0.0,0.204761905,0.551428571,0.0,0.3
18980,Baked Products,"KASHI,ORIGINAL WAFFLE","KASHI, Original Waffle",,"Kellogg, Co.",,197,6.0,7.4,35.4,4.2,9.3,0.0,0.03,0.0,0.0,0.0,0,1.7,0.05,0.16,53,0.0,2.0,39,0.0,381,0.0,1.1,0.0,0.017647059,0.0,0.0,0.0,0.0,0.10625,0.038461538,0.133333333,0.044166667,0.0,0.092857143,0.544285714,0.0,0.1
18981,Baked Products,"KASHI,TLC,FIRE RSTD VEG CRACKERS","KASHI, TLC, Fire Roasted Vegetable Crackers",,"Kellogg, Co.",,389,12.0,12.2,64.6,7.3,8.7,100.0,0.29,0.0,4.0,0.9,0,4.7,0.24,0.39,67,0.0,2.4,71,0.0,469,0.0,1.5,0.111111111,0.170588235,0.0,0.044444444,0.06,0.0,0.29375,0.184615385,0.325,0.055833333,0.0,0.169047619,0.67,0.0,0.136363636
18982,Baked Products,"KASHI,H2H WOVEN WHEAT CRACKER,RSTD GARLIC","KASHI, H2H Woven Wheat Cracker, Roasted Garlic",,"Kellogg, Co.",,440,10.5,11.7,73.2,0.6,12.2,751.0,1.7,5.0,20.0,25.0,0,0.0,0.0,0.0,53,0.0,6.0,87,0.0,380,0.0,3.3,0.834444444,1.0,2.083333333,0.222222222,1.666666667,0.0,0.0,0.0,0.0,0.044166667,0.0,0.207142857,0.542857143,0.0,0.3
18983,Baked Products,"AUSTIN,CHEDDAR CHS ON WHEAT CRACKERS,SANDWICH-TYPE","AUSTIN, Cheddar Cheese on Wheat Crackers, sandwich-type",,"Kellogg, Co.",,495,7.9,24.5,61.4,14.6,1.8,0.0,0.0,0.0,0.0,0.0,0,3.5,0.25,0.39,151,0.0,3.0,10,0.0,195,0.0,0.0,0.0,0.0,0.0,0.0,0.0,0.0,0.21875,0.192307692,0.325,0.125833333,0.0,0.023809524,0.278571429,0.0,0.0
18984,Baked Products,"AUSTIN,CHEDDAR CHS ON CHS CRACKERS,SANDWICH-TYPE","AUSTIN, Cheddar Cheese on Cheese Crackers, sandwich-type",,"Kellogg, Co.",,494,7.5,24.9,60.0,13.5,1.3,0.0,0.0,0.0,0.0,0.0,0,3.5,0.26,0.4,160,0.0,3.2,11,0.0,175,0.0,0.0,0.0,0.0,0.0,0.0,0.0,0.0,0.21875,0.2,0.333333333,0.133333333,0.0,0.026190476,0.25,0.0,0.0
18985,Baked Products,"AUSTIN,CHOCOLATEY PNUT BUTTER CRACKERS,SANDWICH-TYPE","AUSTIN, Chocolatey Peanut Butter Crackers, sandwich-type",,"Kellogg, Co.",,479,7.7,20.8,66.2,17.3,2.0,0.0,0.0,0.0,0.0,0.0,0,3.5,0.26,0.41,0,0.0,3.1,11,0.0,116,0.0,0.0,0.0,0.0,0.0,0.0,0.0,0.0,0.21875,0.2,0.341666667,0.0,0.0,0.026190476,0.165714286,0.0,0.0
18986,Baked Products,"AUSTIN,GRILLED CHS ON WAFER CRACKERS,SANDWICH-TYPE","AUSTIN, Grilled Cheese on Wafer Crackers, sandwich-type",,"Kellogg, Co.",,493,7.9,23.8,62.0,12.6,1.3,0.0,0.0,0.0,0.0,0.0,0,3.6,0.27,0.42,129,0.0,3.2,12,0.0,138,0.0,0.0,0.0,0.0,0.0,0.0,0.0,0.0,0.225,0.207692308,0.35,0.1075,0.0,0.028571429,0.197142857,0.0,0.0
18987,Baked Products,"AUSTIN,CHEDDAR CHS ON CHS CRACKERS,SANDWICH-TYPE,RED FAT","AUSTIN, Cheddar Cheese on Cheese Crackers, sandwich-type, reduced fat",,"Kellogg, Co.",,461,7.8,17.5,68.0,14.6,1.4,0.0,0.0,0.0,0.0,0.0,0,3.8,0.29,0.44,144,0.0,3.4,13,0.0,198,0.0,0.0,0.0,0.0,0.0,0.0,0.0,0.0,0.2375,0.223076923,0.366666667,0.12,0.0,0.030952381,0.282857143,0.0,0.0
18988,Baked Products,"AUSTIN,PNUT BUTTER ON CHS CRACKERS,SANDWICH-TYPE,RED FAT","AUSTIN, Peanut Butter on Cheese Crackers, sandwich-type, reduced fat",,"Kellogg, Co.",,461,9.7,17.9,66.3,9.0,2.7,0.0,0.0,0.0,0.0,0.0,0,3.8,0.29,0.44,0,0.0,3.5,13,0.0,190,0.0,0.0,0.0,0.0,0.0,0.0,0.0,0.0,0.2375,0.223076923,0.366666667,0.0,0.0,0.030952381,0.271428571,0.0,0.0
18989,Baked Products,"AUSTIN,PNUT BUTTER ON TOASTY CRACKERS,SANDWICH-TYPE,RED FAT","AUSTIN, Peanut Butter on Toasty Crackers, sandwich-type, reduced fat",,"Kellogg, Co.",,463,9.5,18.0,67.2,11.8,2.7,0.0,0.0,0.0,0.0,0.0,0,3.6,0.27,0.42,0,0.0,3.3,12,0.0,119,0.0,0.0,0.0,0.0,0.0,0.0,0.0,0.0,0.225,0.207692308,0.35,0.0,0.0,0.028571429,0.17,0.0,0.0
18990,Baked Products,"AUSTIN,PB & J CRACKERS,SANDWICH-TYPE","AUSTIN, PB & J Crackers, sandwich-type",,"Kellogg, Co.",,484,7.6,21.7,65.7,16.7,2.0,0.0,0.0,0.0,0.0,0.0,0,3.5,0.26,0.41,0,0.0,3.1,11,0.0,117,0.0,0.0,0.0,0.0,0.0,0.0,0.0,0.0,0.21875,0.2,0.341666667,0.0,0.0,0.026190476,0.167142857,0.0,0.0
18991,Baked Products,"BARBARA DEE,WNTR MINTS COOKIES","BARBARA DEE, Winter Mints Cookies",,"Kellogg, Co.",,515,3.9,26.0,67.1,35.8,2.0,0.0,0.0,0.0,0.0,0.0,0,2.3,0.17,0.26,0,0.0,2.6,20,0.0,48,0.0,0.2,0.0,0.0,0.0,0.0,0.0,0.0,0.14375,0.130769231,0.216666667,0.0,0.0,0.047619048,0.068571429,0.0,0.018181818
18992,Baked Products,"KELLOGGS,BEANATURAL,ORIGINAL 3-BEAN CHIPS","KELLOGGS, BEANATURAL, Original 3-Bean Chips",,"Kellogg, Co.",,487,22.9,25.3,46.5,5.3,14.2,0.0,0.15,0.0,0.0,0.0,0,0.9,0.09,0.17,197,0.0,4.7,95,0.0,216,0.0,2.2,0.0,0.088235294,0.0,0.0,0.0,0.0,0.05625,0.069230769,0.141666667,0.164166667,0.0,0.226190476,0.308571429,0.0,0.2
18993,Baked Products,"BEAR NAKED,DOUBLE CHOC COOKIES","BEAR NAKED, Double Chocolate Cookies",,"Kellogg, Co.",,423,6.6,16.9,66.9,35.2,7.0,0.0,0.0,0.0,0.0,0.0,0,0.3,0.04,0.07,0,0.0,3.7,54,0.0,88,0.0,0.8,0.0,0.0,0.0,0.0,0.0,0.0,0.01875,0.030769231,0.058333333,0.0,0.0,0.128571429,0.125714286,0.0,0.072727273
18994,Baked Products,"BEAR NAKED,FRUIT & NUT COOKIES","BEAR NAKED, Fruit & Nut Cookies",,"Kellogg, Co.",,443,7.5,21.4,61.6,29.4,7.1,0.0,0.06,0.0,0.0,0.9,0,0.5,0.09,0.09,0,0.0,2.1,37,0.0,86,0.0,0.6,0.0,0.035294118,0.0,0.0,0.06,0.0,0.03125,0.069230769,0.075,0.0,0.0,0.088095238,0.122857143,0.0,0.054545455
18995,Baked Products,"KELLOGGS,EGGO,BISCUIT SCRAMBLERS,BACON,EGG & CHS","KELLOGGS, EGGO, Biscuit Scramblers, Bacon, Egg & Cheese",,"Kellogg, Co.",,258,8.8,7.9,38.3,4.7,2.1,0.0,0.02,0.1,0.0,0.0,0,2.4,0.26,0.3,124,0.0,2.7,14,0.0,215,0.0,0.5,0.0,0.011764706,0.041666667,0.0,0.0,0.0,0.15,0.2,0.25,0.103333333,0.0,0.033333333,0.307142857,0.0,0.045454545
18996,Baked Products,"KELLOGGS,EGGO,BISCUIT SCRAMBLERS,EGG & CHS","KELLOGGS, EGGO, Biscuit Scramblers, Egg & Cheese",,"Kellogg, Co.",,254,8.8,7.6,38.3,4.7,2.3,0.0,0.03,0.1,0.0,0.0,0,2.4,0.27,0.3,133,0.0,2.7,14,0.0,217,0.0,0.5,0.0,0.017647059,0.041666667,0.0,0.0,0.0,0.15,0.207692308,0.25,0.110833333,0.0,0.033333333,0.31,0.0,0.045454545
18997,Baked Products,"KELLOGGS,EGGO,FRENCH TOASTER STKS,CINN","KELLOGGS, EGGO, French Toaster Sticks, Cinnamon",,"Kellogg, Co.",,250,4.8,6.9,42.6,16.2,1.0,334.0,0.44,1.3,0.0,0.0,0,4.4,0.38,0.33,111,0.0,5.0,12,0.0,300,0.0,0.4,0.371111111,0.258823529,0.541666667,0.0,0.0,0.0,0.275,0.292307692,0.275,0.0925,0.0,0.028571429,0.428571429,0.0,0.036363636
18998,Baked Products,"KELLOGGS,EGGO,FRENCH TOASTER STKS,ORIGINAL","KELLOGGS, EGGO, French Toaster Sticks, Original",,"Kellogg, Co.",,239,5.3,7.0,39.4,10.9,0.9,334.0,0.44,1.3,0.0,0.0,0,4.4,0.38,0.33,111,0.0,5.0,13,0.0,326,0.0,0.4,0.371111111,0.258823529,0.541666667,0.0,0.0,0.0,0.275,0.292307692,0.275,0.0925,0.0,0.030952381,0.465714286,0.0,0.036363636
18999,Baked Products,"KELLOGGS,EGGO,MINI MUFFIN TOPS,BLUEBERRY","KELLOGGS, EGGO, Mini Muffin Tops, Blueberry",,"Kellogg, Co.",,293,5.0,10.2,45.8,18.1,1.0,326.0,0.43,1.3,0.0,0.0,0,4.3,0.37,0.33,217,0.0,5.9,13,0.0,342,0.0,0.4,0.362222222,0.252941176,0.541666667,0.0,0.0,0.0,0.26875,0.284615385,0.275,0.180833333,0.0,0.030952381,0.488571429,0.0,0.036363636
19002,Snacks,"BEEF JERKY,CHOPD&FORMED","Snacks, beef jerky, chopped and formed",,,,410,33.2,25.6,11.0,9.0,1.8,0.0,0.179,0.99,0.0,0.49,134,1.732,0.142,0.154,20,0.227,5.42,51,0.111,407,10.7,8.11,0.0,0.105294118,0.4125,0.0,0.032666667,0.335,0.10825,0.109230769,0.128333333,0.016666667,0.000252222,0.121428571,0.581428571,0.194545455,0.737272727
19003,Snacks,"SNACKS,CORN-BASED,EXTRUDED,CHIPS,PLN","Snacks, corn-based, extruded, chips, plain",,,,538,6.17,33.36,56.9,0.27,4.0,3.0,0.167,0.0,0.0,7.23,8,0.842,0.078,0.047,138,0.101,1.2,72,0.333,194,7.6,1.29,0.003333333,0.098235294,0.0,0.0,0.482,0.02,0.052625,0.06,0.039166667,0.115,0.000112222,0.171428571,0.277142857,0.138181818,0.117272727
19004,Snacks,"CORN-BASED,EXTRUDED,CHIPS,BARBECUE-FLAVOR","Snacks, corn-based, extruded, chips, barbecue-flavor",,,,523,7.0,32.7,56.2,0.0,5.2,31.0,0.23,0.0,1.7,0.0,39,1.645,0.21,0.075,131,0.166,1.54,77,0.774,207,4.1,1.06,0.034444444,0.135294118,0.0,0.018888889,0.0,0.0975,0.1028125,0.161538462,0.0625,0.109166667,0.000184444,0.183333333,0.295714286,0.074545455,0.096363636
19005,Snacks,"CORN-BASED,EXTRUDED,CONES,PLN","Snacks, corn-based, extruded, cones, plain",,,,510,5.8,26.9,62.9,0.0,1.1,16.0,0.04,0.0,0.0,0.0,3,1.41,0.24,0.32,3,0.04,2.54,11,0.087,44,3.8,0.21,0.017777778,0.023529412,0.0,0.0,0.0,0.0075,0.088125,0.184615385,0.266666667,0.0025,4.44444e-05,0.026190476,0.062857143,0.069090909,0.019090909
19007,Snacks,"SNACKS,CORN-BASED,EXTRUDED,ONION-FLAVOR","Snacks, corn-based, extruded, onion-flavor",,,,499,7.7,22.6,65.1,4.83,3.9,8.0,0.148,0.0,1.8,2.69,176,3.18,0.31,0.22,29,0.118,3.72,28,0.202,72,10.6,0.33,0.008888889,0.087058824,0.0,0.02,0.179333333,0.44,0.19875,0.238461538,0.183333333,0.024166667,0.000131111,0.066666667,0.102857143,0.192727273,0.03
19008,Snacks,"CORN-BASED,EXTRUDED,PUFFS OR TWISTS,CHEESE-FLAVOR","Snacks, corn-based, extruded, puffs or twists, cheese-flavor",,,,560,5.85,36.01,53.53,3.19,1.4,0.0,0.079,0.48,0.0,4.18,89,4.706,0.159,0.16,56,0.032,2.53,17,0.058,133,8.1,0.4,0.0,0.046470588,0.2,0.0,0.278666667,0.2225,0.294125,0.122307692,0.133333333,0.046666667,3.55556e-05,0.04047619,0.19,0.147272727,0.036363636
19009,Snacks,"CORNNUTS,PLAIN","Snacks, KRAFT, CORNNUTS, plain",,"Kraft Foods, Inc.",,446,8.5,15.64,71.86,0.61,6.9,0.0,0.229,0.0,0.0,1.98,0,1.694,0.13,0.041,9,0.115,1.67,113,0.455,275,14.8,1.78,0.0,0.134705882,0.0,0.0,0.132,0.0,0.105875,0.1,0.034166667,0.0075,0.000127778,0.269047619,0.392857143,0.269090909,0.161818182
19010,Snacks,"CRISPED RICE BAR,CHOC CHIP","Snacks, crisped rice bar, chocolate chip",,,,404,5.1,13.5,73.0,0.0,2.2,0.0,0.705,0.0,0.0,0.0,140,7.05,0.6,0.53,21,0.31,6.3,48,0.999,134,9.7,0.86,0.0,0.414705882,0.0,0.0,0.0,0.35,0.440625,0.461538462,0.441666667,0.0175,0.000344444,0.114285714,0.191428571,0.176363636,0.078181818
19013,Sweets,"FRUIT LEATHER,PIECES","Snacks, fruit leather, pieces",,,,359,1.0,2.68,82.82,57.58,0.0,6.0,0.3,0.0,56.0,0.56,4,0.1,0.1,0.043,18,0.171,0.75,14,0.184,24,2.7,0.19,0.006666667,0.176470588,0.0,0.622222222,0.037333333,0.01,0.00625,0.076923077,0.035833333,0.015,0.00019,0.033333333,0.034285714,0.049090909,0.017272727
19014,Sweets,"FRUIT LEATHER,ROLLS","Snacks, fruit leather, rolls",,,,371,0.1,3.0,85.8,49.16,0.0,6.0,0.3,0.0,120.0,0.56,2,0.1,0.02,0.084,32,0.171,1.01,20,0.184,31,0.4,0.19,0.006666667,0.176470588,0.0,1.333333333,0.037333333,0.005,0.00625,0.015384615,0.07,0.026666667,0.00019,0.047619048,0.044285714,0.007272727,0.017272727
19015,Snacks,"GRANOLA BARS,HARD,PLAIN","Snacks, granola bars, hard, plain",,,,471,10.1,19.8,64.4,28.57,5.3,2.0,0.085,0.0,0.9,2.09,23,1.581,0.119,0.264,61,0.392,2.95,97,1.777,277,16.2,2.03,0.002222222,0.05,0.0,0.01,0.139333333,0.0575,0.0988125,0.091538462,0.22,0.050833333,0.000435556,0.230952381,0.395714286,0.294545455,0.184545455
19016,Snacks,"GRANOLA BARS,HARD,ALMOND","Snacks, granola bars, hard, almond",,,,495,7.7,25.5,62.0,0.0,4.8,2.0,0.047,0.0,0.0,0.0,12,0.61,0.07,0.28,32,0.127,2.5,81,1.365,228,15.0,1.58,0.002222222,0.027647059,0.0,0.0,0.0,0.03,0.038125,0.053846154,0.233333333,0.026666667,0.000141111,0.192857143,0.325714286,0.272727273,0.143636364
19017,Snacks,"GRANOLA BARS,HARD,CHOC CHIP","Snacks, granola bars, hard, chocolate chip",,,,438,7.3,16.3,72.1,0.0,4.4,2.0,0.058,0.01,0.1,0.0,13,0.555,0.1,0.18,77,0.261,3.05,72,1.507,204,12.5,1.93,0.002222222,0.034117647,0.004166667,0.001111111,0.0,0.0325,0.0346875,0.076923077,0.15,0.064166667,0.00029,0.171428571,0.291428571,0.227272727,0.175454545
19020,Snacks,"GRANOLA BARS,SOFT,UNCOATED,PLN","Snacks, granola bars, soft, uncoated, plain",,,,443,7.4,17.2,67.3,0.0,4.6,0.0,0.1,0.39,0.0,0.0,24,0.515,0.165,0.295,105,0.27,2.56,74,1.53,230,16.2,1.5,0.0,0.058823529,0.1625,0.0,0.0,0.06,0.0321875,0.126923077,0.245833333,0.0875,0.0003,0.176190476,0.328571429,0.294545455,0.136363636
19021,Snacks,"GRANOLA BARS,SOFT,UNCOATED,PNUT BUTTER","Snacks, granola bars, soft, uncoated, peanut butter",,,,426,10.5,15.8,64.4,0.0,4.3,2.0,0.103,0.2,0.0,0.0,32,3.142,0.148,0.228,91,0.66,2.13,86,1.4,250,18.9,1.86,0.002222222,0.060588235,0.083333333,0.0,0.0,0.08,0.196375,0.113846154,0.19,0.075833333,0.000733333,0.204761905,0.357142857,0.343636364,0.169090909
19022,Snacks,"GRANOLA BARS,SOFT,UNCOATED,RAISIN","Snacks, granola bars, soft, uncoated, raisin",,,,448,7.6,17.8,66.4,0.0,4.2,0.0,0.103,0.18,0.0,0.0,21,1.101,0.163,0.231,101,0.28,2.44,72,1.26,220,15.7,1.3,0.0,0.060588235,0.075,0.0,0.0,0.0525,0.0688125,0.125384615,0.1925,0.084166667,0.000311111,0.171428571,0.314285714,0.285454545,0.118181818
19024,Snacks,"GRANOLA BARS,SOFT,COATD,MILK CHOC COATING,CHOC CHIP","Snacks, granola bars, soft, coated, milk chocolate coating, chocolate chip",,,,466,5.8,24.9,63.8,0.0,3.4,7.0,0.1,0.57,0.0,0.0,26,0.72,0.25,0.09,103,0.35,2.33,66,0.93,199,0.0,1.3,0.007777778,0.058823529,0.2375,0.0,0.0,0.065,0.045,0.192307692,0.075,0.085833333,0.000388889,0.157142857,0.284285714,0.0,0.118181818
19026,Snacks,"GRANOLA BARS,SOFT,COATD,MILK CHOC COATING,PNUT BUTTER","Snacks, granola bars, soft, coated, milk chocolate coating, peanut butter",,,,508,10.2,31.1,53.4,23.74,2.8,5.0,0.106,0.0,0.6,4.17,25,3.29,0.21,0.1,108,0.323,1.45,67,1.35,227,13.1,1.47,0.005555556,0.062352941,0.0,0.006666667,0.278,0.0625,0.205625,0.161538462,0.083333333,0.09,0.000358889,0.15952381,0.324285714,0.238181818,0.133636364
19027,Snacks,"GRANOLA BARS,SOFT,UNCOATED,PNUT BUTTER&CHOC CHIP","Snacks, granola bars, soft, uncoated, peanut butter and chocolate chip",,,,432,9.8,20.0,62.2,0.0,4.2,2.0,0.1,0.45,0.0,0.0,33,3.15,0.12,0.12,80,0.4,1.94,88,1.35,262,0.0,1.7,0.002222222,0.058823529,0.1875,0.0,0.0,0.0825,0.196875,0.092307692,0.1,0.066666667,0.000444444,0.20952381,0.374285714,0.0,0.154545455
19031,Snacks,"ORIENTAL MIX,RICE-BASED","Snacks, oriental mix, rice-based",,,,506,17.31,25.58,51.62,3.0,13.2,0.0,0.072,0.0,0.3,5.6,38,3.081,0.141,0.311,54,0.134,2.44,118,1.273,262,8.1,2.66,0.0,0.042352941,0.0,0.003333333,0.373333333,0.095,0.1925625,0.108461538,0.259166667,0.045,0.000148889,0.280952381,0.374285714,0.147272727,0.241818182
19033,Snacks,"SNACKS,GENERAL MILLS,CHEX MIX,TRADITIONAL FLAVOR","Snacks, GENERAL MILLS, CHEX MIX, traditional flavor",,General Mills Inc.,,424,8.83,10.0,74.77,4.85,3.9,0.0,0.092,0.0,0.0,0.0,85,4.352,0.21,0.342,34,0.146,2.99,41,0.824,154,9.9,1.08,0.0,0.054117647,0.0,0.0,0.0,0.2125,0.272,0.161538462,0.285,0.028333333,0.000162222,0.097619048,0.22,0.18,0.098181818
19034,Snacks,"POPCORN,AIR-POPPED","Snacks, popcorn, air-popped",,,,387,12.94,4.54,77.78,0.87,14.5,10.0,0.157,0.0,0.0,0.29,31,2.308,0.083,0.104,7,0.262,3.19,144,1.113,358,0.0,3.08,0.011111111,0.092352941,0.0,0.0,0.019333333,0.0775,0.14425,0.063846154,0.086666667,0.005833333,0.000291111,0.342857143,0.511428571,0.0,0.28
19035,Snacks,"SNACKS,POPCORN,OIL-POPPED,MICROWAVE,REG FLAVOR,NO TRANS FAT","Snacks, popcorn, oil-popped, microwave, regular flavor, no trans fat",,,,583,7.29,43.55,45.06,0.46,8.1,8.0,0.109,0.0,0.3,2.43,25,1.195,0.057,0.134,4,0.162,1.98,79,0.629,199,2.2,3.1,0.008888889,0.064117647,0.0,0.003333333,0.162,0.0625,0.0746875,0.043846154,0.111666667,0.003333333,0.00018,0.188095238,0.284285714,0.04,0.281818182
19036,Snacks,"POPCORN,CAKES","Snacks, popcorn, cakes",,,,384,9.7,3.1,80.1,0.72,2.9,4.0,0.181,0.0,0.0,0.29,18,6.006,0.178,0.075,9,0.569,1.87,159,0.985,277,9.9,3.99,0.004444444,0.106470588,0.0,0.0,0.019333333,0.045,0.375375,0.136923077,0.0625,0.0075,0.000632222,0.378571429,0.395714286,0.18,0.362727273
19038,Snacks,"POPCORN,CARAMEL-COATED,W/PNUTS","Snacks, popcorn, caramel-coated, with peanuts",,,,400,6.4,7.8,80.7,45.36,3.8,4.0,0.185,0.0,0.0,0.85,16,1.99,0.126,0.051,66,0.297,3.91,80,0.764,127,3.9,1.24,0.004444444,0.108823529,0.0,0.0,0.056666667,0.04,0.124375,0.096923077,0.0425,0.055,0.00033,0.19047619,0.181428571,0.070909091,0.112727273
19039,Snacks,"POPCORN,CARAMEL-COATED,WO/PNUTS","Snacks, popcorn, caramel-coated, without peanuts",,,,431,3.8,12.8,79.1,53.19,5.2,2.0,0.028,0.01,0.0,1.2,5,2.2,0.07,0.065,43,0.119,1.74,35,0.22,83,3.6,0.58,0.002222222,0.016470588,0.004166667,0.0,0.08,0.0125,0.1375,0.053846154,0.054166667,0.035833333,0.000132222,0.083333333,0.118571429,0.065454545,0.052727273
19040,Snacks,"POPCORN,CHEESE-FLAVOR","Snacks, popcorn, cheese-flavor",,,,526,9.3,33.2,51.6,0.79,9.9,8.0,0.235,0.53,0.5,3.82,11,1.453,0.241,0.124,113,0.14,2.24,91,0.713,361,12.0,2.01,0.008888889,0.138235294,0.220833333,0.005555556,0.254666667,0.0275,0.0908125,0.185384615,0.103333333,0.094166667,0.000155556,0.216666667,0.515714286,0.218181818,0.182727273
19041,Snacks,"PORK SKINS,PLAIN","Snacks, pork skins, plain",,,,544,61.3,31.3,0.0,0.0,0.0,12.0,0.023,0.64,0.5,0.53,0,1.549,0.283,0.099,30,0.094,0.88,11,0.069,85,41.0,0.56,0.013333333,0.013529412,0.266666667,0.005555556,0.035333333,0.0,0.0968125,0.217692308,0.0825,0.025,0.000104444,0.026190476,0.121428571,0.745454545,0.050909091
19042,Snacks,"POTATO CHIPS,BARBECUE-FLAVOR","Snacks, potato chips, barbecue-flavor",,,,485,6.41,30.69,56.19,5.47,3.8,19.0,0.374,0.0,58.0,4.09,60,4.809,0.117,0.216,35,0.244,1.36,58,0.378,145,0.4,0.97,0.021111111,0.22,0.0,0.644444444,0.272666667,0.15,0.3005625,0.09,0.18,0.029166667,0.000271111,0.138095238,0.207142857,0.007272727,0.088181818
19043,Snacks,"POTATO CHIPS,SOUR-CREAM-AND-ONION-FLAVOR","Snacks, potato chips, sour-cream-and-onion-flavor",,,,531,8.1,33.9,51.5,0.0,5.2,14.0,0.665,1.0,37.3,0.0,62,4.029,0.2,0.189,72,0.299,1.6,74,0.405,176,8.1,0.98,0.015555556,0.391176471,0.416666667,0.414444444,0.0,0.155,0.2518125,0.153846154,0.1575,0.06,0.000332222,0.176190476,0.251428571,0.147272727,0.089090909
19045,Snacks,"POTATO CHIPS,MADE FROM DRIED POTATOES,LT","Snacks, potato chips, made from dried potatoes, reduced fat",,,,502,4.56,26.14,64.76,0.63,3.2,0.0,0.412,0.0,12.0,2.18,27,3.595,0.015,0.212,29,0.153,1.11,45,0.361,129,2.9,0.7,0.0,0.242352941,0.0,0.133333333,0.145333333,0.0675,0.2246875,0.011538462,0.176666667,0.024166667,0.00017,0.107142857,0.184285714,0.052727273,0.063636364
19046,Snacks,"POTATO CHIPS,MADE FR DRIED POTATOES,SOUR-CREAM&ONION-FLAVOR","Snacks, potato chips, made from dried potatoes, sour-cream and onion-flavor",,,,547,6.6,37.0,51.3,0.0,1.2,323.0,0.476,0.0,9.5,0.0,23,2.5,0.1,0.18,64,0.063,1.4,55,0.405,169,0.0,0.71,0.358888889,0.28,0.0,0.105555556,0.0,0.0575,0.15625,0.076923077,0.15,0.053333333,7e-05,0.130952381,0.241428571,0.0,0.064545455
19047,Snacks,"PRETZELS,HARD,PLN,SALTED","Snacks, pretzels, hard, plain, salted",,,,384,10.04,2.94,80.39,2.21,3.4,0.0,0.073,0.0,2.1,0.47,166,5.266,0.332,0.424,27,0.156,4.6,29,1.014,128,4.4,1.06,0.0,0.042941176,0.0,0.023333333,0.031333333,0.415,0.329125,0.255384615,0.353333333,0.0225,0.000173333,0.069047619,0.182857143,0.08,0.096363636
19048,Snacks,"PRETZELS,HARD,CONFECTIONERS COATING,CHOCOLATE-FLAVOR","Snacks, pretzels, hard, confectioners coating, chocolate-flavor",,,,457,7.5,16.7,70.9,38.8,2.4,0.0,0.172,0.0,0.5,0.62,9,0.8,0.2,0.099,74,0.302,2.0,41,0.562,145,14.5,0.92,0.0,0.101176471,0.0,0.005555556,0.041333333,0.0225,0.05,0.153846154,0.0825,0.061666667,0.000335556,0.097619048,0.207142857,0.263636364,0.083636364
19049,Snacks,"SNACKS,M&M MARS,COMBOS SNACKS CHEDDAR CHS PRETZEL","Snacks, M&M MARS, COMBOS Snacks Cheddar Cheese Pretzel",,,,463,9.85,16.92,66.5,17.6,1.8,56.0,0.046,0.12,0.0,0.67,8,3.183,0.557,0.3,197,0.119,0.92,22,0.448,143,5.7,0.73,0.062222222,0.027058824,0.05,0.0,0.044666667,0.02,0.1989375,0.428461538,0.25,0.164166667,0.000132222,0.052380952,0.204285714,0.103636364,0.066363636
19050,Snacks,"SNACKS,PRETZELS,HARD,WHOLE-WHEAT INCL BOTH SALTED & UNSALTED","Snacks, pretzels, hard, whole-wheat including both salted and unsalted",,,,362,11.1,2.6,81.3,0.0,7.7,0.0,0.274,0.0,1.0,0.0,54,6.537,0.291,0.44,28,0.28,2.69,30,2.662,125,0.0,0.62,0.0,0.161176471,0.0,0.011111111,0.0,0.135,0.4085625,0.223846154,0.366666667,0.023333333,0.000311111,0.071428571,0.178571429,0.0,0.056363636
19051,Snacks,"RICE CAKES,BROWN RICE,PLN","Snacks, rice cakes, brown rice, plain",,,,387,8.2,2.8,81.5,0.88,4.2,0.0,0.15,0.0,0.0,1.24,21,7.806,0.165,0.061,11,0.445,1.49,131,3.73,360,24.6,3.0,0.0,0.088235294,0.0,0.0,0.082666667,0.0525,0.487875,0.126923077,0.050833333,0.009166667,0.000494444,0.311904762,0.514285714,0.447272727,0.272727273
19052,Snacks,"RICE CAKES,BROWN RICE,BUCKWHEAT","Snacks, rice cakes, brown rice, buckwheat",,,,380,9.0,3.5,80.1,0.0,3.8,0.0,0.13,0.0,0.0,0.0,21,8.096,0.103,0.056,11,0.38,1.14,151,6.18,380,16.4,2.5,0.0,0.076470588,0.0,0.0,0.0,0.0525,0.506,0.079230769,0.046666667,0.009166667,0.000422222,0.35952381,0.542857143,0.298181818,0.227272727
19053,Snacks,"RICE CAKES,BROWN RICE,SESAME SD","Snacks, rice cakes, brown rice, sesame seed",,,,392,7.6,3.8,81.5,0.0,5.4,0.0,0.155,0.0,3.0,0.0,18,7.205,0.085,0.048,12,0.39,1.58,136,4.299,375,24.1,3.0,0.0,0.091176471,0.0,0.033333333,0.0,0.045,0.4503125,0.065384615,0.04,0.01,0.000433333,0.323809524,0.535714286,0.438181818,0.272727273
19056,Snacks,"TORTILLA CHIPS,PLAIN","Snacks, tortilla chips, plain, white corn, salted",,,,472,7.1,20.68,67.78,0.78,5.4,0.0,0.179,0.36,0.0,3.53,12,0.838,0.07,0.14,106,0.097,1.52,84,0.388,225,5.2,1.38,0.0,0.105294118,0.15,0.0,0.235333333,0.03,0.052375,0.053846154,0.116666667,0.088333333,0.000107778,0.2,0.321428571,0.094545455,0.125454545
19057,Snacks,"Snacks, tortilla chips, nacho cheese","Snacks, tortilla chips, nacho cheese",,,,519,7.36,27.42,60.81,2.59,5.1,6.0,0.22,0.0,0.4,6.24,13,1.29,0.136,0.153,137,0.102,1.16,75,0.33,252,7.4,1.38,0.006666667,0.129411765,0.0,0.004444444,0.416,0.0325,0.080625,0.104615385,0.1275,0.114166667,0.000113333,0.178571429,0.36,0.134545455,0.125454545
19058,Snacks,"SNACKS,TORTILLA CHIPS,RANCH-FLAVOR","Snacks, tortilla chips, ranch-flavor",,,,501,7.19,24.63,62.74,3.03,4.0,0.0,0.2,0.0,0.0,0.0,0,1.3,0.06,0.048,134,0.101,1.38,87,0.365,252,7.3,1.43,0.0,0.117647059,0.0,0.0,0.0,0.0,0.08125,0.046153846,0.04,0.111666667,0.000112222,0.207142857,0.36,0.132727273,0.13
19059,Snacks,"TRAIL MIX,REGULAR","Snacks, trail mix, regular",,,,462,13.8,29.4,44.9,0.0,0.0,1.0,0.298,0.0,1.4,0.0,71,4.712,0.198,0.462,78,0.985,3.05,158,1.034,345,0.0,3.22,0.001111111,0.175294118,0.0,0.015555556,0.0,0.1775,0.2945,0.152307692,0.385,0.065,0.001094444,0.376190476,0.492857143,0.0,0.292727273
19061,Snacks,"TRAIL MIX,TROPICAL","Snacks, trail mix, tropical",,,,442,6.3,17.1,65.6,0.0,0.0,2.0,0.327,0.0,7.6,0.0,42,1.482,0.115,0.45,57,0.528,2.64,96,0.966,186,0.0,1.17,0.002222222,0.192352941,0.0,0.084444444,0.0,0.105,0.092625,0.088461538,0.375,0.0475,0.000586667,0.228571429,0.265714286,0.0,0.106363636
19062,Snacks,"TRAIL MIX,REG,W/CHOC CHIPS,SALTED NUTS&SEEDS","Snacks, trail mix, regular, with chocolate chips, salted nuts and seeds",,,,484,14.2,31.9,44.9,23.88,5.0,0.0,0.259,0.0,1.3,8.4,52,4.405,0.224,0.413,109,0.844,3.39,161,1.062,387,15.4,3.14,0.0,0.152352941,0.0,0.014444444,0.56,0.13,0.2753125,0.172307692,0.344166667,0.090833333,0.000937778,0.383333333,0.552857143,0.28,0.285454545
19063,Snacks,"TORTILLA CHIPS,TACO-FLAVOR","Snacks, tortilla chips, taco-flavor",,,,480,7.9,24.2,63.1,0.0,5.3,45.0,0.297,0.0,0.9,0.0,21,1.999,0.204,0.242,155,0.186,2.02,88,0.442,239,6.7,1.27,0.05,0.174705882,0.0,0.01,0.0,0.0525,0.1249375,0.156923077,0.201666667,0.129166667,0.000206667,0.20952381,0.341428571,0.121818182,0.115454545
19064,Sweets,"CANDIES,TOOTSIE ROLL,CHOCOLATE-FLAVOR ROLL","Candies, TOOTSIE ROLL, chocolate-flavor roll",,,,387,1.59,3.31,87.73,56.32,0.1,0.0,0.01,0.0,0.0,0.65,11,0.21,0.07,0.056,36,0.13,0.8,22,0.047,57,2.2,0.4,0.0,0.005882353,0.0,0.0,0.043333333,0.0275,0.013125,0.053846154,0.046666667,0.03,0.000144444,0.052380952,0.081428571,0.04,0.036363636
19065,Sweets,"CANDIES,ALMOND JOY CANDY BAR","Candies, ALMOND JOY Candy Bar",,Hershey Food Corp.,,479,4.13,26.93,59.51,48.34,5.0,0.0,0.0,0.0,0.7,0.0,0,0.0,0.0,0.0,64,0.0,1.27,0,0.0,112,0.0,0.0,0.0,0.0,0.0,0.007777778,0.0,0.0,0.0,0.0,0.0,0.053333333,0.0,0.0,0.16,0.0,0.0
19067,Sweets,"CANDIES,TWIZZLERS CHERRY BITES","Candies, TWIZZLERS CHERRY BITES",,Hershey Food Corp.,,338,2.97,1.7,79.38,0.0,0.1,0.0,0.0,0.0,0.0,0.0,0,0.0,0.0,0.0,12,0.0,0.55,0,0.0,47,0.0,0.0,0.0,0.0,0.0,0.0,0.0,0.0,0.0,0.0,0.0,0.01,0.0,0.0,0.067142857,0.0,0.0
19068,Sweets,"CANDIES,NESTLE,BIT-O-HONEY CANDY CHEWS","Candies, NESTLE, BIT-O-HONEY Candy Chews",,"Nestle USA, Inc.",,375,2.0,7.5,80.89,48.0,0.2,0.0,0.009,0.06,0.8,0.3,2,0.069,0.044,0.06,35,0.026,0.2,7,0.038,28,1.3,0.49,0.0,0.005294118,0.025,0.008888889,0.02,0.005,0.0043125,0.033846154,0.05,0.029166667,2.88889e-05,0.016666667,0.04,0.023636364,0.044545455
19069,Sweets,"CANDIES,NESTLE,BUTTERFINGER BAR","Candies, NESTLE, BUTTERFINGER Bar",,"Nestle USA, Inc.",,459,5.4,18.9,72.9,45.9,2.0,0.0,0.069,0.04,0.0,1.72,28,2.649,0.062,0.121,36,0.193,0.79,48,0.49,97,2.9,1.0,0.0,0.040588235,0.016666667,0.0,0.114666667,0.07,0.1655625,0.047692308,0.100833333,0.03,0.000214444,0.114285714,0.138571429,0.052727273,0.090909091
19070,Sweets,"CANDIES,BUTTERSCOTCH","Candies, butterscotch",,,,391,0.03,3.3,90.4,80.46,0.0,28.0,0.0,0.0,0.0,0.09,0,0.002,0.016,0.012,4,0.001,0.01,0,0.001,1,0.6,0.09,0.031111111,0.0,0.0,0.0,0.006,0.0,0.000125,0.012307692,0.01,0.003333333,1.11111e-06,0.0,0.001428571,0.010909091,0.008181818
19071,Sweets,"CANDIES,CAROB,UNSWTND","Candies, carob, unsweetened",,,,540,8.15,31.36,56.29,34.11,3.8,1.0,0.13,0.28,0.5,1.57,21,1.04,0.178,0.1,303,0.183,1.29,36,0.14,126,5.2,3.53,0.001111111,0.076470588,0.116666667,0.005555556,0.104666667,0.0525,0.065,0.136923077,0.083333333,0.2525,0.000203333,0.085714286,0.18,0.094545455,0.320909091
19074,Sweets,"CANDIES,CARAMELS","Candies, caramels",,,,382,4.6,8.1,77.0,65.5,0.0,12.0,0.056,0.3,0.4,0.46,4,0.148,0.256,0.103,138,0.018,0.14,17,0.011,114,1.8,0.44,0.013333333,0.032941176,0.125,0.004444444,0.030666667,0.01,0.00925,0.196923077,0.085833333,0.115,2e-05,0.04047619,0.162857143,0.032727273,0.04
19075,Sweets,"CANDIES,CARAMELLO CANDY BAR","Candies, CARAMELLO Candy Bar",,Hershey Food Corp.,,462,6.19,21.19,63.81,56.92,1.2,0.0,0.0,0.0,1.7,0.0,0,0.0,0.0,0.0,213,0.0,1.09,0,0.0,150,0.0,0.0,0.0,0.0,0.0,0.018888889,0.0,0.0,0.0,0.0,0.0,0.1775,0.0,0.0,0.214285714,0.0,0.0
19076,Sweets,"CANDIES, CARAMELS, CHOCOLATE-FLAVOR ROLL","Candies, caramels, chocolate-flavor roll",,,,387,1.59,3.31,87.73,56.32,0.1,0.0,0.01,0.0,0.0,0.65,11,0.21,0.07,0.056,36,0.13,0.8,22,0.047,57,2.2,0.4,0.0,0.005882353,0.0,0.0,0.043333333,0.0275,0.013125,0.053846154,0.046666667,0.03,0.000144444,0.052380952,0.081428571,0.04,0.036363636
19077,Sweets,"BAKING CHOC,UNSWTND,LIQ","Baking chocolate, unsweetened, liquid",,,,472,12.1,47.7,36.2,0.0,18.1,1.0,0.072,0.0,0.0,0.0,19,2.1,0.279,0.05,54,1.91,4.15,265,1.65,340,7.9,3.68,0.001111111,0.042352941,0.0,0.0,0.0,0.0475,0.13125,0.214615385,0.041666667,0.045,0.002122222,0.630952381,0.485714286,0.143636364,0.334545455
19078,Sweets,"Baking chocolate, unsweetened, squares","Baking chocolate, unsweetened, squares",,,,642,14.32,52.31,28.42,0.91,16.6,0.0,0.027,0.0,0.0,0.4,28,1.355,0.1,0.147,101,3.233,17.4,327,4.167,400,8.1,9.63,0.0,0.015882353,0.0,0.0,0.026666667,0.07,0.0846875,0.076923077,0.1225,0.084166667,0.003592222,0.778571429,0.571428571,0.147272727,0.875454545
19079,Sweets,"CANDIES,CONFECTIONERS COATING,YOGURT","Candies, confectioners coating, yogurt",,,,522,5.87,27.0,63.94,62.36,0.0,1.0,0.056,0.65,0.5,1.11,8,0.154,0.261,0.064,205,0.008,0.14,18,0.003,157,4.7,0.7,0.001111111,0.032941176,0.270833333,0.005555556,0.074,0.02,0.009625,0.200769231,0.053333333,0.170833333,8.88889e-06,0.042857143,0.224285714,0.085454545,0.063636364
19080,Sweets,"CANDIES,SEMISWEET CHOC","Candies, semisweet chocolate",,,,480,4.2,30.0,63.9,54.5,5.9,0.0,0.035,0.0,0.0,0.26,13,0.427,0.09,0.055,32,0.7,3.13,115,0.8,132,4.2,1.62,0.0,0.020588235,0.0,0.0,0.017333333,0.0325,0.0266875,0.069230769,0.045833333,0.026666667,0.000777778,0.273809524,0.188571429,0.076363636,0.147272727
19081,Sweets,"CANDIES,SWEET CHOCOLATE","Candies, sweet chocolate",,,,507,3.9,34.2,60.4,51.48,5.5,0.0,0.043,0.0,0.0,0.26,3,0.67,0.24,0.02,24,0.574,2.76,113,0.494,147,2.8,1.5,0.0,0.025294118,0.0,0.0,0.017333333,0.0075,0.041875,0.184615385,0.016666667,0.02,0.000637778,0.269047619,0.21,0.050909091,0.136363636
19083,Sweets,"CANDIES,SWT CHOC COATD FONDANT","Candies, sweet chocolate coated fondant",,,,366,2.2,9.3,80.4,71.42,2.1,0.0,0.01,0.0,0.0,0.13,3,0.575,0.058,0.026,17,0.43,1.56,63,0.4,95,1.6,0.45,0.0,0.005882353,0.0,0.0,0.008666667,0.0075,0.0359375,0.044615385,0.021666667,0.014166667,0.000477778,0.15,0.135714286,0.029090909,0.040909091
19084,Sweets,"CANDIES,HERSHEYS GOLDEN ALMOND SOLITAIRES","Candies, HERSHEYS GOLDEN ALMOND SOLITAIRES",,Hershey Food Corp.,,570,11.97,37.13,46.91,37.13,4.4,0.0,0.0,0.0,0.0,0.0,0,0.0,0.0,0.0,203,0.0,2.5,0,0.0,0,0.0,0.0,0.0,0.0,0.0,0.0,0.0,0.0,0.0,0.0,0.0,0.169166667,0.0,0.0,0.0,0.0,0.0
19085,Sweets,"CANDIES,CONFECTIONERS COATING,BUTTERSCOTCH","Candies, confectioners coating, butterscotch",,,,539,2.2,29.05,67.1,67.1,0.0,0.0,0.016,0.1,0.1,0.68,1,0.049,0.075,0.015,34,0.003,0.08,5,0.002,31,1.3,0.11,0.0,0.009411765,0.041666667,0.001111111,0.045333333,0.0025,0.0030625,0.057692308,0.0125,0.028333333,3.33333e-06,0.011904762,0.044285714,0.023636364,0.01
19086,Sweets,"CANDIES,CONFECTIONERS COATING,PNUT BUTTER","Candies, confectioners coating, peanut butter",,,,529,18.3,29.8,46.88,38.3,5.0,0.0,0.17,0.2,0.3,1.36,77,8.2,0.2,0.232,110,0.4,1.7,110,1.4,310,3.9,2.0,0.0,0.1,0.083333333,0.003333333,0.090666667,0.1925,0.5125,0.153846154,0.193333333,0.091666667,0.000444444,0.261904762,0.442857143,0.070909091,0.181818182
19087,Sweets,"CANDIES,WHITE CHOC","Candies, white chocolate",confectioners coating,,,539,5.87,32.09,59.24,59.0,0.2,9.0,0.056,0.56,0.5,0.96,7,0.745,0.282,0.063,199,0.06,0.24,12,0.008,176,4.5,0.74,0.01,0.032941176,0.233333333,0.005555556,0.064,0.0175,0.0465625,0.216923077,0.0525,0.165833333,6.66667e-05,0.028571429,0.251428571,0.081818182,0.067272727
19088,Sweets,"ICE CREAMS,VANILLA,LT","Ice creams, vanilla, light",,,,180,4.78,4.83,29.46,22.12,0.3,128.0,0.045,0.47,1.2,0.12,6,0.136,0.255,0.053,161,0.017,0.19,14,0.005,103,2.0,0.73,0.142222222,0.026470588,0.195833333,0.013333333,0.008,0.015,0.0085,0.196153846,0.044166667,0.134166667,1.88889e-05,0.033333333,0.147142857,0.036363636,0.066363636
19089,Sweets,"ICE CREAMS,VANILLA,RICH","Ice creams, vanilla, rich",,,,249,3.5,16.2,22.29,20.65,0.0,182.0,0.045,0.39,0.0,0.51,9,0.082,0.167,0.041,117,0.008,0.34,11,0.004,105,3.5,0.47,0.202222222,0.026470588,0.1625,0.0,0.034,0.0225,0.005125,0.128461538,0.034166667,0.0975,8.88889e-06,0.026190476,0.15,0.063636364,0.042727273
19090,Sweets,"ICE CREAMS,FRENCH VANILLA,SOFT-SERVE","Ice creams, french vanilla, soft-serve",,,,222,4.1,13.0,22.2,21.16,0.7,162.0,0.048,0.5,0.8,0.61,9,0.095,0.182,0.049,131,0.03,0.21,12,0.005,116,3.0,0.52,0.18,0.028235294,0.208333333,0.008888889,0.040666667,0.0225,0.0059375,0.14,0.040833333,0.109166667,3.33333e-05,0.028571429,0.165714286,0.054545455,0.047272727
19091,Sweets,"CANDIES,YORK PEPPERMINT PATTIE","Candies, YORK Peppermint Pattie",,Hershey Food Corp.,,384,2.19,7.17,80.99,63.78,2.0,0.0,0.0,0.0,0.0,0.0,0,0.0,0.0,0.0,11,0.0,0.92,0,0.0,0,0.0,0.0,0.0,0.0,0.0,0.0,0.0,0.0,0.0,0.0,0.0,0.009166667,0.0,0.0,0.0,0.0,0.0
19092,Sweets,"CANDIES,TWIZZLERS NIBS CHERRY BITS","Candies, TWIZZLERS NIBS CHERRY BITS",,Hershey Food Corp.,,347,2.3,2.64,79.37,51.35,0.6,0.0,0.0,0.0,0.0,0.0,0,0.0,0.0,0.0,8,0.0,0.28,0,0.0,24,0.0,0.0,0.0,0.0,0.0,0.0,0.0,0.0,0.0,0.0,0.0,0.006666667,0.0,0.0,0.034285714,0.0,0.0
19093,Sweets,"CANDIES,SYMPHONY MILK CHOC BAR","Candies, SYMPHONY Milk Chocolate Bar",,Hershey Food Corp.,,531,8.51,30.57,58.01,53.96,1.7,0.0,0.0,0.0,2.2,0.0,0,0.0,0.0,0.0,251,0.0,0.91,0,0.0,206,0.0,0.0,0.0,0.0,0.0,0.024444444,0.0,0.0,0.0,0.0,0.0,0.209166667,0.0,0.0,0.294285714,0.0,0.0
19094,Sweets,"DESSERTS,FLAN,CARAMEL CUSTARD,PREPARED-FROM-RECIPE","Desserts, flan, caramel custard, prepared-from-recipe",,,,145,4.53,4.03,22.78,23.15,0.0,46.0,0.044,0.36,0.0,0.23,9,0.082,0.21,0.032,83,0.028,0.38,9,0.01,96,8.7,0.47,0.051111111,0.025882353,0.15,0.0,0.015333333,0.0225,0.005125,0.161538462,0.026666667,0.069166667,3.11111e-05,0.021428571,0.137142857,0.158181818,0.042727273
19095,Sweets,"ICE CREAMS,VANILLA","Ice creams, vanilla",,,,207,3.5,11.0,23.6,21.22,0.7,118.0,0.048,0.39,0.6,0.3,5,0.116,0.24,0.041,128,0.023,0.09,14,0.008,105,1.8,0.69,0.131111111,0.028235294,0.1625,0.006666667,0.02,0.0125,0.00725,0.184615385,0.034166667,0.106666667,2.55556e-05,0.033333333,0.15,0.032727273,0.062727273
19096,Sweets,"ICE CREAMS,VANILLA,LT,SOFT-SERVE","Ice creams, vanilla, light, soft-serve",,,,126,4.9,2.6,21.8,18.69,0.0,29.0,0.046,0.5,0.9,0.06,5,0.118,0.198,0.052,157,0.027,0.06,14,0.008,121,3.6,0.53,0.032222222,0.027058824,0.208333333,0.01,0.004,0.0125,0.007375,0.152307692,0.043333333,0.130833333,3e-05,0.033333333,0.172857143,0.065454545,0.048181818
19097,Sweets,"SHERBET,ORANGE","Sherbet, orange",,,,144,1.1,2.0,30.4,24.32,1.3,12.0,0.023,0.13,2.3,0.01,4,0.063,0.097,0.027,54,0.028,0.14,8,0.011,40,1.5,0.48,0.013333333,0.013529412,0.054166667,0.025555556,0.000666667,0.01,0.0039375,0.074615385,0.0225,0.045,3.11111e-05,0.019047619,0.057142857,0.027272727,0.043636364
19098,Sweets,"CANDIES,5TH AVENUE CANDY BAR","Candies, 5TH AVENUE Candy Bar",,Hershey Food Corp.,,482,8.78,23.98,62.68,47.19,3.1,14.0,0.11,0.18,0.4,2.7,36,3.9,0.09,0.14,73,0.21,1.2,62,0.05,141,0.6,1.12,0.015555556,0.064705882,0.075,0.004444444,0.18,0.09,0.24375,0.069230769,0.116666667,0.060833333,0.000233333,0.147619048,0.201428571,0.010909091,0.101818182
19099,Sweets,"CANDIES,FONDANT,PREPARED-FROM-RECIPE","Candies, fondant, prepared-from-recipe",,,,373,0.0,0.02,93.18,88.9,0.0,0.0,0.0,0.0,0.0,0.0,0,0.0,0.016,0.005,3,0.003,0.01,0,0.0,0,0.6,0.04,0.0,0.0,0.0,0.0,0.0,0.0,0.0,0.012307692,0.004166667,0.0025,3.33333e-06,0.0,0.0,0.010909091,0.003636364
19100,Sweets,"CANDIES,FUDGE,CHOC,PREPARED-FROM-RECIPE","Candies, fudge, chocolate, prepared-from-recipe",,,,411,2.39,10.41,76.44,73.12,1.7,44.0,0.012,0.09,0.0,0.18,4,0.176,0.085,0.026,49,0.329,1.77,36,0.422,71,2.5,1.11,0.048888889,0.007058824,0.0375,0.0,0.012,0.01,0.011,0.065384615,0.021666667,0.040833333,0.000365556,0.085714286,0.101428571,0.045454545,0.100909091
19101,Sweets,"CANDIES,FUDGE,CHOC,W/ NUTS,PREPARED-FROM-RECIPE","Candies, fudge, chocolate, with nuts, prepared-from-recipe",,,,461,4.38,18.93,67.93,63.37,2.5,38.0,0.088,0.07,0.2,0.26,16,0.315,0.095,0.067,57,0.526,1.97,55,0.885,114,2.9,1.43,0.042222222,0.051764706,0.029166667,0.002222222,0.017333333,0.04,0.0196875,0.073076923,0.055833333,0.0475,0.000584444,0.130952381,0.162857143,0.052727273,0.13
19102,Sweets,"CANDIES,FUDGE,PNUT BUTTER,PREPARED-FROM-RECIPE","Candies, fudge, peanut butter, prepared-from-recipe",,,,387,3.78,6.59,77.75,73.36,0.7,9.0,0.066,0.14,0.0,1.01,9,1.439,0.082,0.022,42,0.056,0.22,20,0.164,68,2.2,0.48,0.01,0.038823529,0.058333333,0.0,0.067333333,0.0225,0.0899375,0.063076923,0.018333333,0.035,6.22222e-05,0.047619048,0.097142857,0.04,0.043636364
19103,Sweets,"CANDIES,FUDGE,VANILLA,PREPARED-FROM-RECIPE","Candies, fudge, vanilla, prepared-from-recipe",,,,383,1.05,5.45,82.15,79.77,0.0,46.0,0.009,0.08,0.0,0.14,1,0.038,0.074,0.014,38,0.004,0.02,3,0.002,30,1.7,0.15,0.051111111,0.005294118,0.033333333,0.0,0.009333333,0.0025,0.002375,0.056923077,0.011666667,0.031666667,4.44444e-06,0.007142857,0.042857143,0.030909091,0.013636364
19104,Sweets,"CANDIES,FUDGE,VANILLA W/ NUTS","Candies, fudge, vanilla with nuts",,,,435,3.0,13.69,74.61,71.0,0.9,41.0,0.077,0.07,0.1,0.22,12,0.179,0.085,0.051,47,0.219,0.41,24,0.466,73,2.2,0.56,0.045555556,0.045294118,0.029166667,0.001111111,0.014666667,0.03,0.0111875,0.065384615,0.0425,0.039166667,0.000243333,0.057142857,0.104285714,0.04,0.050909091
19105,Sweets,"CANDIES,NESTLE,GOOBERS CHOC COVERED PNUTS","Candies, NESTLE, GOOBERS Chocolate Covered Peanuts",,"Nestle USA, Inc.",,512,9.7,34.0,53.0,43.0,9.7,0.0,0.0,0.0,0.3,0.0,0,0.0,0.0,0.0,89,0.0,1.1,0,0.0,0,0.0,0.0,0.0,0.0,0.0,0.003333333,0.0,0.0,0.0,0.0,0.0,0.074166667,0.0,0.0,0.0,0.0,0.0
19106,Sweets,"CANDIES,GUMDROPS,STARCH JELLY PIECES","Candies, gumdrops, starch jelly pieces",,,,396,0.0,0.0,98.9,58.97,0.1,0.0,0.005,0.0,0.0,0.0,0,0.01,0.013,0.006,3,0.012,0.4,1,0.01,1,0.8,0.0,0.0,0.002941176,0.0,0.0,0.0,0.0,0.000625,0.01,0.005,0.0025,1.33333e-05,0.002380952,0.001428571,0.014545455,0.0
19107,Sweets,"CANDIES,HARD","Candies, hard",,,,394,0.0,0.2,98.0,62.9,0.0,0.0,0.003,0.0,0.0,0.0,0,0.007,0.003,0.004,3,0.029,0.3,3,0.01,3,0.6,0.01,0.0,0.001764706,0.0,0.0,0.0,0.0,0.0004375,0.002307692,0.003333333,0.0025,3.22222e-05,0.007142857,0.004285714,0.010909091,0.000909091
19108,Sweets,"CANDIES,JELLYBEANS","Candies, jellybeans",,,,375,0.0,0.05,93.55,70.0,0.2,0.0,0.004,0.0,0.0,0.0,0,0.008,0.011,0.004,3,0.028,0.13,2,0.035,4,1.1,0.05,0.0,0.002352941,0.0,0.0,0.0,0.0,0.0005,0.008461538,0.003333333,0.0025,3.11111e-05,0.004761905,0.005714286,0.02,0.004545455
19109,Sweets,"CANDIES,KIT KAT WAFER BAR","Candies, KIT KAT Wafer Bar",,Hershey Food Corp.,,518,6.51,25.99,64.59,48.68,1.0,24.0,0.02,0.56,0.0,0.34,18,0.5,0.21,0.117,125,0.22,1.0,37,0.1,135,5.0,0.09,0.026666667,0.011764706,0.233333333,0.0,0.022666667,0.045,0.03125,0.161538462,0.0975,0.104166667,0.000244444,0.088095238,0.192857143,0.090909091,0.008181818
19110,Sweets,"CANDIES,KRACKEL CHOC BAR","Candies, KRACKEL Chocolate Bar",,Hershey Food Corp.,,512,6.62,26.58,63.96,52.53,2.2,0.0,0.04,0.0,0.8,0.0,0,0.26,0.19,0.05,158,0.02,1.06,13,0.0,123,3.5,0.49,0.0,0.023529412,0.0,0.008888889,0.0,0.0,0.01625,0.146153846,0.041666667,0.131666667,2.22222e-05,0.030952381,0.175714286,0.063636364,0.044545455
19111,Sweets,"CANDIES,NESTLE,BABY RUTH BAR","Candies, NESTLE, BABY RUTH Bar",,"Nestle USA, Inc.",,459,5.4,21.6,64.8,54.0,2.0,0.0,0.042,0.06,0.0,0.93,12,1.251,0.121,0.058,47,0.225,0.63,43,0.351,94,2.5,0.72,0.0,0.024705882,0.025,0.0,0.062,0.03,0.0781875,0.093076923,0.048333333,0.039166667,0.00025,0.102380952,0.134285714,0.045454545,0.065454545
19112,Sweets,"CANDIES,TWIZZLERS STRAWBERRY TWISTS CANDY","Candies, TWIZZLERS Strawberry Twists Candy",,Hershey Food Corp.,,350,2.56,2.32,79.74,39.64,0.0,0.0,0.0,0.0,0.0,0.0,0,0.0,0.0,0.0,0,0.0,0.51,0,0.0,0,0.0,0.0,0.0,0.0,0.0,0.0,0.0,0.0,0.0,0.0,0.0,0.0,0.0,0.0,0.0,0.0,0.0
19113,Sweets,"SYRUPS,TABLE BLENDS,PANCAKE,W/BUTTER","Syrups, table blends, pancake, with butter",,,,296,0.0,1.6,74.1,0.0,0.0,14.0,0.0,0.0,0.0,0.0,0,0.02,0.009,0.011,2,0.209,0.09,2,0.086,10,0.7,0.04,0.015555556,0.0,0.0,0.0,0.0,0.0,0.00125,0.006923077,0.009166667,0.001666667,0.000232222,0.004761905,0.014285714,0.012727273,0.003636364
19114,Sweets,"ICE CREAMS,CHOC,LT","Ice creams, chocolate, light",,,,187,5.0,7.19,25.7,24.71,0.8,71.0,0.023,0.14,1.2,0.2,4,0.126,0.129,0.023,159,0.103,0.69,20,0.101,83,2.2,0.43,0.078888889,0.013529412,0.058333333,0.013333333,0.013333333,0.01,0.007875,0.099230769,0.019166667,0.1325,0.000114444,0.047619048,0.118571429,0.04,0.039090909
19115,Sweets,"CANDIES,MARS SNACKFOOD US,MARS ALMOND BAR","Candies, MARS SNACKFOOD US, MARS Almond Bar",,Masterfoods USA,,467,8.1,23.0,62.7,52.1,2.0,15.0,0.06,0.36,0.7,7.75,9,0.945,0.312,0.041,168,0.25,1.1,72,0.367,234,1.6,1.11,0.016666667,0.035294118,0.15,0.007777778,0.516666667,0.0225,0.0590625,0.24,0.034166667,0.14,0.000277778,0.171428571,0.334285714,0.029090909,0.100909091
19116,Sweets,"CANDIES,MARSHMALLOWS","Candies, marshmallows",,,,318,1.8,0.2,81.3,57.56,0.1,0.0,0.003,0.0,0.0,0.0,1,0.078,0.001,0.001,3,0.097,0.23,2,0.008,8,1.7,0.04,0.0,0.001764706,0.0,0.0,0.0,0.0025,0.004875,0.000769231,0.000833333,0.0025,0.000107778,0.004761905,0.011428571,0.030909091,0.003636364
19117,Sweets,"CANDIES,HALAVAH,PLAIN","Candies, halavah, plain",,,,469,12.49,21.52,60.49,0.0,4.5,0.0,0.348,0.04,0.1,0.0,65,2.856,0.088,0.424,33,1.202,4.53,218,0.873,607,11.5,4.32,0.0,0.204705882,0.016666667,0.001111111,0.0,0.1625,0.1785,0.067692308,0.353333333,0.0275,0.001335556,0.519047619,0.867142857,0.209090909,0.392727273
19118,Sweets,"CANDIES,NESTLE,OH HENRY! BAR","Candies, NESTLE, OH HENRY! Bar",,"Nestle USA, Inc.",,462,7.7,23.0,65.5,46.2,1.9,0.0,0.086,0.2,0.0,2.21,44,2.545,0.121,0.149,69,0.353,0.5,51,0.535,140,3.2,1.19,0.0,0.050588235,0.083333333,0.0,0.147333333,0.11,0.1590625,0.093076923,0.124166667,0.0575,0.000392222,0.121428571,0.2,0.058181818,0.108181818
19119,Sweets,"CANDIES,NESTLE,CHUNKY BAR","Candies, NESTLE, CHUNKY Bar",,"Nestle USA, Inc.",,475,7.5,27.5,60.0,52.5,2.5,0.0,0.0,0.0,0.0,0.0,0,0.0,0.0,0.0,100,0.0,0.9,0,0.0,0,0.0,0.0,0.0,0.0,0.0,0.0,0.0,0.0,0.0,0.0,0.0,0.083333333,0.0,0.0,0.0,0.0,0.0
19120,Sweets,"CANDIES,MILK CHOC","Candies, milk chocolate",,,,535,7.65,29.66,59.4,51.5,3.4,59.0,0.036,0.75,0.0,0.51,11,0.386,0.298,0.112,189,0.491,2.35,63,0.471,208,4.5,2.3,0.065555556,0.021176471,0.3125,0.0,0.034,0.0275,0.024125,0.229230769,0.093333333,0.1575,0.000545556,0.15,0.297142857,0.081818182,0.209090909
19121,Sweets,"PUDDINGS,BANANA,DRY MIX,INST,PREP W/ 2% MILK","Puddings, banana, dry mix, instant, prepared with 2% milk",,,,105,2.76,1.7,19.74,0.0,0.0,46.0,0.036,0.3,0.8,0.0,4,0.072,0.137,0.033,102,0.01,0.06,12,0.003,216,2.0,0.33,0.051111111,0.021176471,0.125,0.008888889,0.0,0.01,0.0045,0.105384615,0.0275,0.085,1.11111e-05,0.028571429,0.308571429,0.036363636,0.03
19122,Sweets,"PUDDINGS,BANANA,DRY MIX,REG,PREP W/ 2% MILK","Puddings, banana, dry mix, regular, prepared with 2% milk",,,,101,2.9,1.73,18.43,0.0,0.0,50.0,0.034,0.25,0.7,0.0,4,0.075,0.144,0.031,109,0.01,0.05,13,0.004,83,2.1,0.35,0.055555556,0.02,0.104166667,0.007777778,0.0,0.01,0.0046875,0.110769231,0.025833333,0.090833333,1.11111e-05,0.030952381,0.118571429,0.038181818,0.031818182
19123,Sweets,"PUDDINGS,CHOC,DRY MIX,INST,PREP W/ 2% MILK","Puddings, chocolate, dry mix, instant, prepared with 2% milk",,,,105,3.15,1.92,18.89,0.0,0.4,46.0,0.038,0.31,0.8,0.0,5,0.108,0.147,0.034,104,0.068,0.4,19,0.062,238,2.3,0.43,0.051111111,0.022352941,0.129166667,0.008888889,0.0,0.0125,0.00675,0.113076923,0.028333333,0.086666667,7.55556e-05,0.045238095,0.34,0.041818182,0.039090909
19124,Sweets,"BAKING CHOC,MEXICAN,SQUARES","Baking chocolate, mexican, squares",,,,426,3.64,15.59,77.41,69.4,4.0,0.0,0.034,0.0,0.1,0.36,5,1.829,0.105,0.057,34,0.67,2.18,95,0.449,142,1.8,1.26,0.0,0.02,0.0,0.001111111,0.024,0.0125,0.1143125,0.080769231,0.0475,0.028333333,0.000744444,0.226190476,0.202857143,0.032727273,0.114545455
19125,Sweets,CHOCOLATE-FLAVORED HAZELNUT SPRD,Chocolate-flavored hazelnut spread,,,,541,5.41,29.73,62.16,54.05,5.4,1.0,0.082,0.27,0.0,4.96,14,0.427,0.17,0.085,108,0.469,4.38,64,0.868,152,3.6,1.06,0.001111111,0.048235294,0.1125,0.0,0.330666667,0.035,0.0266875,0.130769231,0.070833333,0.09,0.000521111,0.152380952,0.217142857,0.065454545,0.096363636
19126,Sweets,"CANDIES,MILK CHOC COATD PNUTS","Candies, milk chocolate coated peanuts",,,,519,13.1,33.5,49.7,37.59,4.7,41.0,0.1,0.53,0.0,2.4,51,4.249,0.174,0.116,104,0.544,1.31,96,0.945,212,5.4,2.6,0.045555556,0.058823529,0.220833333,0.0,0.16,0.1275,0.2655625,0.133846154,0.096666667,0.086666667,0.000604444,0.228571429,0.302857143,0.098181818,0.236363636
19127,Sweets,"CANDIES,MILK CHOC COATD RAISINS","Candies, milk chocolate coated raisins",,,,390,4.1,14.8,68.4,62.22,3.1,29.0,0.074,0.37,0.2,0.29,7,0.4,0.161,0.084,86,0.373,1.71,45,0.358,143,2.6,1.25,0.032222222,0.043529412,0.154166667,0.002222222,0.019333333,0.0175,0.025,0.123846154,0.07,0.071666667,0.000414444,0.107142857,0.204285714,0.047272727,0.113636364
19128,Sweets,"SYRUPS,TABLE BLENDS,PANCAKE,RED-CAL","Syrups, table blends, pancake, reduced-calorie",,,,165,0.0,0.0,44.55,32.8,0.0,0.0,0.003,0.0,0.0,0.0,0,0.004,0.003,0.025,10,0.018,0.03,2,0.022,43,0.5,0.2,0.0,0.001764706,0.0,0.0,0.0,0.0,0.00025,0.002307692,0.020833333,0.008333333,2e-05,0.004761905,0.061428571,0.009090909,0.018181818
19129,Sweets,"SYRUPS,TABLE BLENDS,PANCAKE","Syrups, table blends, pancake",,,,234,0.0,0.0,61.47,21.47,0.0,0.0,0.0,0.0,0.0,0.0,0,0.0,0.008,0.024,3,0.0,0.03,2,0.068,9,0.0,0.08,0.0,0.0,0.0,0.0,0.0,0.0,0.0,0.006153846,0.02,0.0025,0.0,0.004761905,0.012857143,0.0,0.007272727
19130,Sweets,"CANDIES,HERSHEYS POT OF GOLD ALMOND BAR","Candies, HERSHEYS POT OF GOLD Almond Bar",,Hershey Food Corp.,,577,12.82,38.46,46.15,38.46,3.8,0.0,0.0,0.0,0.0,0.0,0,0.0,0.0,0.0,192,0.0,1.85,0,0.0,0,0.0,0.0,0.0,0.0,0.0,0.0,0.0,0.0,0.0,0.0,0.0,0.16,0.0,0.0,0.0,0.0,0.0
19132,Sweets,"CANDIES,MILK CHOC,W/ALMONDS","Candies, milk chocolate, with almonds",,,,526,9.0,34.4,53.4,43.9,6.2,52.0,0.045,0.67,0.2,3.14,13,0.742,0.435,0.06,224,0.422,1.63,90,0.624,264,4.0,1.34,0.057777778,0.026470588,0.279166667,0.002222222,0.209333333,0.0325,0.046375,0.334615385,0.05,0.186666667,0.000468889,0.214285714,0.377142857,0.072727273,0.121818182
19134,Sweets,"CANDIES,MILK CHOC,W/RICE CRL","Candies, milk chocolate, with rice cereal",,,,511,7.64,29.37,59.67,51.06,3.3,65.0,0.055,0.8,0.6,0.5,21,0.672,0.323,0.131,187,0.488,2.65,62,0.477,207,4.6,2.29,0.072222222,0.032352941,0.333333333,0.006666667,0.033333333,0.0525,0.042,0.248461538,0.109166667,0.155833333,0.000542222,0.147619048,0.295714286,0.083636364,0.208181818
19135,Sweets,"CANDIES,MARS SNACKFOOD US,MILKY WAY BAR","Candies, MARS SNACKFOOD US, MILKY WAY Bar",,Masterfoods USA,,456,4.01,17.23,71.17,59.69,1.0,31.0,0.014,0.18,0.7,0.89,4,0.154,0.103,0.046,115,0.147,0.49,20,0.147,67,2.0,0.69,0.034444444,0.008235294,0.075,0.007777778,0.059333333,0.01,0.009625,0.079230769,0.038333333,0.095833333,0.000163333,0.047619048,0.095714286,0.036363636,0.062727273
19136,Sweets,"CANDIES,SKOR TOFFEE BAR","Candies, SKOR Toffee Bar",,Hershey Food Corp.,,535,3.13,32.18,61.72,59.89,1.3,0.0,0.0,0.0,0.5,0.0,0,0.13,0.1,0.02,0,0.04,0.57,10,0.0,61,0.0,0.17,0.0,0.0,0.0,0.005555556,0.0,0.0,0.008125,0.076923077,0.016666667,0.0,4.44444e-05,0.023809524,0.087142857,0.0,0.015454545
19137,Sweets,"TOPPINGS,STRAWBERRY","Toppings, strawberry",,,,254,0.2,0.1,66.3,27.38,0.7,1.0,0.012,0.0,13.7,0.1,6,0.161,0.024,0.011,6,0.032,0.28,4,0.167,5,0.8,0.06,0.001111111,0.007058824,0.0,0.152222222,0.006666667,0.015,0.0100625,0.018461538,0.009166667,0.005,3.55556e-05,0.00952381,0.007142857,0.014545455,0.005454545
19138,Sweets,"CANDIES,TRUFFLES,PREPARED-FROM-RECIPE","Candies, truffles, prepared-from-recipe",,,,510,6.21,33.76,44.88,38.31,2.5,144.0,0.032,0.49,0.1,1.82,9,0.299,0.25,0.087,157,0.366,1.75,48,0.351,171,3.4,1.55,0.16,0.018823529,0.204166667,0.001111111,0.121333333,0.0225,0.0186875,0.192307692,0.0725,0.130833333,0.000406667,0.114285714,0.244285714,0.061818182,0.140909091
19139,Sweets,"BAK CHOC,MARS SNACKFOOD US,M&MS SEMISWT CHOC MINI BAK BITS","Baking chocolate, MARS SNACKFOOD US, M&Ms Semisweet Chocolate Mini Baking Bits",,Masterfoods USA,,517,4.44,26.15,65.96,53.07,6.7,0.0,0.0,0.0,0.0,0.0,0,0.0,0.0,0.0,34,0.0,2.91,0,0.0,0,0.0,0.0,0.0,0.0,0.0,0.0,0.0,0.0,0.0,0.0,0.0,0.028333333,0.0,0.0,0.0,0.0,0.0
19140,Sweets,"CANDIES,MARS SNACKFOOD US,M&MS PNUT CHOC CANDIES","Candies, MARS SNACKFOOD US, M&Ms Peanut Chocolate Candies",,Masterfoods USA,,515,9.57,26.13,60.48,50.75,3.7,22.0,0.09,0.32,0.0,2.85,55,3.362,0.106,0.063,102,0.505,1.16,69,0.664,190,4.1,1.76,0.024444444,0.052941176,0.133333333,0.0,0.19,0.1375,0.210125,0.081538462,0.0525,0.085,0.000561111,0.164285714,0.271428571,0.074545455,0.16
19141,Sweets,"CANDIES,MARS SNACKFOOD US,M&MS MILK CHOC CANDIES","Candies, MARS SNACKFOOD US, M&Ms Milk Chocolate Candies",,Masterfoods USA,,492,4.33,21.13,71.19,63.68,2.8,56.0,0.025,0.53,0.5,0.36,8,0.27,0.213,0.079,105,0.344,1.11,44,0.329,146,3.3,1.61,0.062222222,0.014705882,0.220833333,0.005555556,0.024,0.02,0.016875,0.163846154,0.065833333,0.0875,0.000382222,0.104761905,0.208571429,0.06,0.146363636
19142,Sweets,"CANDIES,MOUNDS CANDY BAR","Candies, MOUNDS Candy Bar",,Hershey Food Corp.,,486,4.6,26.6,58.59,46.19,3.7,0.0,0.09,0.0,0.4,0.19,6,0.277,0.058,0.049,21,0.4,2.09,55,0.948,91,6.6,1.1,0.0,0.052941176,0.0,0.004444444,0.012666667,0.015,0.0173125,0.044615385,0.040833333,0.0175,0.000444444,0.130952381,0.13,0.12,0.1
19143,Sweets,"CANDIES,MR. GOODBAR CHOC BAR","Candies, MR. GOODBAR Chocolate Bar",,Hershey Food Corp.,,538,10.22,33.21,54.34,47.22,3.8,35.0,0.07,0.33,0.9,3.17,38,3.44,0.14,0.14,110,0.17,1.39,47,0.0,163,0.0,0.93,0.038888889,0.041176471,0.1375,0.01,0.211333333,0.095,0.215,0.107692308,0.116666667,0.091666667,0.000188889,0.111904762,0.232857143,0.0,0.084545455
19144,Sweets,"CANDIES,NESTLE,100 GRAND BAR","Candies, NESTLE, 100 GRAND Bar",,"Nestle USA, Inc.",,468,2.5,19.33,70.97,51.9,1.0,38.0,0.016,0.29,0.7,0.42,5,0.198,0.119,0.058,76,0.185,0.34,25,0.172,86,2.5,0.99,0.042222222,0.009411765,0.120833333,0.007777778,0.028,0.0125,0.012375,0.091538462,0.048333333,0.063333333,0.000205556,0.05952381,0.122857143,0.045454545,0.09
19145,Sweets,"CANDIES,NESTLE,CRUNCH BAR&DSSRT TOPPING","Candies, NESTLE, CRUNCH Bar and Dessert Topping",,"Nestle USA, Inc.",,500,5.0,26.0,67.0,55.0,1.9,0.0,0.0,0.0,0.5,0.0,0,0.0,0.0,0.0,100,0.0,0.7,0,0.0,0,0.0,0.0,0.0,0.0,0.0,0.005555556,0.0,0.0,0.0,0.0,0.0,0.083333333,0.0,0.0,0.0,0.0,0.0
19146,Sweets,"BAKING CHOC,MARS SNACKFOOD US,M&MS MILK CHOC MINI BAK BITS","Baking chocolate, MARS SNACKFOOD US, M&Ms Milk Chocolate Mini Baking Bits",,Masterfoods USA,,502,4.78,23.36,68.4,62.54,2.7,0.0,0.0,0.0,0.6,0.0,0,0.0,0.0,0.0,116,0.0,1.23,0,0.0,0,0.0,0.0,0.0,0.0,0.0,0.006666667,0.0,0.0,0.0,0.0,0.0,0.096666667,0.0,0.0,0.0,0.0,0.0
19147,Sweets,"CANDIES,PEANUT BAR","Candies, peanut bar",,,,522,15.5,33.7,47.4,42.22,4.1,0.0,0.153,0.0,0.0,4.1,75,7.922,0.14,0.1,78,0.774,0.97,110,1.243,308,4.7,3.94,0.0,0.09,0.0,0.0,0.273333333,0.1875,0.495125,0.107692308,0.083333333,0.065,0.00086,0.261904762,0.44,0.085454545,0.358181818
19148,Sweets,"CANDIES,PNUT BRITTLE,PREPARED-FROM-RECIPE","Candies, peanut brittle, prepared-from-recipe",,,,486,7.57,18.98,71.24,51.33,2.5,39.0,0.079,0.01,0.0,2.56,46,2.646,0.044,0.134,27,0.254,1.22,42,0.593,106,2.6,0.87,0.043333333,0.046470588,0.004166667,0.0,0.170666667,0.115,0.165375,0.033846154,0.111666667,0.0225,0.000282222,0.1,0.151428571,0.047272727,0.079090909
19149,Sweets,"CANDIES,NESTLE,RAISINETS CHOC COVERED RAISINS","Candies, NESTLE, RAISINETS Chocolate Covered Raisins",,"Nestle USA, Inc.",,422,4.4,17.0,71.0,59.0,2.2,0.0,0.0,0.0,1.6,0.0,0,0.0,0.0,0.0,85,0.0,1.2,0,0.0,0,0.0,0.0,0.0,0.0,0.0,0.017777778,0.0,0.0,0.0,0.0,0.0,0.070833333,0.0,0.0,0.0,0.0,0.0
19150,Sweets,"CANDIES,REESES PNUT BUTTER CUPS","Candies, REESES Peanut Butter Cups",,Hershey Food Corp.,,515,10.24,30.53,55.36,47.17,3.6,17.0,0.1,0.26,0.3,0.15,50,4.49,0.11,0.16,78,0.24,1.21,62,0.0,161,1.4,1.28,0.018888889,0.058823529,0.108333333,0.003333333,0.01,0.125,0.280625,0.084615385,0.133333333,0.065,0.000266667,0.147619048,0.23,0.025454545,0.116363636
19151,Sweets,"CANDIES,REESES PIECES CANDY","Candies, REESES PIECES Candy",,Hershey Food Corp.,,497,12.46,24.77,59.86,53.25,3.0,0.0,0.11,0.11,0.0,0.99,55,6.06,0.22,0.18,69,0.41,0.49,88,1.1,207,0.8,1.15,0.0,0.064705882,0.045833333,0.0,0.066,0.1375,0.37875,0.169230769,0.15,0.0575,0.000455556,0.20952381,0.295714286,0.014545455,0.104545455
19152,Sweets,"CANDIES,ROLO CARAMELS IN MILK CHOC","Candies, ROLO Caramels in Milk Chocolate",,Hershey Food Corp.,,474,5.08,20.93,67.95,63.93,0.9,34.0,0.0,0.33,0.9,1.1,0,0.04,0.12,0.02,145,0.0,0.42,0,0.0,71,0.0,0.0,0.037777778,0.0,0.1375,0.01,0.073333333,0.0,0.0025,0.092307692,0.016666667,0.120833333,0.0,0.0,0.101428571,0.0,0.0
19153,Sweets,"CANDIES,NESTLE,AFTER EIGHT MINTS","Candies, NESTLE, AFTER EIGHT Mints",,"Nestle USA, Inc.",,432,1.67,11.9,79.53,66.6,2.4,0.0,0.0,0.0,0.0,0.0,0,0.0,0.0,0.0,13,0.0,0.57,0,0.0,0,0.0,0.0,0.0,0.0,0.0,0.0,0.0,0.0,0.0,0.0,0.0,0.010833333,0.0,0.0,0.0,0.0,0.0
19154,Sweets,"CANDIES,SESAME CRUNCH","Candies, sesame crunch",,,,516,11.6,33.3,50.3,31.17,7.7,0.0,0.491,0.0,0.0,0.16,51,3.703,0.159,0.444,639,0.95,4.27,251,1.609,412,4.0,3.76,0.0,0.288823529,0.0,0.0,0.010666667,0.1275,0.2314375,0.122307692,0.37,0.5325,0.001055556,0.597619048,0.588571429,0.072727273,0.341818182
19155,Sweets,"CANDIES,MARS SNACKFOOD US,SNICKERS BAR","Candies, MARS SNACKFOOD US, SNICKERS Bar",,Masterfoods USA,,491,7.53,23.85,61.51,50.47,2.3,46.0,0.09,0.16,0.5,1.5,31,3.6,0.13,0.06,93,0.27,0.72,72,0.35,190,7.8,2.5,0.051111111,0.052941176,0.066666667,0.005555556,0.1,0.0775,0.225,0.1,0.05,0.0775,0.0003,0.171428571,0.271428571,0.141818182,0.227272727
19156,Sweets,"CANDIES,MARS SNACKFOOD US,STARBURST FRUIT CHEWS,ORIG FRUIT","Candies, MARS SNACKFOOD US, STARBURST Fruit Chews, Original fruits",,Masterfoods USA,,408,0.41,8.21,82.57,58.12,0.0,0.0,0.0,0.0,58.7,0.33,1,0.005,0.002,0.001,0,0.012,0.01,1,0.015,5,0.8,0.0,0.0,0.0,0.0,0.652222222,0.022,0.0025,0.0003125,0.001538462,0.000833333,0.0,1.33333e-05,0.002380952,0.007142857,0.014545455,0.0
19157,Sweets,"CANDIES,MARS SNACKFOOD US,M&MS MINIS MILK CHOC CANDIES","Candies, MARS SNACKFOOD US, M&Ms MINIs Milk Chocolate Candies",,Masterfoods USA,,502,4.78,23.36,68.4,62.54,2.7,0.0,0.0,0.0,0.6,0.0,0,0.0,0.0,0.0,116,0.0,1.23,0,0.0,0,0.0,0.0,0.0,0.0,0.0,0.006666667,0.0,0.0,0.0,0.0,0.0,0.096666667,0.0,0.0,0.0,0.0,0.0
19159,Sweets,"CANDIES,MARS SNACKFOOD US,3 MUSKETEERS BAR","Candies, MARS SNACKFOOD US, 3 MUSKETEERS Bar",,Masterfoods USA,,436,2.6,12.75,77.77,66.89,1.5,20.0,0.015,0.16,0.2,0.98,4,0.23,0.056,0.034,54,0.155,0.67,29,0.16,69,1.9,0.55,0.022222222,0.008823529,0.066666667,0.002222222,0.065333333,0.01,0.014375,0.043076923,0.028333333,0.045,0.000172222,0.069047619,0.098571429,0.034545455,0.05
19160,Sweets,"CANDIES,MARS SNACKFOOD US,TWIX CARAMEL COOKIE BARS","Candies, MARS SNACKFOOD US, TWIX Caramel Cookie Bars",,Masterfoods USA,,502,4.91,24.85,64.8,48.25,1.1,20.0,0.025,0.33,0.6,0.74,39,1.109,0.208,0.155,106,0.197,0.81,27,0.273,105,4.3,1.06,0.022222222,0.014705882,0.1375,0.006666667,0.049333333,0.0975,0.0693125,0.16,0.129166667,0.088333333,0.000218889,0.064285714,0.15,0.078181818,0.096363636
19161,Sweets,"CANDIES,MARS SNACKFOOD US,TWIX PNUT BUTTER COOKIE BARS","Candies, MARS SNACKFOOD US, TWIX Peanut Butter Cookie Bars",,Masterfoods USA,,536,9.18,32.67,54.15,36.13,3.1,20.0,0.114,0.26,0.3,3.42,15,2.379,0.145,0.098,75,0.29,1.32,61,0.942,173,12.9,1.61,0.022222222,0.067058824,0.108333333,0.003333333,0.228,0.0375,0.1486875,0.111538462,0.081666667,0.0625,0.000322222,0.145238095,0.247142857,0.234545455,0.146363636
19162,Sweets,"CANDIES,WHATCHAMACALLIT CANDY BAR","Candies, WHATCHAMACALLIT Candy Bar",,Hershey Food Corp.,,494,8.04,23.68,63.23,48.86,1.9,38.0,0.04,0.37,0.9,1.27,18,2.47,0.21,0.11,118,0.12,1.13,28,0.33,138,0.7,0.43,0.042222222,0.023529412,0.154166667,0.01,0.084666667,0.045,0.154375,0.161538462,0.091666667,0.098333333,0.000133333,0.066666667,0.197142857,0.012727273,0.039090909
19163,Sweets,CHEWING GUM,Chewing gum,bubble gum,,,360,0.0,0.3,96.7,66.08,2.4,0.0,0.0,0.0,0.0,0.0,0,0.0,0.0,0.0,0,0.0,0.0,0,0.0,0,0.6,0.0,0.0,0.0,0.0,0.0,0.0,0.0,0.0,0.0,0.0,0.0,0.0,0.0,0.0,0.010909091,0.0
19164,Sweets,"CANDIES,SPL DK CHOC BAR","Candies, SPECIAL DARK Chocolate Bar",,Hershey Food Corp.,,556,5.54,32.4,60.49,47.56,6.5,0.0,0.0,0.0,0.0,0.0,0,0.0,0.01,0.0,30,0.02,2.13,31,0.0,51,0.3,0.01,0.0,0.0,0.0,0.0,0.0,0.0,0.0,0.007692308,0.0,0.025,2.22222e-05,0.073809524,0.072857143,0.005454545,0.000909091
19165,Sweets,"COCOA,DRY PDR,UNSWTND","Cocoa, dry powder, unsweetened",,,,228,19.6,13.7,57.9,1.75,37.0,0.0,0.118,0.0,0.0,0.1,32,2.185,0.241,0.078,128,3.788,13.86,499,3.837,734,14.3,6.81,0.0,0.069411765,0.0,0.0,0.006666667,0.08,0.1365625,0.185384615,0.065,0.106666667,0.004208889,1.188095238,1.048571429,0.26,0.619090909
19166,Sweets,"COCOA,DRY PDR,UNSWTND,PROC W/ALKALI","Cocoa, dry powder, unsweetened, processed with alkali",Dutch cocoa,,,220,18.1,13.1,58.3,1.76,29.8,0.0,0.118,0.0,0.0,0.1,32,2.4,0.46,0.11,111,3.607,15.52,476,3.737,728,13.2,6.37,0.0,0.069411765,0.0,0.0,0.006666667,0.08,0.15,0.353846154,0.091666667,0.0925,0.004007778,1.133333333,1.04,0.24,0.579090909
19168,Sweets,"DESSERTS,EGG CUSTARD,BKD,PREPARED-FROM-RECIPE","Desserts, egg custard, baked, prepared-from-recipe",,,,104,5.02,4.58,11.0,11.0,0.0,49.0,0.048,0.39,0.0,0.22,10,0.105,0.24,0.038,107,0.028,0.35,11,0.01,113,8.8,0.54,0.054444444,0.028235294,0.1625,0.0,0.014666667,0.025,0.0065625,0.184615385,0.031666667,0.089166667,3.11111e-05,0.026190476,0.161428571,0.16,0.049090909
19169,Sweets,"EGG CUSTARDS,DRY MIX","Egg custards, dry mix",,,,410,6.9,6.4,82.8,0.0,0.0,63.0,0.216,1.17,0.4,0.0,30,0.32,0.412,0.145,228,0.046,1.93,45,0.02,332,16.6,1.05,0.07,0.127058824,0.4875,0.004444444,0.0,0.075,0.02,0.316923077,0.120833333,0.19,5.11111e-05,0.107142857,0.474285714,0.301818182,0.095454545
19170,Sweets,"EGG CUSTARDS,DRY MIX,PREP W/ WHL MILK","Egg custards, dry mix, prepared with whole milk",,,,122,3.99,4.0,17.6,4.82,0.0,52.0,0.064,0.52,0.1,0.06,9,0.132,0.22,0.061,139,0.03,0.34,16,0.007,130,6.0,0.51,0.057777778,0.037647059,0.216666667,0.001111111,0.004,0.0225,0.00825,0.169230769,0.050833333,0.115833333,3.33333e-05,0.038095238,0.185714286,0.109090909,0.046363636
19171,Sweets,"COCOA,DRY PDR,UNSWTND,HERSHEYS EUROPEAN STYLE COCOA","Cocoa, dry powder, unsweetened, HERSHEYS European Style Cocoa",,Hershey Food Corp.,,400,20.0,10.0,60.0,0.0,20.0,0.0,0.0,0.0,0.0,0.0,0,0.0,0.0,0.0,0,0.0,36.0,0,0.0,0,0.0,0.0,0.0,0.0,0.0,0.0,0.0,0.0,0.0,0.0,0.0,0.0,0.0,0.0,0.0,0.0,0.0
19172,Sweets,"GELATIN DSSRT,DRY MIX","Gelatin desserts, dry mix",,,,381,7.8,0.0,90.5,86.04,0.0,0.0,0.001,0.0,0.0,0.0,3,0.009,0.041,0.003,3,0.118,0.13,2,0.011,141,6.7,0.01,0.0,0.000588235,0.0,0.0,0.0,0.0075,0.0005625,0.031538462,0.0025,0.0025,0.000131111,0.004761905,0.201428571,0.121818182,0.000909091
19173,Sweets,"GELATIN DSSRT,DRY MIX,PREP W/ H2O","Gelatin desserts, dry mix, prepared with water",,,,62,1.22,0.0,14.19,13.49,0.0,0.0,0.0,0.0,0.0,0.0,1,0.001,0.006,0.0,3,0.024,0.02,1,0.002,22,1.1,0.01,0.0,0.0,0.0,0.0,0.0,0.0025,6.25e-05,0.004615385,0.0,0.0025,2.66667e-05,0.002380952,0.031428571,0.02,0.000909091
19175,Sweets,"GELATIN DSSRT,DRY MIX,RED CAL,W/ ASPRT","Gelatin desserts, dry mix, reduced calorie, with aspartame",,,,198,15.67,0.0,80.21,0.0,0.1,0.0,0.0,0.0,0.0,0.0,0,0.0,0.0,0.0,8,0.0,0.06,2,0.0,1293,0.0,0.0,0.0,0.0,0.0,0.0,0.0,0.0,0.0,0.0,0.0,0.006666667,0.0,0.004761905,1.847142857,0.0,0.0
19176,Sweets,"GELATIN DSSRT,DRY MIX,RED CAL,W/ ASPRT,PREP W/ H2O","Gelatin desserts, dry mix, reduced calorie, with aspartame, prepared with water",,,,20,0.83,0.0,4.22,0.0,0.0,0.0,0.0,0.0,0.0,0.0,0,0.0,0.0,0.0,3,0.007,0.01,1,0.0,68,0.0,0.0,0.0,0.0,0.0,0.0,0.0,0.0,0.0,0.0,0.0,0.0025,7.77778e-06,0.002380952,0.097142857,0.0,0.0
19177,Sweets,"GELATINS,DRY PDR,UNSWTND","Gelatins, dry powder, unsweetened",,,,335,85.6,0.1,0.0,0.0,0.0,0.0,0.007,0.0,0.0,0.0,30,0.085,0.23,0.025,55,2.161,1.11,22,0.105,39,39.5,0.14,0.0,0.004117647,0.0,0.0,0.0,0.075,0.0053125,0.176923077,0.020833333,0.045833333,0.002401111,0.052380952,0.055714286,0.718181818,0.012727273
19181,Sweets,"CANDIES,YORK BITES","Candies, YORK BITES",,Hershey Food Corp.,,394,1.78,7.32,81.64,75.0,2.0,0.0,0.0,0.0,0.0,0.0,0,0.0,0.0,0.0,10,0.0,0.94,1,0.0,3,0.0,0.01,0.0,0.0,0.0,0.0,0.0,0.0,0.0,0.0,0.0,0.008333333,0.0,0.002380952,0.004285714,0.0,0.000909091
19182,Sweets,"DESSERTS,MOUSSE,CHOC,PREPARED-FROM-RECIPE","Desserts, mousse, chocolate, prepared-from-recipe",,,,225,4.14,16.0,16.07,14.81,0.6,140.0,0.058,0.47,0.1,0.51,15,0.146,0.205,0.045,96,0.075,0.55,20,0.059,117,7.4,0.64,0.155555556,0.034117647,0.195833333,0.001111111,0.034,0.0375,0.009125,0.157692308,0.0375,0.08,8.33333e-05,0.047619048,0.167142857,0.134545455,0.058181818
19183,Sweets,"PUDDINGS,CHOC,RTE","Puddings, chocolate, ready-to-eat",,,,142,2.09,4.6,23.01,17.17,0.0,14.0,0.018,0.09,0.3,0.31,3,0.123,0.072,0.024,51,0.092,1.27,18,0.118,56,0.0,0.34,0.015555556,0.010588235,0.0375,0.003333333,0.020666667,0.0075,0.0076875,0.055384615,0.02,0.0425,0.000102222,0.042857143,0.08,0.0,0.030909091
19184,Sweets,"PUDDINGS,CHOC,DRY MIX,INST","Puddings, chocolate, dry mix, instant",,,,378,2.3,1.9,87.9,67.86,3.6,0.0,0.012,0.0,0.0,0.07,3,0.234,0.055,0.01,12,0.354,1.29,45,0.367,72,2.5,0.62,0.0,0.007058824,0.0,0.0,0.004666667,0.0075,0.014625,0.042307692,0.008333333,0.01,0.000393333,0.107142857,0.102857143,0.045454545,0.056363636
19185,Sweets,"PUDDINGS,CHOC,DRY MIX,INST,PREP W/ WHL MILK","Puddings, chocolate, dry mix, instant, prepared with whole milk",,,,111,3.1,3.1,18.8,0.0,1.0,26.0,0.038,0.3,0.9,0.0,4,0.096,0.141,0.033,102,0.064,0.29,18,0.042,239,1.7,0.42,0.028888889,0.022352941,0.125,0.01,0.0,0.01,0.006,0.108461538,0.0275,0.085,7.11111e-05,0.042857143,0.341428571,0.030909091,0.038181818
19186,Sweets,"DESSERTS,APPL CRISP,PREPARED-FROM-RECIPE","Desserts, apple crisp, prepared-from-recipe",,,,161,1.75,3.43,30.84,19.68,1.4,29.0,0.04,0.0,2.2,0.38,24,0.846,0.081,0.083,35,0.071,0.82,8,0.13,28,3.5,0.18,0.032222222,0.023529412,0.0,0.024444444,0.025333333,0.06,0.052875,0.062307692,0.069166667,0.029166667,7.88889e-05,0.019047619,0.04,0.063636364,0.016363636
19187,Sweets,"FLAN,CARAMEL CUSTARD,DRY MIX","Flan, caramel custard, dry mix",,,,348,0.0,0.0,91.6,0.0,0.0,0.0,0.0,0.0,0.0,0.0,0,0.0,0.0,0.0,24,0.015,0.08,0,0.007,1,21.3,0.04,0.0,0.0,0.0,0.0,0.0,0.0,0.0,0.0,0.0,0.02,1.66667e-05,0.0,0.001428571,0.387272727,0.003636364
19188,Sweets,"DESSERTS,PUDD,CHOC,DRY MIX,REG","Puddings, chocolate, dry mix, regular",,,,362,2.6,2.1,89.3,42.88,4.5,0.0,0.016,0.0,0.0,0.01,4,0.33,0.071,0.015,53,0.518,1.82,67,0.537,88,3.3,0.9,0.0,0.009411765,0.0,0.0,0.000666667,0.01,0.020625,0.054615385,0.0125,0.044166667,0.000575556,0.15952381,0.125714286,0.06,0.081818182
19189,Sweets,"PUDDINGS,CHOC,DRY MIX,INST,PREP W/ WHOLE MILK","Puddings, chocolate, dry mix, regular, prepared with whole milk",,,,120,3.16,3.15,19.64,11.96,0.8,39.0,0.03,0.31,0.0,0.06,4,0.133,0.157,0.038,106,0.111,0.34,20,0.097,87,3.7,0.48,0.043333333,0.017647059,0.129166667,0.0,0.004,0.01,0.0083125,0.120769231,0.031666667,0.088333333,0.000123333,0.047619048,0.124285714,0.067272727,0.043636364
19190,Sweets,"PUDDINGS,CHOC,DRY MIX,REG,PREP W/ 2% MILK","Puddings, chocolate, dry mix, regular, prepared with 2% milk",,,,111,3.28,2.06,19.76,11.85,0.8,47.0,0.032,0.37,0.1,0.03,4,0.136,0.171,0.033,112,0.095,0.34,21,0.106,94,2.7,0.57,0.052222222,0.018823529,0.154166667,0.001111111,0.002,0.01,0.0085,0.131538462,0.0275,0.093333333,0.000105556,0.05,0.134285714,0.049090909,0.051818182
19191,Sweets,"PUDDINGS,COCNT CRM,DRY MIX,INST,PREP W/ 2% MILK","Puddings, coconut cream, dry mix, instant, prepared with 2% milk",,,,107,2.9,2.3,19.2,0.0,0.1,45.0,0.038,0.3,0.8,0.0,4,0.086,0.138,0.034,102,0.025,0.15,14,0.019,201,2.0,0.33,0.05,0.022352941,0.125,0.008888889,0.0,0.01,0.005375,0.106153846,0.028333333,0.085,2.77778e-05,0.033333333,0.287142857,0.036363636,0.03
19193,Sweets,"Puddings, rice, ready-to-eat","Puddings, rice, ready-to-eat",,,,108,3.23,2.15,18.39,11.59,0.3,19.0,0.052,0.15,1.3,0.07,4,0.217,0.183,0.027,95,0.023,0.11,8,0.077,82,3.2,0.43,0.021111111,0.030588235,0.0625,0.014444444,0.004666667,0.01,0.0135625,0.140769231,0.0225,0.079166667,2.55556e-05,0.019047619,0.117142857,0.058181818,0.039090909
19194,Sweets,"PUDDINGS,RICE,DRY MIX","Puddings, rice, dry mix",,,,376,2.7,0.1,91.2,0.0,0.7,0.0,0.013,0.0,0.0,0.0,1,2.013,0.012,0.248,14,0.062,1.79,8,0.3,39,0.5,0.31,0.0,0.007647059,0.0,0.0,0.0,0.0025,0.1258125,0.009230769,0.206666667,0.011666667,6.88889e-05,0.019047619,0.055714286,0.009090909,0.028181818
19195,Sweets,"PUDDINGS,RICE,DRY MIX,PREP W/ WHL MILK","Puddings, rice, dry mix, prepared with whole milk",,,,121,3.25,2.82,20.68,0.0,0.1,29.0,0.034,0.24,0.7,0.0,4,0.441,0.138,0.074,103,0.02,0.37,13,0.059,85,1.8,0.38,0.032222222,0.02,0.1,0.007777778,0.0,0.01,0.0275625,0.106153846,0.061666667,0.085833333,2.22222e-05,0.030952381,0.121428571,0.032727273,0.034545455
19198,Sweets,"PUDDINGS,TAPIOCA,DRY MIX","Puddings, tapioca, dry mix",,,,369,0.1,0.1,94.3,65.0,0.2,0.0,0.001,0.0,0.0,0.0,0,0.004,0.006,0.001,4,0.029,0.12,2,0.033,4,0.9,0.08,0.0,0.000588235,0.0,0.0,0.0,0.0,0.00025,0.004615385,0.000833333,0.003333333,3.22222e-05,0.004761905,0.005714286,0.016363636,0.007272727
19199,Sweets,"PUDDINGS,TAPIOCA,DRY MIX,PREP W/ WHL MILK","Puddings, tapioca, dry mix, prepared with whole milk",,,,115,2.84,2.89,19.43,0.0,0.0,25.0,0.033,0.25,0.7,0.0,4,0.073,0.14,0.03,103,0.013,0.06,12,0.009,81,1.9,0.34,0.027777778,0.019411765,0.104166667,0.007777778,0.0,0.01,0.0045625,0.107692308,0.025,0.085833333,1.44444e-05,0.028571429,0.115714286,0.034545455,0.030909091
19201,Sweets,"PUDDINGS,VANILLA,RTE","Puddings, vanilla, ready-to-eat",,,,130,1.45,3.78,22.6,16.97,0.0,2.0,0.019,0.15,0.2,0.3,2,0.057,0.071,0.019,49,0.018,0.09,4,0.011,41,0.0,0.16,0.002222222,0.011176471,0.0625,0.002222222,0.02,0.005,0.0035625,0.054615385,0.015833333,0.040833333,2e-05,0.00952381,0.058571429,0.0,0.014545455
19202,Sweets,"PUDDINGS,VANILLA,DRY MIX,INST","Puddings, vanilla, dry mix, instant",,,,377,0.0,0.6,92.9,92.9,0.0,1.0,0.002,0.02,0.0,0.02,0,0.006,0.028,0.002,12,0.093,0.01,1,0.0,705,0.7,0.06,0.001111111,0.001176471,0.008333333,0.0,0.001333333,0.0,0.000375,0.021538462,0.001666667,0.01,0.000103333,0.002380952,1.007142857,0.012727273,0.005454545
19203,Sweets,"PUDDINGS,VANILLA,DRY MIX,INST,PREP W/ WHL MILK","Puddings, vanilla, dry mix, instant, prepared with whole milk",,,,114,2.7,2.9,19.7,18.03,0.0,25.0,0.036,0.3,0.8,0.0,4,0.074,0.136,0.033,101,0.024,0.07,12,0.007,197,1.6,0.33,0.027777778,0.021176471,0.125,0.008888889,0.0,0.01,0.004625,0.104615385,0.0275,0.084166667,2.66667e-05,0.028571429,0.281428571,0.029090909,0.03
19204,Sweets,"PUDDINGS,LEMON,DRY MIX,INST,PREP W/ 2% MILK","Puddings, lemon, dry mix, instant, prepared with 2% milk",,,,107,2.76,1.71,20.2,0.0,0.0,46.0,0.036,0.3,0.8,0.0,4,0.072,0.137,0.033,101,0.009,0.06,11,0.003,207,2.0,0.33,0.051111111,0.021176471,0.125,0.008888889,0.0,0.01,0.0045,0.105384615,0.0275,0.084166667,1e-05,0.026190476,0.295714286,0.036363636,0.03
19205,Sweets,"EGG CUSTARDS,DRY MIX,PREP W/ 2% MILK","Egg custards, dry mix, prepared with 2% milk",,,,112,4.13,2.83,17.61,4.63,0.0,61.0,0.066,0.58,0.2,0.03,8,0.135,0.235,0.056,146,0.012,0.33,17,0.016,137,4.9,0.61,0.067777778,0.038823529,0.241666667,0.002222222,0.002,0.02,0.0084375,0.180769231,0.046666667,0.121666667,1.33333e-05,0.04047619,0.195714286,0.089090909,0.055454545
19206,Sweets,"PUDDINGS,VANILLA,DRY MIX,REG","Puddings, vanilla, dry mix, regular",,,,379,0.3,0.4,93.5,79.34,0.6,0.0,0.0,0.0,0.0,0.0,0,0.001,0.013,0.0,5,0.021,0.08,0,0.008,2,0.9,0.02,0.0,0.0,0.0,0.0,0.0,0.0,6.25e-05,0.01,0.0,0.004166667,2.33333e-05,0.0,0.002857143,0.016363636,0.001818182
19207,Sweets,"PUDDINGS,VANILLA,DRY MIX,REG,PREP W/ WHL MILK","Puddings, vanilla, dry mix, regular, prepared with whole milk",,,,113,2.8,2.9,18.92,17.09,0.1,40.0,0.028,0.31,0.0,0.06,4,0.078,0.149,0.036,99,0.025,0.04,9,0.005,74,3.3,0.33,0.044444444,0.016470588,0.129166667,0.0,0.004,0.01,0.004875,0.114615385,0.03,0.0825,2.77778e-05,0.021428571,0.105714286,0.06,0.03
19208,Sweets,"PUDDINGS,RICE,DRY MIX,PREP W/ 2% MILK","Puddings, rice, dry mix, prepared with 2% milk",,,,111,3.29,1.63,20.81,0.0,0.1,46.0,0.035,0.24,0.7,0.0,4,0.443,0.141,0.075,105,0.018,0.37,13,0.057,87,1.9,0.38,0.051111111,0.020588235,0.1,0.007777778,0.0,0.01,0.0276875,0.108461538,0.0625,0.0875,2e-05,0.030952381,0.124285714,0.034545455,0.034545455
19209,Sweets,"PUDDINGS,TAPIOCA,DRY MIX,PREP W/ 2% MILK","Puddings, tapioca, dry mix, prepared with 2% milk",,,,105,2.88,1.67,19.56,0.0,0.0,47.0,0.033,0.25,0.7,0.0,4,0.075,0.143,0.03,105,0.012,0.06,12,0.007,82,2.0,0.35,0.052222222,0.019411765,0.104166667,0.007777778,0.0,0.01,0.0046875,0.11,0.025,0.0875,1.33333e-05,0.028571429,0.117142857,0.036363636,0.031818182
19212,Sweets,"PUDDINGS,VANILLA,DRY MIX,REG,PREP W/ 2% MILK","Puddings, vanilla, dry mix, regular, prepared with 2% milk",,,,101,2.94,1.73,18.53,0.0,0.0,48.0,0.034,0.25,0.7,0.0,4,0.075,0.146,0.031,108,0.013,0.06,12,0.004,83,2.1,0.34,0.053333333,0.02,0.104166667,0.007777778,0.0,0.01,0.0046875,0.112307692,0.025833333,0.09,1.44444e-05,0.028571429,0.118571429,0.038181818,0.030909091
19213,Sweets,"RENNIN,CHOC,DRY MIX,PREP W/ 2% MILK","Rennin, chocolate, dry mix, prepared with 2% milk",,,,85,3.24,2.06,13.47,0.0,0.5,50.0,0.042,0.33,0.9,0.0,5,0.108,0.155,0.037,126,0.081,0.3,20,0.066,98,2.3,0.51,0.055555556,0.024705882,0.1375,0.01,0.0,0.0125,0.00675,0.119230769,0.030833333,0.105,9e-05,0.047619048,0.14,0.041818182,0.046363636
19214,Sweets,"RENNIN,VANILLA,DRY MIX,PREP W/ 2% MILK","Rennin, vanilla, dry mix, prepared with 2% milk",,,,77,3.06,1.77,12.34,0.0,0.0,51.0,0.04,0.33,0.9,0.0,5,0.079,0.153,0.036,121,0.012,0.05,13,0.003,95,2.1,0.36,0.056666667,0.023529412,0.1375,0.01,0.0,0.0125,0.0049375,0.117692308,0.03,0.100833333,1.33333e-05,0.030952381,0.135714286,0.038181818,0.032727273
19216,Sweets,"CANDIES,PRALINE,PREPARED-FROM-RECIPE","Candies, praline, prepared-from-recipe",,,,485,3.3,25.9,59.59,55.79,3.5,1.0,0.077,0.0,0.3,0.5,6,0.415,0.053,0.203,43,0.494,1.29,49,1.682,104,1.8,1.67,0.001111111,0.045294118,0.0,0.003333333,0.033333333,0.015,0.0259375,0.040769231,0.169166667,0.035833333,0.000548889,0.116666667,0.148571429,0.032727273,0.151818182
19217,Sweets,"FROZEN NOVELTIES,ICE TYPE,FRUIT,NO SUGAR ADDED","Frozen novelties, ice type, fruit, no sugar added",,,,24,0.5,0.1,6.2,0.0,0.0,0.0,0.0,0.0,0.0,0.0,0,0.15,0.0,0.0,2,0.017,0.13,2,0.021,0,0.2,0.04,0.0,0.0,0.0,0.0,0.0,0.0,0.009375,0.0,0.0,0.001666667,1.88889e-05,0.004761905,0.0,0.003636364,0.003636364
19218,Sweets,"PUDDINGS,TAPIOCA,RTE","Puddings, tapioca, ready-to-eat",,,,130,1.95,3.88,21.69,14.91,0.0,0.0,0.024,0.21,0.3,0.15,3,0.065,0.097,0.024,71,0.018,0.11,6,0.011,60,0.0,0.22,0.0,0.014117647,0.0875,0.003333333,0.01,0.0075,0.0040625,0.074615385,0.02,0.059166667,2e-05,0.014285714,0.085714286,0.0,0.02
19219,Sweets,"PUDDINGS,COCNT CRM,DRY MIX,REG,PREP W/ 2% MILK","Puddings, coconut cream, dry mix, regular, prepared with 2% milk",,,,104,3.1,2.5,17.8,0.0,0.2,49.0,0.145,0.26,0.7,0.0,4,0.091,0.146,0.032,113,0.025,0.2,16,0.037,89,2.3,0.37,0.054444444,0.085294118,0.108333333,0.007777778,0.0,0.01,0.0056875,0.112307692,0.026666667,0.094166667,2.77778e-05,0.038095238,0.127142857,0.041818182,0.033636364
19220,Sweets,"DESSERTS,RENNIN,CHOC,DRY MIX","Desserts, rennin, chocolate, dry mix",,,,363,2.4,3.3,91.5,0.0,5.1,0.0,0.032,0.0,0.0,0.0,6,0.306,0.063,0.014,166,0.735,2.55,81,0.643,129,2.9,1.58,0.0,0.018823529,0.0,0.0,0.0,0.015,0.019125,0.048461538,0.011666667,0.138333333,0.000816667,0.192857143,0.184285714,0.052727273,0.143636364
19221,Sweets,"RENNIN,CHOC,DRY MIX,PREP W/ WHL MILK","Rennin, chocolate, dry mix, prepared with whole milk",,,,96,3.2,3.34,13.34,0.0,0.5,27.0,0.041,0.32,0.8,0.0,5,0.106,0.152,0.036,124,0.083,0.3,20,0.068,97,2.1,0.5,0.03,0.024117647,0.133333333,0.008888889,0.0,0.0125,0.006625,0.116923077,0.03,0.103333333,9.22222e-05,0.047619048,0.138571429,0.038181818,0.045454545
19222,Sweets,"DESSERTS,RENNIN,VANILLA,DRY MIX","Desserts, rennin, vanilla, dry mix",,,,383,0.0,0.0,99.0,0.0,0.0,0.0,0.001,0.0,0.0,0.0,0,0.001,0.021,0.0,117,0.058,0.07,1,0.009,91,0.7,0.04,0.0,0.000588235,0.0,0.0,0.0,0.0,6.25e-05,0.016153846,0.0,0.0975,6.44444e-05,0.002380952,0.13,0.012727273,0.003636364
19223,Sweets,"RENNIN,VANILLA,DRY MIX,PREP W/ WHL MILK","Rennin, vanilla, dry mix, prepared with whole milk",,,,89,3.03,3.07,12.21,0.0,0.0,27.0,0.039,0.33,0.9,0.0,5,0.077,0.151,0.035,119,0.014,0.05,12,0.004,93,1.9,0.35,0.03,0.022941176,0.1375,0.01,0.0,0.0125,0.0048125,0.116153846,0.029166667,0.099166667,1.55556e-05,0.028571429,0.132857143,0.034545455,0.031818182
19225,Sweets,"DESSERTS,RENNIN,TABLETS,UNSWTND","Desserts, rennin, tablets, unsweetened",,,,84,1.0,0.1,19.8,0.0,0.0,0.0,0.0,0.0,0.0,0.0,0,0.0,0.0,0.0,3733,0.2,7.07,18,0.895,340,0.0,6.36,0.0,0.0,0.0,0.0,0.0,0.0,0.0,0.0,0.0,3.110833333,0.000222222,0.042857143,0.485714286,0.0,0.578181818
19226,Sweets,"FROSTINGS,CHOC,CREAMY,RTE","Frostings, chocolate, creamy, ready-to-eat",,,,397,1.1,17.6,63.2,57.7,0.9,0.0,0.005,0.0,0.0,1.56,1,0.119,0.017,0.013,8,0.2,1.42,21,0.24,79,0.8,0.29,0.0,0.002941176,0.0,0.0,0.104,0.0025,0.0074375,0.013076923,0.010833333,0.006666667,0.000222222,0.05,0.112857143,0.014545455,0.026363636
19227,Sweets,"FROSTINGS,COCONUT-NUT,RTE","Frostings, coconut-nut, ready-to-eat",,,,433,1.5,24.0,52.7,40.0,2.5,0.0,0.047,0.0,0.2,1.09,2,0.212,0.019,0.035,13,0.125,0.54,19,0.673,63,2.5,0.41,0.0,0.027647059,0.0,0.002222222,0.072666667,0.005,0.01325,0.014615385,0.029166667,0.010833333,0.000138889,0.045238095,0.09,0.045454545,0.037272727
19228,Sweets,"FROSTINGS,CRM CHEESE-FLAVOR,RTE","Frostings, cream cheese-flavor, ready-to-eat",,,,415,0.1,17.3,67.32,63.54,0.0,0.0,0.0,0.0,0.0,0.0,0,0.011,0.006,0.0,3,0.02,0.16,2,0.013,3,0.5,0.02,0.0,0.0,0.0,0.0,0.0,0.0,0.0006875,0.004615385,0.0,0.0025,2.22222e-05,0.004761905,0.004285714,0.009090909,0.001818182
19230,Sweets,"FROSTINGS,VANILLA,CREAMY,RTE","Frostings, vanilla, creamy, ready-to-eat",,,,418,0.0,16.23,67.89,63.1,0.0,0.0,0.0,0.0,0.0,1.53,8,0.22,0.302,0.01,3,0.0,0.16,1,0.0,18,0.1,0.07,0.0,0.0,0.0,0.0,0.102,0.02,0.01375,0.232307692,0.008333333,0.0025,0.0,0.002380952,0.025714286,0.001818182,0.006363636
19231,Sweets,"FLAN,CARAMEL CUSTARD,DRY MIX,PREP W/ 2% MILK","Flan, caramel custard, dry mix, prepared with 2% milk",,,,103,2.99,1.72,18.82,0.0,0.0,52.0,0.035,0.26,0.7,0.0,4,0.077,0.148,0.032,113,0.01,0.06,12,0.003,86,5.3,0.36,0.057777778,0.020588235,0.108333333,0.007777778,0.0,0.01,0.0048125,0.113846154,0.026666667,0.094166667,1.11111e-05,0.028571429,0.122857143,0.096363636,0.032727273
19232,Sweets,"FLAN,CARAMEL CUSTARD,DRY MIX,PREP W/ WHL MILK","Flan, caramel custard, dry mix, prepared with whole milk",,,,113,2.95,3.0,18.68,0.0,0.0,29.0,0.034,0.26,0.7,0.0,4,0.075,0.145,0.031,111,0.011,0.06,12,0.005,84,5.2,0.35,0.032222222,0.02,0.108333333,0.007777778,0.0,0.01,0.0046875,0.111538462,0.025833333,0.0925,1.22222e-05,0.028571429,0.12,0.094545455,0.031818182
19233,Sweets,"PUDDINGS,VANILLA,RTE,FAT FREE","Puddings, vanilla, ready-to-eat, fat free",,,,89,2.02,0.0,20.16,15.12,0.0,1.0,0.019,0.21,1.2,0.0,3,0.052,0.088,0.022,40,0.013,0.36,7,0.004,54,1.7,0.23,0.001111111,0.011176471,0.0875,0.013333333,0.0,0.0075,0.00325,0.067692308,0.018333333,0.033333333,1.44444e-05,0.016666667,0.077142857,0.030909091,0.020909091
19234,Sweets,"PUDDINGS,TAPIOCA,RTE,FAT FREE","Puddings, tapioca, ready-to-eat, fat free",,,,94,1.44,0.35,21.31,14.18,0.0,0.0,0.02,0.31,0.3,0.01,2,0.101,0.075,0.013,52,0.018,0.11,5,0.011,66,0.0,0.17,0.0,0.011764706,0.129166667,0.003333333,0.000666667,0.005,0.0063125,0.057692308,0.010833333,0.043333333,2e-05,0.011904762,0.094285714,0.0,0.015454545
19235,Sweets,"PUDDINGS,CHOC,RTE,FAT FREE","Puddings, chocolate, ready-to-eat, fat free",,,,93,1.93,0.3,20.87,15.75,0.3,0.0,0.016,0.15,0.0,0.0,3,0.087,0.074,0.018,39,0.083,1.69,15,0.078,54,1.6,0.3,0.0,0.009411765,0.0625,0.0,0.0,0.0075,0.0054375,0.056923077,0.015,0.0325,9.22222e-05,0.035714286,0.077142857,0.029090909,0.027272727
19236,Sweets,"CANDIES,HERSHEYS MILK CHOC W/ ALMOND BITES","Candies, HERSHEYS MILK CHOCOLATE WITH ALMOND BITES",,Hershey Food Corp.,,568,9.76,35.73,51.72,44.59,3.6,0.0,0.07,0.0,1.8,0.0,0,0.62,0.38,0.07,0,0.2,1.5,59,0.01,227,3.4,1.34,0.0,0.041176471,0.0,0.02,0.0,0.0,0.03875,0.292307692,0.058333333,0.0,0.000222222,0.14047619,0.324285714,0.061818182,0.121818182
19238,Sweets,"CANDIES,REESES BITES","Candies, REESES BITES",,Hershey Food Corp.,,521,11.34,29.85,55.18,48.03,3.1,0.0,0.1,0.0,0.8,0.0,0,4.33,0.21,0.15,112,0.3,0.85,63,0.65,194,1.6,1.06,0.0,0.058823529,0.0,0.008888889,0.0,0.0,0.270625,0.161538462,0.125,0.093333333,0.000333333,0.15,0.277142857,0.029090909,0.096363636
19239,Sweets,"CANDIES,REESES NUTRAGEOUS CANDY BAR","Candies, REESES NUTRAGEOUS Candy Bar",,Hershey Food Corp.,,517,11.28,32.09,52.8,40.22,3.9,0.0,0.1,0.0,0.5,0.0,0,5.25,0.1,0.18,68,0.27,1.23,68,0.0,175,0.2,1.29,0.0,0.058823529,0.0,0.005555556,0.0,0.0,0.328125,0.076923077,0.15,0.056666667,0.0003,0.161904762,0.25,0.003636364,0.117272727
19240,Sweets,"FROSTINGS,CHOC,CREAMY,DRY MIX","Frostings, chocolate, creamy, dry mix",,,,389,1.3,5.2,92.0,0.0,2.4,0.0,0.08,0.0,0.0,0.0,3,0.142,0.029,0.006,11,0.294,1.19,38,0.333,62,1.6,0.81,0.0,0.047058824,0.0,0.0,0.0,0.0075,0.008875,0.022307692,0.005,0.009166667,0.000326667,0.09047619,0.088571429,0.029090909,0.073636364
19241,Sweets,"FROSTINGS,CHOC,CREAMY,DRY MIX,PREP W/ BUTTER","Frostings, chocolate, creamy, dry mix, prepared with butter",,,,408,1.11,13.06,71.8,0.01,1.9,76.0,0.063,0.02,0.0,0.26,3,0.115,0.026,0.005,12,0.23,0.93,30,0.259,51,1.4,0.64,0.084444444,0.037058824,0.008333333,0.0,0.017333333,0.0075,0.0071875,0.02,0.004166667,0.01,0.000255556,0.071428571,0.072857143,0.025454545,0.058181818
19243,Sweets,"CANDIES,HEATH BITES","Candies, HEATH BITES",,Hershey Food Corp.,,530,3.94,30.38,63.39,60.02,2.0,0.0,0.0,0.0,0.8,0.0,0,0.09,0.11,0.02,86,0.03,0.78,6,0.0,71,0.0,0.11,0.0,0.0,0.0,0.008888889,0.0,0.0,0.005625,0.084615385,0.016666667,0.071666667,3.33333e-05,0.014285714,0.101428571,0.0,0.01
19244,Sweets,"FROSTINGS,VANILLA,CREAMY,DRY MIX","Frostings, vanilla, creamy, dry mix",,,,410,0.3,4.9,93.8,0.0,0.1,0.0,0.001,0.0,0.0,0.0,0,0.001,0.002,0.0,3,0.035,0.0,2,0.012,4,0.8,0.01,0.0,0.000588235,0.0,0.0,0.0,0.0,6.25e-05,0.001538462,0.0,0.0025,3.88889e-05,0.004761905,0.005714286,0.014545455,0.000909091
19246,Sweets,"FROSTINGS,WHITE,FLUFFY,DRY MIX","Frostings, white, fluffy, dry mix",,,,371,2.3,0.0,94.9,0.0,0.0,0.0,0.001,0.01,0.0,0.0,3,1.0,0.058,0.001,4,0.037,0.09,3,0.007,7,4.1,0.01,0.0,0.000588235,0.004166667,0.0,0.0,0.0075,0.0625,0.044615385,0.000833333,0.003333333,4.11111e-05,0.007142857,0.01,0.074545455,0.000909091
19247,Sweets,"FROSTINGS,WHITE,FLUFFY,DRY MIX,PREP W/H2O","Frostings, white, fluffy, dry mix, prepared with water",,,,244,1.5,0.0,62.6,0.0,0.0,0.0,0.001,0.01,0.0,0.0,2,0.66,0.026,0.001,4,0.027,0.06,2,0.005,5,2.6,0.02,0.0,0.000588235,0.004166667,0.0,0.0,0.005,0.04125,0.02,0.000833333,0.003333333,3e-05,0.004761905,0.007142857,0.047272727,0.001818182
19248,Sweets,"CANDIES,HERSHEYS,ALMOND JOY BITES","Candies, HERSHEYS, ALMOND JOY BITES",,Hershey Food Corp.,,563,5.58,34.5,57.54,51.71,4.3,0.0,0.06,0.0,1.0,0.0,0,0.33,0.16,0.04,109,0.18,1.33,38,0.0,129,0.0,0.79,0.0,0.035294118,0.0,0.011111111,0.0,0.0,0.020625,0.123076923,0.033333333,0.090833333,0.0002,0.09047619,0.184285714,0.0,0.071818182
19249,Sweets,"CANDIES,HERSHEY,REESESTICKS CRISPY WAFERS,PNUT BUT,MILK CHOC","Candies, HERSHEY, REESESTICKS crispy wafers, peanut butter, milk chocolate",,Hershey Food Corp.,,521,9.53,31.34,55.38,40.33,3.3,14.0,0.08,0.15,0.6,2.77,40,3.64,0.1,0.13,70,0.2,1.3,49,0.0,144,0.7,0.99,0.015555556,0.047058824,0.0625,0.006666667,0.184666667,0.1,0.2275,0.076923077,0.108333333,0.058333333,0.000222222,0.116666667,0.205714286,0.012727273,0.09
19250,Sweets,"CANDIES,HERSHEY,KIT KAT BIG KAT BAR","Candies, HERSHEY, KIT KAT BIG KAT Bar",,Hershey Food Corp.,,520,6.24,27.84,63.64,53.96,1.9,0.0,0.0,0.0,1.3,0.0,0,0.18,0.17,0.05,138,0.01,0.84,2,0.0,112,0.0,0.07,0.0,0.0,0.0,0.014444444,0.0,0.0,0.01125,0.130769231,0.041666667,0.115,1.11111e-05,0.004761905,0.16,0.0,0.006363636
19252,Sweets,"CANDIES,REESES,FAST BREAK,MILK CHOC PNT BTR & SFT NUGTS","Candies, REESES, FAST BREAK, milk chocolate peanut butter and soft nougats",,Hershey Food Corp.,,474,8.66,23.42,61.6,53.08,2.9,0.0,0.07,0.0,0.4,0.0,0,3.57,0.1,0.13,61,0.18,0.96,48,0.0,130,0.0,0.94,0.0,0.041176471,0.0,0.004444444,0.0,0.0,0.223125,0.076923077,0.108333333,0.050833333,0.0002,0.114285714,0.185714286,0.0,0.085454545
19254,Sweets,"CANDIES,MARS SNACKFOOD US,DOVE MILK CHOC","Candies, MARS SNACKFOOD US, DOVE Milk Chocolate",,Masterfoods USA,,546,5.94,31.72,59.78,55.45,2.4,0.0,0.0,0.0,0.8,0.0,0,0.0,0.0,0.0,160,0.0,1.11,0,0.0,0,0.0,0.0,0.0,0.0,0.0,0.008888889,0.0,0.0,0.0,0.0,0.0,0.133333333,0.0,0.0,0.0,0.0,0.0
19255,Sweets,"CANDIES,MARS SNACKFOOD US,DOVE DK CHOC","Candies, MARS SNACKFOOD US, DOVE Dark Chocolate",,Masterfoods USA,,520,5.19,32.45,59.4,46.27,7.6,0.0,0.0,0.0,0.0,0.0,0,0.0,0.0,0.0,37,0.0,3.18,0,0.0,0,0.0,0.0,0.0,0.0,0.0,0.0,0.0,0.0,0.0,0.0,0.0,0.030833333,0.0,0.0,0.0,0.0,0.0
19256,Sweets,"CANDIES,MARS SNACKFOOD US,MILKYWAYCARAML,MILKCHOCOV","Candies, MARS SNACKFOOD US, MILKY WAY Caramels, milk chocolate covered",,Masterfoods USA,,463,4.28,19.17,68.49,58.65,0.7,0.0,0.0,0.0,0.7,0.0,0,0.0,0.0,0.0,141,0.0,0.34,0,0.0,0,0.0,0.0,0.0,0.0,0.0,0.007777778,0.0,0.0,0.0,0.0,0.0,0.1175,0.0,0.0,0.0,0.0,0.0
19258,Sweets,"CANDIES,MARS SNACKFOOD US,MILKY WAY CARML. DKCHOCCOV","Candies, MARS SNACKFOOD US, MILKY WAY Caramels. dark chocolate covered",,Masterfoods USA,,458,3.82,20.42,67.56,54.08,2.8,0.0,0.0,0.0,0.4,0.0,0,0.0,0.0,0.0,83,0.0,1.2,0,0.0,0,0.0,0.0,0.0,0.0,0.0,0.004444444,0.0,0.0,0.0,0.0,0.0,0.069166667,0.0,0.0,0.0,0.0,0.0
19260,Sweets,"ICE CREAMS,VANILLA,LT,NO SUGAR ADDED","Ice creams, vanilla, light, no sugar added",,,,169,3.97,7.45,21.42,6.46,0.0,86.0,0.029,0.52,0.9,0.29,4,0.074,0.122,0.029,136,0.03,0.19,9,0.006,75,1.9,0.31,0.095555556,0.017058824,0.216666667,0.01,0.019333333,0.01,0.004625,0.093846154,0.024166667,0.113333333,3.33333e-05,0.021428571,0.107142857,0.034545455,0.028181818
19263,Sweets,"FROZEN NOVELTIES,FRUIT & JUC BARS","Frozen novelties, fruit and juice bars",,,,87,1.2,0.1,20.2,17.48,1.0,1.0,0.025,0.0,9.5,0.0,7,0.159,0.018,0.011,5,0.0,0.19,4,0.165,6,0.2,0.05,0.001111111,0.014705882,0.0,0.105555556,0.0,0.0175,0.0099375,0.013846154,0.009166667,0.004166667,0.0,0.00952381,0.008571429,0.003636364,0.004545455
19265,Sweets,"ICE CREAMS,CHOC,LT,NO SUGAR ADDED","Ice creams, chocolate, light, no sugar added",,,,173,3.54,5.74,26.79,5.65,0.9,75.0,0.042,0.38,0.7,0.3,5,0.111,0.18,0.044,121,0.018,0.48,15,0.009,106,2.9,0.4,0.083333333,0.024705882,0.158333333,0.007777778,0.02,0.0125,0.0069375,0.138461538,0.036666667,0.100833333,2e-05,0.035714286,0.151428571,0.052727273,0.036363636
19268,Sweets,"CANDIES,DK CHOC COATD COFFEE BNS","Candies, dark chocolate coated coffee beans",,,,540,7.5,30.0,59.95,42.5,7.5,0.0,0.038,0.0,0.0,0.23,3,0.578,0.266,0.018,100,0.563,2.7,107,0.558,135,2.8,1.32,0.0,0.022352941,0.0,0.0,0.015333333,0.0075,0.036125,0.204615385,0.015,0.083333333,0.000625556,0.254761905,0.192857143,0.050909091,0.12
19269,Snacks,"SNACKS,GENERAL MILLS,BETTY CROCKER FRT RL UPS,BRY FLV,W/VT C","Snacks, GENERAL MILLS, BETTY CROCKER Fruit Roll Ups, berry flavored, with vitamin C",,,,373,0.1,3.5,85.2,38.7,0.0,0.0,0.0,0.0,120.0,0.0,0,0.0,0.0,0.0,0,0.0,0.0,0,0.0,0,3.2,0.0,0.0,0.0,0.0,1.333333333,0.0,0.0,0.0,0.0,0.0,0.0,0.0,0.0,0.0,0.058181818,0.0
19270,Sweets,"ICE CREAMS,CHOC","Ice creams, chocolate",,,,216,3.8,11.0,28.2,25.36,1.2,118.0,0.055,0.29,0.7,0.3,16,0.226,0.194,0.042,109,0.135,0.93,29,0.14,107,2.5,0.58,0.131111111,0.032352941,0.120833333,0.007777778,0.02,0.04,0.014125,0.149230769,0.035,0.090833333,0.00015,0.069047619,0.152857143,0.045454545,0.052727273
19271,Sweets,"ICE CREAMS,STRAWBERRY","Ice creams, strawberry",,,,192,3.2,8.4,27.6,0.0,0.9,96.0,0.05,0.3,7.7,0.0,12,0.17,0.255,0.045,120,0.037,0.21,14,0.078,100,1.9,0.34,0.106666667,0.029411765,0.125,0.085555556,0.0,0.03,0.010625,0.196153846,0.0375,0.1,4.11111e-05,0.033333333,0.142857143,0.034545455,0.030909091
19272,Snacks,"SNACKS,FARLEY CANDY,FARLEY FRUIT SNACKS,W/VITAMINS A,C,&E","Snacks, FARLEY CANDY, FARLEY Fruit Snacks, with vitamins A, C, and E",,,,341,4.4,0.0,80.9,0.0,0.0,0.0,0.0,0.0,90.3,0.0,0,0.0,0.0,0.0,0,0.0,0.0,0,0.0,0,0.0,0.0,0.0,0.0,0.0,1.003333333,0.0,0.0,0.0,0.0,0.0,0.0,0.0,0.0,0.0,0.0,0.0
19273,Snacks,"SNACKS,SUNKIST,SUNKIST FRUIT ROLL,STRAWBERRY,W/VITMNS A,C,&E","Snacks, SUNKIST, SUNKIST Fruit Roll, strawberry, with vitamins A, C, and E",,,,342,0.6,1.0,82.7,0.0,7.7,0.0,0.0,0.0,81.6,0.0,0,0.0,0.0,0.0,0,0.0,0.0,0,0.0,0,0.0,0.0,0.0,0.0,0.0,0.906666667,0.0,0.0,0.0,0.0,0.0,0.0,0.0,0.0,0.0,0.0,0.0
19274,Snacks,"SNACKS,FRUIT LEATHER,PIECES,W/VIT C","Snacks, fruit leather, pieces, with vitamin C",,,,373,0.1,3.5,85.2,0.0,3.5,0.0,0.3,0.0,120.0,0.0,0,0.1,0.1,0.043,18,0.171,0.75,14,0.0,24,3.2,0.19,0.0,0.176470588,0.0,1.333333333,0.0,0.0,0.00625,0.076923077,0.035833333,0.015,0.00019,0.033333333,0.034285714,0.058181818,0.017272727
19279,Sweets,"CANDIES,MILK CHOC COATD COFFEE BNS","Candies, milk chocolate coated coffee beans",,,,549,7.41,33.18,55.25,50.75,5.7,51.0,0.031,0.65,0.0,0.44,10,0.332,0.315,0.098,169,0.492,2.29,64,0.535,188,4.3,2.02,0.056666667,0.018235294,0.270833333,0.0,0.029333333,0.025,0.02075,0.242307692,0.081666667,0.140833333,0.000546667,0.152380952,0.268571429,0.078181818,0.183636364
19280,Sweets,"FROZEN NOVELTIES,ICE TYPE,LIME","Frozen novelties, ice type, lime",,,,128,0.4,0.0,32.6,32.6,0.0,0.0,0.001,0.0,1.0,0.0,0,0.007,0.0,0.001,2,0.013,0.16,1,0.02,1,0.1,0.02,0.0,0.000588235,0.0,0.011111111,0.0,0.0,0.0004375,0.0,0.000833333,0.001666667,1.44444e-05,0.002380952,0.001428571,0.001818182,0.001818182
19281,Sweets,"FROZEN NOVELTIES,ICE TYPE,ITALIAN,REST-PREP","Frozen novelties, ice type, italian, restaurant-prepared",,,,53,0.03,0.02,13.5,0.0,0.0,0.0,0.002,0.0,0.5,0.0,5,0.715,0.01,0.005,1,0.01,0.09,0,0.02,0,0.1,0.03,0.0,0.001176471,0.0,0.005555556,0.0,0.0125,0.0446875,0.007692308,0.004166667,0.000833333,1.11111e-05,0.0,0.0,0.001818182,0.002727273
19283,Sweets,"FROZEN NOVELTIES,ICE TYPE,POP","Frozen novelties, ice type, pop",,,,79,0.0,0.24,19.23,13.66,0.0,0.0,0.0,0.0,0.7,0.0,0,0.0,0.0,0.0,0,0.0,0.54,1,0.0,0,0.2,0.15,0.0,0.0,0.0,0.007777778,0.0,0.0,0.0,0.0,0.0,0.0,0.0,0.002380952,0.0,0.003636364,0.013636364
19292,Sweets,"CANDIES,MARS SNACKFOOD US,M&MS CRISPY CHOC CANDIES","Candies, MARS SNACKFOOD US, M&Ms Crispy Chocolate Candies",,Masterfoods USA,,475,4.28,19.32,72.4,58.94,2.0,0.0,0.0,0.0,0.5,0.0,0,0.0,0.0,0.0,90,0.0,0.86,0,0.0,0,0.0,0.0,0.0,0.0,0.0,0.005555556,0.0,0.0,0.0,0.0,0.0,0.075,0.0,0.0,0.0,0.0,0.0
19293,Sweets,"FROZEN YOGURTS,VANILLA,SOFT-SERVE","Frozen yogurts, vanilla, soft-serve",,,,159,4.0,5.6,24.2,24.0,0.0,59.0,0.08,0.29,0.8,0.11,6,0.287,0.224,0.037,143,0.04,0.3,14,0.012,129,3.3,0.42,0.065555556,0.047058824,0.120833333,0.008888889,0.007333333,0.015,0.0179375,0.172307692,0.030833333,0.119166667,4.44444e-05,0.033333333,0.184285714,0.06,0.038181818
19294,Sweets,"FRUIT BUTTERS,APPLE","Fruit butters, apple",,,,173,0.39,0.3,42.47,35.3,1.5,1.0,0.037,0.0,0.6,0.05,1,0.076,0.019,0.009,14,0.08,0.31,4,0.315,8,0.4,0.06,0.001111111,0.021764706,0.0,0.006666667,0.003333333,0.0025,0.00475,0.014615385,0.0075,0.011666667,8.88889e-05,0.00952381,0.011428571,0.007272727,0.005454545
19295,Sweets,"CANDIES,MARS SNACKFOOD US,SNICKERS MUNCH BAR","Candies, MARS SNACKFOOD US, SNICKERS MUNCH bar",,Masterfoods USA,,536,15.25,36.22,43.64,30.87,4.7,0.0,0.0,0.0,0.0,0.0,0,0.0,0.0,0.0,54,0.0,1.02,0,0.0,0,0.0,0.0,0.0,0.0,0.0,0.0,0.0,0.0,0.0,0.0,0.0,0.045,0.0,0.0,0.0,0.0,0.0
19296,Sweets,HONEY,Honey,,,,304,0.3,0.0,82.4,82.12,0.2,0.0,0.024,0.0,0.5,0.0,2,0.121,0.038,0.0,6,0.036,0.42,2,0.08,4,0.8,0.22,0.0,0.014117647,0.0,0.005555556,0.0,0.005,0.0075625,0.029230769,0.0,0.005,4e-05,0.004761905,0.005714286,0.014545455,0.02
19297,Sweets,JAMS AND PRESERVES,Jams and preserves,,,,278,0.37,0.07,68.86,48.5,1.1,0.0,0.02,0.0,8.8,0.12,11,0.036,0.076,0.016,20,0.1,0.49,4,0.04,19,2.0,0.06,0.0,0.011764706,0.0,0.097777778,0.008,0.0275,0.00225,0.058461538,0.013333333,0.016666667,0.000111111,0.00952381,0.027142857,0.036363636,0.005454545
19300,Sweets,JELLIES,Jellies,,,,266,0.15,0.02,69.95,51.22,1.0,0.0,0.02,0.0,0.9,0.0,2,0.036,0.026,0.001,7,0.011,0.19,6,0.132,6,0.4,0.03,0.0,0.011764706,0.0,0.01,0.0,0.005,0.00225,0.02,0.000833333,0.005833333,1.22222e-05,0.014285714,0.008571429,0.007272727,0.002727273
19301,Sweets,"CANDIES,FUDGE,CHOC MARSHMLLW,W/ NUTS,PREPARED-BY-RECIPE","Candies, fudge, chocolate marshmallow, with nuts, prepared-by-recipe",,,,474,3.24,21.11,67.69,0.0,2.1,68.0,0.054,0.03,0.3,0.59,11,0.232,0.082,0.042,49,0.319,1.11,46,0.47,88,2.3,0.76,0.075555556,0.031764706,0.0125,0.003333333,0.039333333,0.0275,0.0145,0.063076923,0.035,0.040833333,0.000354444,0.10952381,0.125714286,0.041818182,0.069090909
19302,Sweets,"CANDIES,MARS SNACKFOOD US,SNICKERS ALMOND BAR","Candies, MARS SNACKFOOD US, SNICKERS Almond bar",,Masterfoods USA,,472,5.4,22.4,64.67,53.93,2.6,0.0,0.0,0.0,0.7,0.0,0,0.0,0.0,0.0,132,0.0,0.85,0,0.0,0,0.0,0.0,0.0,0.0,0.0,0.007777778,0.0,0.0,0.0,0.0,0.0,0.11,0.0,0.0,0.0,0.0,0.0
19303,Sweets,"MARMALADE,ORANGE","Marmalade, orange",,,,246,0.3,0.0,66.3,60.0,0.7,3.0,0.019,0.0,4.8,0.06,9,0.052,0.025,0.005,38,0.09,0.15,2,0.02,4,0.6,0.04,0.003333333,0.011176471,0.0,0.053333333,0.004,0.0225,0.00325,0.019230769,0.004166667,0.031666667,0.0001,0.004761905,0.005714286,0.010909091,0.003636364
19304,Sweets,MOLASSES,Molasses,,,,290,0.0,0.1,74.73,74.72,0.0,0.0,0.67,0.0,0.0,0.0,0,0.93,0.002,0.041,205,0.487,4.72,242,1.53,31,17.8,0.29,0.0,0.394117647,0.0,0.0,0.0,0.0,0.058125,0.001538462,0.034166667,0.170833333,0.000541111,0.576190476,0.044285714,0.323636364,0.026363636
19306,Sweets,"CANDIES,MARS SNACKFOOD US,POP SNICKERS BITE SIZE CANDIES","Candies, MARS SNACKFOOD US, POPABLES SNICKERS Brand Bite Size Candies",,Masterfoods USA,,480,7.15,24.32,61.07,51.69,2.3,0.0,0.0,0.0,0.5,0.0,0,0.0,0.0,0.0,96,0.0,0.72,0,0.0,0,0.0,0.0,0.0,0.0,0.0,0.005555556,0.0,0.0,0.0,0.0,0.0,0.08,0.0,0.0,0.0,0.0,0.0
19307,Sweets,"CANDIES,MARS SNACKFOOD US,POP MILKY WAY BITE SIZE","Candies, MARS SNACKFOOD US, POPABLES MILKY WAY Brand Bite Size Candies",,Masterfoods USA,,463,3.3,18.0,71.85,61.08,1.0,0.0,0.0,0.0,0.6,0.0,0,0.0,0.0,0.0,91,0.0,0.5,0,0.0,0,0.0,0.0,0.0,0.0,0.0,0.006666667,0.0,0.0,0.0,0.0,0.0,0.075833333,0.0,0.0,0.0,0.0,0.0
19308,Sweets,"CANDIES,MARS SNACK US,POPABLES 3 MUSKETEERS BITE SIZE","Candies, MARS SNACKFOOD US, POPABLES 3 MUSKETEERS Brand Bite Size Candies",,Masterfoods USA,,443,2.59,15.17,75.94,67.0,1.3,0.0,0.0,0.0,0.4,0.0,0,0.0,0.0,0.0,60,0.0,0.58,0,0.0,0,0.0,0.0,0.0,0.0,0.0,0.004444444,0.0,0.0,0.0,0.0,0.0,0.05,0.0,0.0,0.0,0.0,0.0
19309,Sweets,"CANDIES,MARS SNACK US,STARBURST FRUIT CHEWS,FRT&CREM","Candies, MARS SNACKFOOD US, STARBURST Fruit Chews, Fruit and Creme",,Masterfoods USA,,408,0.41,8.36,82.43,57.98,0.0,0.0,0.0,0.0,58.3,0.0,0,0.0,0.0,0.0,0,0.0,0.01,0,0.0,0,0.0,0.0,0.0,0.0,0.0,0.647777778,0.0,0.0,0.0,0.0,0.0,0.0,0.0,0.0,0.0,0.0,0.0
19310,Sweets,"PECTIN,UNSWTND,DRY MIX","Pectin, unsweetened, dry mix",,,,325,0.3,0.3,90.4,0.0,8.6,0.0,0.01,0.0,0.0,0.0,1,0.005,0.06,0.008,7,0.42,2.71,1,0.07,2,0.0,0.47,0.0,0.005882353,0.0,0.0,0.0,0.0025,0.0003125,0.046153846,0.006666667,0.005833333,0.000466667,0.002380952,0.002857143,0.0,0.042727273
19312,Sweets,"PIE FILLINGS,APPL,CND","Pie fillings, apple, canned",,,,100,0.1,0.1,26.1,13.8,1.0,2.0,0.016,0.0,1.7,0.04,0,0.035,0.011,0.012,4,0.055,0.29,2,0.027,7,0.3,0.04,0.002222222,0.009411765,0.0,0.018888889,0.002666667,0.0,0.0021875,0.008461538,0.01,0.003333333,6.11111e-05,0.004761905,0.01,0.005454545,0.003636364
19313,Sweets,"CANDIES,MARS SNACKFOOD US,STARBURST FRUIT CHEWS,TROP","Candies, MARS SNACKFOOD US, STARBURST Fruit Chews, Tropical fruits",,Masterfoods USA,,409,0.41,8.31,82.76,58.18,0.0,0.0,0.0,0.0,59.4,0.0,0,0.0,0.0,0.0,0,0.0,0.01,0,0.0,0,0.0,0.0,0.0,0.0,0.0,0.66,0.0,0.0,0.0,0.0,0.0,0.0,0.0,0.0,0.0,0.0,0.0
19314,Sweets,"PIE FILLINGS,CND,CHERRY","Pie fillings, canned, cherry",,,,115,0.37,0.07,28.0,0.0,0.6,10.0,0.037,0.0,3.6,0.0,4,0.14,0.016,0.025,11,0.08,0.24,7,0.03,15,0.4,0.05,0.011111111,0.021764706,0.0,0.04,0.0,0.01,0.00875,0.012307692,0.020833333,0.009166667,8.88889e-05,0.016666667,0.021428571,0.007272727,0.004545455
19315,Sweets,"CANDIES,MARS SNACKFOOD US,STARBURST SOUR FRUIT CHEWS","Candies, MARS SNACKFOOD US, STARBURST Sour Fruit Chews",,Masterfoods USA,,400,0.39,7.78,79.73,56.1,0.0,0.0,0.0,0.0,56.6,0.0,0,0.0,0.0,0.0,0,0.0,0.01,0,0.0,0,0.0,0.0,0.0,0.0,0.0,0.628888889,0.0,0.0,0.0,0.0,0.0,0.0,0.0,0.0,0.0,0.0,0.0
19318,Sweets,"PUDDINGS,BANANA,DRY MIX,INST","Puddings, banana, dry mix, instant",,,,367,0.0,0.6,92.7,76.57,0.0,0.0,0.001,0.01,0.0,0.0,0,0.002,0.003,0.001,6,0.021,0.12,2,0.01,804,0.8,0.04,0.0,0.000588235,0.004166667,0.0,0.0,0.0,0.000125,0.002307692,0.000833333,0.005,2.33333e-05,0.004761905,1.148571429,0.014545455,0.003636364
19319,Sweets,"PUDDINGS,BANANA,DRY MIX,INST,PREP W/ WHL MILK","Puddings, banana, dry mix, instant, prepared with whole milk",,,,115,2.62,2.8,19.76,17.38,0.0,38.0,0.03,0.37,0.0,0.06,4,0.074,0.14,0.038,94,0.024,0.05,9,0.005,206,3.2,0.32,0.042222222,0.017647059,0.154166667,0.0,0.004,0.01,0.004625,0.107692308,0.031666667,0.078333333,2.66667e-05,0.021428571,0.294285714,0.058181818,0.029090909
19320,Sweets,"PUDDINGS,BANANA,DRY MIX,REG","Puddings, banana, dry mix, regular",,,,366,0.0,0.4,93.0,74.32,0.3,0.0,0.0,0.0,0.0,0.0,0,0.0,0.0,0.0,20,0.02,0.05,8,0.013,5,0.9,0.09,0.0,0.0,0.0,0.0,0.0,0.0,0.0,0.0,0.0,0.016666667,2.22222e-05,0.019047619,0.007142857,0.016363636,0.008181818
19321,Sweets,"PUDDINGS,BANANA,DRY MIX,REG,PREP W/ WHL MILK","Puddings, banana, dry mix, regular, prepared with whole milk",,,,111,2.74,2.89,18.44,15.98,0.0,40.0,0.028,0.31,0.0,0.06,4,0.077,0.147,0.036,101,0.025,0.04,10,0.006,74,3.3,0.34,0.044444444,0.016470588,0.129166667,0.0,0.004,0.01,0.0048125,0.113076923,0.03,0.084166667,2.77778e-05,0.023809524,0.105714286,0.06,0.030909091
19322,Sweets,"DESSERTS,PUDD,COCNT CRM,DRY MIX,INST","Puddings, coconut cream, dry mix, instant",,,,415,0.9,10.0,83.5,64.0,4.0,0.0,0.041,0.0,0.3,0.08,2,0.219,0.053,0.013,8,0.151,0.72,17,0.489,721,4.0,0.3,0.0,0.024117647,0.0,0.003333333,0.005333333,0.005,0.0136875,0.040769231,0.010833333,0.006666667,0.000167778,0.04047619,1.03,0.072727273,0.027272727
19323,Sweets,"PUDDINGS,COCNT CRM,DRY MIX,INST,PREP W/ WHL MILK","Puddings, coconut cream, dry mix, instant, prepared with whole milk",,,,117,2.9,3.5,19.1,0.0,0.1,24.0,0.037,0.3,0.8,0.0,4,0.084,0.136,0.033,100,0.026,0.15,14,0.019,200,2.0,0.33,0.026666667,0.021764706,0.125,0.008888889,0.0,0.01,0.00525,0.104615385,0.0275,0.083333333,2.88889e-05,0.033333333,0.285714286,0.036363636,0.03
19324,Sweets,"PUDDINGS,COCNT CRM,DRY MIX,REG","Puddings, coconut cream, dry mix, regular",,,,434,1.0,11.36,81.84,80.54,1.6,0.0,0.05,0.0,0.3,0.07,2,0.102,0.029,0.01,8,0.143,0.57,15,0.462,35,3.6,0.35,0.0,0.029411765,0.0,0.003333333,0.004666667,0.005,0.006375,0.022307692,0.008333333,0.006666667,0.000158889,0.035714286,0.05,0.065454545,0.031818182
19325,Sweets,"PUDDINGS,COCNT CRM,DRY MIX,REG,PREP W/ WHL MILK","Puddings, coconut cream, dry mix, regular, prepared with whole milk",,,,114,3.0,3.8,17.7,0.0,0.2,26.0,0.144,0.25,0.7,0.0,4,0.089,0.143,0.032,111,0.027,0.2,16,0.037,88,2.3,0.36,0.028888889,0.084705882,0.104166667,0.007777778,0.0,0.01,0.0055625,0.11,0.026666667,0.0925,3e-05,0.038095238,0.125714286,0.041818182,0.032727273
19326,Sweets,"CANDIES,MARS SNACKFOOD US,COCOAVIA CHOC BAR","Candies, MARS SNACKFOOD US, COCOAVIA Chocolate Bar",,Masterfoods USA,,539,5.81,29.3,62.99,39.19,8.7,0.0,1.364,4.09,42.6,12.27,0,0.0,0.0,0.0,1164,0.0,3.47,0,0.0,0,0.0,0.0,0.0,0.802352941,1.704166667,0.473333333,0.818,0.0,0.0,0.0,0.0,0.97,0.0,0.0,0.0,0.0,0.0
19327,Sweets,"CANDIES,MARS SNACK US,COCOAVIA BLUEBERRY & ALMOND CHOC BAR","Candies, MARS SNACKFOOD US, COCOAVIA Blueberry and Almond Chocolate Bar",,Masterfoods USA,,525,6.35,28.68,60.37,38.99,9.1,0.0,1.364,2.73,34.2,9.2,0,0.0,0.0,0.0,985,0.0,3.18,0,0.0,0,0.0,0.0,0.0,0.802352941,1.1375,0.38,0.613333333,0.0,0.0,0.0,0.0,0.820833333,0.0,0.0,0.0,0.0,0.0
19328,Sweets,"CANDIES,MARS SNACKFOOD US,COCOAVIA CRISPY CHOC BAR","Candies, MARS SNACKFOOD US, COCOAVIA Crispy Chocolate Bar",,Masterfoods USA,,517,8.21,26.23,62.06,34.96,7.8,0.0,1.5,3.0,37.9,10.13,0,0.0,0.0,0.0,1070,0.0,3.45,0,0.0,0,0.0,0.0,0.0,0.882352941,1.25,0.421111111,0.675333333,0.0,0.0,0.0,0.0,0.891666667,0.0,0.0,0.0,0.0,0.0
19330,Sweets,"PUDDINGS,LEMON,DRY MIX,INST","Puddings, lemon, dry mix, instant",,,,378,0.0,0.7,95.4,0.0,0.0,0.0,0.001,0.01,0.0,0.0,0,0.001,0.003,0.001,2,0.015,0.08,0,0.009,752,0.8,0.05,0.0,0.000588235,0.004166667,0.0,0.0,0.0,6.25e-05,0.002307692,0.000833333,0.001666667,1.66667e-05,0.0,1.074285714,0.014545455,0.004545455
19331,Sweets,"PUDDINGS,LEMON,DRY MIX,INST,PREP W/ WHL MILK","Puddings, lemon, dry mix, instant, prepared with whole milk",,,,115,2.7,2.9,20.1,0.0,0.0,24.0,0.035,0.3,0.8,0.0,4,0.07,0.135,0.032,99,0.011,0.06,11,0.003,205,1.8,0.32,0.026666667,0.020588235,0.125,0.008888889,0.0,0.01,0.004375,0.103846154,0.026666667,0.0825,1.22222e-05,0.026190476,0.292857143,0.032727273,0.029090909
19332,Sweets,"PUDDINGS,LEMON,DRY MIX,REG","Puddings, lemon, dry mix, regular",,,,363,0.1,0.5,91.8,0.0,0.1,0.0,0.005,0.0,0.0,0.0,0,0.019,0.024,0.005,5,0.024,0.17,4,0.025,3,1.1,0.02,0.0,0.002941176,0.0,0.0,0.0,0.0,0.0011875,0.018461538,0.004166667,0.004166667,2.66667e-05,0.00952381,0.004285714,0.02,0.001818182
19333,Sweets,"PUDDING,LEMON,DRY MIX,REG,PREP W/ SUGAR,EGG YOLK & H2O","Pudding, lemon, dry mix, regular, prepared with sugar, egg yolk and water",,,,109,0.65,1.12,24.2,13.51,0.0,15.0,0.012,0.06,0.0,0.1,4,0.003,0.023,0.006,8,0.013,0.13,1,0.005,16,2.4,0.1,0.016666667,0.007058824,0.025,0.0,0.006666667,0.01,0.0001875,0.017692308,0.005,0.006666667,1.44444e-05,0.002380952,0.022857143,0.043636364,0.009090909
19334,Sweets,"SUGARS,BROWN","Sugars, brown",,,,380,0.12,0.0,98.09,97.02,0.0,0.0,0.041,0.0,0.0,0.0,1,0.11,0.0,0.0,83,0.047,0.71,9,0.064,4,1.2,0.03,0.0,0.024117647,0.0,0.0,0.0,0.0025,0.006875,0.0,0.0,0.069166667,5.22222e-05,0.021428571,0.005714286,0.021818182,0.002727273
19335,Sweets,"SUGARS,GRANULATED","Sugars, granulated",sucrose,,,387,0.0,0.0,99.98,99.8,0.0,0.0,0.0,0.0,0.0,0.0,0,0.0,0.019,0.0,1,0.007,0.05,0,0.004,0,0.6,0.01,0.0,0.0,0.0,0.0,0.0,0.0,0.0,0.014615385,0.0,0.000833333,7.77778e-06,0.0,0.0,0.010909091,0.000909091
19336,Sweets,"SUGARS,POWDERED","Sugars, powdered",,,,389,0.0,0.0,99.77,97.81,0.0,0.0,0.0,0.0,0.0,0.0,0,0.0,0.019,0.0,1,0.007,0.06,0,0.004,0,0.6,0.01,0.0,0.0,0.0,0.0,0.0,0.0,0.0,0.014615385,0.0,0.000833333,7.77778e-06,0.0,0.0,0.010909091,0.000909091
19337,Sweets,"SWEETENERS,TABLETOP,ASPRT,EQ,PACKETS","Sweeteners, tabletop, aspartame, EQUAL, packets",,Merisant Company,,365,2.17,0.0,89.08,80.7,0.0,0.0,0.0,0.0,0.0,0.0,0,0.0,0.0,0.0,0,0.0,0.04,0,0.0,0,0.5,0.01,0.0,0.0,0.0,0.0,0.0,0.0,0.0,0.0,0.0,0.0,0.0,0.0,0.0,0.009090909,0.000909091
19340,Sweets,"SUGARS,MAPLE","Sugars, maple",,,,354,0.1,0.2,90.9,84.87,0.0,0.0,0.003,0.0,0.0,0.0,0,0.04,0.013,0.009,90,0.099,1.61,19,4.422,3,0.8,6.06,0.0,0.001764706,0.0,0.0,0.0,0.0,0.0025,0.01,0.0075,0.075,0.00011,0.045238095,0.004285714,0.014545455,0.550909091
19345,Sweets,"SYRUPS,CHOC,HERSHEYS GENUINE CHOC FLAV LITE SYRUP","Syrups, chocolate, HERSHEYS Genuine Chocolate Flavored Lite Syrup",,Hershey Food Corp.,,153,1.4,0.97,34.56,28.57,0.0,0.0,0.009,0.0,0.0,0.01,2,0.178,0.04,0.008,11,0.276,0.0,36,0.278,54,1.2,0.48,0.0,0.005294118,0.0,0.0,0.000666667,0.005,0.011125,0.030769231,0.006666667,0.009166667,0.000306667,0.085714286,0.077142857,0.021818182,0.043636364
19348,Sweets,"SYRUPS,CHOC,FUDGE-TYPE","Syrups, chocolate, fudge-type",,,,350,4.6,8.9,62.9,34.82,2.8,1.0,0.02,0.06,0.2,2.63,4,0.25,0.091,0.034,49,0.348,1.3,48,0.371,97,2.3,0.83,0.001111111,0.011764706,0.025,0.002222222,0.175333333,0.01,0.015625,0.07,0.028333333,0.040833333,0.000386667,0.114285714,0.138571429,0.041818182,0.075454545
19349,Sweets,"SYRUPS,CORN,DK","Syrups, corn, dark",,,,286,0.0,0.0,77.59,77.59,0.0,0.0,0.009,0.0,0.0,0.0,0,0.02,0.009,0.011,18,0.053,0.37,8,0.1,11,2.9,0.04,0.0,0.005294118,0.0,0.0,0.0,0.0,0.00125,0.006923077,0.009166667,0.015,5.88889e-05,0.019047619,0.015714286,0.052727273,0.003636364
19350,Sweets,"SYRUPS,CORN,LT","Syrups, corn, light",,,,283,0.0,0.2,76.79,76.77,0.0,0.0,0.0,0.0,0.0,0.0,0,0.0,0.0,0.059,13,0.0,0.0,1,0.0,0,0.7,0.44,0.0,0.0,0.0,0.0,0.0,0.0,0.0,0.0,0.049166667,0.010833333,0.0,0.002380952,0.0,0.012727273,0.04
19351,Sweets,"SYRUPS,CORN,HIGH-FRUCTOSE","Syrups, corn, high-fructose",,,,281,0.0,0.0,76.0,75.65,0.0,0.0,0.0,0.0,0.0,0.0,0,0.0,0.019,0.0,0,0.029,0.03,0,0.094,0,0.7,0.02,0.0,0.0,0.0,0.0,0.0,0.0,0.0,0.014615385,0.0,0.0,3.22222e-05,0.0,0.0,0.012727273,0.001818182
19352,Sweets,"SYRUPS,MALT","Syrups, malt",,,,318,6.2,0.0,71.3,71.3,0.0,0.0,0.5,0.0,0.0,0.0,12,8.12,0.393,0.011,61,0.2,0.96,72,0.1,236,12.3,0.14,0.0,0.294117647,0.0,0.0,0.0,0.03,0.5075,0.302307692,0.009166667,0.050833333,0.000222222,0.171428571,0.337142857,0.223636364,0.012727273
19353,Sweets,"SYRUPS,MAPLE","Syrups, maple",,,,260,0.04,0.06,67.04,60.46,0.0,0.0,0.002,0.0,0.0,0.0,0,0.081,1.27,0.066,102,0.018,0.11,21,2.908,2,0.6,1.47,0.0,0.001176471,0.0,0.0,0.0,0.0,0.0050625,0.976923077,0.055,0.085,2e-05,0.05,0.002857143,0.010909091,0.133636364
19355,Sweets,"SYRUPS,SORGHUM","Syrups, sorghum",,,,290,0.0,0.0,74.9,74.9,0.0,0.0,0.67,0.0,0.0,0.0,0,0.1,0.155,0.1,150,0.13,3.8,100,1.53,56,1.7,0.41,0.0,0.394117647,0.0,0.0,0.0,0.0,0.00625,0.119230769,0.083333333,0.125,0.000144444,0.238095238,0.08,0.030909091,0.037272727
19359,Sweets,"CANDIES,MARS SNACKFOOD US,SNICKERS CRUNCHER","Candies, MARS SNACKFOOD US, SNICKERS CRUNCHER",,Masterfoods USA,,488,6.86,24.38,62.85,46.54,1.9,0.0,0.0,0.0,0.5,0.0,0,0.0,0.0,0.0,90,0.0,0.68,0,0.0,0,0.0,0.0,0.0,0.0,0.0,0.005555556,0.0,0.0,0.0,0.0,0.0,0.075,0.0,0.0,0.0,0.0,0.0
19360,Sweets,"SYRUPS,TABLE BLENDS,PANCAKE,W/2% MAPLE","Syrups, table blends, pancake, with 2% maple",,,,265,0.0,0.1,69.6,42.0,0.0,0.0,0.0,0.0,0.0,0.0,0,0.003,0.017,0.005,5,0.045,0.07,2,0.185,10,0.4,0.23,0.0,0.0,0.0,0.0,0.0,0.0,0.0001875,0.013076923,0.004166667,0.004166667,5e-05,0.004761905,0.014285714,0.007272727,0.020909091
19361,Sweets,"SYRUPS,TABLE BLENDS,CANE&15% MAPLE","Syrups, table blends, cane and 15% maple",,,,278,0.0,0.1,69.52,68.2,0.1,0.0,0.0,0.0,0.0,0.0,0,0.005,0.014,0.001,12,0.017,0.19,2,0.495,0,0.5,0.63,0.0,0.0,0.0,0.0,0.0,0.0,0.0003125,0.010769231,0.000833333,0.01,1.88889e-05,0.004761905,0.0,0.009090909,0.057272727
19362,Sweets,"SYRUPS,TABLE BLENDS,CORN,REFINER,&SUGAR","Syrups, table blends, corn, refiner, and sugar",,,,319,0.0,0.0,83.9,0.0,0.0,0.0,0.009,0.0,0.0,0.0,3,0.02,0.047,0.006,23,0.06,0.74,9,0.088,8,0.8,0.03,0.0,0.005294118,0.0,0.0,0.0,0.0075,0.00125,0.036153846,0.005,0.019166667,6.66667e-05,0.021428571,0.011428571,0.014545455,0.002727273
19363,Sweets,"CANDIES,MARS SNACKFOOD US,SKITTLES WILD BERRY BITE SIZE","Candies, MARS SNACKFOOD US, SKITTLES Wild Berry Bite Size Candies",,Masterfoods USA,,402,0.19,4.25,90.76,75.92,0.0,0.0,0.0,0.0,67.1,0.0,0,0.0,0.0,0.0,0,0.0,0.0,0,0.0,0,0.0,0.0,0.0,0.0,0.0,0.745555556,0.0,0.0,0.0,0.0,0.0,0.0,0.0,0.0,0.0,0.0,0.0
19364,Sweets,"TOPPINGS,BUTTERSCOTCH OR CARAMEL","Toppings, butterscotch or caramel",,,,252,1.5,0.1,65.9,0.0,0.9,27.0,0.014,0.09,0.3,0.0,2,0.039,0.095,0.012,53,0.024,0.2,7,0.05,47,0.0,0.19,0.03,0.008235294,0.0375,0.003333333,0.0,0.005,0.0024375,0.073076923,0.01,0.044166667,2.66667e-05,0.016666667,0.067142857,0.0,0.017272727
19365,Sweets,"TOPPINGS,MARSHMLLW CRM","Toppings, marshmallow cream",,,,322,0.8,0.3,79.0,46.8,0.1,0.0,0.002,0.0,0.0,0.0,1,0.076,0.001,0.001,3,0.095,0.22,2,0.008,8,1.9,0.04,0.0,0.001176471,0.0,0.0,0.0,0.0025,0.00475,0.000769231,0.000833333,0.0025,0.000105556,0.004761905,0.011428571,0.034545455,0.003636364
19366,Sweets,"TOPPINGS,PINEAPPLE","Toppings, pineapple",,,,253,0.1,0.1,66.4,21.01,0.4,1.0,0.028,0.0,3.1,0.01,2,0.101,0.018,0.038,6,0.052,0.12,6,0.07,3,0.7,0.05,0.001111111,0.016470588,0.0,0.034444444,0.000666667,0.005,0.0063125,0.013846154,0.031666667,0.005,5.77778e-05,0.014285714,0.004285714,0.012727273,0.004545455
19367,Sweets,"TOPPINGS,NUTS IN SYRUP","Toppings, nuts in syrup",,,,448,4.5,22.0,58.08,36.72,2.3,0.0,0.178,0.0,0.3,0.23,26,0.373,0.12,0.18,35,0.54,1.05,54,1.207,118,2.1,1.05,0.0,0.104705882,0.0,0.003333333,0.015333333,0.065,0.0233125,0.092307692,0.15,0.029166667,0.0006,0.128571429,0.168571429,0.038181818,0.095454545
19368,Sweets,"CANDIES,MARS SNACKFOOD US,SKITTLES TROPICAL BITE SIZE CAND","Candies, MARS SNACKFOOD US, SKITTLES Tropical Bite Size Candies",,Masterfoods USA,,405,0.19,4.34,90.77,75.76,0.0,0.0,0.0,0.0,67.1,0.0,0,0.0,0.0,0.0,0,0.0,0.0,0,0.0,0,0.0,0.0,0.0,0.0,0.0,0.745555556,0.0,0.0,0.0,0.0,0.0,0.0,0.0,0.0,0.0,0.0,0.0
19369,Sweets,"CANDIES,MARS SNACKFOOD US,SKITTLES SOURS ORIGINAL","Candies, MARS SNACKFOOD US, SKITTLES Sours Original",,Masterfoods USA,,401,0.18,4.0,91.02,73.16,0.0,0.0,0.0,0.0,61.1,0.0,0,0.0,0.0,0.0,0,0.0,0.01,0,0.0,0,0.0,0.0,0.0,0.0,0.0,0.678888889,0.0,0.0,0.0,0.0,0.0,0.0,0.0,0.0,0.0,0.0,0.0
19370,Sweets,"CANDIES,MARS SNACKFOOD US,SKITTLES ORIGINAL BITE SIZE CAND","Candies, MARS SNACKFOOD US, SKITTLES Original Bite Size Candies",,Masterfoods USA,,405,0.19,4.37,90.78,75.84,0.0,0.0,0.003,0.0,66.8,0.17,0,0.007,0.023,0.0,0,0.036,0.0,1,0.063,1,1.0,0.02,0.0,0.001764706,0.0,0.742222222,0.011333333,0.0,0.0004375,0.017692308,0.0,0.0,4e-05,0.002380952,0.001428571,0.018181818,0.001818182
19371,Sweets,"FROSTINGS,VANILLA,CREAMY,DRY MIX,PREP W/ MARGARINE","Frostings, vanilla, creamy, dry mix, prepared with margarine",,,,413,0.34,12.74,74.28,0.0,0.1,80.0,0.002,0.01,0.0,0.0,0,0.003,0.006,0.001,6,0.028,0.01,2,0.0,6,0.6,0.01,0.088888889,0.001176471,0.004166667,0.0,0.0,0.0,0.0001875,0.004615385,0.000833333,0.005,3.11111e-05,0.004761905,0.008571429,0.010909091,0.000909091
19372,Sweets,"FROSTINGS,CHOC,CREAMY,DRY MIX,PREP W/ MARGARINE","Frostings, chocolate, creamy, dry mix, prepared with margarine",,,,404,1.1,12.87,71.02,0.0,1.9,80.0,0.063,0.01,0.0,0.0,2,0.112,0.026,0.006,12,0.227,0.93,30,0.0,50,1.2,0.63,0.088888889,0.037058824,0.004166667,0.0,0.0,0.005,0.007,0.02,0.005,0.01,0.000252222,0.071428571,0.071428571,0.021818182,0.057272727
19375,Sweets,"FROSTINGS,GLAZE,PREPARED-FROM-RECIPE","Frostings, glaze, prepared-from-recipe",,,,341,0.44,0.53,83.65,80.44,0.0,4.0,0.006,0.05,0.0,0.0,1,0.039,0.045,0.006,17,0.006,0.03,2,0.014,13,1.0,0.06,0.004444444,0.003529412,0.020833333,0.0,0.0,0.0025,0.0024375,0.034615385,0.005,0.014166667,6.66667e-06,0.004761905,0.018571429,0.018181818,0.005454545
19379,Sweets,"CANDIES,FUDGE,CHOC MARSHMLLW,PREPARED-FROM-RECIPE","Candies, fudge, chocolate marshmallow, prepared-from-recipe",,,,453,2.26,17.48,71.34,64.06,1.7,75.0,0.017,0.03,0.2,0.32,5,0.163,0.077,0.022,45,0.217,0.96,36,0.232,67,2.1,0.58,0.083333333,0.01,0.0125,0.002222222,0.021333333,0.0125,0.0101875,0.059230769,0.018333333,0.0375,0.000241111,0.085714286,0.095714286,0.038181818,0.052727273
19382,Sweets,"CANDIES,TAFFY,PREPARED-FROM-RECIPE","Candies, taffy, prepared-from-recipe",,,,397,0.03,3.33,91.56,68.48,0.0,27.0,0.0,0.01,0.0,0.09,0,0.002,0.012,0.028,8,0.0,0.01,0,0.0,1,0.7,0.21,0.03,0.0,0.004166667,0.0,0.006,0.0,0.000125,0.009230769,0.023333333,0.006666667,0.0,0.0,0.001428571,0.012727273,0.019090909
19383,Sweets,"CANDIES,TOFFEE,PREPARED-FROM-RECIPE","Candies, toffee, prepared-from-recipe",,,,560,1.07,32.75,64.72,63.47,0.0,319.0,0.009,0.11,0.2,0.94,2,0.029,0.068,0.008,34,0.003,0.03,4,0.002,32,0.8,0.12,0.354444444,0.005294118,0.045833333,0.002222222,0.062666667,0.005,0.0018125,0.052307692,0.006666667,0.028333333,3.33333e-06,0.00952381,0.045714286,0.014545455,0.010909091
19384,Sweets,"CANDIES,DIVINITY,PREPARED-FROM-RECIPE","Candies, divinity, prepared-from-recipe",,,,364,1.32,0.06,89.05,78.96,0.0,0.0,0.001,0.01,0.0,0.0,0,0.015,0.065,0.012,5,0.005,0.02,2,0.003,2,3.0,0.09,0.0,0.000588235,0.004166667,0.0,0.0,0.0,0.0009375,0.05,0.01,0.004166667,5.55556e-06,0.004761905,0.002857143,0.054545455,0.008181818
19387,Sweets,"FROZEN NOVELTIES,ICE TYPE,PINEAPPLE-COCONUT","Frozen novelties, ice type, pineapple-coconut",,,,113,0.0,2.6,23.9,0.0,0.7,0.0,0.016,0.0,13.2,0.0,1,0.034,0.005,0.006,0,0.044,3.53,5,0.161,9,0.9,0.11,0.0,0.009411765,0.0,0.146666667,0.0,0.0025,0.002125,0.003846154,0.005,0.0,4.88889e-05,0.011904762,0.012857143,0.016363636,0.01
19393,Sweets,"FROZEN YOGURTS,CHOC,SOFT-SERVE","Frozen yogurts, chocolate, soft-serve",,,,160,4.0,6.0,24.9,0.0,2.2,44.0,0.074,0.29,0.3,0.0,11,0.305,0.211,0.036,147,0.131,1.25,27,0.121,139,2.4,0.49,0.048888889,0.043529412,0.120833333,0.003333333,0.0,0.0275,0.0190625,0.162307692,0.03,0.1225,0.000145556,0.064285714,0.198571429,0.043636364,0.044545455
19400,Snacks,BANANA CHIPS,"Snacks, banana chips",,,,519,2.3,33.6,58.4,35.34,7.7,4.0,0.26,0.0,6.3,0.24,14,0.71,0.017,0.085,18,0.205,1.25,76,1.56,56,1.5,0.75,0.004444444,0.152941176,0.0,0.07,0.016,0.035,0.044375,0.013076923,0.070833333,0.015,0.000227778,0.180952381,0.08,0.027272727,0.068181818
19401,Snacks,"CORNNUTS,BARBECUE-FLAVOR","Snacks, cornnuts, barbecue-flavor",,,,436,9.0,14.3,71.7,0.0,8.4,17.0,0.187,0.0,0.4,0.0,0,1.507,0.142,0.35,17,0.136,1.7,109,0.487,283,0.0,1.88,0.018888889,0.11,0.0,0.004444444,0.0,0.0,0.0941875,0.109230769,0.291666667,0.014166667,0.000151111,0.25952381,0.404285714,0.0,0.170909091
19403,Snacks,"CRISPED RICE BAR,ALMOND","Snacks, crisped rice bar, almond",,,,458,7.0,20.4,64.6,0.0,3.6,0.0,1.764,0.0,11.5,0.0,0,17.635,1.499,1.323,74,0.247,6.35,71,1.601,167,0.0,5.29,0.0,1.037647059,0.0,0.127777778,0.0,0.0,1.1021875,1.153076923,1.1025,0.061666667,0.000274444,0.169047619,0.238571429,0.0,0.480909091
19404,Snacks,"GRANOLA BARS,SOFT,UNCOATED,CHOC CHIP","Snacks, granola bars, soft, uncoated, chocolate chip",,,,418,5.65,16.57,70.2,28.92,3.8,0.0,0.066,0.0,0.0,0.31,16,0.765,0.082,0.169,41,0.273,2.19,64,1.263,176,11.1,1.3,0.0,0.038823529,0.0,0.0,0.020666667,0.04,0.0478125,0.063076923,0.140833333,0.034166667,0.000303333,0.152380952,0.251428571,0.201818182,0.118181818
19405,Snacks,"GRANOLA BARS,SOFT,UNCOATED,CHOC CHIP,GRAHAM&MARSHMLLW","Snacks, granola bars, soft, uncoated, chocolate chip, graham and marshmallow",,,,427,6.1,15.5,70.8,0.0,4.0,2.0,0.05,0.0,0.0,0.0,21,1.0,0.15,0.14,89,0.28,2.57,71,1.28,202,15.4,1.3,0.002222222,0.029411765,0.0,0.0,0.0,0.0525,0.0625,0.115384615,0.116666667,0.074166667,0.000311111,0.169047619,0.288571429,0.28,0.118181818
19406,Snacks,"GRANOLA BARS,SOFT,UNCOATED,NUT&RAISIN","Snacks, granola bars, soft, uncoated, nut and raisin",,,,454,8.0,20.4,63.6,0.0,5.6,2.0,0.12,0.24,0.0,0.0,30,2.61,0.19,0.19,84,0.38,2.18,91,1.2,241,15.4,1.6,0.002222222,0.070588235,0.1,0.0,0.0,0.075,0.163125,0.146153846,0.158333333,0.07,0.000422222,0.216666667,0.344285714,0.28,0.145454545
19407,Snacks,"SNACKS,BF STKS,SMOKED","Snacks, beef sticks, smoked",,,,550,21.5,49.6,5.4,0.0,0.0,13.0,0.205,1.0,6.8,0.0,0,4.54,0.436,0.141,68,0.13,3.4,21,0.086,180,0.0,2.42,0.014444444,0.120588235,0.416666667,0.075555556,0.0,0.0,0.28375,0.335384615,0.1175,0.056666667,0.000144444,0.05,0.257142857,0.0,0.22
19408,Snacks,"PORK SKINS,BARBECUE-FLAVOR","Snacks, pork skins, barbecue-flavor",,,,538,57.9,31.8,1.6,0.0,0.0,65.0,0.156,0.13,1.5,0.0,31,3.355,0.432,0.084,43,0.35,1.04,0,0.074,220,0.0,0.71,0.072222222,0.091764706,0.054166667,0.016666667,0.0,0.0775,0.2096875,0.332307692,0.07,0.035833333,0.000388889,0.0,0.314285714,0.0,0.064545455
19409,Sweets,"FROSTING,GLAZ,CHC,PREP-FRM-RCIP,W/ BUTR,NFSMI RECIP NO. C-32","Frostings, glaze, chocolate, prepared-from-recipe, with butter, NFSMI Recipe No. C-32",,,,359,1.42,7.17,72.18,64.3,1.1,69.0,0.011,0.09,0.1,0.19,2,0.111,0.066,0.018,32,0.136,0.6,20,0.14,48,1.6,0.37,0.076666667,0.006470588,0.0375,0.001111111,0.012666667,0.005,0.0069375,0.050769231,0.015,0.026666667,0.000151111,0.047619048,0.068571429,0.029090909,0.033636364
19410,Snacks,"POTATO CHIPS,MADE FROM DRIED POTATOES,PLN","Snack, potato chips, made from dried potatoes, plain",,,,545,4.62,35.28,55.38,0.76,2.9,0.0,0.493,0.0,1.2,13.72,19,2.653,0.07,0.21,17,0.136,0.8,40,0.26,110,0.4,0.58,0.0,0.29,0.0,0.013333333,0.914666667,0.0475,0.1658125,0.053846154,0.175,0.014166667,0.000151111,0.095238095,0.157142857,0.007272727,0.052727273
19411,Snacks,"POTATO CHIPS,PLAIN,SALTED","Snacks, potato chips, plain, salted",,,,532,6.39,33.98,53.83,0.33,3.1,0.0,0.531,0.0,21.6,10.45,29,4.762,0.088,0.213,21,0.234,1.28,63,0.43,153,2.5,1.09,0.0,0.312352941,0.0,0.24,0.696666667,0.0725,0.297625,0.067692308,0.1775,0.0175,0.00026,0.15,0.218571429,0.045454545,0.099090909
19412,Snacks,"POTATO CHIPS,MADE FROM DRIED POTATOES,CHEESE-FLAVOR","Snacks, potato chips, made from dried potatoes, cheese-flavor",,,,551,7.0,37.0,50.6,0.0,3.4,1.0,0.521,0.0,8.5,0.0,18,2.6,0.12,0.18,110,0.056,1.6,53,0.058,163,8.1,0.64,0.001111111,0.306470588,0.0,0.094444444,0.0,0.045,0.1625,0.092307692,0.15,0.091666667,6.22222e-05,0.126190476,0.232857143,0.147272727,0.058181818
19413,Snacks,"SNACKS,RICE CAKES,BROWN RICE,CORN","Snacks, rice cakes, brown rice, corn",,,,385,8.4,3.2,81.2,0.0,2.9,0.0,0.14,0.0,0.0,0.0,19,6.435,0.104,0.08,9,0.42,1.17,114,5.08,320,0.0,2.22,0.0,0.082352941,0.0,0.0,0.0,0.0475,0.4021875,0.08,0.066666667,0.0075,0.000466667,0.271428571,0.457142857,0.0,0.201818182
19414,Snacks,"RICE CAKES,BROWN RICE,MULTIGRAIN","Snacks, rice cakes, brown rice, multigrain",,,,387,8.5,3.5,80.1,0.0,3.0,0.0,0.137,0.0,0.0,0.0,20,6.602,0.184,0.067,21,0.427,1.96,137,5.22,370,0.0,2.53,0.0,0.080588235,0.0,0.0,0.0,0.05,0.412625,0.141538462,0.055833333,0.0175,0.000474444,0.326190476,0.528571429,0.0,0.23
19415,Snacks,"SNACKS,POTATO STKS","Snacks, potato sticks",,,,522,6.7,34.4,53.3,0.22,3.4,0.0,0.32,0.0,47.3,9.11,40,4.785,0.116,0.096,18,0.315,2.27,64,0.423,172,8.1,0.99,0.0,0.188235294,0.0,0.525555556,0.607333333,0.1,0.2990625,0.089230769,0.08,0.015,0.00035,0.152380952,0.245714286,0.147272727,0.09
19416,Snacks,"RICE CAKES,BROWN RICE,RYE","Snacks, rice cakes, brown rice, rye",,,,386,8.1,3.8,79.9,0.0,4.0,0.0,0.15,0.0,0.0,0.0,5,7.04,0.09,0.091,21,0.39,1.8,144,2.977,380,0.0,3.0,0.0,0.088235294,0.0,0.0,0.0,0.0125,0.44,0.069230769,0.075833333,0.0175,0.000433333,0.342857143,0.542857143,0.0,0.272727273
19418,Snacks,"SESAME STKS,WHEAT-BASED,SALTED","Snacks, sesame sticks, wheat-based, salted",,,,541,10.9,36.7,46.5,0.19,2.8,0.0,0.086,0.0,0.0,3.85,22,1.552,0.063,0.123,170,0.406,0.74,45,0.904,138,17.1,1.17,0.0,0.050588235,0.0,0.0,0.256666667,0.055,0.097,0.048461538,0.1025,0.141666667,0.000451111,0.107142857,0.197142857,0.310909091,0.106363636
19419,Snacks,CORN CAKES,"Snacks, corn cakes",,,,387,8.1,2.4,83.4,23.47,1.9,70.0,0.14,0.0,0.0,0.0,19,5.15,0.05,0.25,19,0.42,1.4,114,1.815,157,9.9,2.0,0.077777778,0.082352941,0.0,0.0,0.0,0.0475,0.321875,0.038461538,0.208333333,0.015833333,0.000466667,0.271428571,0.224285714,0.18,0.181818182
19420,Snacks,"GRANOLA BARS,HARD,PNUT BUTTER","Snacks, granola bars, hard, peanut butter",,,,483,9.8,23.8,62.3,0.0,2.9,1.0,0.096,0.0,0.2,0.0,18,1.97,0.09,0.21,41,0.218,2.4,55,0.922,139,15.0,1.25,0.001111111,0.056470588,0.0,0.002222222,0.0,0.045,0.123125,0.069230769,0.175,0.034166667,0.000242222,0.130952381,0.198571429,0.272727273,0.113636364
19421,Snacks,"POTATO CHIPS,CHEESE-FLAVOR","Snacks, potato chips, cheese-flavor",,,,496,8.5,27.2,57.7,0.0,5.2,10.0,0.348,0.0,54.1,0.0,0,5.0,0.158,0.155,72,0.25,1.84,75,0.446,299,0.0,0.91,0.011111111,0.204705882,0.0,0.601111111,0.0,0.0,0.3125,0.121538462,0.129166667,0.06,0.000277778,0.178571429,0.427142857,0.0,0.082727273
19422,Snacks,"SNACKS,POTATO CHIPS,RED FAT","Snacks, potato chips, reduced fat",,,,471,7.1,20.8,66.9,0.22,5.9,0.0,0.671,0.0,25.7,5.47,27,7.0,0.267,0.208,21,0.6,1.35,89,0.44,193,8.1,0.07,0.0,0.394705882,0.0,0.285555556,0.364666667,0.0675,0.4375,0.205384615,0.173333333,0.0175,0.000666667,0.211904762,0.275714286,0.147272727,0.006363636
19423,Snacks,"SNACKS,POTATO CHIPS,FAT-FREE,MADE W/OLESTRA","Snacks, potato chips, fat-free, made with olestra",,,,274,7.74,0.7,65.0,0.0,6.8,0.0,0.158,0.0,28.3,0.0,83,4.37,0.05,0.329,35,0.44,2.4,69,0.77,174,0.9,3.5,0.0,0.092941176,0.0,0.314444444,0.0,0.2075,0.273125,0.038461538,0.274166667,0.029166667,0.000488889,0.164285714,0.248571429,0.016363636,0.318181818
19424,Snacks,"SNACKS,TORTILLA CHIPS,NACHO-FLAVOR,RED FAT","Snacks, tortilla chips, nacho-flavor, reduced fat",,,,445,8.7,15.2,71.6,0.0,4.8,24.0,0.231,0.0,0.2,0.0,26,0.415,0.274,0.222,159,0.143,1.63,97,0.436,318,0.0,0.0,0.026666667,0.135882353,0.0,0.002222222,0.0,0.065,0.0259375,0.210769231,0.185,0.1325,0.000158889,0.230952381,0.454285714,0.0,0.0
19433,Snacks,"TORTILLA CHIPS,LOFAT,BKD WO/FAT","Tortilla chips, low fat, baked without fat",,,,415,11.0,5.7,80.0,0.67,5.3,5.0,0.18,0.0,0.2,0.77,16,0.42,0.28,0.22,159,0.11,1.6,97,0.0,318,15.7,1.15,0.005555556,0.105882353,0.0,0.002222222,0.051333333,0.04,0.02625,0.215384615,0.183333333,0.1325,0.000122222,0.230952381,0.454285714,0.285454545,0.104545455
19434,Snacks,"CHEESE PUFFS & TWISTS,CORN BSD,BKD,LOFAT","Cheese puffs and twists, corn based, baked, low fat",,,,432,8.5,12.1,72.35,7.29,10.7,44.0,0.71,2.14,21.4,4.25,97,7.14,0.61,0.54,357,0.085,1.28,41,0.0,357,9.6,2.14,0.048888889,0.417647059,0.891666667,0.237777778,0.283333333,0.2425,0.44625,0.469230769,0.45,0.2975,9.44444e-05,0.097619048,0.51,0.174545455,0.194545455
19435,Snacks,"SNACKS,GRANOLA BAR,FRUIT-FILLED,NONFAT","Snacks, granola bar, fruit-filled, nonfat",,,,342,5.9,0.9,77.6,45.24,7.4,1.0,1.59,0.18,1.7,0.22,527,0.4,0.07,0.03,3,0.234,4.0,50,0.0,122,8.3,1.42,0.001111111,0.935294118,0.075,0.018888889,0.014666667,1.3175,0.025,0.053846154,0.025,0.0025,0.00026,0.119047619,0.174285714,0.150909091,0.129090909
19436,Snacks,"POPCORN,SUGAR SYRUP/CARAMEL,FAT-FREE","Popcorn, sugar syrup/caramel, fat-free",,,,381,2.0,1.4,90.06,64.68,2.5,2.0,0.047,0.0,0.0,0.13,4,0.342,0.058,0.038,18,0.14,0.8,27,0.0,55,3.6,0.62,0.002222222,0.027647059,0.0,0.0,0.008666667,0.01,0.021375,0.044615385,0.031666667,0.015,0.000155556,0.064285714,0.078571429,0.065454545,0.056363636
19437,Snacks,"POTATO CHIPS,FAT FREE,SALTED","Snacks, potato chips, fat free, salted",,,,379,9.64,0.6,83.76,3.69,7.5,1.0,0.8,0.0,9.3,0.04,45,6.446,0.115,1.08,35,0.174,3.57,70,0.0,167,8.1,0.74,0.001111111,0.470588235,0.0,0.103333333,0.002666667,0.1125,0.402875,0.088461538,0.9,0.029166667,0.000193333,0.166666667,0.238571429,0.147272727,0.067272727
19438,Snacks,"SNACKS,KELLOGG,KELLOGGS RICE KRISPIES TREATS SQUARES","Snacks, KELLOGG, KELLOGGS RICE KRISPIES TREATS Squares",,,,414,3.4,9.0,80.5,19.36,0.6,270.0,0.9,0.0,0.0,0.0,381,9.1,0.8,0.7,3,0.1,2.2,13,1.601,42,11.0,0.5,0.3,0.529411765,0.0,0.0,0.0,0.9525,0.56875,0.615384615,0.583333333,0.0025,0.000111111,0.030952381,0.06,0.2,0.045454545
19439,Snacks,"SNACKS,KELLOGGS LOFAT GRANOLA BAR,CRUNCHY ALMD/BRN SUGAR","Snacks, KELLOGG, KELLOGGS Low Fat Granola Bar, Crunchy Almond/Brown Sugar",,,,390,8.0,7.4,78.0,0.0,6.2,713.0,1.0,0.0,0.0,0.0,0,9.5,0.8,0.7,35,0.7,8.6,87,1.797,248,0.0,2.2,0.792222222,0.588235294,0.0,0.0,0.0,0.0,0.59375,0.615384615,0.583333333,0.029166667,0.000777778,0.207142857,0.354285714,0.0,0.2
19440,Snacks,"SNACKS,M&M MARS,KUDOS WHL GRAIN BARS,CHOC CHIP","Snacks, M&M MARS, KUDOS Whole Grain Bar, chocolate chip",,,,420,4.47,13.02,72.31,38.78,2.6,15.0,0.117,0.14,0.1,10.79,13,1.539,0.201,0.169,1084,0.312,1.4,70,1.067,207,0.0,1.41,0.016666667,0.068823529,0.058333333,0.001111111,0.719333333,0.0325,0.0961875,0.154615385,0.140833333,0.903333333,0.000346667,0.166666667,0.295714286,0.0,0.128181818
19441,Snacks,"SNACKS,KELLOGGS,NUTRI-GRAIN CRL BARS,FRUIT","Snacks, KELLOGGS, NUTRI-GRAIN Cereal Bars, fruit",,"Kellogg, Co.",,324,4.69,8.76,69.54,30.84,6.9,604.0,1.35,0.0,7.8,0.0,24,13.5,1.15,0.61,541,0.126,4.9,41,0.795,115,7.7,4.1,0.671111111,0.794117647,0.0,0.086666667,0.0,0.06,0.84375,0.884615385,0.508333333,0.450833333,0.00014,0.097619048,0.164285714,0.14,0.372727273
19444,Snacks,"SNACKS,TORTILLA CHIPS,LOFAT,MADE W/OLESTRA,NACHO CHS","Snacks, tortilla chips, low fat, made with olestra, nacho cheese",,,,318,8.44,3.53,65.22,2.82,6.4,9.0,0.241,0.27,5.5,3.53,16,1.3,0.13,0.206,128,0.14,4.8,99,0.57,245,9.4,3.4,0.01,0.141764706,0.1125,0.061111111,0.235333333,0.04,0.08125,0.1,0.171666667,0.106666667,0.000155556,0.235714286,0.35,0.170909091,0.309090909
19445,Snacks,"SNACKS,POTATO CHIPS,FRM DRIED POTATOES,FAT-FREE,W/ OLESTRA","Snacks, potato chips, made from dried potatoes, fat-free, made with olestra",,,,253,5.06,0.93,56.0,0.59,7.3,0.0,0.532,0.0,108.8,0.0,67,3.397,0.016,0.177,20,0.165,1.14,48,0.394,132,2.9,0.78,0.0,0.312941176,0.0,1.208888889,0.0,0.1675,0.2123125,0.012307692,0.1475,0.016666667,0.000183333,0.114285714,0.188571429,0.052727273,0.070909091
19524,Snacks,TARO CHIPS,"Snacks, taro chips",,,,498,2.3,24.9,68.1,3.82,7.2,7.0,0.438,0.0,5.0,11.34,20,0.515,0.029,0.174,60,0.28,1.2,84,0.001,131,1.8,0.38,0.007777778,0.257647059,0.0,0.055555556,0.756,0.05,0.0321875,0.022307692,0.145,0.05,0.000311111,0.2,0.187142857,0.032727273,0.034545455
19701,Sweets,"CANDIES,SEMISWEET CHOC,MADE W/BUTTER","Candies, semisweet chocolate, made with butter",,,,477,4.2,29.7,63.4,0.0,5.9,3.0,0.05,0.0,0.0,0.0,3,0.427,0.09,0.055,32,0.7,3.13,115,0.8,132,3.2,1.62,0.003333333,0.029411765,0.0,0.0,0.0,0.0075,0.0266875,0.069230769,0.045833333,0.026666667,0.000777778,0.273809524,0.188571429,0.058181818,0.147272727
19702,Sweets,"GELATIN DSSRT,DRY MIX,W/ ADDED VIT C,SODIUM-CITRATE & SALT","Gelatin desserts, dry mix, with added ascorbic acid, sodium-citrate and salt",,,,381,7.8,0.0,90.5,0.0,0.0,0.0,0.01,0.0,62.8,0.0,3,0.008,0.021,0.002,3,0.118,0.15,2,0.016,142,3.6,0.01,0.0,0.005882353,0.0,0.697777778,0.0,0.0075,0.0005,0.016153846,0.001666667,0.0025,0.000131111,0.004761905,0.202857143,0.065454545,0.000909091
19703,Sweets,"GELATIN DSSRT,DRY MIX,RED CAL,W/ ASPRT,ADDED P,K,NA,VIT C","Gelatin desserts, dry mix, reduced calorie, with aspartame, added phosphorus, potassium, sodium, vitamin C",,,,345,55.3,0.0,33.3,0.0,0.0,0.0,0.049,0.0,490.0,0.0,14,0.04,0.108,0.012,2,1.016,0.02,1,0.049,0,25.5,0.07,0.0,0.028823529,0.0,5.444444444,0.0,0.035,0.0025,0.083076923,0.01,0.001666667,0.001128889,0.002380952,0.0,0.463636364,0.006363636
19704,Sweets,"GELATIN DSSRT,DRY MIX,RED CAL,W/ ASPRT,NO ADDED NA","Gelatin desserts, dry mix, reduced calorie, with aspartame, no added sodium",,,,345,55.3,0.0,33.3,0.0,0.0,0.0,0.049,0.0,0.0,0.0,14,0.04,0.108,0.012,2,1.016,0.02,1,0.049,1293,25.5,0.07,0.0,0.028823529,0.0,0.0,0.0,0.035,0.0025,0.083076923,0.01,0.001666667,0.001128889,0.002380952,1.847142857,0.463636364,0.006363636
19705,Sweets,"PUDDINGS,BANANA,DRY MIX,INST,W/ ADDED OIL","Puddings, banana, dry mix, instant, with added oil",,,,386,0.0,4.4,89.0,0.0,0.0,0.0,0.001,0.01,0.0,0.0,0,0.002,0.003,0.001,6,0.021,0.12,2,0.01,804,0.8,0.04,0.0,0.000588235,0.004166667,0.0,0.0,0.0,0.000125,0.002307692,0.000833333,0.005,2.33333e-05,0.004761905,1.148571429,0.014545455,0.003636364
19706,Sweets,"PUDDINGS,BANANA,DRY MIX,REG,W/ ADDED OIL","Puddings, banana, dry mix, regular, with added oil",,,,387,0.0,5.0,88.4,0.0,0.3,0.0,0.0,0.0,0.0,0.0,0,0.0,0.0,0.0,20,0.02,0.05,8,0.013,5,0.9,0.09,0.0,0.0,0.0,0.0,0.0,0.0,0.0,0.0,0.0,0.016666667,2.22222e-05,0.019047619,0.007142857,0.016363636,0.008181818
19708,Sweets,"PUDDINGS,LEMON,DRY MIX,REG,W/ ADDED OIL,K,NA","Puddings, lemon, dry mix, regular, with added oil, potassium, sodium",,,,366,0.1,1.5,90.3,0.0,0.1,0.0,0.005,0.0,0.0,0.0,0,0.019,0.024,0.005,0,0.024,0.17,4,0.025,3,0.7,0.02,0.0,0.002941176,0.0,0.0,0.0,0.0,0.0011875,0.018461538,0.004166667,0.0,2.66667e-05,0.00952381,0.004285714,0.012727273,0.001818182
19709,Sweets,"PUDDINGS,TAPIOCA,DRY MIX,W/ NO ADDED SALT","Puddings, tapioca, dry mix, with no added salt",,,,369,0.1,0.1,94.3,0.0,0.2,0.0,0.032,0.0,0.0,0.0,0,0.004,0.006,0.001,4,0.029,0.12,2,0.033,4,0.1,0.08,0.0,0.018823529,0.0,0.0,0.0,0.0,0.00025,0.004615385,0.000833333,0.003333333,3.22222e-05,0.004761905,0.005714286,0.001818182,0.007272727
19710,Sweets,"PUDDINGS,VANILLA,DRY MIX,REG,W/ ADDED OIL","Puddings, vanilla, dry mix, regular, with added oil",,,,369,0.3,1.1,92.4,0.0,0.0,0.0,0.0,0.0,0.0,0.0,0,0.0,0.0,0.0,15,0.02,0.05,5,0.013,3,0.9,0.09,0.0,0.0,0.0,0.0,0.0,0.0,0.0,0.0,0.0,0.0125,2.22222e-05,0.011904762,0.004285714,0.016363636,0.008181818
19719,Sweets,"JAMS&PRESERVES,APRICOT","Jams and preserves, apricot",,,,242,0.7,0.2,64.4,43.4,0.3,10.0,0.02,0.0,8.8,0.13,1,0.036,0.022,0.0,20,0.1,0.49,4,0.04,3,2.0,0.06,0.011111111,0.011764706,0.0,0.097777778,0.008666667,0.0025,0.00225,0.016923077,0.0,0.016666667,0.000111111,0.00952381,0.004285714,0.036363636,0.005454545
19720,Sweets,"SYRUPS,TABLE BLENDS,PANCAKE,W/2% MAPLE,W/ K","Syrups, table blends, pancake, with 2% maple, with added potassium",,,,265,0.0,0.1,69.6,0.0,0.0,0.0,0.0,0.0,0.0,0.0,0,0.02,0.017,0.005,5,0.045,0.07,2,0.185,10,0.6,0.23,0.0,0.0,0.0,0.0,0.0,0.0,0.00125,0.013076923,0.004166667,0.004166667,5e-05,0.004761905,0.014285714,0.010909091,0.020909091
19800,Snacks,"CORN CAKES,VERY LO NA","Snacks, corn cakes, very low sodium",,,,387,8.1,2.4,83.4,0.0,0.0,12.0,0.14,0.0,0.0,0.0,19,5.15,0.05,0.25,19,0.42,1.4,114,1.815,157,9.9,2.0,0.013333333,0.082352941,0.0,0.0,0.0,0.0475,0.321875,0.038461538,0.208333333,0.015833333,0.000466667,0.271428571,0.224285714,0.18,0.181818182
19802,Snacks,"SNACKS,CORN-BASED,EXTRDD,PUFFS OR TWISTS,CHEESE-FLAVOR,UNENR","Snacks, corn-based, extruded, puffs or twists, cheese-flavor, unenriched",,,,558,5.76,35.76,54.1,2.76,2.2,0.0,0.064,0.48,0.0,5.12,180,5.743,0.2,0.155,58,0.063,1.1,20,0.095,108,3.0,0.6,0.0,0.037647059,0.2,0.0,0.341333333,0.45,0.3589375,0.153846154,0.129166667,0.048333333,7e-05,0.047619048,0.154285714,0.054545455,0.054545455
19804,Snacks,"SNACKS,CORN-BASE,EXTRUD,CHIPS,BARBECUE-FLAVOR,W/ENR MASA FLR","Snacks, corn-based, extruded, chips, barbecue-flavor, made with enriched masa flour",,,,523,7.0,32.7,56.2,0.0,0.0,31.0,0.23,0.0,1.7,0.0,200,6.3,0.48,0.42,131,0.166,4.9,77,0.774,207,6.7,1.06,0.034444444,0.135294118,0.0,0.018888889,0.0,0.5,0.39375,0.369230769,0.35,0.109166667,0.000184444,0.183333333,0.295714286,0.121818182,0.096363636
19806,Snacks,"POPCORN,AIR-POPPED,WHITE POPCORN","Snacks, popcorn, air-popped, white popcorn",,,,382,12.0,4.2,77.9,0.0,15.1,1.0,0.245,0.0,0.0,0.0,23,1.944,0.283,0.203,10,0.42,2.66,131,0.943,300,9.9,3.44,0.001111111,0.144117647,0.0,0.0,0.0,0.0575,0.1215,0.217692308,0.169166667,0.008333333,0.000466667,0.311904762,0.428571429,0.18,0.312727273
19807,Snacks,"SNACKS,POPCORN,OIL-POPPED,WHITE POPCORN,SALT ADDED","Snacks, popcorn, oil-popped, white popcorn, salt added",,,,500,9.0,28.1,57.2,0.0,10.0,1.0,0.209,0.0,0.3,0.0,17,1.55,0.136,0.134,10,0.221,2.78,108,0.879,250,7.3,2.64,0.001111111,0.122941176,0.0,0.003333333,0.0,0.0425,0.096875,0.104615385,0.111666667,0.008333333,0.000245556,0.257142857,0.357142857,0.132727273,0.24
19809,Snacks,"POTATO CHIPS,PLN,MADE W/PART HYDR SOYBN OIL,SALTED","Snacks, potato chips, plain, made with partially hydrogenated soybean oil, salted",,,,536,7.0,34.6,52.9,0.0,4.8,0.0,0.66,0.0,31.1,0.0,45,3.827,0.197,0.167,24,0.306,1.63,67,0.44,165,8.1,1.09,0.0,0.388235294,0.0,0.345555556,0.0,0.1125,0.2391875,0.151538462,0.139166667,0.02,0.00034,0.15952381,0.235714286,0.147272727,0.099090909
19810,Snacks,"POTATO CHIPS,PLN,MADE W/PART HYDR SOYBN OIL,UNSALTED","Snacks, potato chips, plain, made with partially hydrogenated soybean oil, unsalted",,,,536,7.0,34.6,52.9,0.0,4.8,0.0,0.66,0.0,31.1,0.0,45,3.827,0.197,0.167,24,0.306,1.63,67,0.44,165,8.1,1.09,0.0,0.388235294,0.0,0.345555556,0.0,0.1125,0.2391875,0.151538462,0.139166667,0.02,0.00034,0.15952381,0.235714286,0.147272727,0.099090909
19811,Snacks,"POTATO CHIPS,PLN,UNSALTED","Snacks, potato chips, plain, unsalted",,,,536,7.0,34.6,52.9,0.22,4.8,0.0,0.66,0.0,31.1,9.11,45,3.827,0.197,0.167,24,0.306,1.63,67,0.44,165,8.1,1.09,0.0,0.388235294,0.0,0.345555556,0.607333333,0.1125,0.2391875,0.151538462,0.139166667,0.02,0.00034,0.15952381,0.235714286,0.147272727,0.099090909
19812,Snacks,"PRETZELS,HARD,PLN,MADE W/UNENR FLR,SALTED","Snacks, pretzels, hard, plain, made with unenriched flour, salted",,,,381,9.1,3.5,79.2,0.0,2.8,0.0,0.116,0.0,0.0,0.0,83,1.92,0.1,0.18,36,0.264,1.67,35,1.789,113,5.8,0.85,0.0,0.068235294,0.0,0.0,0.0,0.2075,0.12,0.076923077,0.15,0.03,0.000293333,0.083333333,0.161428571,0.105454545,0.077272727
19813,Snacks,"PRETZELS,HARD,PLN,MADE W/UNENR FLR,UNSALTED","Snacks, pretzels, hard, plain, made with unenriched flour, unsalted",,,,381,9.1,3.5,79.2,0.0,2.8,0.0,0.116,0.0,0.0,0.0,83,1.92,0.1,0.18,36,0.264,1.67,35,1.789,113,5.8,0.85,0.0,0.068235294,0.0,0.0,0.0,0.2075,0.12,0.076923077,0.15,0.03,0.000293333,0.083333333,0.161428571,0.105454545,0.077272727
19814,Snacks,"SNACKS,PRETZELS,HARD,PLN,MADE W/ ENR FLR,UNSALTED","Snacks, pretzels, hard, plain, made with enriched flour, unsalted",,,,381,9.1,3.5,79.2,2.21,2.8,0.0,0.116,0.0,0.0,0.35,233,5.251,0.623,0.461,36,0.264,4.32,35,1.789,113,5.8,0.85,0.0,0.068235294,0.0,0.0,0.023333333,0.5825,0.3281875,0.479230769,0.384166667,0.03,0.000293333,0.083333333,0.161428571,0.105454545,0.077272727
19816,Snacks,"RICE CAKES,BROWN RICE,PLN,UNSALTED","Snacks, rice cakes, brown rice, plain, unsalted",,,,387,8.2,2.8,81.5,0.88,4.2,0.0,0.15,0.0,0.0,1.24,21,7.806,0.165,0.061,11,0.445,1.49,131,3.73,360,24.6,3.0,0.0,0.088235294,0.0,0.0,0.082666667,0.0525,0.487875,0.126923077,0.050833333,0.009166667,0.000494444,0.311904762,0.514285714,0.447272727,0.272727273
19817,Snacks,"RICE CAKES,BROWN RICE,BUCKWHEAT,UNSALTED","Snacks, rice cakes, brown rice, buckwheat, unsalted",,,,380,9.0,3.5,80.1,0.0,0.0,0.0,0.13,0.0,0.0,0.0,21,8.096,0.103,0.056,11,0.38,1.14,151,6.18,380,16.4,2.5,0.0,0.076470588,0.0,0.0,0.0,0.0525,0.506,0.079230769,0.046666667,0.009166667,0.000422222,0.35952381,0.542857143,0.298181818,0.227272727
19818,Snacks,"RICE CAKES,BROWN RICE,MULTIGRAIN,UNSALTED","Snacks, rice cakes, brown rice, multigrain, unsalted",,,,387,8.5,3.5,80.1,0.0,0.0,0.0,0.137,0.0,0.0,0.0,20,6.602,0.184,0.067,21,0.427,1.96,137,5.22,370,20.0,2.53,0.0,0.080588235,0.0,0.0,0.0,0.05,0.412625,0.141538462,0.055833333,0.0175,0.000474444,0.326190476,0.528571429,0.363636364,0.23
19819,Snacks,"RICE CAKES,BROWN RICE,SESAME SD,UNSALTED","Snacks, rice cakes, brown rice, sesame seed, unsalted",,,,392,7.6,3.8,81.5,0.0,0.0,0.0,0.155,0.0,3.0,0.0,18,7.205,0.085,0.048,12,0.39,1.58,136,4.299,375,24.1,3.0,0.0,0.091176471,0.0,0.033333333,0.0,0.045,0.4503125,0.065384615,0.04,0.01,0.000433333,0.323809524,0.535714286,0.438181818,0.272727273
19820,Snacks,"SESAME STKS,WHEAT-BASED,UNSALTED","Snacks, sesame sticks, wheat-based, unsalted",,,,541,10.9,36.7,46.5,0.0,0.0,4.0,0.086,0.0,0.0,0.0,22,1.552,0.063,0.123,170,0.406,0.74,45,0.904,138,17.1,1.17,0.004444444,0.050588235,0.0,0.0,0.0,0.055,0.097,0.048461538,0.1025,0.141666667,0.000451111,0.107142857,0.197142857,0.310909091,0.106363636
19821,Snacks,"TRAIL MIX,REG,UNSALTED","Snacks, trail mix, regular, unsalted",,,,462,13.8,29.4,44.9,0.0,0.0,1.0,0.298,0.0,1.4,0.0,71,4.712,0.198,0.462,78,0.985,3.05,158,1.034,345,0.0,3.22,0.001111111,0.175294118,0.0,0.015555556,0.0,0.1775,0.2945,0.152307692,0.385,0.065,0.001094444,0.376190476,0.492857143,0.0,0.292727273
19822,Snacks,"TRAIL MIX,REG,W/CHOC CHIPS,UNSALTED NUTS&SEEDS","Snacks, trail mix, regular, with chocolate chips, unsalted nuts and seeds",,,,484,14.2,31.9,44.9,0.0,0.0,13.0,0.259,0.0,1.3,0.0,65,4.405,0.224,0.413,109,0.844,3.39,161,1.062,387,0.0,3.14,0.014444444,0.152352941,0.0,0.014444444,0.0,0.1625,0.2753125,0.172307692,0.344166667,0.090833333,0.000937778,0.383333333,0.552857143,0.0,0.285454545
19823,Snacks,"POTATO CHIPS,WO/SALT,RED FAT","Potato chips, without salt, reduced fat",,,,487,7.1,20.8,67.8,0.22,6.1,0.0,0.67,0.0,25.7,5.47,10,7.0,0.27,0.21,21,0.348,1.35,89,0.0,193,8.1,1.01,0.0,0.394117647,0.0,0.285555556,0.364666667,0.025,0.4375,0.207692308,0.175,0.0175,0.000386667,0.211904762,0.275714286,0.147272727,0.091818182
19833,Snacks,"TORTILLA CHIPS,LOFAT,UNSALTED","Snacks, tortilla chips, low fat, unsalted",,,,416,11.0,5.7,80.1,0.85,5.3,4.0,0.18,0.0,0.2,3.53,16,0.42,0.28,0.22,159,0.11,1.6,97,0.0,318,15.7,1.15,0.004444444,0.105882353,0.0,0.002222222,0.235333333,0.04,0.02625,0.215384615,0.183333333,0.1325,0.000122222,0.230952381,0.454285714,0.285454545,0.104545455
19856,Sweets,"FROZEN NOVELTIES,JUC TYPE,POPSICLE SCRIBBLERS","Frozen novelties, juice type, POPSICLE SCRIBBLERS",,Good Humor - Breyers Ice Cream,,81,0.0,0.24,19.68,14.57,0.0,0.0,0.0,0.0,1.2,0.0,0,0.0,0.0,0.0,5,0.0,0.3,3,0.0,2,0.0,0.07,0.0,0.0,0.0,0.013333333,0.0,0.0,0.0,0.0,0.0,0.004166667,0.0,0.007142857,0.002857143,0.0,0.006363636
19857,Snacks,"SNACKS,TORTILLA CHIPS,NACHO-FLAVOR,MADE W/ENR MASA FLR","Snacks, tortilla chips, nacho-flavor, made with enriched masa flour",,,,498,7.8,25.6,62.4,0.0,5.3,24.0,0.286,0.05,1.8,0.0,130,4.0,0.35,0.4,147,0.177,3.7,82,0.408,244,13.0,1.2,0.026666667,0.168235294,0.020833333,0.02,0.0,0.325,0.25,0.269230769,0.333333333,0.1225,0.000196667,0.195238095,0.348571429,0.236363636,0.109090909
19858,Sweets,"CANDIES,SUGAR-COATED ALMONDS","Candies, sugar-coated almonds",,,,474,10.0,17.93,68.26,62.5,2.5,0.0,0.06,0.0,0.0,12.36,15,1.0,0.27,0.05,100,0.586,1.9,137,1.121,166,1.7,1.56,0.0,0.035294118,0.0,0.0,0.824,0.0375,0.0625,0.207692308,0.041666667,0.083333333,0.000651111,0.326190476,0.237142857,0.030909091,0.141818182
19859,Sweets,"COCOA,DRY PDR,HI-FAT OR BRKFST,PLN","Cocoa, dry powder, hi-fat or breakfast, plain",,,,486,16.8,23.71,51.39,1.55,29.8,0.0,0.19,0.0,0.0,0.09,38,1.8,0.37,0.08,122,3.61,14.5,519,0.0,758,12.3,6.7,0.0,0.111764706,0.0,0.0,0.006,0.095,0.1125,0.284615385,0.066666667,0.101666667,0.004011111,1.235714286,1.082857143,0.223636364,0.609090909
19860,Sweets,"COCOA,DRY PDR,HI-FAT OR BRKFST,PROC W/ALKALI","Cocoa, dry powder, hi-fat or breakfast, processed with alkali",,,,479,16.8,23.71,49.71,1.53,33.9,0.0,0.19,0.0,0.0,0.18,38,1.8,0.37,0.08,122,3.61,14.5,476,0.0,758,12.3,6.7,0.0,0.111764706,0.0,0.0,0.012,0.095,0.1125,0.284615385,0.066666667,0.101666667,0.004011111,1.133333333,1.082857143,0.223636364,0.609090909
19866,Sweets,"CANDIES,SOFT FRUIT & NUT SQUARES","Candies, soft fruit and nut squares",,,,390,2.31,9.52,73.81,45.95,2.4,0.0,0.082,0.0,0.2,0.1,11,0.178,0.039,0.047,17,0.303,0.93,25,0.539,54,1.4,0.53,0.0,0.048235294,0.0,0.002222222,0.006666667,0.0275,0.011125,0.03,0.039166667,0.014166667,0.000336667,0.05952381,0.077142857,0.025454545,0.048181818
19867,Sweets,"ICE CREAMS,VANILLA,FAT FREE","Ice creams, vanilla, fat free",,,,138,4.48,0.0,30.06,6.3,1.0,200.0,0.047,0.45,0.0,0.0,7,0.14,0.248,0.051,149,0.028,0.0,21,0.0,150,2.9,1.06,0.222222222,0.027647059,0.1875,0.0,0.0,0.0175,0.00875,0.190769231,0.0425,0.124166667,3.11111e-05,0.05,0.214285714,0.052727273,0.096363636
19868,Sweets,"SWEETENERS,TABLETOP,SUCRALOSE,SPLENDA PACKETS","Sweeteners, tabletop, sucralose, SPLENDA packets",,"McNeil Nutritionals/McNeil_PPC, Inc.",,336,0.0,0.0,91.17,80.33,0.0,0.0,0.0,0.0,0.0,0.0,0,0.0,0.0,0.0,0,0.0,0.0,0,0.0,0,0.0,0.0,0.0,0.0,0.0,0.0,0.0,0.0,0.0,0.0,0.0,0.0,0.0,0.0,0.0,0.0,0.0
19871,Sweets,"FROZEN NOVELTIES,NO SUGAR ADDED,FUDGESICLE POPS","Frozen novelties, No Sugar Added, FUDGESICLE pops",,Good Humor - Breyers Ice Cream,,105,3.6,0.97,22.28,3.93,1.6,7.0,0.042,0.38,0.7,0.3,5,0.111,0.18,0.044,101,0.018,0.94,15,0.009,106,2.9,0.4,0.007777778,0.024705882,0.158333333,0.007777778,0.02,0.0125,0.0069375,0.138461538,0.036666667,0.084166667,2e-05,0.035714286,0.151428571,0.052727273,0.036363636
19872,Sweets,"FROZEN NOVELTIES,FAT FREE FUDGESICLE BARS","Frozen novelties, Fat Free FUDGESICLE bars",,Good Humor - Breyers Ice Cream,,127,5.55,0.66,26.94,20.1,1.7,0.0,0.0,0.0,1.0,0.0,0,0.0,0.0,0.0,159,0.0,0.91,0,0.0,0,0.0,0.0,0.0,0.0,0.0,0.011111111,0.0,0.0,0.0,0.0,0.0,0.1325,0.0,0.0,0.0,0.0,0.0
19873,Sweets,"FROZ NOVELTIES,ICE TYPE,SUGAR FREE,ORNGE,CHRY,& GRP POPSICLE","Frozen novelties, ice type, sugar free, orange, cherry, and grape POPSICLE pops",,Good Humor - Breyers Ice Cream,,21,0.0,0.0,5.14,1.52,0.0,0.0,0.0,0.0,10.4,0.0,0,0.0,0.0,0.0,0,0.0,0.67,1,0.0,0,0.0,0.47,0.0,0.0,0.0,0.115555556,0.0,0.0,0.0,0.0,0.0,0.0,0.0,0.002380952,0.0,0.0,0.042727273
19874,Sweets,"FRZ NVL, KLONDIKE,SLIM-A-BEAR FUDG BR,98% FT FR,NO SGR ADDED","Frozen novelties, KLONDIKE, SLIM-A-BEAR Fudge Bar, 98% fat free, no sugar added",,Good Humor - Breyers Ice Cream,,124,4.31,1.88,30.07,7.1,6.0,0.0,0.0,0.0,0.9,0.0,0,0.0,0.0,0.0,138,0.0,0.71,0,0.0,0,0.0,0.0,0.0,0.0,0.0,0.01,0.0,0.0,0.0,0.0,0.0,0.115,0.0,0.0,0.0,0.0,0.0
19875,Sweets,"ICE CREAMS,BREYERS,ALL NAT LT VANILLA","Ice creams, BREYERS, All Natural Light Vanilla",,Good Humor - Breyers Ice Cream,,162,4.84,4.59,25.3,22.78,0.2,0.0,0.0,0.0,1.1,0.0,0,0.0,0.0,0.0,169,0.0,0.06,0,0.0,0,0.0,0.0,0.0,0.0,0.0,0.012222222,0.0,0.0,0.0,0.0,0.0,0.140833333,0.0,0.0,0.0,0.0,0.0
19876,Sweets,"ICE CREAMS,BREYERS,ALL NAT LT FRENCH VANILLA","Ice creams, BREYERS, All Natural Light French Vanilla",,Good Humor - Breyers Ice Cream,,173,4.82,5.56,26.03,21.11,0.2,0.0,0.0,0.0,0.9,0.0,0,0.0,0.0,0.0,155,0.0,0.21,0,0.0,0,0.0,0.0,0.0,0.0,0.0,0.01,0.0,0.0,0.0,0.0,0.0,0.129166667,0.0,0.0,0.0,0.0,0.0
19877,Sweets,"ICE CREAMS,BREYERS,98% FAT FREE VANILLA","Ice creams, BREYERS, 98% Fat Free Vanilla",,Good Humor - Breyers Ice Cream,,137,3.3,2.2,30.51,20.93,5.4,0.0,0.0,0.0,0.8,0.0,0,0.0,0.0,0.0,122,0.0,0.09,0,0.0,0,0.0,0.0,0.0,0.0,0.0,0.008888889,0.0,0.0,0.0,0.0,0.0,0.101666667,0.0,0.0,0.0,0.0,0.0
19878,Sweets,"ICE CREAMS,BREYERS,ALL NAT LT VANILLA CHOC STRAWBERRY","Ice creams, BREYERS, All Natural Light Vanilla Chocolate Strawberry",,Good Humor - Breyers Ice Cream,,161,4.69,4.35,26.06,22.47,0.4,0.0,0.0,0.0,1.7,0.0,0,0.0,0.0,0.0,158,0.0,0.31,0,0.0,0,0.0,0.0,0.0,0.0,0.0,0.018888889,0.0,0.0,0.0,0.0,0.0,0.131666667,0.0,0.0,0.0,0.0,0.0
19879,Sweets,"ICE CREAMS,BREYERS,ALL NAT LT MINT CHOC CHIP","Ice creams, BREYERS, All Natural Light Mint Chocolate Chip",,Good Humor - Breyers Ice Cream,,196,4.69,7.09,28.39,25.38,0.6,0.0,0.0,0.0,1.4,0.0,0,0.0,0.0,0.0,160,0.0,0.52,0,0.0,0,0.0,0.0,0.0,0.0,0.0,0.015555556,0.0,0.0,0.0,0.0,0.0,0.133333333,0.0,0.0,0.0,0.0,0.0
19880,Sweets,"ICE CREAMS,BREYERS,NO SUGAR ADDED,BUTTER PECAN","Ice creams, BREYERS, No Sugar Added, Butter Pecan",,Good Humor - Breyers Ice Cream,,180,3.99,10.3,21.3,5.9,0.9,0.0,0.0,0.0,0.9,0.0,0,0.0,0.0,0.0,130,0.0,0.19,0,0.0,0,0.0,0.0,0.0,0.0,0.0,0.01,0.0,0.0,0.0,0.0,0.0,0.108333333,0.0,0.0,0.0,0.0,0.0
19881,Sweets,"ICE CREAMS,BREYERS,NO SUGAR ADDED,FRENCH VANILLA","Ice creams, BREYERS, No Sugar Added, French Vanilla",,Good Humor - Breyers Ice Cream,,154,4.5,7.05,20.75,7.7,0.5,0.0,0.0,0.0,0.9,0.0,0,0.0,0.0,0.0,151,0.0,0.19,0,0.0,0,0.0,0.0,0.0,0.0,0.0,0.01,0.0,0.0,0.0,0.0,0.0,0.125833333,0.0,0.0,0.0,0.0,0.0
19882,Sweets,"ICE CREAMS,BREYERS,NO SUGAR ADDED,VANILLA","Ice creams, BREYERS, No Sugar Added, Vanilla",,Good Humor - Breyers Ice Cream,,143,3.68,6.2,21.92,6.09,0.5,0.0,0.0,0.0,0.8,0.0,0,0.0,0.0,0.0,133,0.0,0.09,0,0.0,0,0.0,0.0,0.0,0.0,0.0,0.008888889,0.0,0.0,0.0,0.0,0.0,0.110833333,0.0,0.0,0.0,0.0,0.0
19883,Sweets,"ICE CREAMS,BREYERS,NO SUGAR ADDED,VANILLA FUDGE TWIRL","Ice creams, BREYERS, No Sugar Added, Vanilla Fudge Twirl",,Good Humor - Breyers Ice Cream,,153,3.53,5.68,25.63,5.49,0.8,0.0,0.0,0.0,0.7,0.0,0,0.0,0.0,0.0,121,0.0,0.36,0,0.0,0,0.0,0.0,0.0,0.0,0.0,0.007777778,0.0,0.0,0.0,0.0,0.0,0.100833333,0.0,0.0,0.0,0.0,0.0
19884,Sweets,"ICE CREAMS,BREYERS,NO SUGAR ADDED,VANILLA CHOC STRAWBERRY","Ice creams, BREYERS, No Sugar Added, Vanilla Chocolate Strawberry",,Good Humor - Breyers Ice Cream,,143,3.71,6.26,21.7,6.15,0.7,0.0,0.0,0.0,0.8,0.0,0,0.0,0.0,0.0,132,0.0,0.27,0,0.0,0,0.0,0.0,0.0,0.0,0.0,0.008888889,0.0,0.0,0.0,0.0,0.0,0.11,0.0,0.0,0.0,0.0,0.0
19886,Sweets,"FROZEN NOVELTIES,KLONDIKE,SLIM-A-BEAR CHOC CONE","Frozen novelties, KLONDIKE, SLIM-A-BEAR Chocolate Cone",,Good Humor - Breyers Ice Cream,,224,4.09,4.1,45.32,24.62,4.3,0.0,0.0,0.0,0.6,0.0,0,0.0,0.0,0.0,125,0.0,0.75,0,0.0,0,0.0,0.0,0.0,0.0,0.0,0.006666667,0.0,0.0,0.0,0.0,0.0,0.104166667,0.0,0.0,0.0,0.0,0.0
19887,Sweets,"FROZEN NOVELTIES,KLONDIKE,SLIM-A-BEAR VANILLA SNDWCH","Frozen novelties, KLONDIKE, SLIM-A-BEAR Vanilla Sandwich",,Good Humor - Breyers Ice Cream,,239,3.9,5.85,42.75,21.82,4.3,0.0,0.0,0.0,0.7,0.0,0,0.0,0.0,0.0,142,0.0,0.38,0,0.0,0,0.0,0.0,0.0,0.0,0.0,0.007777778,0.0,0.0,0.0,0.0,0.0,0.118333333,0.0,0.0,0.0,0.0,0.0
19890,Sweets,"FROZEN NOVL,KLONDIKE,SLIM-A-BEAR,NO SGR ADDED,STICKLESS BAR","Frozen novelties, KLONDIKE, SLIM-A-BEAR, No Sugar Added, Stickless Bar",,Good Humor - Breyers Ice Cream,,242,5.2,13.0,25.98,8.64,3.9,0.0,0.0,0.0,1.0,0.0,0,0.0,0.0,0.0,289,0.0,0.41,0,0.0,0,0.0,0.0,0.0,0.0,0.0,0.011111111,0.0,0.0,0.0,0.0,0.0,0.240833333,0.0,0.0,0.0,0.0,0.0
19891,Sweets,"FROZEN NOVELTIES,NO SUGAR ADDED CREAMSICLE POPS","Frozen novelties, No Sugar Added CREAMSICLE Pops",,Good Humor - Breyers Ice Cream,,72,3.69,0.61,12.88,2.75,3.6,0.0,0.0,0.0,0.4,0.0,0,0.0,0.0,0.0,137,0.0,0.28,0,0.0,0,0.0,0.0,0.0,0.0,0.0,0.004444444,0.0,0.0,0.0,0.0,0.0,0.114166667,0.0,0.0,0.0,0.0,0.0
19892,Sweets,"FROZEN NOVELTIES,SUGAR FREE,CREAMSICLE POPS","Frozen novelties, Sugar Free, CREAMSICLE Pops",,Good Humor - Breyers Ice Cream,,49,1.37,2.33,11.95,0.43,7.5,0.0,0.0,0.0,0.0,0.0,0,0.0,0.0,0.0,23,0.0,0.03,0,0.0,0,0.0,0.0,0.0,0.0,0.0,0.0,0.0,0.0,0.0,0.0,0.0,0.019166667,0.0,0.0,0.0,0.0,0.0
19893,Sweets,"ICE CREAMS,BREYERS,ALL NAT LT FRENCH CHOC","Ice creams, BREYERS, All Natural Light French Chocolate",,Good Humor - Breyers Ice Cream,,201,5.3,7.28,29.68,24.04,1.0,0.0,0.0,0.0,1.0,0.0,0,0.0,0.0,0.0,158,0.0,0.85,0,0.0,0,0.0,0.0,0.0,0.0,0.0,0.011111111,0.0,0.0,0.0,0.0,0.0,0.131666667,0.0,0.0,0.0,0.0,0.0
19894,Sweets,"ICE CREAMS,BREYERS,98% FAT FREE CHOC","Ice creams, BREYERS, 98% Fat Free Chocolate",,Good Humor - Breyers Ice Cream,,136,3.89,2.17,30.18,20.29,5.8,0.0,0.0,0.0,0.7,0.0,0,0.0,0.0,0.0,126,0.0,0.84,0,0.0,0,0.0,0.0,0.0,0.0,0.0,0.007777778,0.0,0.0,0.0,0.0,0.0,0.105,0.0,0.0,0.0,0.0,0.0
19895,Sweets,"ICE CREAMS,BREYERS,NO SUGAR ADDED,CHOC CARAMEL","Ice creams, BREYERS, No Sugar Added, Chocolate Caramel",,Good Humor - Breyers Ice Cream,,151,3.54,5.8,25.17,5.81,1.0,0.0,0.0,0.0,0.7,0.0,0,0.0,0.0,0.0,121,0.0,0.59,0,0.0,0,0.0,0.0,0.0,0.0,0.0,0.007777778,0.0,0.0,0.0,0.0,0.0,0.100833333,0.0,0.0,0.0,0.0,0.0
19896,Sweets,"CANDIES,REESES FAST BREAK,CANDY BAR","Candies, REESEs Fast Break, milk chocolate, peanut butter, soft nougats, candy bar",,Hershey Food Corp.,,495,8.93,23.21,63.9,53.57,3.6,14.0,0.061,0.18,0.0,2.56,28,2.789,0.113,0.117,36,0.322,0.64,60,0.727,156,3.7,1.45,0.015555556,0.035882353,0.075,0.0,0.170666667,0.07,0.1743125,0.086923077,0.0975,0.03,0.000357778,0.142857143,0.222857143,0.067272727,0.131818182
19897,Sweets,"CANDIES,MARS SNACKFOOD US,COCOAVIA CHOC COVERED ALMONDS","Candies, MARS SNACKFOOD US, COCOAVIA Chocolate Covered Almonds",,Masterfoods USA,,573,9.51,37.07,50.22,26.92,10.4,0.0,0.714,2.14,27.3,4.82,0,0.0,0.0,0.0,840,0.0,3.56,0,0.0,0,0.0,0.0,0.0,0.42,0.891666667,0.303333333,0.321333333,0.0,0.0,0.0,0.0,0.7,0.0,0.0,0.0,0.0,0.0
19898,Sweets,"ICE CREAMS,REG,LO CARBOHYDRATE,VANILLA","Ice creams, regular, low carbohydrate, vanilla",,,,216,3.17,12.7,22.23,6.35,4.8,118.0,0.048,0.39,0.6,0.3,5,0.116,0.24,0.041,128,0.023,0.09,14,0.008,105,2.6,0.69,0.131111111,0.028235294,0.1625,0.006666667,0.02,0.0125,0.00725,0.184615385,0.034166667,0.106666667,2.55556e-05,0.033333333,0.15,0.047272727,0.062727273
19899,Sweets,"ICE CREAMS,REG,LO CARBOHYDRATE,CHOC","Ice creams, regular, low carbohydrate, chocolate",,,,237,3.8,12.7,26.8,6.35,4.8,118.0,0.055,0.29,0.7,0.3,16,0.226,0.194,0.042,109,0.135,0.93,29,0.14,107,2.5,0.58,0.131111111,0.032352941,0.120833333,0.007777778,0.02,0.04,0.014125,0.149230769,0.035,0.090833333,0.00015,0.069047619,0.152857143,0.045454545,0.052727273
19902,Sweets,"CHOCOLATE,DK,45- 59% CACAO SOL","Chocolate, dark, 45- 59% cacao solids",,,,546,4.88,31.28,61.17,47.9,7.0,2.0,0.042,0.23,0.0,0.54,0,0.725,0.05,0.025,56,1.028,8.02,146,1.419,206,3.0,2.01,0.002222222,0.024705882,0.095833333,0.0,0.036,0.0,0.0453125,0.038461538,0.020833333,0.046666667,0.001142222,0.347619048,0.294285714,0.054545455,0.182727273
19903,Sweets,"CHOCOLATE,DK,60-69% CACAO SOL","Chocolate, dark, 60-69% cacao solids",,,,579,6.12,38.31,52.42,36.71,8.0,3.0,0.034,0.18,0.0,0.59,0,0.838,0.049,0.032,62,1.248,6.32,176,1.325,260,8.4,2.65,0.003333333,0.02,0.075,0.0,0.039333333,0.0,0.052375,0.037692308,0.026666667,0.051666667,0.001386667,0.419047619,0.371428571,0.152727273,0.240909091
19904,Sweets,"CHOCOLATE,DK,70-85% CACAO SOL","Chocolate, dark, 70-85% cacao solids",,,,598,7.79,42.63,45.9,23.99,10.9,2.0,0.038,0.28,0.0,0.59,0,1.054,0.078,0.034,73,1.766,11.9,228,1.948,308,6.8,3.31,0.002222222,0.022352941,0.116666667,0.0,0.039333333,0.0,0.065875,0.06,0.028333333,0.060833333,0.001962222,0.542857143,0.44,0.123636364,0.300909091
19905,Sweets,"CANDIES,CHOC,DK,NFS (45-59% CACAO SOL 90%; 60-69% CACAO SOL","Candies, chocolate, dark, NFS (45-59% cacao solids 90%; 60-69% cacao solids 5%; 70-85% cacao solids 5%)",,,,550,5.09,32.2,59.97,46.14,7.2,2.0,0.041,0.23,0.0,0.55,0,0.747,0.051,0.026,57,1.076,8.13,152,1.44,214,3.5,2.11,0.002222222,0.024117647,0.095833333,0.0,0.036666667,0.0,0.0466875,0.039230769,0.021666667,0.0475,0.001195556,0.361904762,0.305714286,0.063636364,0.191818182
19906,Sweets,"SWEETENERS,FOR BAKING,BROWN,CONTAINS SUGAR & SUCRALOSE","Sweeteners, for baking, brown, contains sugar and sucralose",,,,388,0.0,0.0,97.11,45.66,0.0,0.0,0.04,0.0,0.0,0.0,0,0.08,0.015,0.015,63,0.083,1.64,10,0.066,2,0.0,0.08,0.0,0.023529412,0.0,0.0,0.0,0.0,0.005,0.011538462,0.0125,0.0525,9.22222e-05,0.023809524,0.002857143,0.0,0.007272727
19907,Sweets,"SWEETENERS,FOR BAKING,CONTAINS SUGAR & SUCRALOSE","Sweeteners, for baking, contains sugar and sucralose",,,,398,0.0,0.0,99.53,47.05,0.0,0.0,0.0,0.0,0.0,0.0,0,0.0,0.0,0.0,1,0.008,0.06,0,0.004,0,0.0,0.01,0.0,0.0,0.0,0.0,0.0,0.0,0.0,0.0,0.0,0.000833333,8.88889e-06,0.0,0.0,0.0,0.000909091
19908,Sweets,"SUGAR,TURBINADO","Sugar, turbinado",,,,399,0.0,0.0,99.8,99.19,0.0,0.0,0.0,0.0,0.0,0.0,0,0.0,0.0,0.0,12,0.009,0.37,2,0.046,1,0.0,0.03,0.0,0.0,0.0,0.0,0.0,0.0,0.0,0.0,0.0,0.01,1e-05,0.004761905,0.001428571,0.0,0.002727273
19909,Sweets,"SWEETENERS,SUGAR SUB,GRANULATED,BROWN","Sweeteners, sugar substitute, granulated, brown",,,,347,2.06,0.0,84.77,4.03,0.6,0.0,0.015,0.0,0.0,0.0,0,0.0,0.015,0.015,879,0.007,0.16,6,0.022,8,0.0,0.04,0.0,0.008823529,0.0,0.0,0.0,0.0,0.0,0.011538462,0.0125,0.7325,7.77778e-06,0.014285714,0.011428571,0.0,0.003636364
19910,Sweets,"CANDIES,CRISPY BAR W/ PNUT BUTTER FILLING","Candies, crispy bar with peanut butter filling",,,,542,9.53,31.34,55.53,40.33,3.3,15.0,0.08,0.15,0.6,2.77,68,3.64,0.1,0.13,70,0.2,1.3,49,0.0,144,0.7,0.99,0.016666667,0.047058824,0.0625,0.006666667,0.184666667,0.17,0.2275,0.076923077,0.108333333,0.058333333,0.000222222,0.116666667,0.205714286,0.012727273,0.09
19911,Sweets,"SYRUP,MAPLE,CANADIAN","Syrup, maple, Canadian",,,,270,0.0,0.0,67.38,59.92,0.0,0.0,0.0,0.0,0.0,0.0,0,0.081,1.27,0.066,109,0.0,0.11,21,2.3,0,0.0,0.7,0.0,0.0,0.0,0.0,0.0,0.0,0.0050625,0.976923077,0.055,0.090833333,0.0,0.05,0.0,0.0,0.063636364
19912,Sweets,"Sweetener, syrup, agave","Sweetener, syrup, agave",,,,310,0.09,0.45,76.37,68.03,0.2,8.0,0.234,0.0,17.0,0.98,30,0.689,0.165,0.122,1,0.009,0.09,1,0.005,1,1.7,0.01,0.008888889,0.137647059,0.0,0.188888889,0.065333333,0.075,0.0430625,0.126923077,0.101666667,0.000833333,1e-05,0.002380952,0.001428571,0.030909091,0.000909091
19913,Sweets,"Candies, NESTLE, BUTTERFINGER Crisp","Candies, NESTLE, BUTTERFINGER Crisp",,,,465,6.67,18.33,68.45,48.33,1.7,0.0,0.146,0.05,0.1,1.31,25,2.438,0.094,0.133,33,0.421,0.6,89,1.077,153,11.0,1.23,0.0,0.085882353,0.020833333,0.001111111,0.087333333,0.0625,0.152375,0.072307692,0.110833333,0.0275,0.000467778,0.211904762,0.218571429,0.2,0.111818182
19914,Sweets,"CANDIES,M&M MARS 3 MUSKETEERS TRUFFLE CRISP","Candies, M&M MARS 3 MUSKETEERS Truffle Crisp",,,,538,6.41,28.85,63.15,57.69,0.0,46.0,0.028,0.6,0.0,0.6,9,0.306,0.239,0.089,150,0.391,1.88,50,0.374,165,3.6,1.83,0.051111111,0.016470588,0.25,0.0,0.04,0.0225,0.019125,0.183846154,0.074166667,0.125,0.000434444,0.119047619,0.235714286,0.065454545,0.166363636
19916,Sweets,"SYRUPS,CHOC,HERSHEYS SUGAR FREE,GENUINE CHOC FLAV,LITE SYRU","Syrups, chocolate, HERSHEYS Sugar free, Genuine Chocolate Flavored, Lite Syrup",,,,43,2.87,2.03,14.2,0.27,2.9,0.0,0.018,0.0,0.0,0.02,5,0.371,0.071,0.017,0,0.565,2.06,74,0.579,113,2.0,0.99,0.0,0.010588235,0.0,0.0,0.001333333,0.0125,0.0231875,0.054615385,0.014166667,0.0,0.000627778,0.176190476,0.161428571,0.036363636,0.09
19917,Sweets,"CANDIES,M&M MARS PRETZEL CHOC CANDIES","Candies, M&M MARS Pretzel Chocolate Candies",,,,447,5.0,15.0,72.94,50.0,2.5,34.0,0.032,0.45,0.0,0.37,19,0.433,0.203,0.082,50,0.271,0.9,39,0.297,135,3.3,1.25,0.037777778,0.018823529,0.1875,0.0,0.024666667,0.0475,0.0270625,0.156153846,0.068333333,0.041666667,0.000301111,0.092857143,0.192857143,0.06,0.113636364
19918,Sweets,"SWEETENER,HERBAL EXTRACT PDR FROM STEVIA LEAF","Sweetener, herbal extract powder from Stevia leaf",,,,0,0.0,0.0,100.0,0.0,0.0,0.0,0.0,0.0,0.0,0.0,0,0.0,0.0,0.0,0,0.0,0.0,0,0.0,0,0.0,0.0,0.0,0.0,0.0,0.0,0.0,0.0,0.0,0.0,0.0,0.0,0.0,0.0,0.0,0.0,0.0
19919,Sweets,"CANDIES,FRUIT SNACKS,W/ HI VIT C","Candies, fruit snacks, with high vitamin C",,,,352,0.08,0.0,87.97,68.18,0.0,0.0,0.001,0.0,136.4,0.0,1,0.008,0.008,0.025,0,0.015,0.0,1,0.014,3,1.1,0.19,0.0,0.000588235,0.0,1.515555556,0.0,0.0025,0.0005,0.006153846,0.020833333,0.0,1.66667e-05,0.002380952,0.004285714,0.02,0.017272727
20001,Cereal Grains and Pasta,"AMARANTH GRAIN,UNCKD","Amaranth grain, uncooked",,,Amaranthus spp.,371,13.56,7.02,65.25,1.69,6.7,0.0,0.591,0.0,4.2,1.19,82,0.923,0.2,0.116,159,0.525,7.61,248,3.333,557,18.7,2.87,0.0,0.347647059,0.0,0.046666667,0.079333333,0.205,0.0576875,0.153846154,0.096666667,0.1325,0.000583333,0.59047619,0.795714286,0.34,0.260909091
20002,Cereal Grains and Pasta,"AMARANTH GRAIN,CKD","Amaranth grain, cooked",,,Amaranthus spp.,102,3.8,1.58,18.69,0.0,2.1,0.0,0.113,0.0,0.0,0.19,0,0.235,0.022,0.015,47,0.149,2.1,65,0.854,148,5.5,0.86,0.0,0.066470588,0.0,0.0,0.012666667,0.0,0.0146875,0.016923077,0.0125,0.039166667,0.000165556,0.154761905,0.211428571,0.1,0.078181818
20003,Cereal Grains and Pasta,ARROWROOT FLOUR,Arrowroot flour,,,,357,0.3,0.1,88.15,0.0,3.4,0.0,0.005,0.0,0.0,0.0,7,0.0,0.0,0.001,40,0.04,0.33,3,0.47,5,0.0,0.07,0.0,0.002941176,0.0,0.0,0.0,0.0175,0.0,0.0,0.000833333,0.033333333,4.44444e-05,0.007142857,0.007142857,0.0,0.006363636
20004,Cereal Grains and Pasta,"BARLEY,HULLED","Barley, hulled",,,Hordeum vulgare L.,354,12.48,2.3,73.48,0.8,17.3,1.0,0.318,0.0,0.0,0.57,19,4.604,0.285,0.646,33,0.498,3.6,133,1.943,264,37.7,2.77,0.001111111,0.187058824,0.0,0.0,0.038,0.0475,0.28775,0.219230769,0.538333333,0.0275,0.000553333,0.316666667,0.377142857,0.685454545,0.251818182
20005,Cereal Grains and Pasta,"BARLEY,PEARLED,RAW","Barley, pearled, raw",,,,352,9.91,1.16,77.72,0.8,15.6,1.0,0.26,0.0,0.0,0.02,23,4.604,0.114,0.191,29,0.42,2.5,79,1.322,221,37.7,2.13,0.001111111,0.152941176,0.0,0.0,0.001333333,0.0575,0.28775,0.087692308,0.159166667,0.024166667,0.000466667,0.188095238,0.315714286,0.685454545,0.193636364
20006,Cereal Grains and Pasta,"BARLEY,PEARLED,COOKED","Barley, pearled, cooked",,,,123,2.26,0.44,28.22,0.28,3.8,0.0,0.115,0.0,0.0,0.01,16,2.063,0.062,0.083,11,0.105,1.33,22,0.259,54,8.6,0.82,0.0,0.067647059,0.0,0.0,0.000666667,0.04,0.1289375,0.047692308,0.069166667,0.009166667,0.000116667,0.052380952,0.077142857,0.156363636,0.074545455
20008,Cereal Grains and Pasta,BUCKWHEAT,Buckwheat,,,Fagopyrum esculentum Moench,343,13.25,3.4,71.5,0.0,10.0,0.0,0.21,0.0,0.0,0.0,30,7.02,0.425,0.101,18,1.1,2.2,231,1.3,347,8.3,2.4,0.0,0.123529412,0.0,0.0,0.0,0.075,0.43875,0.326923077,0.084166667,0.015,0.001222222,0.55,0.495714286,0.150909091,0.218181818
20009,Cereal Grains and Pasta,"BUCKWHEAT GROATS,RSTD,DRY","Buckwheat groats, roasted, dry",kasha,,,346,11.73,2.71,74.95,0.0,10.3,0.0,0.353,0.0,0.0,0.0,42,5.135,0.271,0.224,17,0.624,2.47,221,1.618,319,8.4,2.42,0.0,0.207647059,0.0,0.0,0.0,0.105,0.3209375,0.208461538,0.186666667,0.014166667,0.000693333,0.526190476,0.455714286,0.152727273,0.22
20010,Cereal Grains and Pasta,"BUCKWHEAT GROATS,RSTD,CKD","Buckwheat groats, roasted, cooked",kasha,,,92,3.38,0.62,19.94,0.9,2.7,0.0,0.077,0.0,0.0,0.09,14,0.94,0.039,0.04,7,0.146,0.8,51,0.403,70,2.2,0.61,0.0,0.045294118,0.0,0.0,0.006,0.035,0.05875,0.03,0.033333333,0.005833333,0.000162222,0.121428571,0.1,0.04,0.055454545
20011,Cereal Grains and Pasta,"BUCKWHEAT FLR,WHOLE-GROAT","Buckwheat flour, whole-groat",,,,335,12.62,3.1,70.59,2.6,10.0,0.0,0.582,0.0,0.0,0.32,54,6.15,0.19,0.417,41,0.515,4.06,251,2.03,337,5.7,3.12,0.0,0.342352941,0.0,0.0,0.021333333,0.135,0.384375,0.146153846,0.3475,0.034166667,0.000572222,0.597619048,0.481428571,0.103636364,0.283636364
20012,Cereal Grains and Pasta,"BULGUR,DRY","Bulgur, dry",,,,342,12.29,1.33,75.87,0.41,12.5,0.0,0.342,0.0,0.0,0.06,27,5.114,0.115,0.232,35,0.335,2.46,164,3.048,300,2.3,1.93,0.0,0.201176471,0.0,0.0,0.004,0.0675,0.319625,0.088461538,0.193333333,0.029166667,0.000372222,0.39047619,0.428571429,0.041818182,0.175454545
20013,Cereal Grains and Pasta,"BULGUR,COOKED","Bulgur, cooked",,,,83,3.08,0.24,18.58,0.1,4.5,0.0,0.083,0.0,0.0,0.01,18,1.0,0.028,0.057,10,0.075,0.96,32,0.609,40,0.6,0.57,0.0,0.048823529,0.0,0.0,0.000666667,0.045,0.0625,0.021538462,0.0475,0.008333333,8.33333e-05,0.076190476,0.057142857,0.010909091,0.051818182
20014,Cereal Grains and Pasta,"CORN GRAIN,YEL","Corn grain, yellow","dent corn, field corn",,Zea mays mays L.,365,9.42,4.74,74.26,0.64,7.3,11.0,0.622,0.0,0.0,0.49,19,3.627,0.201,0.385,7,0.314,2.71,127,0.485,210,15.5,2.21,0.012222222,0.365882353,0.0,0.0,0.032666667,0.0475,0.2266875,0.154615385,0.320833333,0.005833333,0.000348889,0.302380952,0.3,0.281818182,0.200909091
20015,Cereal Grains and Pasta,"CORN BRAN,CRUDE","Corn bran, crude",,,,224,8.36,0.92,85.64,0.0,79.0,4.0,0.152,0.0,0.0,0.42,4,2.735,0.1,0.01,42,0.248,2.79,64,0.14,72,16.5,1.56,0.004444444,0.089411765,0.0,0.0,0.028,0.01,0.1709375,0.076923077,0.008333333,0.035,0.000275556,0.152380952,0.102857143,0.3,0.141818182
20016,Cereal Grains and Pasta,"CORN FLR,WHOLE-GRAIN,YEL","Corn flour, whole-grain, yellow",,,,361,6.93,3.86,76.85,0.64,7.3,11.0,0.37,0.0,0.0,0.42,25,1.9,0.08,0.246,7,0.23,2.38,93,0.46,272,15.4,1.73,0.012222222,0.217647059,0.0,0.0,0.028,0.0625,0.11875,0.061538462,0.205,0.005833333,0.000255556,0.221428571,0.388571429,0.28,0.157272727
20017,Cereal Grains and Pasta,"CORN FLR,MASA,ENR,WHITE","Corn flour, masa, enriched, white",,,,363,8.46,3.69,76.59,1.61,6.4,0.0,0.475,0.0,0.0,0.12,335,9.932,0.805,1.475,138,0.209,8.5,93,0.376,231,10.5,1.8,0.0,0.279411765,0.0,0.0,0.008,0.8375,0.62075,0.619230769,1.229166667,0.115,0.000232222,0.221428571,0.33,0.190909091,0.163636364
20018,Cereal Grains and Pasta,"CORN FLR,DEGERMED,UNENR,YEL","Corn flour, degermed, unenriched, yellow",,,,375,5.59,1.39,82.75,0.64,1.9,11.0,0.097,0.0,0.0,0.15,48,2.656,0.058,0.074,2,0.142,0.91,18,0.056,60,8.0,0.37,0.012222222,0.057058824,0.0,0.0,0.01,0.12,0.166,0.044615385,0.061666667,0.001666667,0.000157778,0.042857143,0.085714286,0.145454545,0.033636364
20019,Cereal Grains and Pasta,"CORN FLR,MASA,UNENR,WHITE","Corn flour, masa, unenriched, white",,,,363,8.46,3.69,76.59,1.61,6.4,0.0,0.475,0.0,0.0,0.12,29,1.634,0.097,0.223,138,0.209,1.47,93,0.376,231,10.5,1.8,0.0,0.279411765,0.0,0.0,0.008,0.0725,0.102125,0.074615385,0.185833333,0.115,0.000232222,0.221428571,0.33,0.190909091,0.163636364
20020,Cereal Grains and Pasta,"CORNMEAL,WHOLE-GRAIN,YEL","Cornmeal, whole-grain, yellow",,,,362,8.12,3.59,76.89,0.64,7.3,11.0,0.304,0.0,0.0,0.42,25,3.632,0.201,0.385,6,0.193,3.45,127,0.498,241,15.5,1.82,0.012222222,0.178823529,0.0,0.0,0.028,0.0625,0.227,0.154615385,0.320833333,0.005,0.000214444,0.302380952,0.344285714,0.281818182,0.165454545
20022,Cereal Grains and Pasta,"CORNMEAL,DEGERMED,ENR,YEL","Cornmeal, degermed, enriched, yellow",,,,370,7.11,1.75,79.45,1.61,3.9,11.0,0.182,0.0,0.0,0.12,335,4.968,0.382,0.551,3,0.076,4.36,32,0.174,99,10.5,0.66,0.012222222,0.107058824,0.0,0.0,0.008,0.8375,0.3105,0.293846154,0.459166667,0.0025,8.44444e-05,0.076190476,0.141428571,0.190909091,0.06
20023,Cereal Grains and Pasta,"CORNMEAL,SELF-RISING,BOLTED,PLN,ENR,YEL","Cornmeal, self-rising, bolted, plain, enriched, yellow",,,,334,8.28,3.4,70.28,0.0,6.7,23.0,0.54,0.0,0.0,0.0,356,5.291,0.4,0.661,361,0.15,5.76,86,0.498,804,0.0,2.0,0.025555556,0.317647059,0.0,0.0,0.0,0.89,0.3306875,0.307692308,0.550833333,0.300833333,0.000166667,0.204761905,1.148571429,0.0,0.181818182
20024,Cereal Grains and Pasta,"CORNMEAL,SELF-RISING,BOLTED,W/WHEAT FLR,ENR,YEL","Cornmeal, self-rising, bolted, with wheat flour added, enriched, yellow",,,,348,8.41,2.85,73.43,0.0,6.3,14.0,0.385,0.0,0.0,0.0,402,5.202,0.433,0.713,299,0.139,4.95,54,0.516,651,0.0,1.39,0.015555556,0.226470588,0.0,0.0,0.0,1.005,0.325125,0.333076923,0.594166667,0.249166667,0.000154444,0.128571429,0.93,0.0,0.126363636
20025,Cereal Grains and Pasta,"CORNMEAL,SELF-RISING,DEGERMED,ENR,YEL","Cornmeal, self-rising, degermed, enriched, yellow",,,,355,8.41,1.72,74.79,0.0,7.1,11.0,0.39,0.0,0.0,0.0,374,4.566,0.387,0.678,350,0.13,4.73,49,0.105,623,0.0,1.0,0.012222222,0.229411765,0.0,0.0,0.0,0.935,0.285375,0.297692308,0.565,0.291666667,0.000144444,0.116666667,0.89,0.0,0.090909091
20027,Cereal Grains and Pasta,CORNSTARCH,Cornstarch,,,,381,0.26,0.05,91.27,0.0,0.9,0.0,0.0,0.0,0.0,0.0,0,0.0,0.0,0.0,2,0.05,0.47,3,0.053,13,2.8,0.06,0.0,0.0,0.0,0.0,0.0,0.0,0.0,0.0,0.0,0.001666667,5.55556e-05,0.007142857,0.018571429,0.050909091,0.005454545
20028,Cereal Grains and Pasta,"COUSCOUS,DRY","Couscous, dry",,,,376,12.76,0.64,77.43,0.0,5.0,0.0,0.11,0.0,0.0,0.0,20,3.49,0.078,0.163,24,0.247,1.08,44,0.78,170,0.0,0.83,0.0,0.064705882,0.0,0.0,0.0,0.05,0.218125,0.06,0.135833333,0.02,0.000274444,0.104761905,0.242857143,0.0,0.075454545
20029,Cereal Grains and Pasta,"COUSCOUS,COOKED","Couscous, cooked",,,,112,3.79,0.16,23.22,0.1,1.4,0.0,0.051,0.0,0.0,0.13,15,0.983,0.027,0.063,8,0.041,0.38,8,0.084,22,27.5,0.26,0.0,0.03,0.0,0.0,0.008666667,0.0375,0.0614375,0.020769231,0.0525,0.006666667,4.55556e-05,0.019047619,0.031428571,0.5,0.023636364
20030,Cereal Grains and Pasta,"HOMINY,CANNED,WHITE","Hominy, canned, white",,,,72,1.48,0.88,14.26,1.82,2.5,0.0,0.005,0.0,0.0,0.05,1,0.033,0.006,0.003,10,0.03,0.62,16,0.07,35,3.0,1.05,0.0,0.002941176,0.0,0.0,0.003333333,0.0025,0.0020625,0.004615385,0.0025,0.008333333,3.33333e-05,0.038095238,0.05,0.054545455,0.095454545
20031,Cereal Grains and Pasta,"MILLET,RAW","Millet, raw",,,Panicum miliaceum L.,378,11.02,4.22,72.85,0.0,8.5,0.0,0.384,0.0,0.0,0.05,85,4.72,0.29,0.421,8,0.75,3.01,114,1.632,285,2.7,1.68,0.0,0.225882353,0.0,0.0,0.003333333,0.2125,0.295,0.223076923,0.350833333,0.006666667,0.000833333,0.271428571,0.407142857,0.049090909,0.152727273
20032,Cereal Grains and Pasta,"MILLET,COOKED","Millet, cooked",,,,119,3.51,1.0,23.67,0.13,1.3,0.0,0.108,0.0,0.0,0.02,19,1.33,0.082,0.106,3,0.161,0.63,44,0.272,100,0.9,0.91,0.0,0.063529412,0.0,0.0,0.001333333,0.0475,0.083125,0.063076923,0.088333333,0.0025,0.000178889,0.104761905,0.142857143,0.016363636,0.082727273
20033,Cereal Grains and Pasta,"OAT BRAN,RAW","Oat bran, raw",,,,246,17.3,7.03,66.22,1.45,15.4,0.0,0.165,0.0,0.0,1.01,52,0.934,0.22,1.17,58,0.403,5.41,235,5.63,734,45.2,3.11,0.0,0.097058824,0.0,0.0,0.067333333,0.13,0.058375,0.169230769,0.975,0.048333333,0.000447778,0.55952381,1.048571429,0.821818182,0.282727273
20034,Cereal Grains and Pasta,"OAT BRAN,COOKED","Oat bran, cooked",,,,40,3.21,0.86,11.44,0.0,2.6,0.0,0.025,0.0,0.0,0.0,6,0.144,0.034,0.16,10,0.066,0.88,40,0.964,119,7.7,0.53,0.0,0.014705882,0.0,0.0,0.0,0.015,0.009,0.026153846,0.133333333,0.008333333,7.33333e-05,0.095238095,0.17,0.14,0.048181818
20035,Cereal Grains and Pasta,"QUINOA,UNCKD","Quinoa, uncooked",,,Chenopodium quinoa Willd.,368,14.12,6.07,64.16,0.0,7.0,1.0,0.487,0.0,0.0,2.44,184,1.52,0.318,0.36,47,0.59,4.57,197,2.033,457,8.5,3.1,0.001111111,0.286470588,0.0,0.0,0.162666667,0.46,0.095,0.244615385,0.3,0.039166667,0.000655556,0.469047619,0.652857143,0.154545455,0.281818182
20036,Cereal Grains and Pasta,"RICE,BROWN,LONG-GRAIN,RAW","Rice, brown, long-grain, raw",,,Oryza sativa L.,370,7.94,2.92,77.24,0.85,3.5,0.0,0.509,0.0,0.0,0.59,20,5.091,0.093,0.401,23,0.277,1.47,143,3.743,333,23.4,2.02,0.0,0.299411765,0.0,0.0,0.039333333,0.05,0.3181875,0.071538462,0.334166667,0.019166667,0.000307778,0.34047619,0.475714286,0.425454545,0.183636364
20037,Cereal Grains and Pasta,"RICE,BROWN,LONG-GRAIN,CKD","Rice, brown, long-grain, cooked",,,,111,2.58,0.9,22.96,0.35,1.8,0.0,0.145,0.0,0.0,0.17,4,1.528,0.025,0.096,10,0.1,0.42,43,0.905,83,9.8,0.63,0.0,0.085294118,0.0,0.0,0.011333333,0.01,0.0955,0.019230769,0.08,0.008333333,0.000111111,0.102380952,0.118571429,0.178181818,0.057272727
20038,Cereal Grains and Pasta,OATS,Oats,,,Avena sativa L.,389,16.89,6.9,66.27,0.0,10.6,0.0,0.119,0.0,0.0,0.0,56,0.961,0.139,0.763,54,0.626,4.72,177,4.916,523,0.0,3.97,0.0,0.07,0.0,0.0,0.0,0.14,0.0600625,0.106923077,0.635833333,0.045,0.000695556,0.421428571,0.747142857,0.0,0.360909091
20040,Cereal Grains and Pasta,"RICE,BROWN,MEDIUM-GRAIN,RAW","Rice, brown, medium-grain, raw",,,,362,7.5,2.68,76.17,0.0,3.4,0.0,0.509,0.0,0.0,0.0,20,4.308,0.043,0.413,33,0.277,1.8,143,3.743,264,0.0,2.02,0.0,0.299411765,0.0,0.0,0.0,0.05,0.26925,0.033076923,0.344166667,0.0275,0.000307778,0.34047619,0.377142857,0.0,0.183636364
20041,Cereal Grains and Pasta,"RICE,BROWN,MEDIUM-GRAIN,CKD","Rice, brown, medium-grain, cooked",,,,112,2.32,0.83,23.51,0.0,1.8,0.0,0.149,0.0,0.0,0.0,4,1.33,0.012,0.102,10,0.081,0.53,44,1.097,77,0.0,0.62,0.0,0.087647059,0.0,0.0,0.0,0.01,0.083125,0.009230769,0.085,0.008333333,9e-05,0.104761905,0.11,0.0,0.056363636
20044,Cereal Grains and Pasta,"RICE,WHITE,LONG-GRAIN,REG,RAW,ENR","Rice, white, long-grain, regular, raw, enriched",,,,365,7.13,0.66,79.95,0.12,1.3,0.0,0.164,0.0,0.0,0.11,387,4.192,0.049,0.576,28,0.22,4.31,25,1.088,115,15.1,1.09,0.0,0.096470588,0.0,0.0,0.007333333,0.9675,0.262,0.037692308,0.48,0.023333333,0.000244444,0.05952381,0.164285714,0.274545455,0.099090909
20045,Cereal Grains and Pasta,"RICE,WHITE,LONG-GRAIN,REG,CKD,ENR","Rice, white, long-grain, regular, cooked, enriched",,,,130,2.69,0.28,28.17,0.05,0.4,0.0,0.093,0.0,0.0,0.04,97,1.476,0.013,0.163,10,0.069,1.2,12,0.472,43,7.5,0.49,0.0,0.054705882,0.0,0.0,0.002666667,0.2425,0.09225,0.01,0.135833333,0.008333333,7.66667e-05,0.028571429,0.061428571,0.136363636,0.044545455
20046,Cereal Grains and Pasta,"RICE,WHITE,LONG-GRAIN,PARBLD,ENR,DRY","Rice, white, long-grain, parboiled, enriched, dry",,,,374,7.51,1.03,80.89,0.33,1.8,0.0,0.452,0.0,0.0,0.03,431,5.048,0.05,0.603,71,0.284,3.33,27,1.035,153,19.9,1.02,0.0,0.265882353,0.0,0.0,0.002,1.0775,0.3155,0.038461538,0.5025,0.059166667,0.000315556,0.064285714,0.218571429,0.361818182,0.092727273
20047,Cereal Grains and Pasta,"RICE,WHITE,LONG-GRAIN,PARBLD,ENR,CKD","Rice, white, long-grain, parboiled, enriched, cooked",,,,123,2.91,0.37,26.05,0.11,0.9,0.0,0.156,0.0,0.0,0.01,136,2.309,0.019,0.212,19,0.07,1.81,9,0.354,55,9.3,0.37,0.0,0.091764706,0.0,0.0,0.000666667,0.34,0.1443125,0.014615385,0.176666667,0.015833333,7.77778e-05,0.021428571,0.078571429,0.169090909,0.033636364
20048,Cereal Grains and Pasta,"RICE,WHITE,LONG-GRAIN,PRECKD OR INST,ENR,DRY","Rice, white, long-grain, precooked or instant, enriched, dry",,,,380,7.82,0.94,82.32,0.05,1.9,0.0,0.122,0.0,0.0,0.04,466,7.005,0.028,0.926,22,0.177,6.3,14,0.985,118,37.2,1.43,0.0,0.071764706,0.0,0.0,0.002666667,1.165,0.4378125,0.021538462,0.771666667,0.018333333,0.000196667,0.033333333,0.168571429,0.676363636,0.13
20049,Cereal Grains and Pasta,"RICE,WHITE,LONG-GRAIN,PRECKD OR INST,ENR,PREP","Rice, white, long-grain, precooked or instant, enriched, prepared",,,,124,2.18,0.5,26.76,0.0,0.6,0.0,0.05,0.0,0.0,0.01,118,1.737,0.008,0.075,8,0.037,1.77,5,0.343,37,4.8,0.49,0.0,0.029411765,0.0,0.0,0.000666667,0.295,0.1085625,0.006153846,0.0625,0.006666667,4.11111e-05,0.011904762,0.052857143,0.087272727,0.044545455
20050,Cereal Grains and Pasta,"RICE,WHITE,MEDIUM-GRAIN,RAW,ENR","Rice, white, medium-grain, raw, enriched",,,,360,6.61,0.58,79.34,0.0,1.4,0.0,0.145,0.0,0.0,0.11,386,5.093,0.048,0.578,9,0.11,4.36,35,1.1,108,15.1,1.16,0.0,0.085294118,0.0,0.0,0.007333333,0.965,0.3183125,0.036923077,0.481666667,0.0075,0.000122222,0.083333333,0.154285714,0.274545455,0.105454545
20051,Cereal Grains and Pasta,"RICE,WHITE,MEDIUM-GRAIN,CKD","Rice, white, medium-grain, cooked",,,,130,2.38,0.21,28.59,0.0,0.3,0.0,0.05,0.0,0.0,0.0,97,1.835,0.016,0.167,3,0.038,1.49,13,0.377,37,7.5,0.42,0.0,0.029411765,0.0,0.0,0.0,0.2425,0.1146875,0.012307692,0.139166667,0.0025,4.22222e-05,0.030952381,0.052857143,0.136363636,0.038181818
20052,Cereal Grains and Pasta,"RICE,WHITE,SHORT-GRAIN,RAW","Rice, white, short-grain, raw",,,,358,6.5,0.52,79.15,0.0,2.8,0.0,0.171,0.0,0.0,0.0,389,4.113,0.048,0.565,3,0.21,4.23,23,1.037,95,15.1,1.1,0.0,0.100588235,0.0,0.0,0.0,0.9725,0.2570625,0.036923077,0.470833333,0.0025,0.000233333,0.054761905,0.135714286,0.274545455,0.1
20053,Cereal Grains and Pasta,"RICE,WHITE,SHORT-GRAIN,CKD","Rice, white, short-grain, cooked",,,,130,2.36,0.19,28.73,0.0,0.0,0.0,0.059,0.0,0.0,0.0,99,1.493,0.016,0.164,1,0.072,1.46,8,0.357,33,7.5,0.4,0.0,0.034705882,0.0,0.0,0.0,0.2475,0.0933125,0.012307692,0.136666667,0.000833333,8e-05,0.019047619,0.047142857,0.136363636,0.036363636
20054,Cereal Grains and Pasta,"RICE,WHITE,GLUTINOUS,RAW","Rice, white, glutinous, raw",,,,370,6.81,0.55,81.68,0.0,2.8,0.0,0.107,0.0,0.0,0.0,7,2.145,0.055,0.18,11,0.171,1.6,23,0.974,71,15.1,1.2,0.0,0.062941176,0.0,0.0,0.0,0.0175,0.1340625,0.042307692,0.15,0.009166667,0.00019,0.054761905,0.101428571,0.274545455,0.109090909
20055,Cereal Grains and Pasta,"RICE,WHITE,GLUTINOUS,CKD","Rice, white, glutinous, cooked",,,,97,2.02,0.19,21.09,0.05,1.0,0.0,0.026,0.0,0.0,0.04,1,0.29,0.013,0.02,2,0.049,0.14,5,0.262,8,5.6,0.41,0.0,0.015294118,0.0,0.0,0.002666667,0.0025,0.018125,0.01,0.016666667,0.001666667,5.44444e-05,0.011904762,0.011428571,0.101818182,0.037272727
20058,Cereal Grains and Pasta,"RICE,WHITE,STMD,CHINESE RESTAURANT","Rice, white, steamed, Chinese restaurant",,,,151,3.2,0.27,33.88,0.0,0.9,0.0,0.022,0.0,0.0,0.0,5,0.566,0.015,0.016,5,0.048,0.39,5,0.448,33,0.0,0.68,0.0,0.012941176,0.0,0.0,0.0,0.0125,0.035375,0.011538462,0.013333333,0.004166667,5.33333e-05,0.011904762,0.047142857,0.0,0.061818182
20060,Cereal Grains and Pasta,"RICE BRAN,CRUDE","Rice bran, crude",,,,316,13.35,20.85,49.69,0.9,21.0,0.0,4.07,0.0,0.0,4.92,63,33.995,0.284,2.753,57,0.728,18.54,781,14.21,1677,15.6,6.04,0.0,2.394117647,0.0,0.0,0.328,0.1575,2.1246875,0.218461538,2.294166667,0.0475,0.000808889,1.85952381,2.395714286,0.283636364,0.549090909
20061,Cereal Grains and Pasta,"RICE FLOUR,WHITE","Rice flour, white",,,,366,5.95,1.42,80.13,0.12,2.4,0.0,0.436,0.0,0.0,0.11,4,2.59,0.021,0.138,10,0.13,0.35,35,1.2,98,15.1,0.8,0.0,0.256470588,0.0,0.0,0.007333333,0.01,0.161875,0.016153846,0.115,0.008333333,0.000144444,0.083333333,0.14,0.274545455,0.072727273
20062,Cereal Grains and Pasta,RYE GRAIN,Rye grain,,,Secale cereale L.,338,10.34,1.63,75.86,0.98,15.1,1.0,0.294,0.0,0.0,0.85,38,4.27,0.251,0.316,24,0.367,2.63,110,2.577,332,13.9,2.65,0.001111111,0.172941176,0.0,0.0,0.056666667,0.095,0.266875,0.193076923,0.263333333,0.02,0.000407778,0.261904762,0.474285714,0.252727273,0.240909091
20063,Cereal Grains and Pasta,"RYE FLOUR,DARK","Rye flour, dark",,,,325,15.91,2.22,68.63,2.31,23.8,1.0,0.443,0.0,0.0,2.73,33,4.27,0.251,0.316,37,0.56,4.97,160,6.062,499,18.0,5.04,0.001111111,0.260588235,0.0,0.0,0.182,0.0825,0.266875,0.193076923,0.263333333,0.030833333,0.000622222,0.380952381,0.712857143,0.327272727,0.458181818
20064,Cereal Grains and Pasta,"RYE FLOUR,MEDIUM","Rye flour, medium",,,,349,10.88,1.52,75.43,1.1,11.8,0.0,0.268,0.0,0.0,1.43,34,1.727,0.114,0.287,24,0.331,2.54,63,2.412,225,14.4,2.17,0.0,0.157647059,0.0,0.0,0.095333333,0.085,0.1079375,0.087692308,0.239166667,0.02,0.000367778,0.15,0.321428571,0.261818182,0.197272727
20065,Cereal Grains and Pasta,"RYE FLOUR,LIGHT","Rye flour, light",,,,357,9.82,1.33,76.68,0.93,8.0,0.0,0.234,0.0,0.0,0.83,23,0.8,0.09,0.331,13,0.213,0.91,32,1.162,130,17.6,1.33,0.0,0.137647059,0.0,0.0,0.055333333,0.0575,0.05,0.069230769,0.275833333,0.010833333,0.000236667,0.076190476,0.185714286,0.32,0.120909091
20066,Cereal Grains and Pasta,"SEMOLINA,ENRICHED","Semolina, enriched",,,,360,12.68,1.05,72.83,0.0,3.9,0.0,0.103,0.0,0.0,0.26,261,5.99,0.571,0.811,17,0.189,4.36,47,0.619,136,89.4,1.05,0.0,0.060588235,0.0,0.0,0.017333333,0.6525,0.374375,0.439230769,0.675833333,0.014166667,0.00021,0.111904762,0.194285714,1.625454545,0.095454545
20067,Cereal Grains and Pasta,SORGHUM GRAIN,Sorghum grain,,,Sorghum spp.,329,10.62,3.46,72.09,2.53,6.7,0.0,0.443,0.0,0.0,0.5,20,3.688,0.096,0.332,13,0.284,3.36,165,1.605,289,12.2,1.67,0.0,0.260588235,0.0,0.0,0.033333333,0.05,0.2305,0.073846154,0.276666667,0.010833333,0.000315556,0.392857143,0.412857143,0.221818182,0.151818182
20068,Cereal Grains and Pasta,"TAPIOCA,PEARL,DRY","Tapioca, pearl, dry",,,,358,0.19,0.02,88.69,3.35,0.9,0.0,0.008,0.0,0.0,0.0,4,0.0,0.0,0.004,20,0.02,1.58,1,0.11,7,0.8,0.12,0.0,0.004705882,0.0,0.0,0.0,0.01,0.0,0.0,0.003333333,0.016666667,2.22222e-05,0.002380952,0.01,0.014545455,0.010909091
20069,Cereal Grains and Pasta,TRITICALE,Triticale,,,X Triticosecale spp.,336,13.05,2.09,72.13,0.0,0.0,0.0,0.138,0.0,0.0,0.9,73,1.43,0.134,0.416,37,0.457,2.57,130,3.21,358,0.0,3.45,0.0,0.081176471,0.0,0.0,0.06,0.1825,0.089375,0.103076923,0.346666667,0.030833333,0.000507778,0.30952381,0.511428571,0.0,0.313636364
20070,Cereal Grains and Pasta,"TRITICALE FLR,WHOLE-GRAIN","Triticale flour, whole-grain",,,,338,13.18,1.81,73.14,0.0,14.6,0.0,0.403,0.0,0.0,0.9,74,2.86,0.132,0.378,35,0.559,2.59,153,4.185,321,0.0,2.66,0.0,0.237058824,0.0,0.0,0.06,0.185,0.17875,0.101538462,0.315,0.029166667,0.000621111,0.364285714,0.458571429,0.0,0.241818182
20071,Cereal Grains and Pasta,"WHEAT,HARD RED SPRING","Wheat, hard red spring",,,Triticum aestivum L.,329,15.4,1.92,68.03,0.41,12.2,0.0,0.336,0.0,0.0,1.01,43,5.71,0.11,0.504,25,0.41,3.6,124,4.055,332,70.7,2.78,0.0,0.197647059,0.0,0.0,0.067333333,0.1075,0.356875,0.084615385,0.42,0.020833333,0.000455556,0.295238095,0.474285714,1.285454545,0.252727273
20072,Cereal Grains and Pasta,"WHEAT,HARD RED WINTER","Wheat, hard red winter",,,Triticum aestivum L.,327,12.61,1.54,71.18,0.41,12.2,0.0,0.3,0.0,0.0,1.01,38,5.464,0.115,0.383,29,0.434,3.19,126,3.985,288,70.7,2.65,0.0,0.176470588,0.0,0.0,0.067333333,0.095,0.3415,0.088461538,0.319166667,0.024166667,0.000482222,0.3,0.411428571,1.285454545,0.240909091
20073,Cereal Grains and Pasta,"WHEAT,SOFT RED WINTER","Wheat, soft red winter",,,Triticum aestivum L.,331,10.35,1.56,74.24,0.41,12.5,0.0,0.272,0.0,0.0,1.01,41,4.8,0.096,0.394,27,0.45,3.21,126,4.391,493,0.0,2.63,0.0,0.16,0.0,0.0,0.067333333,0.1025,0.3,0.073846154,0.328333333,0.0225,0.0005,0.3,0.704285714,0.0,0.239090909
20074,Cereal Grains and Pasta,"WHEAT,HARD WHITE","Wheat, hard white",,,Triticum aestivum L.,342,11.31,1.71,75.9,0.41,12.2,0.0,0.368,0.0,0.0,1.01,38,4.381,0.108,0.387,32,0.363,4.56,93,3.821,355,0.0,3.33,0.0,0.216470588,0.0,0.0,0.067333333,0.095,0.2738125,0.083076923,0.3225,0.026666667,0.000403333,0.221428571,0.507142857,0.0,0.302727273
20075,Cereal Grains and Pasta,"WHEAT,SOFT WHITE","Wheat, soft white",,,Triticum aestivum L.,340,10.69,1.99,75.36,0.41,12.7,0.0,0.378,0.0,0.0,1.01,41,4.766,0.107,0.41,34,0.426,5.37,90,3.406,402,0.0,3.46,0.0,0.222352941,0.0,0.0,0.067333333,0.1025,0.297875,0.082307692,0.341666667,0.028333333,0.000473333,0.214285714,0.574285714,0.0,0.314545455
20076,Cereal Grains and Pasta,"WHEAT,DURUM","Wheat, durum",,,Triticum durum Desf.,339,13.68,2.47,71.13,0.0,0.0,0.0,0.419,0.0,0.0,0.0,43,6.738,0.121,0.419,34,0.553,3.52,144,3.012,508,89.4,4.16,0.0,0.246470588,0.0,0.0,0.0,0.1075,0.421125,0.093076923,0.349166667,0.028333333,0.000614444,0.342857143,0.725714286,1.625454545,0.378181818
20077,Cereal Grains and Pasta,"WHEAT BRAN,CRUDE","Wheat bran, crude",,,,216,15.55,4.25,64.51,0.41,42.8,0.0,1.303,0.0,0.0,1.49,79,13.578,0.577,0.523,73,0.998,10.57,611,11.5,1013,77.6,7.27,0.0,0.766470588,0.0,0.0,0.099333333,0.1975,0.848625,0.443846154,0.435833333,0.060833333,0.001108889,1.454761905,1.447142857,1.410909091,0.660909091
20078,Cereal Grains and Pasta,"WHEAT GERM,CRUDE","Wheat germ, crude",,,,360,23.15,9.72,51.8,0.0,13.2,0.0,1.3,0.0,0.0,0.0,281,6.813,0.499,1.882,39,0.796,6.26,239,13.301,842,79.2,12.29,0.0,0.764705882,0.0,0.0,0.0,0.7025,0.4258125,0.383846154,1.568333333,0.0325,0.000884444,0.569047619,1.202857143,1.44,1.117272727
20080,Cereal Grains and Pasta,"WHEAT FLOUR,WHOLE-GRAIN","Wheat flour, whole-grain",,,,340,13.21,2.5,71.97,0.41,10.7,0.0,0.407,0.0,0.0,0.71,44,4.957,0.165,0.502,34,0.41,3.6,137,4.067,357,61.8,2.6,0.0,0.239411765,0.0,0.0,0.047333333,0.11,0.3098125,0.126923077,0.418333333,0.028333333,0.000455556,0.326190476,0.51,1.123636364,0.236363636
20081,Cereal Grains and Pasta,"WHEAT FLR,WHITE,ALL-PURPOSE,ENR,BLEACHED","Wheat flour, white, all-purpose, enriched, bleached",,,,364,10.33,0.98,76.31,0.27,2.7,0.0,0.044,0.0,0.0,0.06,291,5.904,0.494,0.785,15,0.144,4.64,22,0.682,108,33.9,0.7,0.0,0.025882353,0.0,0.0,0.004,0.7275,0.369,0.38,0.654166667,0.0125,0.00016,0.052380952,0.154285714,0.616363636,0.063636364
20082,Cereal Grains and Pasta,"WHEAT FLR,WHITE,ALL-PURPOSE,SELF-RISING,ENR","Wheat flour, white, all-purpose, self-rising, enriched",,,,354,9.89,0.97,74.22,0.22,2.7,0.0,0.05,0.0,0.0,0.05,307,5.832,0.414,0.674,338,0.112,4.67,19,1.0,595,34.4,0.62,0.0,0.029411765,0.0,0.0,0.003333333,0.7675,0.3645,0.318461538,0.561666667,0.281666667,0.000124444,0.045238095,0.85,0.625454545,0.056363636
20083,Cereal Grains and Pasta,"WHEAT FLR,WHITE,BREAD,ENR","Wheat flour, white, bread, enriched",,,,361,11.98,1.66,72.53,0.31,2.4,0.0,0.037,0.0,0.0,0.4,288,7.554,0.512,0.812,15,0.182,4.41,25,0.792,97,39.7,0.85,0.0,0.021764706,0.0,0.0,0.026666667,0.72,0.472125,0.393846154,0.676666667,0.0125,0.000202222,0.05952381,0.138571429,0.721818182,0.077272727
20084,Cereal Grains and Pasta,"WHEAT FLR,WHITE,CAKE,ENR","Wheat flour, white, cake, enriched",,,,362,8.2,0.86,78.03,0.31,1.7,0.0,0.033,0.0,0.0,0.02,282,6.79,0.43,0.892,14,0.139,7.32,16,0.634,85,4.9,0.62,0.0,0.019411765,0.0,0.0,0.001333333,0.705,0.424375,0.330769231,0.743333333,0.011666667,0.000154444,0.038095238,0.121428571,0.089090909,0.056363636
20086,Cereal Grains and Pasta,"WHEAT FLR,WHITE,TORTILLA MIX,ENR","Wheat flour, white, tortilla mix, enriched",,,,405,9.66,10.63,67.14,0.0,0.0,0.0,0.04,0.0,0.0,1.64,215,5.82,0.493,0.735,205,0.1,7.05,21,0.614,210,0.0,0.64,0.0,0.023529412,0.0,0.0,0.109333333,0.5375,0.36375,0.379230769,0.6125,0.170833333,0.000111111,0.05,0.3,0.0,0.058181818
20087,Cereal Grains and Pasta,"WHEAT,SPROUTED","Wheat, sprouted",,,,198,7.49,1.27,42.53,0.0,1.1,0.0,0.265,0.0,2.6,0.0,38,3.087,0.155,0.225,28,0.261,2.14,82,1.858,200,42.5,1.65,0.0,0.155882353,0.0,0.028888889,0.0,0.095,0.1929375,0.119230769,0.1875,0.023333333,0.00029,0.195238095,0.285714286,0.772727273,0.15
20088,Cereal Grains and Pasta,"WILD RICE,RAW","Wild rice, raw",,,Zizania spp.,357,14.73,1.08,74.9,2.5,6.2,1.0,0.391,0.0,0.0,0.82,95,6.733,0.262,0.115,21,0.524,1.96,177,1.329,433,2.8,5.96,0.001111111,0.23,0.0,0.0,0.054666667,0.2375,0.4208125,0.201538462,0.095833333,0.0175,0.000582222,0.421428571,0.618571429,0.050909091,0.541818182
20089,Cereal Grains and Pasta,"WILD RICE,COOKED","Wild rice, cooked",,,,101,3.99,0.34,21.34,0.73,1.8,0.0,0.135,0.0,0.0,0.24,26,1.287,0.087,0.052,3,0.121,0.6,32,0.282,82,0.8,1.34,0.0,0.079411765,0.0,0.0,0.016,0.065,0.0804375,0.066923077,0.043333333,0.0025,0.000134444,0.076190476,0.117142857,0.014545455,0.121818182
20090,Cereal Grains and Pasta,"RICE FLOUR,BROWN","Rice flour, brown",,,,363,7.23,2.78,76.48,0.85,4.6,0.0,0.736,0.0,0.0,1.2,16,6.34,0.08,0.443,11,0.23,1.98,112,4.013,337,0.0,2.45,0.0,0.432941176,0.0,0.0,0.08,0.04,0.39625,0.061538462,0.369166667,0.009166667,0.000255556,0.266666667,0.481428571,0.0,0.222727273
20091,Cereal Grains and Pasta,"PASTA,CORN,DRY","Pasta, corn, dry",,,,357,7.46,2.08,79.26,0.0,11.0,9.0,0.206,0.0,0.0,0.0,25,2.43,0.087,0.231,4,0.202,0.93,119,0.483,253,7.9,1.79,0.01,0.121176471,0.0,0.0,0.0,0.0625,0.151875,0.066923077,0.1925,0.003333333,0.000224444,0.283333333,0.361428571,0.143636364,0.162727273
20092,Cereal Grains and Pasta,"PASTA,CORN,COOKED","Pasta, corn, cooked",,,,126,2.63,0.73,27.91,0.0,4.8,3.0,0.058,0.0,0.0,0.0,6,0.556,0.023,0.053,1,0.064,0.25,36,0.153,76,2.8,0.63,0.003333333,0.034117647,0.0,0.0,0.0,0.015,0.03475,0.017692308,0.044166667,0.000833333,7.11111e-05,0.085714286,0.108571429,0.050909091,0.057272727
20093,Cereal Grains and Pasta,"PASTA,FRESH-REFRIGERATED,PLN,AS PURCHASED","Pasta, fresh-refrigerated, plain, as purchased",,,,288,11.31,2.3,54.73,0.0,0.0,14.0,0.093,0.31,0.0,0.0,284,3.35,0.439,0.705,15,0.228,3.35,46,0.547,163,0.0,1.22,0.015555556,0.054705882,0.129166667,0.0,0.0,0.71,0.209375,0.337692308,0.5875,0.0125,0.000253333,0.10952381,0.232857143,0.0,0.110909091
20094,Cereal Grains and Pasta,"PASTA,FRESH-REFRIGERATED,PLN,CKD","Pasta, fresh-refrigerated, plain, cooked",,,,131,5.15,1.05,24.93,0.0,0.0,6.0,0.034,0.14,0.0,0.0,104,0.992,0.15,0.209,6,0.093,1.14,18,0.224,63,0.0,0.56,0.006666667,0.02,0.058333333,0.0,0.0,0.26,0.062,0.115384615,0.174166667,0.005,0.000103333,0.042857143,0.09,0.0,0.050909091
20095,Cereal Grains and Pasta,"PASTA,FRESH-REFRIGERATED,SPINACH,AS PURCHASED","Pasta, fresh-refrigerated, spinach, as purchased",,,,289,11.26,2.1,55.72,0.0,0.0,25.0,0.315,0.31,0.0,0.0,262,3.46,0.398,0.609,43,0.197,3.3,63,0.781,148,0.0,1.4,0.027777778,0.185294118,0.129166667,0.0,0.0,0.655,0.21625,0.306153846,0.5075,0.035833333,0.000218889,0.15,0.211428571,0.0,0.127272727
20096,Cereal Grains and Pasta,"PASTA,FRESH-REFRIGERATED,SPINACH,CKD","Pasta, fresh-refrigerated, spinach, cooked",,,,130,5.06,0.94,25.04,0.0,0.0,10.0,0.113,0.14,0.0,0.0,96,1.011,0.134,0.178,18,0.08,1.11,24,0.316,57,0.0,0.63,0.011111111,0.066470588,0.058333333,0.0,0.0,0.24,0.0631875,0.103076923,0.148333333,0.015,8.88889e-05,0.057142857,0.081428571,0.0,0.057272727
20097,Cereal Grains and Pasta,"PASTA,HOMEMADE,MADE W/EGG,CKD","Pasta, homemade, made with egg, cooked",,,,130,5.28,1.74,23.54,0.0,0.0,17.0,0.037,0.1,0.0,0.0,60,1.257,0.174,0.173,10,0.056,1.16,14,0.183,52,0.0,0.44,0.018888889,0.021764706,0.041666667,0.0,0.0,0.15,0.0785625,0.133846154,0.144166667,0.008333333,6.22222e-05,0.033333333,0.074285714,0.0,0.04
20098,Cereal Grains and Pasta,"PASTA,HOMEMADE,MADE WO/EGG,CKD","Pasta, homemade, made without egg, cooked",,,,124,4.37,0.98,25.12,0.0,0.0,0.0,0.028,0.0,0.0,0.0,61,1.343,0.148,0.182,6,0.06,1.13,14,0.193,40,0.0,0.37,0.0,0.016470588,0.0,0.0,0.0,0.1525,0.0839375,0.113846154,0.151666667,0.005,6.66667e-05,0.033333333,0.057142857,0.0,0.033636364
20099,Cereal Grains and Pasta,"MACARONI,DRY,ENR","Macaroni, dry, enriched",,,,371,13.04,1.51,74.67,2.67,3.2,0.0,0.142,0.0,0.0,0.11,391,7.177,0.4,0.891,21,0.289,3.3,53,0.917,189,63.2,1.41,0.0,0.083529412,0.0,0.0,0.007333333,0.9775,0.4485625,0.307692308,0.7425,0.0175,0.000321111,0.126190476,0.27,1.149090909,0.128181818
20100,Cereal Grains and Pasta,"MACARONI,COOKED,ENRICHED","Macaroni, cooked, enriched",,,,158,5.8,0.93,30.86,0.56,1.8,0.0,0.049,0.0,0.0,0.06,119,1.689,0.136,0.274,7,0.1,1.28,18,0.322,58,26.4,0.51,0.0,0.028823529,0.0,0.0,0.004,0.2975,0.1055625,0.104615385,0.228333333,0.005833333,0.000111111,0.042857143,0.082857143,0.48,0.046363636
20101,Cereal Grains and Pasta,"MACARONI,PROTEIN-FORTIFIED,DRY,ENR,(N X 5.70)","Macaroni, protein-fortified, dry, enriched, (n x 5.70)",,,,375,19.86,2.23,67.56,0.0,2.4,0.0,0.178,0.0,0.0,0.0,458,7.654,0.475,1.187,39,0.278,4.15,65,0.91,163,0.0,1.79,0.0,0.104705882,0.0,0.0,0.0,1.145,0.478375,0.365384615,0.989166667,0.0325,0.000308889,0.154761905,0.232857143,0.0,0.162727273
20102,Cereal Grains and Pasta,"MACARONI,PROTEIN-FORTIFIED,CKD,ENR,(N X 5.70)","Macaroni, protein-fortified, cooked, enriched, (n x 5.70)",,,,164,8.08,0.21,31.66,0.0,0.0,0.0,0.064,0.0,0.0,0.0,132,1.837,0.161,0.298,10,0.084,0.72,30,0.417,50,0.0,0.5,0.0,0.037647059,0.0,0.0,0.0,0.33,0.1148125,0.123846154,0.248333333,0.008333333,9.33333e-05,0.071428571,0.071428571,0.0,0.045454545
20105,Cereal Grains and Pasta,"MACARONI,VEG,DRY,ENR","Macaroni, vegetable, dry, enriched",,,,367,13.14,1.04,74.88,0.0,4.3,8.0,0.129,0.0,0.0,0.0,460,7.328,0.525,1.032,34,0.2,4.28,46,3.846,116,0.0,0.76,0.008888889,0.075882353,0.0,0.0,0.0,1.15,0.458,0.403846154,0.86,0.028333333,0.000222222,0.10952381,0.165714286,0.0,0.069090909
20106,Cereal Grains and Pasta,"MACARONI,VEG,CKD,ENR","Macaroni, vegetable, cooked, enriched",,,,128,4.53,0.11,26.61,1.15,4.3,5.0,0.024,0.0,0.0,0.21,106,1.071,0.061,0.112,11,0.092,0.49,19,0.986,50,19.8,0.44,0.005555556,0.014117647,0.0,0.0,0.014,0.265,0.0669375,0.046923077,0.093333333,0.009166667,0.000102222,0.045238095,0.071428571,0.36,0.04
20107,Cereal Grains and Pasta,"MACARONI,WHOLE-WHEAT,DRY","Macaroni, whole-wheat, dry",,,,348,14.63,1.4,75.03,0.0,8.3,0.0,0.223,0.0,0.0,0.0,57,5.13,0.143,0.488,40,0.454,3.63,143,3.055,258,0.0,2.37,0.0,0.131176471,0.0,0.0,0.0,0.1425,0.320625,0.11,0.406666667,0.033333333,0.000504444,0.34047619,0.368571429,0.0,0.215454545
20108,Cereal Grains and Pasta,"MACARONI,WHOLE-WHEAT,CKD","Macaroni, whole-wheat, cooked",,,,124,5.33,0.54,26.54,0.8,2.8,0.0,0.079,0.0,0.0,0.3,5,0.707,0.045,0.108,15,0.167,1.06,30,1.379,89,25.9,0.81,0.0,0.046470588,0.0,0.0,0.02,0.0125,0.0441875,0.034615385,0.09,0.0125,0.000185556,0.071428571,0.127142857,0.470909091,0.073636364
20109,Cereal Grains and Pasta,"NOODLES,EGG,DRY,ENRICHED","Noodles, egg, dry, enriched",,,,384,14.16,4.44,71.27,1.88,3.3,17.0,0.216,0.29,0.0,0.37,370,8.387,0.426,1.133,35,0.297,4.01,58,0.855,241,78.8,1.92,0.018888889,0.127058824,0.120833333,0.0,0.024666667,0.925,0.5241875,0.327692308,0.944166667,0.029166667,0.00033,0.138095238,0.344285714,1.432727273,0.174545455
20110,Cereal Grains and Pasta,"NOODLES,EGG,CKD,ENR","Noodles, egg, cooked, enriched",,,,138,4.54,2.07,25.16,0.4,1.2,6.0,0.046,0.09,0.0,0.17,138,2.077,0.136,0.289,12,0.098,1.47,21,0.315,76,23.9,0.65,0.006666667,0.027058824,0.0375,0.0,0.011333333,0.345,0.1298125,0.104615385,0.240833333,0.01,0.000108889,0.05,0.108571429,0.434545455,0.059090909
20111,Cereal Grains and Pasta,"NOODLES,EGG,SPINACH,DRY,ENR","Noodles, egg, spinach, dry, enriched",,,,382,14.61,4.55,70.32,0.0,6.8,0.0,0.412,0.4,0.0,0.0,354,6.575,0.477,1.091,56,0.257,4.2,82,1.02,193,0.0,1.83,0.0,0.242352941,0.166666667,0.0,0.0,0.885,0.4109375,0.366923077,0.909166667,0.046666667,0.000285556,0.195238095,0.275714286,0.0,0.166363636
20112,Cereal Grains and Pasta,"NOODLES,EGG,SPINACH,CKD,ENR","Noodles, egg, spinach, cooked, enriched",,,,132,5.04,1.57,24.25,0.71,2.3,10.0,0.114,0.14,0.0,0.55,94,1.474,0.123,0.245,19,0.08,1.09,24,0.317,57,21.8,0.63,0.011111111,0.067058824,0.058333333,0.0,0.036666667,0.235,0.092125,0.094615385,0.204166667,0.015833333,8.88889e-05,0.057142857,0.081428571,0.396363636,0.057272727
20113,Cereal Grains and Pasta,"NOODLES,CHINESE,CHOW MEIN","Noodles, chinese, chow mein",,,,475,8.11,15.43,72.8,5.71,3.7,0.0,0.11,0.0,0.0,2.3,165,5.95,0.421,0.578,20,0.167,4.73,52,0.0,161,43.0,1.4,0.0,0.064705882,0.0,0.0,0.153333333,0.4125,0.371875,0.323846154,0.481666667,0.016666667,0.000185556,0.123809524,0.23,0.781818182,0.127272727
20114,Cereal Grains and Pasta,"NOODLES,JAPANESE,SOBA,DRY","Noodles, japanese, soba, dry",,,,336,14.38,0.71,74.62,0.0,0.0,0.0,0.24,0.0,0.0,0.0,60,3.21,0.13,0.48,35,0.23,2.7,95,1.291,254,0.0,1.71,0.0,0.141176471,0.0,0.0,0.0,0.15,0.200625,0.1,0.4,0.029166667,0.000255556,0.226190476,0.362857143,0.0,0.155454545
20115,Cereal Grains and Pasta,"NOODLES,JAPANESE,SOBA,CKD","Noodles, japanese, soba, cooked",,,,99,5.06,0.1,21.44,0.0,0.0,0.0,0.04,0.0,0.0,0.0,7,0.51,0.026,0.094,4,0.008,0.48,9,0.374,25,0.0,0.12,0.0,0.023529412,0.0,0.0,0.0,0.0175,0.031875,0.02,0.078333333,0.003333333,8.88889e-06,0.021428571,0.035714286,0.0,0.010909091
20116,Cereal Grains and Pasta,"NOODLES,JAPANESE,SOMEN,DRY","Noodles, japanese, somen, dry",,,,356,11.35,0.81,74.1,0.0,4.3,0.0,0.05,0.0,0.0,0.0,14,0.875,0.026,0.101,23,0.144,1.32,28,0.479,80,8.3,0.45,0.0,0.029411765,0.0,0.0,0.0,0.035,0.0546875,0.02,0.084166667,0.019166667,0.00016,0.066666667,0.114285714,0.150909091,0.040909091
20117,Cereal Grains and Pasta,"NOODLES,JAPANESE,SOMEN,CKD","Noodles, japanese, somen, cooked",,,,131,4.0,0.18,27.54,0.0,0.0,0.0,0.013,0.0,0.0,0.0,2,0.097,0.033,0.02,8,0.025,0.52,2,0.251,27,0.0,0.22,0.0,0.007647059,0.0,0.0,0.0,0.005,0.0060625,0.025384615,0.016666667,0.006666667,2.77778e-05,0.004761905,0.038571429,0.0,0.02
20118,Cereal Grains and Pasta,"NOODLES,FLAT,CRUNCHY,CHINESE RESTAURANT","Noodles, flat, crunchy, Chinese restaurant",,,,521,10.33,31.72,51.9,0.25,1.9,0.0,0.027,0.0,0.0,3.29,17,2.52,0.112,0.195,21,0.122,1.76,21,0.363,87,32.1,0.63,0.0,0.015882353,0.0,0.0,0.219333333,0.0425,0.1575,0.086153846,0.1625,0.0175,0.000135556,0.05,0.124285714,0.583636364,0.057272727
20120,Cereal Grains and Pasta,"SPAGHETTI,DRY,ENRICHED","Spaghetti, dry, enriched",,,,371,13.04,1.51,74.67,2.67,3.2,0.0,0.142,0.0,0.0,0.11,391,7.177,0.4,0.891,21,0.289,3.3,53,0.917,189,63.2,1.41,0.0,0.083529412,0.0,0.0,0.007333333,0.9775,0.4485625,0.307692308,0.7425,0.0175,0.000321111,0.126190476,0.27,1.149090909,0.128181818
20121,Cereal Grains and Pasta,"SPAGHETTI,CKD,ENR,WO/ SALT","Spaghetti, cooked, enriched, without added salt",,,,158,5.8,0.93,30.86,0.56,1.8,0.0,0.049,0.0,0.0,0.06,119,1.689,0.136,0.274,7,0.1,1.28,18,0.322,58,26.4,0.51,0.0,0.028823529,0.0,0.0,0.004,0.2975,0.1055625,0.104615385,0.228333333,0.005833333,0.000111111,0.042857143,0.082857143,0.48,0.046363636
20122,Cereal Grains and Pasta,"SPAGHETTI,PROTEIN-FORTIFIED,DRY,ENR (N X 5.70)","Spaghetti, protein-fortified, dry, enriched (n x 5.70)",,,,375,19.86,2.23,67.56,0.0,0.0,0.0,0.178,0.0,0.0,0.0,458,7.654,0.475,1.187,39,0.278,4.15,65,0.91,163,0.0,1.79,0.0,0.104705882,0.0,0.0,0.0,1.145,0.478375,0.365384615,0.989166667,0.0325,0.000308889,0.154761905,0.232857143,0.0,0.162727273
20123,Cereal Grains and Pasta,"SPAGHETTI,PROTEIN-FORTIFIED,CKD,ENR (N X 5.70)","Spaghetti, protein-fortified, cooked, enriched (N x 5.70)",,,,164,8.08,0.21,31.66,0.0,1.7,0.0,0.064,0.0,0.0,0.0,132,1.837,0.161,0.298,10,0.084,0.72,30,0.417,50,25.2,0.5,0.0,0.037647059,0.0,0.0,0.0,0.33,0.1148125,0.123846154,0.248333333,0.008333333,9.33333e-05,0.071428571,0.071428571,0.458181818,0.045454545
20124,Cereal Grains and Pasta,"SPAGHETTI,WHOLE-WHEAT,DRY","Spaghetti, whole-wheat, dry",,,,348,14.63,1.4,75.03,0.0,0.0,0.0,0.223,0.0,0.0,0.0,57,5.13,0.143,0.488,40,0.454,3.63,143,3.055,258,73.0,2.37,0.0,0.131176471,0.0,0.0,0.0,0.1425,0.320625,0.11,0.406666667,0.033333333,0.000504444,0.34047619,0.368571429,1.327272727,0.215454545
20125,Cereal Grains and Pasta,"SPAGHETTI,WHOLE-WHEAT,CKD","Spaghetti, whole-wheat, cooked",,,,124,5.33,0.54,26.54,0.8,4.5,0.0,0.079,0.0,0.0,0.3,5,0.707,0.045,0.108,15,0.167,1.06,30,1.379,89,25.9,0.81,0.0,0.046470588,0.0,0.0,0.02,0.0125,0.0441875,0.034615385,0.09,0.0125,0.000185556,0.071428571,0.127142857,0.470909091,0.073636364
20126,Cereal Grains and Pasta,"SPAGHETTI,SPINACH,DRY","Spaghetti, spinach, dry",,,,372,13.35,1.57,74.81,2.72,10.6,23.0,0.323,0.0,0.0,0.74,48,4.55,0.196,0.373,58,0.499,2.13,174,2.645,332,63.5,2.76,0.025555556,0.19,0.0,0.0,0.049333333,0.12,0.284375,0.150769231,0.310833333,0.048333333,0.000554444,0.414285714,0.474285714,1.154545455,0.250909091
20127,Cereal Grains and Pasta,"SPAGHETTI,SPINACH,COOKED","Spaghetti, spinach, cooked",,,,130,4.58,0.63,26.15,0.0,0.0,8.0,0.096,0.0,0.0,0.0,12,1.53,0.103,0.097,30,0.205,1.04,62,1.504,108,22.1,1.08,0.008888889,0.056470588,0.0,0.0,0.0,0.03,0.095625,0.079230769,0.080833333,0.025,0.000227778,0.147619048,0.154285714,0.401818182,0.098181818
20129,Cereal Grains and Pasta,"WHEAT FLOURS,BREAD,UNENR","Wheat flours, bread, unenriched",,,,361,11.98,1.66,72.53,0.31,2.4,0.0,0.037,0.0,0.0,0.4,33,1.0,0.06,0.08,15,0.182,0.9,25,0.792,97,39.7,0.85,0.0,0.021764706,0.0,0.0,0.026666667,0.0825,0.0625,0.046153846,0.066666667,0.0125,0.000202222,0.05952381,0.138571429,0.721818182,0.077272727
20130,Cereal Grains and Pasta,BARLEY FLOUR OR MEAL,Barley flour or meal,,,,345,10.5,1.6,74.52,0.8,10.1,0.0,0.396,0.0,0.0,0.57,8,6.269,0.114,0.37,32,0.343,2.68,96,1.034,296,37.7,2.0,0.0,0.232941176,0.0,0.0,0.038,0.02,0.3918125,0.087692308,0.308333333,0.026666667,0.000381111,0.228571429,0.422857143,0.685454545,0.181818182
20131,Cereal Grains and Pasta,BARLEY MALT FLR,Barley malt flour,,,,361,10.28,1.84,78.3,0.8,7.1,1.0,0.655,0.0,0.6,0.57,38,5.636,0.308,0.309,37,0.27,4.71,97,1.193,303,37.7,2.06,0.001111111,0.385294118,0.0,0.006666667,0.038,0.095,0.35225,0.236923077,0.2575,0.030833333,0.0003,0.230952381,0.432857143,0.685454545,0.187272727
20132,Cereal Grains and Pasta,"OAT FLR,PART DEBRANNED","Oat flour, partially debranned",,,,404,14.66,9.12,65.7,0.8,6.5,0.0,0.125,0.0,0.0,0.7,32,1.474,0.125,0.692,55,0.437,4.0,144,4.019,452,34.0,3.2,0.0,0.073529412,0.0,0.0,0.046666667,0.08,0.092125,0.096153846,0.576666667,0.045833333,0.000485556,0.342857143,0.645714286,0.618181818,0.290909091
20133,Cereal Grains and Pasta,"RICE NOODLES,DRY","Rice noodles, dry",,,,364,5.95,0.56,80.18,0.12,1.6,0.0,0.015,0.0,0.0,0.11,3,0.221,0.017,0.031,18,0.078,0.7,12,0.498,153,15.1,0.74,0.0,0.008823529,0.0,0.0,0.007333333,0.0075,0.0138125,0.013076923,0.025833333,0.015,8.66667e-05,0.028571429,0.218571429,0.274545455,0.067272727
20134,Cereal Grains and Pasta,"RICE NOODLES,CKD","Rice noodles, cooked",,,,108,1.79,0.2,24.01,0.03,1.0,0.0,0.006,0.0,0.0,0.03,1,0.072,0.004,0.018,4,0.038,0.14,3,0.114,20,4.5,0.25,0.0,0.003529412,0.0,0.0,0.002,0.0025,0.0045,0.003076923,0.015,0.003333333,4.22222e-05,0.007142857,0.028571429,0.081818182,0.022727273
20137,Cereal Grains and Pasta,"QUINOA,CKD","Quinoa, cooked",,,Chenopodium quinoa Willd.,120,4.4,1.92,21.3,0.87,2.8,0.0,0.123,0.0,0.0,0.63,42,0.412,0.11,0.107,17,0.192,1.49,64,0.631,152,2.8,1.09,0.0,0.072352941,0.0,0.0,0.042,0.105,0.02575,0.084615385,0.089166667,0.014166667,0.000213333,0.152380952,0.217142857,0.050909091,0.099090909
20138,Cereal Grains and Pasta,"WHEAT,KAMUT KHORASAN,UNCKD","Wheat, KAMUT khorasan, uncooked",khorassan wheat,,Triticum turgidum subsp. turanicum (Jakubz.),337,14.54,2.13,70.58,7.84,11.1,1.0,0.259,0.0,0.0,0.61,0,6.375,0.184,0.566,22,0.506,3.77,130,2.735,364,81.5,3.68,0.001111111,0.152352941,0.0,0.0,0.040666667,0.0,0.3984375,0.141538462,0.471666667,0.018333333,0.000562222,0.30952381,0.52,1.481818182,0.334545455
20139,Cereal Grains and Pasta,"WHEAT,KAMUT KHORASAN,CKD","Wheat, KAMUT khorasan, cooked",khorassan wheat,,Triticum turgidum subsp. turanicum (Jakubz.),132,5.71,0.83,27.6,3.07,4.3,0.0,0.07,0.0,0.0,0.24,11,2.305,0.03,0.095,9,0.207,1.76,48,1.03,147,31.9,1.84,0.0,0.041176471,0.0,0.0,0.016,0.0275,0.1440625,0.023076923,0.079166667,0.0075,0.00023,0.114285714,0.21,0.58,0.167272727
20140,Cereal Grains and Pasta,"SPELT,UNCKD","Spelt, uncooked",,,Triticum aestivum L. subsp. spelta,338,14.57,2.43,70.19,6.82,10.7,0.0,0.23,0.0,0.0,0.79,45,6.843,0.113,0.364,27,0.511,4.44,136,2.983,401,11.7,3.28,0.0,0.135294118,0.0,0.0,0.052666667,0.1125,0.4276875,0.086923077,0.303333333,0.0225,0.000567778,0.323809524,0.572857143,0.212727273,0.298181818
20141,Cereal Grains and Pasta,"SPELT,CKD","Spelt, cooked",,,Triticum aestivum L. subsp. spelta,127,5.5,0.85,26.44,0.0,3.9,0.0,0.08,0.0,0.0,0.26,13,2.57,0.03,0.103,10,0.215,1.67,49,1.091,150,4.0,1.25,0.0,0.047058824,0.0,0.0,0.017333333,0.0325,0.160625,0.023076923,0.085833333,0.008333333,0.000238889,0.116666667,0.214285714,0.072727273,0.113636364
20142,Cereal Grains and Pasta,"TEFF,UNCKD","Teff, uncooked",,,Eragrostis tef (Zuccagni) Trotter,367,13.3,2.38,73.13,1.84,8.0,0.0,0.482,0.0,0.0,0.08,0,3.363,0.27,0.39,180,0.81,7.63,184,9.24,429,4.4,3.63,0.0,0.283529412,0.0,0.0,0.005333333,0.0,0.2101875,0.207692308,0.325,0.15,0.0009,0.438095238,0.612857143,0.08,0.33
20143,Cereal Grains and Pasta,"TEFF,CKD","Teff, cooked",,,Eragrostis tef (Zuccagni) Trotter,101,3.87,0.65,19.86,0.0,2.8,0.0,0.097,0.0,0.0,0.0,18,0.909,0.033,0.183,49,0.226,2.05,50,2.86,120,0.0,1.11,0.0,0.057058824,0.0,0.0,0.0,0.045,0.0568125,0.025384615,0.1525,0.040833333,0.000251111,0.119047619,0.171428571,0.0,0.100909091
20301,Cereal Grains and Pasta,"MACARONI,PROTEIN-FORTIFIED,DRY,ENR,(N X 6.25)","Macaroni, protein-fortified, dry, enriched, (n x 6.25)",,,,374,21.78,2.23,65.65,0.0,2.4,0.0,0.178,0.0,0.0,0.0,458,7.654,0.475,1.187,39,0.278,4.15,65,0.91,163,0.0,1.79,0.0,0.104705882,0.0,0.0,0.0,1.145,0.478375,0.365384615,0.989166667,0.0325,0.000308889,0.154761905,0.232857143,0.0,0.162727273
20302,Cereal Grains and Pasta,"MACARONI,PROTEIN-FORTIFIED,CKD,ENR,(N X 6.25)","Macaroni, protein-fortified, cooked, enriched, (n x 6.25)",,,,164,8.86,0.21,30.88,0.0,1.5,0.0,0.064,0.0,0.0,0.0,132,1.837,0.161,0.298,10,0.084,0.72,30,0.417,50,0.0,0.5,0.0,0.037647059,0.0,0.0,0.0,0.33,0.1148125,0.123846154,0.248333333,0.008333333,9.33333e-05,0.071428571,0.071428571,0.0,0.045454545
20310,Cereal Grains and Pasta,"NOODLES,EGG,CKD,ENR,W/ SALT","Noodles, egg, cooked, enriched, with added salt",,,,138,4.54,2.07,25.16,0.4,1.2,6.0,0.046,0.09,0.0,0.17,138,2.077,0.136,0.289,12,0.098,1.47,21,0.315,76,23.9,0.65,0.006666667,0.027058824,0.0375,0.0,0.011333333,0.345,0.1298125,0.104615385,0.240833333,0.01,0.000108889,0.05,0.108571429,0.434545455,0.059090909
20314,Cereal Grains and Pasta,"CORN GRAIN,WHITE","Corn grain, white","dent corn, field corn",,,365,9.42,4.74,74.26,0.0,0.0,0.0,0.622,0.0,0.0,0.0,0,3.627,0.201,0.385,7,0.314,2.71,127,0.485,210,15.5,2.21,0.0,0.365882353,0.0,0.0,0.0,0.0,0.2266875,0.154615385,0.320833333,0.005833333,0.000348889,0.302380952,0.3,0.281818182,0.200909091
20315,Cereal Grains and Pasta,"CORN FLR,WHOLE-GRAIN,BLUE (HARINA DE MAIZ MORADO)","Corn flour, whole-grain, blue (harina de maiz morado)",,,,364,8.75,5.09,73.89,0.0,8.4,0.0,0.47,0.0,0.0,0.0,0,2.6,0.23,0.16,5,0.154,1.74,110,0.54,263,2.2,2.24,0.0,0.276470588,0.0,0.0,0.0,0.0,0.1625,0.176923077,0.133333333,0.004166667,0.000171111,0.261904762,0.375714286,0.04,0.203636364
20316,Cereal Grains and Pasta,"CORN FLR,WHOLE-GRAIN,WHITE","Corn flour, whole-grain, white",,,,361,6.93,3.86,76.85,0.64,7.3,0.0,0.37,0.0,0.0,0.42,25,1.9,0.08,0.246,7,0.23,2.38,93,0.46,272,15.4,1.73,0.0,0.217647059,0.0,0.0,0.028,0.0625,0.11875,0.061538462,0.205,0.005833333,0.000255556,0.221428571,0.388571429,0.28,0.157272727
20317,Cereal Grains and Pasta,"CORN FLR,MASA,ENR,YEL","Corn flour, masa, enriched, yellow",,,,363,8.46,3.69,76.59,0.0,6.4,11.0,0.475,0.0,0.0,0.0,335,9.932,0.805,1.475,138,0.209,8.5,93,0.376,231,10.5,1.8,0.012222222,0.279411765,0.0,0.0,0.0,0.8375,0.62075,0.619230769,1.229166667,0.115,0.000232222,0.221428571,0.33,0.190909091,0.163636364
20320,Cereal Grains and Pasta,"CORNMEAL,WHOLE-GRAIN,WHITE","Cornmeal, whole-grain, white",,,,362,8.12,3.59,76.89,0.64,7.3,0.0,0.304,0.0,0.0,0.42,25,3.632,0.201,0.385,6,0.193,3.45,127,0.498,241,15.5,1.82,0.0,0.178823529,0.0,0.0,0.028,0.0625,0.227,0.154615385,0.320833333,0.005,0.000214444,0.302380952,0.344285714,0.281818182,0.165454545
20321,Cereal Grains and Pasta,"SPAGHETTI,CKD,ENR,W/ SALT","Spaghetti, cooked, enriched, with added salt",,,,157,5.8,0.93,30.59,0.56,1.8,0.0,0.049,0.0,0.0,0.06,119,1.689,0.136,0.274,7,0.1,1.28,18,0.322,58,26.4,0.51,0.0,0.028823529,0.0,0.0,0.004,0.2975,0.1055625,0.104615385,0.228333333,0.005833333,0.000111111,0.042857143,0.082857143,0.48,0.046363636
20322,Cereal Grains and Pasta,"CORNMEAL,DEGERMED,ENR,WHITE","Cornmeal, degermed, enriched, white",,,,370,7.11,1.75,79.45,1.61,3.9,0.0,0.182,0.0,0.0,0.12,335,4.968,0.382,0.551,3,0.076,4.36,32,0.174,99,10.5,0.66,0.0,0.107058824,0.0,0.0,0.008,0.8375,0.3105,0.293846154,0.459166667,0.0025,8.44444e-05,0.076190476,0.141428571,0.190909091,0.06
20323,Cereal Grains and Pasta,"CORNMEAL,SELF-RISING,BOLTED,PLN,ENR,WHITE","Cornmeal, self-rising, bolted, plain, enriched, white",,,,334,8.28,3.4,70.28,0.0,6.7,0.0,0.54,0.0,0.0,0.0,356,5.291,0.4,0.661,361,0.15,5.76,86,0.0,804,0.0,2.0,0.0,0.317647059,0.0,0.0,0.0,0.89,0.3306875,0.307692308,0.550833333,0.300833333,0.000166667,0.204761905,1.148571429,0.0,0.181818182
20324,Cereal Grains and Pasta,"CORNMEAL,SELF-RISING,BOLTED,W/WHEAT FLR,ENR,WHITE","Cornmeal, self-rising, bolted, with wheat flour added, enriched, white",,,,348,8.41,2.85,73.43,0.0,6.3,0.0,0.385,0.0,0.0,0.0,402,5.202,0.433,0.713,299,0.139,4.95,54,0.0,651,0.0,1.39,0.0,0.226470588,0.0,0.0,0.0,1.005,0.325125,0.333076923,0.594166667,0.249166667,0.000154444,0.128571429,0.93,0.0,0.126363636
20325,Cereal Grains and Pasta,"CORNMEAL,SELF-RISING,DEGERMED,ENR,WHITE","Cornmeal, self-rising, degermed, enriched, white",,,,355,8.41,1.72,74.79,0.0,7.1,0.0,0.39,0.0,0.0,0.0,375,4.566,0.387,0.678,350,0.13,4.73,49,0.0,623,0.0,1.0,0.0,0.229411765,0.0,0.0,0.0,0.9375,0.285375,0.297692308,0.565,0.291666667,0.000144444,0.116666667,0.89,0.0,0.090909091
20330,Cereal Grains and Pasta,"HOMINY,CANNED,YELLOW","Hominy, canned, yellow",,,,72,1.48,0.88,14.26,0.0,2.5,0.0,0.005,0.0,0.0,0.0,1,0.033,0.006,0.003,10,0.03,0.62,16,0.07,35,3.0,1.05,0.0,0.002941176,0.0,0.0,0.0,0.0025,0.0020625,0.004615385,0.0025,0.008333333,3.33333e-05,0.038095238,0.05,0.054545455,0.095454545
20345,Cereal Grains and Pasta,"RICE,WHITE,LONG-GRAIN,REG,CKD,ENR,W/SALT","Rice, white, long-grain, regular, cooked, enriched, with salt",,,,130,2.69,0.28,28.17,0.05,0.4,0.0,0.093,0.0,0.0,0.04,97,1.476,0.013,0.163,10,0.069,1.2,12,0.472,43,7.5,0.49,0.0,0.054705882,0.0,0.0,0.002666667,0.2425,0.09225,0.01,0.135833333,0.008333333,7.66667e-05,0.028571429,0.061428571,0.136363636,0.044545455
20381,Cereal Grains and Pasta,"WHEAT FLR,WHITE,ALL-PURPOSE,ENR,CALCIUM-FORTIFIED","Wheat flour, white, all-purpose, enriched, calcium-fortified",,,,364,10.33,0.98,76.31,0.0,2.7,0.0,0.044,0.0,0.0,0.06,291,5.904,0.494,0.785,252,0.144,4.64,22,0.682,108,0.0,0.7,0.0,0.025882353,0.0,0.0,0.004,0.7275,0.369,0.38,0.654166667,0.21,0.00016,0.052380952,0.154285714,0.0,0.063636364
20400,Cereal Grains and Pasta,"MACARONI,CKD,UNENR","Macaroni, cooked, unenriched",,,,158,5.8,0.93,30.86,0.56,1.8,0.0,0.049,0.0,0.0,0.06,7,0.4,0.02,0.02,7,0.1,0.5,18,0.322,58,26.4,0.51,0.0,0.028823529,0.0,0.0,0.004,0.0175,0.025,0.015384615,0.016666667,0.005833333,0.000111111,0.042857143,0.082857143,0.48,0.046363636
20409,Cereal Grains and Pasta,"NOODLES,EGG,DRY,UNENR","Noodles, egg, dry, unenriched",,,,384,14.16,4.44,71.27,1.88,3.3,17.0,0.216,0.29,0.0,0.37,29,2.1,0.09,0.17,35,0.297,1.9,58,0.855,241,78.8,1.92,0.018888889,0.127058824,0.120833333,0.0,0.024666667,0.0725,0.13125,0.069230769,0.141666667,0.029166667,0.00033,0.138095238,0.344285714,1.432727273,0.174545455
20410,Cereal Grains and Pasta,"NOODLES,EGG,CKD,UNENR,WO/ SALT","Noodles, egg, cooked, unenriched, without added salt",,,,138,4.54,2.07,25.16,0.4,1.2,6.0,0.046,0.09,0.0,0.17,7,0.4,0.02,0.03,12,0.098,0.6,21,0.315,76,23.9,0.65,0.006666667,0.027058824,0.0375,0.0,0.011333333,0.0175,0.025,0.015384615,0.025,0.01,0.000108889,0.05,0.108571429,0.434545455,0.059090909
20420,Cereal Grains and Pasta,"SPAGHETTI,DRY,UNENRICHED","Spaghetti, dry, unenriched",,,,371,13.04,1.51,74.67,2.67,3.2,0.0,0.142,0.0,0.0,0.11,18,1.7,0.06,0.09,21,0.289,1.3,53,0.917,189,63.2,1.41,0.0,0.083529412,0.0,0.0,0.007333333,0.045,0.10625,0.046153846,0.075,0.0175,0.000321111,0.126190476,0.27,1.149090909,0.128181818
20421,Cereal Grains and Pasta,"SPAGHETTI,CKD,UNENR,WO/ SALT","Spaghetti, cooked, unenriched, without added salt",,,,158,5.8,0.93,30.86,0.56,1.8,0.0,0.049,0.0,0.0,0.06,7,0.4,0.02,0.02,7,0.1,1.28,18,0.322,58,26.4,0.51,0.0,0.028823529,0.0,0.0,0.004,0.0175,0.025,0.015384615,0.016666667,0.005833333,0.000111111,0.042857143,0.082857143,0.48,0.046363636
20422,Cereal Grains and Pasta,"CORNMEAL,DEGERMED,UNENR,YEL","Cornmeal, degermed, unenriched, yellow",,,,370,7.11,1.75,79.45,1.61,3.9,11.0,0.182,0.0,0.0,0.12,30,1.0,0.05,0.14,3,0.076,1.1,32,0.174,99,10.5,0.66,0.012222222,0.107058824,0.0,0.0,0.008,0.075,0.0625,0.038461538,0.116666667,0.0025,8.44444e-05,0.076190476,0.141428571,0.190909091,0.06
20444,Cereal Grains and Pasta,"RICE,WHITE,LONG-GRAIN,REG,RAW,UNENR","Rice, white, long-grain, regular, raw, unenriched",,,,365,7.13,0.66,79.95,0.12,1.3,0.0,0.164,0.0,0.0,0.11,8,1.6,0.049,0.07,28,0.22,0.8,25,1.088,115,15.1,1.09,0.0,0.096470588,0.0,0.0,0.007333333,0.02,0.1,0.037692308,0.058333333,0.023333333,0.000244444,0.05952381,0.164285714,0.274545455,0.099090909
20445,Cereal Grains and Pasta,"RICE,WHITE,LONG-GRAIN,REG,CKD,UNENR,WO/SALT","Rice, white, long-grain, regular, cooked, unenriched, without salt",,,,130,2.69,0.28,28.17,0.05,0.4,0.0,0.093,0.0,0.0,0.04,3,0.4,0.013,0.02,10,0.069,0.2,12,0.472,43,7.5,0.49,0.0,0.054705882,0.0,0.0,0.002666667,0.0075,0.025,0.01,0.016666667,0.008333333,7.66667e-05,0.028571429,0.061428571,0.136363636,0.044545455
20446,Cereal Grains and Pasta,"RICE,WHITE,LONG-GRAIN,PARBLD,UNENR,DRY","Rice, white, long-grain, parboiled, unenriched, dry",,,,374,7.51,1.03,80.89,0.33,1.8,0.0,0.452,0.0,0.0,0.03,8,5.048,0.05,0.224,71,0.284,0.74,27,1.035,153,19.9,1.02,0.0,0.265882353,0.0,0.0,0.002,0.02,0.3155,0.038461538,0.186666667,0.059166667,0.000315556,0.064285714,0.218571429,0.361818182,0.092727273
20447,Cereal Grains and Pasta,"RICE,WHITE,LONG-GRAIN,PARBLD,UNENR,CKD","Rice, white, long-grain, parboiled, unenriched, cooked",,,,123,2.91,0.37,26.05,0.11,0.9,0.0,0.156,0.0,0.0,0.01,3,2.309,0.019,0.074,19,0.07,0.24,9,0.354,55,9.3,0.37,0.0,0.091764706,0.0,0.0,0.000666667,0.0075,0.1443125,0.014615385,0.061666667,0.015833333,7.77778e-05,0.021428571,0.078571429,0.169090909,0.033636364
20450,Cereal Grains and Pasta,"RICE,WHITE,MEDIUM-GRAIN,RAW,UNENR","Rice, white, medium-grain, raw, unenriched",,,,360,6.61,0.58,79.34,0.0,0.0,0.0,0.145,0.0,0.0,0.0,9,1.6,0.048,0.07,9,0.11,0.8,35,1.1,108,0.0,1.16,0.0,0.085294118,0.0,0.0,0.0,0.0225,0.1,0.036923077,0.058333333,0.0075,0.000122222,0.083333333,0.154285714,0.0,0.105454545
20451,Cereal Grains and Pasta,"RICE,WHITE,MEDIUM-GRAIN,CKD,UNENR","Rice, white, medium-grain, cooked, unenriched",,,,130,2.38,0.21,28.59,0.0,0.0,0.0,0.05,0.0,0.0,0.0,2,0.4,0.016,0.02,3,0.038,0.2,13,0.377,37,0.0,0.42,0.0,0.029411765,0.0,0.0,0.0,0.005,0.025,0.012307692,0.016666667,0.0025,4.22222e-05,0.030952381,0.052857143,0.0,0.038181818
20452,Cereal Grains and Pasta,"RICE,WHITE,SHORT-GRAIN,RAW,UNENR","Rice, white, short-grain, raw, unenriched",,,,358,6.5,0.52,79.15,0.0,0.0,0.0,0.171,0.0,0.0,0.0,6,1.6,0.048,0.07,3,0.21,0.8,23,1.037,95,0.0,1.1,0.0,0.100588235,0.0,0.0,0.0,0.015,0.1,0.036923077,0.058333333,0.0025,0.000233333,0.054761905,0.135714286,0.0,0.1
20453,Cereal Grains and Pasta,"RICE,WHITE,SHORT-GRAIN,CKD,UNENR","Rice, white, short-grain, cooked, unenriched",,,,130,2.36,0.19,28.73,0.0,0.0,0.0,0.059,0.0,0.0,0.0,2,0.4,0.016,0.02,1,0.072,0.2,8,0.357,33,0.0,0.4,0.0,0.034705882,0.0,0.0,0.0,0.005,0.025,0.012307692,0.016666667,0.000833333,8e-05,0.019047619,0.047142857,0.0,0.036363636
20466,Cereal Grains and Pasta,"SEMOLINA,UNENRICHED","Semolina, unenriched",,,,360,12.68,1.05,72.83,0.0,3.9,0.0,0.103,0.0,0.0,0.0,72,3.31,0.08,0.28,17,0.189,1.23,47,0.619,136,0.0,1.05,0.0,0.060588235,0.0,0.0,0.0,0.18,0.206875,0.061538462,0.233333333,0.014166667,0.00021,0.111904762,0.194285714,0.0,0.095454545
20481,Cereal Grains and Pasta,"WHEAT FLR,WHITE,ALL-PURPOSE,UNENR","Wheat flour, white, all-purpose, unenriched",,,,364,10.33,0.98,76.31,0.27,2.7,0.0,0.044,0.0,0.0,0.06,26,1.25,0.04,0.12,15,0.144,1.17,22,0.682,108,33.9,0.7,0.0,0.025882353,0.0,0.0,0.004,0.065,0.078125,0.030769231,0.1,0.0125,0.00016,0.052380952,0.154285714,0.616363636,0.063636364
20499,Cereal Grains and Pasta,"MACARONI,DRY,UNENRICHED","Macaroni, dry, unenriched",,,,371,13.04,1.51,74.67,2.67,3.2,0.0,0.142,0.0,0.0,0.11,18,1.7,0.06,0.09,21,0.289,1.3,53,0.917,189,63.2,1.41,0.0,0.083529412,0.0,0.0,0.007333333,0.045,0.10625,0.046153846,0.075,0.0175,0.000321111,0.126190476,0.27,1.149090909,0.128181818
20510,Cereal Grains and Pasta,"NOODLES,EGG,CKD,UNENR,W/ SALT","Noodles, egg, cooked, unenriched, with added salt",,,,138,4.54,2.07,25.16,0.4,1.2,6.0,0.046,0.09,0.0,0.17,7,0.4,0.02,0.03,12,0.098,0.6,21,0.315,76,23.9,0.65,0.006666667,0.027058824,0.0375,0.0,0.011333333,0.0175,0.025,0.015384615,0.025,0.01,0.000108889,0.05,0.108571429,0.434545455,0.059090909
20521,Cereal Grains and Pasta,"SPAGHETTI,CKD,UNENR,W/ SALT","Spaghetti, cooked, unenriched, with added salt",,,,157,5.8,0.93,30.59,0.56,1.8,0.0,0.049,0.0,0.0,0.06,7,0.4,0.02,0.02,7,0.1,0.5,18,0.322,58,26.4,0.51,0.0,0.028823529,0.0,0.0,0.004,0.0175,0.025,0.015384615,0.016666667,0.005833333,0.000111111,0.042857143,0.082857143,0.48,0.046363636
20522,Cereal Grains and Pasta,"CORNMEAL,DEGERMED,UNENR,WHITE","Cornmeal, degermed, unenriched, white",,,,370,7.11,1.75,79.45,1.61,3.9,0.0,0.182,0.0,0.0,0.12,30,1.0,0.05,0.14,3,0.076,1.1,32,0.174,99,10.5,0.66,0.0,0.107058824,0.0,0.0,0.008,0.075,0.0625,0.038461538,0.116666667,0.0025,8.44444e-05,0.076190476,0.141428571,0.190909091,0.06
20523,Cereal Grains and Pasta,"SPAGHETTI,PROTEIN-FORTIFIED,CKD,ENR (N X 6.25)","Spaghetti, protein-fortified, cooked, enriched (n x 6.25)",,,,164,8.86,0.21,30.88,0.0,2.0,0.0,0.064,0.0,0.0,0.0,132,1.837,0.161,0.298,10,0.084,0.72,30,0.417,50,25.2,0.5,0.0,0.037647059,0.0,0.0,0.0,0.33,0.1148125,0.123846154,0.248333333,0.008333333,9.33333e-05,0.071428571,0.071428571,0.458181818,0.045454545
20545,Cereal Grains and Pasta,"RICE,WHITE,LONG-GRAIN,REG,CKD,UNENR,W/SALT","Rice, white, long-grain, regular, cooked, unenriched, with salt",,,,130,2.69,0.28,28.17,0.05,0.4,0.0,0.093,0.0,0.0,0.04,3,0.4,0.013,0.02,10,0.069,0.2,12,0.472,43,7.5,0.49,0.0,0.054705882,0.0,0.0,0.002666667,0.0075,0.025,0.01,0.016666667,0.008333333,7.66667e-05,0.028571429,0.061428571,0.136363636,0.044545455
20581,Cereal Grains and Pasta,"WHEAT FLR,WHITE,ALL-PURPOSE,ENR,UNBLEACHED","Wheat flour, white, all-purpose, enriched, unbleached",,,,364,10.33,0.98,76.31,0.27,2.7,0.0,0.044,0.0,0.0,0.23,291,5.904,0.494,0.785,15,0.144,4.64,22,0.682,108,33.9,0.7,0.0,0.025882353,0.0,0.0,0.015333333,0.7275,0.369,0.38,0.654166667,0.0125,0.00016,0.052380952,0.154285714,0.616363636,0.063636364
20622,Cereal Grains and Pasta,"SPAGHETTI,PROTEIN-FORTIFIED,DRY,ENR (N X 6.25)","Spaghetti, protein-fortified, dry, enriched (n x 6.25)",,,,374,21.78,2.23,65.65,0.0,2.4,0.0,0.178,0.0,0.0,0.0,458,7.654,0.475,1.187,39,0.278,4.15,65,0.91,163,0.0,1.79,0.0,0.104705882,0.0,0.0,0.0,1.145,0.478375,0.365384615,0.989166667,0.0325,0.000308889,0.154761905,0.232857143,0.0,0.162727273
20623,Cereal Grains and Pasta,"WHEAT FLR,WHITE (INDUSTRIAL),9% PROT,BLEACHED,ENR","Wheat flour, white (industrial), 9% protein, bleached, enriched",,,,367,8.89,1.43,77.32,0.54,0.0,0.0,0.037,0.0,0.0,0.05,268,5.953,0.445,0.736,20,0.165,5.06,20,0.628,85,11.4,0.94,0.0,0.021764706,0.0,0.0,0.003333333,0.67,0.3720625,0.342307692,0.613333333,0.016666667,0.000183333,0.047619048,0.121428571,0.207272727,0.085454545
20624,Cereal Grains and Pasta,"WHEAT FLR,WHITE (INDUSTRIAL),9% PROT,BLEACHED,UNENR","Wheat flour, white (industrial), 9% protein, bleached, unenriched",,,,367,8.89,1.43,77.32,0.54,2.4,0.0,0.037,0.0,0.0,0.05,31,1.198,0.072,0.194,20,0.165,1.26,20,0.628,85,11.4,0.94,0.0,0.021764706,0.0,0.0,0.003333333,0.0775,0.074875,0.055384615,0.161666667,0.016666667,0.000183333,0.047619048,0.121428571,0.207272727,0.085454545
20628,Cereal Grains and Pasta,"WHEAT FLR,WHITE (INDUSTRIAL),10% PROT,BLEACHED,ENR","Wheat flour, white (industrial), 10% protein, bleached, enriched",,,,366,9.71,1.48,76.22,0.49,2.4,0.0,0.037,0.0,0.0,0.05,268,5.953,0.445,0.736,20,0.188,5.06,25,0.818,107,14.6,1.02,0.0,0.021764706,0.0,0.0,0.003333333,0.67,0.3720625,0.342307692,0.613333333,0.016666667,0.000208889,0.05952381,0.152857143,0.265454545,0.092727273
20629,Cereal Grains and Pasta,"WHEAT FLR,WHITE (INDUSTRIAL),10% PROT,BLEACHED,UNENR","Wheat flour, white (industrial), 10% protein, bleached, unenriched",,,,366,9.71,1.48,76.22,0.49,2.4,0.0,0.037,0.0,0.0,0.05,31,1.198,0.072,0.194,20,0.188,1.26,25,0.818,107,14.6,1.02,0.0,0.021764706,0.0,0.0,0.003333333,0.0775,0.074875,0.055384615,0.161666667,0.016666667,0.000208889,0.05952381,0.152857143,0.265454545,0.092727273
20630,Cereal Grains and Pasta,"WHEAT FLR,WHITE (INDUSTRIAL),10% PROT,UNBLEACHED,ENR","Wheat flour, white (industrial), 10% protein, unbleached, enriched",,,,366,9.71,1.48,76.22,0.49,2.4,0.0,0.037,0.0,0.0,0.38,268,5.953,0.445,0.736,20,0.188,5.06,25,0.818,107,14.6,1.02,0.0,0.021764706,0.0,0.0,0.025333333,0.67,0.3720625,0.342307692,0.613333333,0.016666667,0.000208889,0.05952381,0.152857143,0.265454545,0.092727273
20634,Cereal Grains and Pasta,"WHEAT FLR,WHITE (INDUSTRIAL),11.5% PROT,BLEACHED,ENR","Wheat flour, white (industrial), 11.5% protein, bleached, enriched",,,,363,11.5,1.45,73.81,1.12,2.4,0.0,0.032,0.0,0.0,0.05,268,5.953,0.445,0.736,20,0.161,5.06,30,0.679,112,27.5,0.84,0.0,0.018823529,0.0,0.0,0.003333333,0.67,0.3720625,0.342307692,0.613333333,0.016666667,0.000178889,0.071428571,0.16,0.5,0.076363636
20635,Cereal Grains and Pasta,"WHEAT FLR,WHITE (INDUSTRIAL),11.5% PROT,BLEACHED,UNENR","Wheat flour, white (industrial), 11.5% protein, bleached, unenriched",,,,363,11.5,1.45,73.81,1.12,2.4,0.0,0.032,0.0,0.0,0.05,31,1.198,0.072,0.194,20,0.161,1.26,30,0.679,112,27.5,0.84,0.0,0.018823529,0.0,0.0,0.003333333,0.0775,0.074875,0.055384615,0.161666667,0.016666667,0.000178889,0.071428571,0.16,0.5,0.076363636
20636,Cereal Grains and Pasta,"WHEAT FLR,WHITE (INDUSTRIAL),11.5% PROT,UNBLEACHED,ENR","Wheat flour, white (industrial), 11.5% protein, unbleached, enriched",,,,363,11.5,1.45,73.81,1.12,2.4,0.0,0.032,0.0,0.0,0.38,268,5.953,0.445,0.736,20,0.161,5.06,30,0.679,112,27.5,0.84,0.0,0.018823529,0.0,0.0,0.025333333,0.67,0.3720625,0.342307692,0.613333333,0.016666667,0.000178889,0.071428571,0.16,0.5,0.076363636
20640,Cereal Grains and Pasta,"WHEAT FLR,WHITE (INDUSTRIAL),13% PROT,BLEACHED,ENR","Wheat flour, white (industrial), 13% protein, bleached, enriched",,,,362,13.07,1.38,72.2,1.1,2.4,0.0,0.045,0.0,0.0,0.05,268,5.953,0.445,0.736,24,0.187,5.06,35,0.624,119,26.2,1.6,0.0,0.026470588,0.0,0.0,0.003333333,0.67,0.3720625,0.342307692,0.613333333,0.02,0.000207778,0.083333333,0.17,0.476363636,0.145454545
20641,Cereal Grains and Pasta,"WHEAT FLR,WHITE (INDUSTRIAL),13% PROT,BLEACHED,UNENR","Wheat flour, white (industrial), 13% protein, bleached, unenriched",,,,362,13.07,1.38,72.2,1.1,2.4,0.0,0.045,0.0,0.0,0.05,31,1.198,0.072,0.194,24,0.187,1.26,35,0.624,119,26.2,1.6,0.0,0.026470588,0.0,0.0,0.003333333,0.0775,0.074875,0.055384615,0.161666667,0.02,0.000207778,0.083333333,0.17,0.476363636,0.145454545
20645,Cereal Grains and Pasta,"WHEAT FLR,WHITE (INDUSTRIAL),15% PROT,BLEACHED,ENR","Wheat flour, white (industrial), 15% protein, bleached, enriched",,,,362,15.33,1.41,69.88,0.92,2.4,0.0,0.045,0.0,0.0,0.05,268,5.953,0.445,0.736,17,0.195,5.06,38,0.569,128,28.1,1.16,0.0,0.026470588,0.0,0.0,0.003333333,0.67,0.3720625,0.342307692,0.613333333,0.014166667,0.000216667,0.09047619,0.182857143,0.510909091,0.105454545
20646,Cereal Grains and Pasta,"WHEAT FLR,WHITE (INDUSTRIAL),15% PROT,BLEACHED,UNENR","Wheat flour, white (industrial), 15% protein, bleached, unenriched",,,,362,15.33,1.41,69.88,0.92,2.4,0.0,0.045,0.0,0.0,0.05,31,1.198,0.072,0.194,17,0.195,1.26,38,0.569,128,28.1,1.16,0.0,0.026470588,0.0,0.0,0.003333333,0.0775,0.074875,0.055384615,0.161666667,0.014166667,0.000216667,0.09047619,0.182857143,0.510909091,0.105454545
20647,Cereal Grains and Pasta,MILLET FLR,Millet flour,,,,382,10.75,4.25,75.12,1.66,3.5,0.0,0.372,0.0,0.0,0.11,42,6.02,0.073,0.413,14,0.535,3.94,119,1.002,285,32.7,2.63,0.0,0.218823529,0.0,0.0,0.007333333,0.105,0.37625,0.056153846,0.344166667,0.011666667,0.000594444,0.283333333,0.407142857,0.594545455,0.239090909
20648,Cereal Grains and Pasta,"SORGHUM FLR,WHOLE-GRAIN","Sorghum flour, whole-grain",,,,359,8.43,3.34,76.64,1.94,6.6,0.0,0.325,0.0,0.8,0.5,25,4.496,0.061,0.329,12,0.253,3.14,123,1.258,278,12.2,1.63,0.0,0.191176471,0.0,0.008888889,0.033333333,0.0625,0.281,0.046923077,0.274166667,0.01,0.000281111,0.292857143,0.397142857,0.221818182,0.148181818
20649,Cereal Grains and Pasta,"WHEAT FLR,WHOLE-GRAIN,SOFT WHEAT","Wheat flour, whole-grain, soft wheat",,,,332,9.61,1.95,74.48,1.02,13.1,0.0,0.191,0.0,0.0,0.53,28,5.347,0.188,0.297,33,0.475,3.71,117,3.399,323,12.7,2.96,0.0,0.112352941,0.0,0.0,0.035333333,0.07,0.3341875,0.144615385,0.2475,0.0275,0.000527778,0.278571429,0.461428571,0.230909091,0.269090909
20650,Cereal Grains and Pasta,"SORGHUM FLR,REFINED,UNENR","Sorghum flour, refined, unenriched",,,,357,9.53,1.24,76.85,0.0,1.9,0.0,0.068,0.0,0.6,0.0,0,1.329,0.005,0.09,6,0.009,0.97,31,0.43,87,0.0,0.47,0.0,0.04,0.0,0.006666667,0.0,0.0,0.0830625,0.003846154,0.075,0.005,1e-05,0.073809524,0.124285714,0.0,0.042727273
21002,Fast Foods,FAST FOODS  BISCUIT  W/ EGG,"Fast foods, biscuit, with egg",,,,274,8.53,16.23,23.46,0.0,0.6,132.0,0.082,0.46,0.1,0.0,59,1.583,0.358,0.223,60,0.045,2.13,14,0.192,285,20.1,0.73,0.146666667,0.048235294,0.191666667,0.001111111,0.0,0.1475,0.0989375,0.275384615,0.185833333,0.05,5e-05,0.033333333,0.407142857,0.365454545,0.066363636
21003,Fast Foods,"FAST FOODS,BISCUIT,W/EGG&BACON","Fast foods, biscuit, with egg and bacon",,,,305,11.33,20.73,19.06,2.19,0.5,63.0,0.09,0.69,1.8,1.34,54,1.6,0.15,0.09,126,0.075,2.49,16,0.186,159,20.6,1.09,0.07,0.052941176,0.2875,0.02,0.089333333,0.135,0.1,0.115384615,0.075,0.105,8.33333e-05,0.038095238,0.227142857,0.374545455,0.099090909
21004,Fast Foods,"FAST FOODS,BISCUIT,W/EGG&HAM","Fast foods, biscuit, with egg and ham",,,,233,10.64,14.08,16.37,2.2,0.4,60.0,0.14,0.62,0.0,1.1,46,1.04,0.31,0.35,115,0.072,2.37,16,0.159,165,19.2,1.16,0.066666667,0.082352941,0.258333333,0.0,0.073333333,0.115,0.065,0.238461538,0.291666667,0.095833333,8e-05,0.038095238,0.235714286,0.349090909,0.105454545
21005,Fast Foods,"BREAKFAST ITEMS,BISCUIT W/EGG&SAUSAGE","Fast Foods, biscuit, with egg and sausage",,,,312,11.13,20.77,21.05,0.95,0.2,43.0,0.068,0.75,0.0,0.95,66,2.467,0.263,0.282,51,0.244,1.9,13,0.138,312,22.6,0.9,0.047777778,0.04,0.3125,0.0,0.063333333,0.165,0.1541875,0.202307692,0.235,0.0425,0.000271111,0.030952381,0.445714286,0.410909091,0.081818182
21006,Fast Foods,"FAST FOODS,BISCUIT W/ EGG & STEAK","Fast foods, biscuit with egg and steak",,,,277,12.12,19.21,14.37,0.0,0.0,139.0,0.12,0.95,0.1,0.0,51,2.07,0.35,0.24,93,0.072,3.58,17,0.165,152,21.2,1.89,0.154444444,0.070588235,0.395833333,0.001111111,0.0,0.1275,0.129375,0.269230769,0.2,0.0775,8e-05,0.04047619,0.217142857,0.385454545,0.171818182
21007,Fast Foods,"FAST FOODS,BISCUIT,W/EGG,CHS,&BACON","Fast foods, biscuit, with egg, cheese, and bacon",,,,301,12.01,17.48,24.44,1.74,0.2,77.0,0.113,0.86,0.0,1.02,75,2.35,0.247,0.269,103,0.273,1.57,15,0.136,363,23.3,1.09,0.085555556,0.066470588,0.358333333,0.0,0.068,0.1875,0.146875,0.19,0.224166667,0.085833333,0.000303333,0.035714286,0.518571429,0.423636364,0.099090909
21008,Fast Foods,"FAST FOODS,BISCUIT,W/HAM","Fast foods, biscuit, with ham",,,,342,11.85,16.3,38.75,1.97,0.7,27.0,0.12,0.03,0.1,1.23,53,3.08,0.28,0.45,142,0.032,2.41,20,0.32,490,17.1,1.46,0.03,0.070588235,0.0125,0.001111111,0.082,0.1325,0.1925,0.215384615,0.375,0.118333333,3.55556e-05,0.047619048,0.7,0.310909091,0.132727273
21009,Fast Foods,"FAST FOODS,BISCUIT,W/SAUSAGE","Fast foods, biscuit, with sausage",,,,371,9.67,24.42,29.99,1.59,0.4,1.0,0.063,0.6,0.0,0.84,75,3.445,0.217,0.385,47,0.255,1.86,13,0.179,341,15.0,0.71,0.001111111,0.037058824,0.25,0.0,0.056,0.1875,0.2153125,0.166923077,0.320833333,0.039166667,0.000283333,0.030952381,0.487142857,0.272727273,0.064545455
21011,Fast Foods,"FAST FOODS,CROISSANT,W/EGG&CHS","Fast foods, croissant, with egg and cheese",,,,304,10.07,19.45,22.45,0.0,0.0,0.0,0.08,0.61,0.1,0.0,43,1.19,0.3,0.15,192,0.072,1.73,17,0.178,274,19.3,1.38,0.0,0.047058824,0.254166667,0.001111111,0.0,0.1075,0.074375,0.230769231,0.125,0.16,8e-05,0.04047619,0.391428571,0.350909091,0.125454545
21012,Fast Foods,"FAST FOODS,CROISSANT,W/EGG,CHS,&BACON","Fast foods, croissant, with egg, cheese, and bacon",,,,320,12.58,21.98,18.33,0.0,0.0,110.0,0.09,0.67,1.7,0.0,41,1.7,0.26,0.27,117,0.077,1.7,18,0.172,214,19.0,1.47,0.122222222,0.052941176,0.279166667,0.018888889,0.0,0.1025,0.10625,0.2,0.225,0.0975,8.55556e-05,0.042857143,0.305714286,0.345454545,0.133636364
21013,Fast Foods,"FAST FOODS,CROISSANT,W/EGG,CHS,&HAM","Fast foods, croissant, with egg, cheese, and ham",,,,296,12.45,22.09,11.84,0.0,0.0,86.0,0.15,0.66,7.5,0.0,34,2.1,0.2,0.34,95,0.083,1.4,17,0.145,221,17.9,1.43,0.095555556,0.088235294,0.275,0.083333333,0.0,0.085,0.13125,0.153846154,0.283333333,0.079166667,9.22222e-05,0.04047619,0.315714286,0.325454545,0.13
21014,Fast Foods,"FAST FOODS,CROISSANT,W/EGG,CHS,&SAUSAGE","Fast foods, croissant, with egg, cheese, and sausage",,,,308,12.09,21.78,15.9,3.12,1.8,173.0,0.159,0.51,0.1,1.54,74,2.754,0.37,0.237,90,0.07,1.65,17,0.184,138,24.8,1.14,0.192222222,0.093529412,0.2125,0.001111111,0.102666667,0.185,0.172125,0.284615385,0.1975,0.075,7.77778e-05,0.04047619,0.197142857,0.450909091,0.103636364
21018,Fast Foods,"FAST FOODS,EGG,SCRAMBLED","Fast foods, egg, scrambled",,,,212,13.84,16.18,2.08,1.64,0.0,176.0,0.19,1.01,3.3,0.96,29,0.21,0.52,0.08,57,0.067,2.59,14,0.043,242,22.5,1.66,0.195555556,0.111764706,0.420833333,0.036666667,0.064,0.0725,0.013125,0.4,0.066666667,0.0475,7.44444e-05,0.033333333,0.345714286,0.409090909,0.150909091
21019,Fast Foods,"FAST FOODS,ENG MUFFIN,W/BUTTER","Fast foods, english muffin, with butter",,,,300,7.73,9.14,48.19,0.0,0.0,50.0,0.06,0.03,1.2,0.2,134,4.15,0.5,0.4,163,0.102,2.52,21,0.332,135,18.6,0.67,0.055555556,0.035294118,0.0125,0.013333333,0.013333333,0.335,0.259375,0.384615385,0.333333333,0.135833333,0.000113333,0.05,0.192857143,0.338181818,0.060909091
21020,Fast Foods,"FAST FOODS,ENG MUFFIN,W/CHS&SAUSAGE","Fast foods, english muffin, with cheese and sausage",,,,338,13.28,20.67,25.28,1.98,0.5,56.0,0.086,0.79,0.0,0.58,75,4.217,0.197,0.481,210,0.252,3.14,21,0.284,168,25.3,1.19,0.062222222,0.050588235,0.329166667,0.0,0.038666667,0.1875,0.2635625,0.151538462,0.400833333,0.175,0.00028,0.05,0.24,0.46,0.108181818
21021,Fast Foods,"FAST FOODS,ENG MUFFIN,W/EGG,CHS,&CANADIAN BACON","Fast foods, english muffin, with egg, cheese, and canadian bacon",,,,228,13.64,9.66,21.67,2.13,0.4,98.0,0.071,0.81,1.1,0.91,107,3.187,0.293,0.378,192,0.084,2.3,20,0.235,200,30.3,1.29,0.108888889,0.041764706,0.3375,0.012222222,0.060666667,0.2675,0.1991875,0.225384615,0.315,0.16,9.33333e-05,0.047619048,0.285714286,0.550909091,0.117272727
21022,Fast Foods,"FAST FOODS,ENG MUFFIN,W/EGG,CHS,&SAUSAGE","Fast foods, english muffin, with egg, cheese, and sausage",,,,286,13.38,18.1,17.44,1.49,0.2,70.0,0.073,0.95,0.0,0.94,86,3.192,0.27,0.39,168,0.211,2.63,17,0.192,180,29.2,1.0,0.077777778,0.042941176,0.395833333,0.0,0.062666667,0.215,0.1995,0.207692308,0.325,0.14,0.000234444,0.04047619,0.257142857,0.530909091,0.090909091
21023,Fast Foods,"FAST FOODS,FRENCH TOAST W/ BUTTER","Fast foods, french toast with butter",,,,264,7.66,13.9,26.7,0.0,0.0,101.0,0.04,0.27,0.1,0.0,76,2.9,0.37,0.43,54,0.048,1.4,12,0.155,108,15.5,0.44,0.112222222,0.023529412,0.1125,0.001111111,0.0,0.19,0.18125,0.284615385,0.358333333,0.045,5.33333e-05,0.028571429,0.154285714,0.281818182,0.04
21024,Fast Foods,"FAST FOODS,FRENCH TOAST STKS","Fast foods, french toast sticks",,,,340,6.0,17.74,41.21,9.89,1.4,0.0,0.053,0.0,0.0,0.88,212,2.575,0.175,0.284,53,0.085,1.92,19,0.39,87,12.2,0.51,0.0,0.031176471,0.0,0.0,0.058666667,0.53,0.1609375,0.134615385,0.236666667,0.044166667,9.44444e-05,0.045238095,0.124285714,0.221818182,0.046363636
21026,Fast Foods,"FAST FOODS,POTATOES,HASH BROWNS,RND PIECES OR PATTY","Fast foods, potatoes, hash browns, round pieces or patty",,,,272,2.58,17.04,28.88,0.56,2.7,0.0,0.186,0.0,5.4,2.62,12,1.838,0.038,0.137,19,0.1,0.6,21,0.158,98,0.4,0.36,0.0,0.109411765,0.0,0.06,0.174666667,0.03,0.114875,0.029230769,0.114166667,0.015833333,0.000111111,0.05,0.14,0.007272727,0.032727273
21027,Fast Foods,"FAST FOODS,BROWNIE","Fast foods, brownie",,,,405,4.57,16.84,64.95,0.0,0.0,5.0,0.04,0.26,5.3,0.0,44,0.97,0.21,0.12,42,0.0,2.15,27,0.181,146,6.3,0.92,0.005555556,0.023529412,0.108333333,0.058888889,0.0,0.11,0.060625,0.161538462,0.1,0.035,0.0,0.064285714,0.208571429,0.114545455,0.083636364
21028,Fast Foods,"FAST FOODS,VANILLA,LT,SOFT-SERVE ICE CRM,W/ CONE","Fast foods, vanilla, light, soft-serve ice cream, with cone",,,,163,4.24,4.86,26.36,19.49,0.1,27.0,0.054,0.58,0.9,0.03,18,0.498,0.246,0.043,129,0.023,0.35,13,0.038,111,3.7,0.5,0.03,0.031764706,0.241666667,0.01,0.002,0.045,0.031125,0.189230769,0.035833333,0.1075,2.55556e-05,0.030952381,0.158571429,0.067272727,0.045454545
21029,Fast Foods,"FAST FOODS,COOKIES,ANIMAL CRACKERS","Fast foods, cookies, animal crackers",,,,446,6.18,13.43,75.33,0.0,0.0,10.0,0.03,0.07,1.2,0.47,183,3.67,0.36,0.37,17,0.076,2.2,16,0.487,96,7.0,0.45,0.011111111,0.017647059,0.029166667,0.013333333,0.031333333,0.4575,0.229375,0.276923077,0.308333333,0.014166667,8.44444e-05,0.038095238,0.137142857,0.127272727,0.040909091
21030,Fast Foods,"FAST FOODS,COOKIES,CHOC CHIP","Fast foods, cookies, chocolate chip",,,,423,5.25,22.08,65.86,0.0,0.0,20.0,0.05,0.19,1.0,0.67,82,2.53,0.35,0.16,36,0.335,2.68,30,0.431,95,6.0,0.61,0.022222222,0.029411765,0.079166667,0.011111111,0.044666667,0.205,0.158125,0.269230769,0.133333333,0.03,0.000372222,0.071428571,0.135714286,0.109090909,0.055454545
21032,Fast Foods,"FAST FOODS,SUNDAE,CARAMEL","Fast foods, sundae, caramel",,,,196,4.71,5.98,31.81,0.0,0.0,45.0,0.03,0.39,2.2,0.58,8,0.61,0.19,0.04,122,0.053,0.14,18,0.06,140,3.2,0.53,0.05,0.017647059,0.1625,0.024444444,0.038666667,0.02,0.038125,0.146153846,0.033333333,0.101666667,5.88889e-05,0.042857143,0.2,0.058181818,0.048181818
21033,Fast Foods,"FAST FOODS,SUNDAE,HOT FUDGE","Fast foods, sundae, hot fudge",,,,180,3.57,5.46,30.17,0.0,0.0,37.0,0.08,0.41,1.5,0.42,6,0.68,0.19,0.04,131,0.082,0.37,21,0.08,144,3.3,0.6,0.041111111,0.047058824,0.170833333,0.016666667,0.028,0.015,0.0425,0.146153846,0.033333333,0.109166667,9.11111e-05,0.05,0.205714286,0.06,0.054545455
21034,Fast Foods,"FAST FOODS,SUNDAE,STRAWBERRY","Fast foods, sundae, strawberry",,,,175,4.09,5.13,29.18,0.0,0.0,37.0,0.05,0.42,1.3,0.51,12,0.59,0.18,0.04,105,0.05,0.21,16,0.11,101,2.9,0.43,0.041111111,0.029411765,0.175,0.014444444,0.034,0.03,0.036875,0.138461538,0.033333333,0.0875,5.55556e-05,0.038095238,0.144285714,0.052727273,0.039090909
21035,Fast Foods,"FAST FOODS,CHICK,BREADED&FRIED,DK MEAT (DRUMSTK OR THIGH)","Fast foods, chicken, breaded and fried, dark meat (drumstick or thigh)",,,,291,20.32,18.04,10.61,0.0,0.0,45.0,0.22,0.56,0.0,0.0,25,4.87,0.29,0.09,24,0.08,1.08,25,0.086,162,23.7,2.19,0.05,0.129411765,0.233333333,0.0,0.0,0.0625,0.304375,0.223076923,0.075,0.02,8.88889e-05,0.05952381,0.231428571,0.430909091,0.199090909
21036,Fast Foods,"FAST FOODS,CHICK,BREADED&FRIED,LT MEAT (BREAST OR WING)","Fast foods, chicken, breaded and fried, light meat (breast or wing)",,,,303,21.91,18.11,12.01,0.0,0.0,35.0,0.35,0.41,0.0,0.0,27,7.35,0.18,0.09,37,0.062,0.91,23,0.095,188,21.7,0.95,0.038888889,0.205882353,0.170833333,0.0,0.0,0.0675,0.459375,0.138461538,0.075,0.030833333,6.88889e-05,0.054761905,0.268571429,0.394545455,0.086363636
21042,Fast Foods,"FAST FOODS,CHILI CON CARNE","Fast foods, chili con carne",,,,101,9.73,3.27,8.67,0.0,0.0,33.0,0.13,0.45,0.6,0.0,22,0.98,0.45,0.05,27,0.235,2.05,18,0.157,78,17.4,1.41,0.036666667,0.076470588,0.1875,0.006666667,0.0,0.055,0.06125,0.346153846,0.041666667,0.0225,0.000261111,0.042857143,0.111428571,0.316363636,0.128181818
21043,Fast Foods,"FAST FOODS,CLAMS,BREADED&FRIED","Fast foods, clams, breaded and fried",,,,392,11.15,22.96,33.75,0.0,0.0,32.0,0.03,0.96,0.0,0.0,57,2.49,0.23,0.18,18,0.083,2.65,27,0.268,207,8.3,1.42,0.035555556,0.017647059,0.4,0.0,0.0,0.1425,0.155625,0.176923077,0.15,0.015,9.22222e-05,0.064285714,0.295714286,0.150909091,0.129090909
21046,Fast Foods,"ENTREES,CRAB CAKE","Entrees, crab cake",,,,266,18.75,17.25,8.52,0.0,0.4,155.0,0.249,7.33,0.3,0.0,59,1.943,0.125,0.092,337,0.61,1.86,42,0.47,378,42.1,3.54,0.172222222,0.146470588,3.054166667,0.003333333,0.0,0.1475,0.1214375,0.096153846,0.076666667,0.280833333,0.000677778,0.1,0.54,0.765454545,0.321818182
21047,Fast Foods,"ENTREES,FISH FILLET,BATTERED OR BREADED,&FRIED","Entrees, fish fillet, battered or breaded, and fried",,,,232,14.66,12.29,16.97,0.0,0.5,11.0,0.102,1.11,0.0,0.0,20,2.102,0.106,0.109,18,0.045,2.11,24,0.185,171,9.1,0.44,0.012222222,0.06,0.4625,0.0,0.0,0.05,0.131375,0.081538462,0.090833333,0.015,5e-05,0.057142857,0.244285714,0.165454545,0.04
21048,Fast Foods,"FAST FOODS,OYSTERS,BATTERED OR BREADED,&FRIED","Fast foods, oysters, battered or breaded, and fried",,,,265,9.02,12.9,28.69,0.0,0.0,78.0,0.02,0.73,3.0,0.0,31,3.18,0.25,0.22,20,0.573,3.21,17,0.305,141,66.3,11.25,0.086666667,0.011764706,0.304166667,0.033333333,0.0,0.0775,0.19875,0.192307692,0.183333333,0.016666667,0.000636667,0.04047619,0.201428571,1.205454545,1.022727273
21052,Fast Foods,"FAST FOODS,SALAD,VEG,TOSSED,WO/DRSNG","Fast foods, salad, vegetable, tossed, without dressing",,,,16,1.25,0.07,3.22,0.0,0.0,57.0,0.08,0.0,23.2,0.0,37,0.55,0.05,0.03,13,0.05,0.63,11,0.147,39,0.4,0.21,0.063333333,0.047058824,0.0,0.257777778,0.0,0.0925,0.034375,0.038461538,0.025,0.010833333,5.55556e-05,0.026190476,0.055714286,0.007272727,0.019090909
21053,Fast Foods,"FAST FOODS,SALAD,VEG,TOSSED,WO/DRSNG,W/CHS&EGG","Fast foods, salad, vegetable, tossed, without dressing, with cheese and egg",,,,47,4.04,2.67,2.19,0.0,0.0,48.0,0.05,0.14,4.5,0.0,39,0.45,0.08,0.04,46,0.041,0.31,11,0.126,61,3.4,0.46,0.053333333,0.029411765,0.058333333,0.05,0.0,0.0975,0.028125,0.061538462,0.033333333,0.038333333,4.55556e-05,0.026190476,0.087142857,0.061818182,0.041818182
21054,Fast Foods,"FAST FOODS,SALAD,VEG,TOSSED,WO/DRSNG,W/CHICK","Fast foods, salad, vegetable, tossed, without dressing, with chicken",,,,48,8.0,1.0,1.71,0.0,0.0,24.0,0.2,0.09,8.0,0.0,31,2.7,0.06,0.05,17,0.043,0.5,15,0.114,78,7.1,0.41,0.026666667,0.117647059,0.0375,0.088888889,0.0,0.0775,0.16875,0.046153846,0.041666667,0.014166667,4.77778e-05,0.035714286,0.111428571,0.129090909,0.037272727
21055,Fast Foods,"FAST FOODS,SALAD,VEG,TOSSED,WO/DRSNG,W/PASTA&SEAFOOD","Fast foods, salad, vegetable, tossed, without dressing, with pasta and seafood",,,,91,3.94,5.0,7.67,0.0,0.0,76.0,0.08,0.41,9.2,0.0,60,0.85,0.05,0.07,17,0.087,0.76,12,0.16,49,10.7,0.4,0.084444444,0.047058824,0.170833333,0.102222222,0.0,0.15,0.053125,0.038461538,0.058333333,0.014166667,9.66667e-05,0.028571429,0.07,0.194545455,0.036363636
21056,Fast Foods,"FAST FOODS,SALAD,VEG,TOSSED,WO/DRSNG,W/SHRIMP","Fast foods, salad, vegetable, tossed, without dressing, with shrimp",,,,45,6.15,1.05,2.8,0.0,0.0,17.0,0.06,1.6,3.9,0.0,37,0.49,0.07,0.05,25,0.068,0.38,16,0.06,68,16.2,0.54,0.018888889,0.035294118,0.666666667,0.043333333,0.0,0.0925,0.030625,0.053846154,0.041666667,0.020833333,7.55556e-05,0.038095238,0.097142857,0.294545455,0.049090909
21057,Fast Foods,"FAST FOODS,SALAD,VEG TOSSED,WO/DRSNG,W/TURKEY,HAM&CHS","Fast foods, salad, vegetables tossed, without dressing, with turkey, ham and cheese",,,,82,7.98,4.93,1.45,0.0,0.0,45.0,0.13,0.26,5.0,0.0,31,1.83,0.12,0.12,72,0.051,0.6,15,0.11,123,11.3,0.96,0.05,0.076470588,0.108333333,0.055555556,0.0,0.0775,0.114375,0.092307692,0.1,0.06,5.66667e-05,0.035714286,0.175714286,0.205454545,0.087272727
21058,Fast Foods,"FAST FOODS,SCALLOPS,BREADED&FRIED","Fast foods, scallops, breaded and fried",,,,268,10.94,13.47,26.73,0.0,0.0,29.0,0.05,0.3,0.0,0.0,43,0.0,0.59,0.14,13,0.15,1.42,22,0.207,203,27.0,0.75,0.032222222,0.029411765,0.125,0.0,0.0,0.1075,0.0,0.453846154,0.116666667,0.010833333,0.000166667,0.052380952,0.29,0.490909091,0.068181818
21059,Fast Foods,"FAST FOODS,SHRIMP,BREADED&FRIED","Fast foods, shrimp, breaded and fried",,,,308,7.84,18.9,27.99,0.1,0.7,32.0,0.06,0.53,0.0,2.52,62,1.24,0.02,0.06,29,0.097,0.86,16,0.172,185,9.7,0.58,0.035555556,0.035294118,0.220833333,0.0,0.168,0.155,0.0775,0.015384615,0.05,0.024166667,0.000107778,0.038095238,0.264285714,0.176363636,0.052727273
21060,Fast Foods,"FAST FOODS,BURRITO,W/BNS","Fast foods, burrito, with beans",,,,206,6.48,6.22,32.92,0.0,0.0,0.0,0.14,0.5,0.9,0.0,0,1.87,0.28,0.29,52,0.174,2.08,40,0.4,45,10.1,0.7,0.0,0.082352941,0.208333333,0.01,0.0,0.0,0.116875,0.215384615,0.241666667,0.043333333,0.000193333,0.095238095,0.064285714,0.183636364,0.063636364
21061,Fast Foods,"FAST FOODS,BURRITO,W/BNS&CHS","Fast foods, burrito, with beans and cheese",,,,205,7.35,6.05,31.23,1.73,4.2,25.0,0.1,0.16,0.4,0.54,128,2.02,0.1,0.19,124,0.164,2.37,34,0.456,163,11.7,0.86,0.027777778,0.058823529,0.066666667,0.004444444,0.036,0.32,0.12625,0.076923077,0.158333333,0.103333333,0.000182222,0.080952381,0.232857143,0.212727273,0.078181818
21062,Fast Foods,"FAST FOODS,BURRITO,W/BNS&CHILI PEPPERS","Fast foods, burrito, with beans and chili peppers",,,,202,8.03,7.19,28.47,0.0,0.0,5.0,0.14,0.57,0.6,0.0,67,2.15,0.35,0.22,49,0.163,2.23,35,0.384,56,9.0,1.67,0.005555556,0.082352941,0.2375,0.006666667,0.0,0.1675,0.134375,0.269230769,0.183333333,0.040833333,0.000181111,0.083333333,0.08,0.163636364,0.151818182
21063,Fast Foods,"FAST FOODS,BURRITO,W/ BNS & BF","Fast foods, burrito, with beans and beef",,,,191,11.52,7.47,19.52,2.19,3.0,17.0,0.197,0.68,1.9,0.45,90,2.184,0.115,0.173,90,0.11,1.91,25,0.247,163,12.4,1.99,0.018888889,0.115882353,0.283333333,0.021111111,0.03,0.225,0.1365,0.088461538,0.144166667,0.075,0.000122222,0.05952381,0.232857143,0.225454545,0.180909091
21064,Fast Foods,"FAST FOODS,BURRITO,W/BNS,CHS,&BF","Fast foods, burrito, with beans, cheese, and beef",,,,180,7.03,6.8,23.37,2.1,3.7,52.0,0.097,0.27,1.3,0.28,67,2.09,0.223,0.213,90,0.106,1.82,23,0.298,131,10.7,0.88,0.057777778,0.057058824,0.1125,0.014444444,0.018666667,0.1675,0.130625,0.171538462,0.1775,0.075,0.000117778,0.054761905,0.187142857,0.194545455,0.08
21065,Fast Foods,"FAST FOODS,BURRITO,W/BNS,CHS,&CHILI PEPPERS","Fast foods, burrito, with beans, cheese, and chili peppers",,,,197,9.91,6.84,25.35,0.0,0.0,55.0,0.12,0.59,2.0,0.0,53,2.29,0.36,0.16,86,0.175,2.29,29,0.242,85,13.2,1.81,0.061111111,0.070588235,0.245833333,0.022222222,0.0,0.1325,0.143125,0.276923077,0.133333333,0.071666667,0.000194444,0.069047619,0.121428571,0.24,0.164545455
21066,Fast Foods,"FAST FOODS,BURRITO,W/BF","Fast foods, burrito, with beef",,,,238,12.09,9.46,26.6,0.0,0.0,6.0,0.14,0.89,0.5,0.0,88,2.93,0.42,0.11,38,0.186,2.77,37,0.357,79,16.7,2.15,0.006666667,0.082352941,0.370833333,0.005555556,0.0,0.22,0.183125,0.323076923,0.091666667,0.031666667,0.000206667,0.088095238,0.112857143,0.303636364,0.195454545
21067,Fast Foods,"FAST FOODS,BURRITO,W/BF&CHILI PEPPERS","Fast foods, burrito, with beef and chili peppers",,,,212,10.7,8.23,24.6,0.0,0.0,12.0,0.15,0.64,0.8,0.0,69,2.53,0.4,0.2,43,0.157,2.21,30,0.371,70,11.9,2.15,0.013333333,0.088235294,0.266666667,0.008888889,0.0,0.1725,0.158125,0.307692308,0.166666667,0.035833333,0.000174444,0.071428571,0.1,0.216363636,0.195454545
21068,Fast Foods,"FAST FOODS,BURRITO,W/BF,CHS,&CHILI PEPPERS","Fast foods, burrito, with beef, cheese, and chili peppers",,,,208,13.46,8.15,20.96,0.0,0.0,65.0,0.12,0.68,1.2,0.0,65,2.74,0.41,0.2,73,0.119,2.57,23,0.2,104,11.0,2.6,0.072222222,0.070588235,0.283333333,0.013333333,0.0,0.1625,0.17125,0.315384615,0.166666667,0.060833333,0.000132222,0.054761905,0.148571429,0.2,0.236363636
21069,Fast Foods,"FAST FOODS,BURRITO,W/FRUIT (APPL OR CHERRY)","Fast foods, burrito, with fruit (apple or cherry)",,,,312,3.38,12.87,47.27,0.0,0.0,28.0,0.1,0.69,1.0,0.0,53,2.51,0.24,0.23,21,0.11,1.45,10,0.175,20,9.3,0.54,0.031111111,0.058823529,0.2875,0.011111111,0.0,0.1325,0.156875,0.184615385,0.191666667,0.0175,0.000122222,0.023809524,0.028571429,0.169090909,0.049090909
21070,Fast Foods,"FAST FOODS,CHIMICHANGA,W/BF","Fast foods, chimichanga, with beef",,,,244,11.27,11.31,24.6,0.0,0.0,4.0,0.16,0.87,2.7,0.0,69,3.32,0.37,0.28,36,0.243,2.61,36,0.32,71,13.6,2.85,0.004444444,0.094117647,0.3625,0.03,0.0,0.1725,0.2075,0.284615385,0.233333333,0.03,0.00027,0.085714286,0.101428571,0.247272727,0.259090909
21071,Fast Foods,"FAST FOODS,CHIMICHANGA,W/BF&CHS","Fast foods, chimichanga, with beef and cheese",,,,242,10.96,12.81,21.49,0.0,0.0,72.0,0.12,0.71,1.5,0.0,72,2.55,0.47,0.21,130,0.192,2.1,33,0.267,102,12.6,1.84,0.08,0.070588235,0.295833333,0.016666667,0.0,0.18,0.159375,0.361538462,0.175,0.108333333,0.000213333,0.078571429,0.145714286,0.229090909,0.167272727
21072,Fast Foods,"FAST FOODS,CHIMICHANGA,W/BF&RED CHILI PEPPERS","Fast foods, chimichanga, with beef and red chili peppers",,,,223,9.53,10.07,24.09,0.0,0.0,7.0,0.12,0.57,0.2,0.0,69,2.81,0.35,0.15,37,0.145,2.2,34,0.324,59,12.8,1.59,0.007777778,0.070588235,0.2375,0.002222222,0.0,0.1725,0.175625,0.269230769,0.125,0.030833333,0.000161111,0.080952381,0.084285714,0.232727273,0.144545455
21073,Fast Foods,"FAST FOODS,CHIMICHANGA,W/BF,CHS,&RED CHILI PEPPERS","Fast foods, chimichanga, with beef, cheese, and red chili peppers",,,,202,8.15,9.75,21.26,0.0,0.0,28.0,0.09,0.71,1.0,0.0,72,1.92,0.53,0.13,121,0.313,1.75,23,0.217,81,13.7,2.57,0.031111111,0.052941176,0.295833333,0.011111111,0.0,0.18,0.12,0.407692308,0.108333333,0.100833333,0.000347778,0.054761905,0.115714286,0.249090909,0.233636364
21074,Fast Foods,"FAST FOODS,ENCHILADA,W/CHS","Fast foods, enchilada, with cheese",,,,196,5.91,11.56,17.51,0.0,0.0,61.0,0.24,0.46,0.6,0.0,53,1.17,0.26,0.05,199,0.159,0.81,31,0.147,82,6.2,1.54,0.067777778,0.141176471,0.191666667,0.006666667,0.0,0.1325,0.073125,0.2,0.041666667,0.165833333,0.000176667,0.073809524,0.117142857,0.112727273,0.14
21075,Fast Foods,"FAST FOODS,ENCHILADA,W/CHS&BF","Fast foods, enchilada, with cheese and beef",,,,168,6.21,9.19,15.87,0.0,0.0,51.0,0.14,0.53,0.7,0.0,35,1.31,0.21,0.05,119,0.27,1.6,43,0.304,87,5.1,1.4,0.056666667,0.082352941,0.220833333,0.007777778,0.0,0.0875,0.081875,0.161538462,0.041666667,0.099166667,0.0003,0.102380952,0.124285714,0.092727273,0.127272727
21076,Fast Foods,"FAST FOODS,ENCHIRITO,W/CHS,BF,&BNS","Fast foods, enchirito, with cheese, beef, and beans",,,,178,9.27,8.33,17.51,0.0,0.0,46.0,0.11,0.84,2.4,0.0,62,1.55,0.36,0.09,113,0.14,1.24,37,0.199,116,4.2,1.43,0.051111111,0.064705882,0.35,0.026666667,0.0,0.155,0.096875,0.276923077,0.075,0.094166667,0.000155556,0.088095238,0.165714286,0.076363636,0.13
21077,Fast Foods,"FAST FOODS,FRIJOLES W/CHS","Fast foods, frijoles with cheese",,,,135,6.81,4.66,17.19,0.0,0.0,21.0,0.12,0.41,0.9,0.0,67,0.89,0.2,0.08,113,0.204,1.34,51,0.301,105,1.7,1.04,0.023333333,0.070588235,0.170833333,0.01,0.0,0.1675,0.055625,0.153846154,0.066666667,0.094166667,0.000226667,0.121428571,0.15,0.030909091,0.094545455
21078,Fast Foods,"FAST FOODS,NACHOS,W/CHS","Fast foods, nachos, with cheese",,,,343,4.32,21.5,34.91,2.17,3.2,5.0,0.215,0.07,1.1,4.08,10,0.63,0.133,0.123,63,0.064,0.75,42,0.187,198,8.6,0.86,0.005555556,0.126470588,0.029166667,0.012222222,0.272,0.025,0.039375,0.102307692,0.1025,0.0525,7.11111e-05,0.1,0.282857143,0.156363636,0.078181818
21080,Fast Foods,"FAST FOODS,NACHOS,W/ CHS,BNS,GROUND BF,& TOMATOES","Fast foods, nachos, with cheese, beans, ground beef, and tomatoes",,,,219,6.21,12.48,21.39,1.63,3.7,42.0,0.158,0.31,0.0,1.75,14,1.01,0.137,0.073,47,0.104,1.01,33,0.202,153,8.1,1.05,0.046666667,0.092941176,0.129166667,0.0,0.116666667,0.035,0.063125,0.105384615,0.060833333,0.039166667,0.000115556,0.078571429,0.218571429,0.147272727,0.095454545
21082,Fast Foods,"FAST FOODS,TACO W/ BF,CHS & LETTUCE,HARD SHELL","Fast foods, taco with beef, cheese and lettuce, hard shell",,,,226,8.86,12.7,19.85,0.9,3.9,20.0,0.09,0.93,0.4,0.6,21,1.65,0.06,0.05,89,0.077,1.19,32,0.249,178,9.2,1.75,0.022222222,0.052941176,0.3875,0.004444444,0.04,0.0525,0.103125,0.046153846,0.041666667,0.074166667,8.55556e-05,0.076190476,0.254285714,0.167272727,0.159090909
21083,Fast Foods,"FAST FOODS,TACO SALAD","Fast foods, taco salad",,,,141,6.68,7.46,11.91,0.0,0.0,0.0,0.11,0.32,1.8,0.0,57,1.24,0.18,0.05,97,0.113,1.15,26,0.167,72,2.2,1.36,0.0,0.064705882,0.133333333,0.02,0.0,0.1425,0.0775,0.138461538,0.041666667,0.080833333,0.000125556,0.061904762,0.102857143,0.04,0.123636364
21084,Fast Foods,"FAST FOODS,TACO SALAD W/CHILI CON CARNE","Fast foods, taco salad with chili con carne",,,,111,6.67,5.03,10.18,0.0,0.0,99.0,0.2,0.28,1.3,0.0,43,0.97,0.19,0.06,94,0.115,1.02,20,0.129,59,2.9,1.26,0.11,0.117647059,0.116666667,0.014444444,0.0,0.1075,0.060625,0.146153846,0.05,0.078333333,0.000127778,0.047619048,0.084285714,0.052727273,0.114545455
21085,Fast Foods,"FAST FOODS,TOSTADA,W/BNS&CHS","Fast foods, tostada, with beans and cheese",,,,155,6.67,6.85,18.42,0.0,0.0,31.0,0.11,0.48,0.9,0.0,30,0.92,0.23,0.07,146,0.143,1.31,41,0.255,81,2.4,1.32,0.034444444,0.064705882,0.2,0.01,0.0,0.075,0.0575,0.176923077,0.058333333,0.121666667,0.000158889,0.097619048,0.115714286,0.043636364,0.12
21086,Fast Foods,"FAST FOODS,TOSTADA,W/BNS,BF,&CHS","Fast foods, tostada, with beans, beef, and cheese",,,,148,7.15,7.53,13.18,0.0,0.0,45.0,0.11,0.5,1.8,0.0,38,1.27,0.22,0.04,84,0.14,1.09,30,0.16,77,9.3,1.41,0.05,0.064705882,0.208333333,0.02,0.0,0.095,0.079375,0.169230769,0.033333333,0.07,0.000155556,0.071428571,0.11,0.169090909,0.128181818
21087,Fast Foods,"FAST FOODS,TOSTADA,W/BF&CHS","Fast foods, tostada, with beef and cheese",,,,193,11.65,10.03,13.97,0.0,0.0,31.0,0.14,0.72,1.6,0.0,72,1.93,0.34,0.06,133,0.162,1.76,39,0.309,110,11.7,2.26,0.034444444,0.082352941,0.3,0.017777778,0.0,0.18,0.120625,0.261538462,0.05,0.110833333,0.00018,0.092857143,0.157142857,0.212727273,0.205454545
21088,Fast Foods,TOSTADA WITH GUACAMOLE,Tostada with guacamole,,,,138,4.78,8.91,12.27,0.0,0.0,80.0,0.1,0.38,1.4,0.0,45,0.76,0.22,0.05,162,0.097,0.62,28,0.135,89,2.7,1.56,0.088888889,0.058823529,0.158333333,0.015555556,0.0,0.1125,0.0475,0.169230769,0.041666667,0.135,0.000107778,0.066666667,0.127142857,0.049090909,0.141818182
21089,Fast Foods,"FAST FOODS,CHEESEBURGER; SINGLE,REG PATTY; PLN","Fast foods, cheeseburger; single, regular patty; plain",,,,308,16.51,14.72,28.03,4.88,2.0,50.0,0.228,0.76,0.0,0.52,89,5.217,0.363,0.293,119,0.111,2.71,26,0.316,161,19.6,2.49,0.055555556,0.134117647,0.316666667,0.0,0.034666667,0.2225,0.3260625,0.279230769,0.244166667,0.099166667,0.000123333,0.061904762,0.23,0.356363636,0.226363636
21090,Fast Foods,"FAST FOODS,CHEESEBURGER; SINGLE,REG PATTY,W/ CONDMNT","Fast foods, cheeseburger; single, regular patty, with condiments",,,,270,13.49,12.9,25.46,5.24,1.9,55.0,0.374,1.31,0.4,0.09,39,3.51,0.19,0.32,123,0.098,2.25,23,0.254,142,22.7,2.21,0.061111111,0.22,0.545833333,0.004444444,0.006,0.0975,0.219375,0.146153846,0.266666667,0.1025,0.000108889,0.054761905,0.202857143,0.412727273,0.200909091
21091,Fast Foods,"FAST FOODS,CHEESEBURGER; SINGLE,REG PATTY,W/ CONDMNT & VEG","Fast foods, cheeseburger; single, regular patty, with condiments and vegetables",,,,254,13.06,11.5,24.97,5.11,1.4,12.0,0.956,1.3,0.6,0.3,62,3.08,0.171,0.361,92,0.109,2.78,22,0.242,134,21.9,2.18,0.013333333,0.562352941,0.541666667,0.006666667,0.02,0.155,0.1925,0.131538462,0.300833333,0.076666667,0.000121111,0.052380952,0.191428571,0.398181818,0.198181818
21092,Fast Foods,"FAST FOODS,CHEESEBURGER; DOUBLE,REG PATTY; PLN","Fast foods, cheeseburger; double, regular patty; plain",,,,308,17.16,17.4,20.8,4.02,0.7,0.0,0.187,1.38,0.0,0.0,0,4.382,0.282,0.185,180,0.081,2.37,21,0.181,183,0.0,2.75,0.0,0.11,0.575,0.0,0.0,0.0,0.273875,0.216923077,0.154166667,0.15,9e-05,0.05,0.261428571,0.0,0.25
21093,Fast Foods,"FAST FOODS,CHEESEBURGER; DOUBLE,REG PATTY,W/ CONDMNT & VEG","Fast foods, cheeseburger; double, regular patty, with condiments and vegetables",,,,251,12.8,12.7,21.2,0.0,0.0,0.0,0.11,1.16,1.0,0.0,53,4.85,0.17,0.21,103,0.09,2.06,18,0.18,146,14.2,2.1,0.0,0.064705882,0.483333333,0.011111111,0.0,0.1325,0.303125,0.130769231,0.175,0.085833333,0.0001,0.042857143,0.208571429,0.258181818,0.190909091
21094,Fast Foods,"FAST FOODS,CHEESEBURGER,DOUBLE,REG PATTY & BUN,W/ CONDMNT","Fast foods, cheeseburger, double, regular patty and bun, with condiments",,,,282,16.24,16.18,17.97,4.16,1.0,44.0,0.214,1.28,2.9,0.35,61,3.462,0.204,0.231,150,0.081,2.35,21,0.198,165,17.9,2.77,0.048888889,0.125882353,0.533333333,0.032222222,0.023333333,0.1525,0.216375,0.156923077,0.1925,0.125,9e-05,0.05,0.235714286,0.325454545,0.251818182
21095,Fast Foods,"FAST FOODS,CHSEBURGER; DBLE,REG,PATTY & BN; W/ CONDMNT & VEG","Fast foods, cheeseburger; double, regular, patty and bun; with condiments and vegetables",,,,285,13.04,15.47,23.3,0.0,0.0,0.0,0.12,0.91,1.2,0.87,58,3.66,0.19,0.25,74,0.071,2.07,16,0.12,153,17.3,1.81,0.0,0.070588235,0.379166667,0.013333333,0.058,0.145,0.22875,0.146153846,0.208333333,0.061666667,7.88889e-05,0.038095238,0.218571429,0.314545455,0.164545455
21096,Fast Foods,"FAST FOODS,CHEESEBURGER; SINGLE,LRG PATTY; PLN","Fast foods, cheeseburger; single, large patty; plain",,,,310,17.29,15.97,24.07,4.67,1.7,58.0,0.224,1.0,0.0,0.52,83,4.597,0.353,0.26,114,0.097,2.57,24,0.259,163,19.6,2.79,0.064444444,0.131764706,0.416666667,0.0,0.034666667,0.2075,0.2873125,0.271538462,0.216666667,0.095,0.000107778,0.057142857,0.232857143,0.356363636,0.253636364
21097,Fast Foods,"FAST FOODS,CHESEBURGER; SINGLE,LRG PATTY; W/ CONDMNT & BACON","Fast foods, cheeseburger; single, large patty; with condiments and bacon",,,,282,15.78,15.86,18.89,4.63,1.3,0.0,0.242,1.25,0.7,0.0,0,4.233,0.348,0.174,137,0.102,2.07,23,0.166,181,3.4,2.67,0.0,0.142352941,0.520833333,0.007777778,0.0,0.0,0.2645625,0.267692308,0.145,0.114166667,0.000113333,0.054761905,0.258571429,0.061818182,0.242727273
21098,Fast Foods,"FAST FOODS,CHEESEBURGER; SINGLE,LRG PATTY; W/ CONDMNT & VEG","Fast foods, cheeseburger; single, large patty; with condiments and vegetables",,,,206,11.59,10.36,16.81,4.0,1.4,0.0,0.0,1.01,1.9,0.0,0,3.327,0.281,0.145,95,0.09,1.86,19,0.182,119,0.0,2.17,0.0,0.0,0.420833333,0.021111111,0.0,0.0,0.2079375,0.216153846,0.120833333,0.079166667,0.0001,0.045238095,0.17,0.0,0.197272727
21099,Fast Foods,"FAST FOODS,CHSBURGER; SINGLE,LRG PATTY; W/ CONDMNT,VEG & HAM","Fast foods, cheeseburger; single, large patty; with condiments, vegetables and ham",,,,286,15.55,18.97,13.01,0.0,0.0,0.0,0.15,1.13,2.9,0.0,39,3.61,0.22,0.21,119,0.097,1.98,20,0.147,209,12.8,2.61,0.0,0.088235294,0.470833333,0.032222222,0.0,0.0975,0.225625,0.169230769,0.175,0.099166667,0.000107778,0.047619048,0.298571429,0.232727273,0.237272727
21100,Fast Foods,"FAST FOODS,CHEESEBURGER; DOUBLE,LRG PATTY,W/ CONDMNT & VEG","Fast foods, cheeseburger; double, large patty, with condiments and vegetables",,,,273,14.72,16.92,15.37,0.0,0.0,0.0,0.16,1.32,0.4,0.0,36,2.81,0.19,0.14,93,0.08,2.29,20,0.123,153,11.2,2.59,0.0,0.094117647,0.55,0.004444444,0.0,0.09,0.175625,0.146153846,0.116666667,0.0775,8.88889e-05,0.047619048,0.218571429,0.203636364,0.235454545
21101,Fast Foods,"FAST FOODS,CHEESEBURGER; TRIPLE,REG PATTY; PLN","Fast foods, cheeseburger; triple, regular patty; plain",,,,310,18.2,19.17,16.16,3.29,0.5,0.0,0.211,1.56,0.0,0.0,0,4.263,0.273,0.148,174,0.078,2.23,21,0.145,196,0.0,3.02,0.0,0.124117647,0.65,0.0,0.0,0.0,0.2664375,0.21,0.123333333,0.145,8.66667e-05,0.05,0.28,0.0,0.274545455
21102,Fast Foods,"FAST FOODS,CHICK FILLET SNDWCH,PLN","Fast foods, chicken fillet sandwich, plain",,,,283,13.25,16.18,21.26,0.0,0.0,0.0,0.11,0.21,4.9,0.0,82,3.74,0.13,0.18,33,0.127,2.57,19,0.26,128,22.2,1.03,0.0,0.064705882,0.0875,0.054444444,0.0,0.205,0.23375,0.1,0.15,0.0275,0.000141111,0.045238095,0.182857143,0.403636364,0.093636364
21104,Fast Foods,"FAST FOODS,EGG&CHS SNDWCH","Fast foods, egg and cheese sandwich",,,,233,10.69,13.3,17.76,0.0,0.0,138.0,0.09,0.78,1.0,0.0,96,1.42,0.39,0.18,154,0.075,2.04,15,0.15,207,23.1,1.13,0.153333333,0.052941176,0.325,0.011111111,0.0,0.24,0.08875,0.3,0.15,0.128333333,8.33333e-05,0.035714286,0.295714286,0.42,0.102727273
21105,Fast Foods,"FAST FOODS,FISH SNDWCH,W/TARTAR SAU","Fast foods, fish sandwich, with tartar sauce",,,,257,10.29,12.45,26.69,3.53,1.0,6.0,0.07,0.68,1.8,0.55,66,2.15,0.14,0.21,37,0.075,1.5,25,0.264,116,18.0,0.49,0.006666667,0.041176471,0.283333333,0.02,0.036666667,0.165,0.134375,0.107692308,0.175,0.030833333,8.33333e-05,0.05952381,0.165714286,0.327272727,0.044545455
21106,Fast Foods,"FAST FOODS,FISH SNDWCH,W/TARTAR SAU&CHS","Fast foods, fish sandwich, with tartar sauce and cheese",,,,279,11.26,14.64,26.39,3.67,0.8,22.0,0.06,0.59,1.5,1.0,65,2.31,0.23,0.25,120,0.066,1.56,27,0.262,137,48.4,0.58,0.024444444,0.035294118,0.245833333,0.016666667,0.066666667,0.1625,0.144375,0.176923077,0.208333333,0.1,7.33333e-05,0.064285714,0.195714286,0.88,0.052727273
21107,Fast Foods,"FAST FOODS,HAMBURGER; SINGLE,REG PATTY; PLN","Fast foods, hamburger; single, regular patty; plain",,,,297,16.52,12.01,31.5,4.88,1.7,9.0,0.212,0.89,0.0,0.38,100,5.617,0.363,0.317,62,0.121,3.06,27,0.357,134,20.3,2.52,0.01,0.124705882,0.370833333,0.0,0.025333333,0.25,0.3510625,0.279230769,0.264166667,0.051666667,0.000134444,0.064285714,0.191428571,0.369090909,0.229090909
21108,Fast Foods,"FAST FOODS,HAMBURGER; SINGLE,REG PATTY; W/ CONDMNT","Fast foods, hamburger; single, regular patty; with condiments",,,,263,13.3,10.18,29.57,5.95,1.8,3.0,0.108,1.2,0.3,0.07,66,4.061,0.186,0.349,116,0.101,2.87,22,0.323,110,24.7,2.03,0.003333333,0.063529412,0.5,0.003333333,0.004666667,0.165,0.2538125,0.143076923,0.290833333,0.096666667,0.000112222,0.052380952,0.157142857,0.449090909,0.184545455
21109,Fast Foods,"FAST FOODS,HAMBURGER; SINGLE,REG PATTY; W/ CONDMNT & VEG","Fast foods, hamburger; single, regular patty; with condiments and vegetables",,,,254,11.74,12.25,24.81,0.0,0.0,0.0,0.11,0.8,1.5,0.0,68,3.35,0.18,0.21,57,0.093,2.39,20,0.23,113,18.7,1.87,0.0,0.064705882,0.333333333,0.016666667,0.0,0.17,0.209375,0.138461538,0.175,0.0475,0.000103333,0.047619048,0.161428571,0.34,0.17
21110,Fast Foods,"FAST FOODS,HAMBURGER; DOUBLE,REG,PATTY; PLN","Fast foods, hamburger; double, regular, patty; plain",,,,295,17.08,14.36,24.1,4.15,0.9,0.0,0.203,1.44,0.0,0.0,0,5.365,0.25,0.217,102,0.091,2.88,20,0.217,136,0.0,2.87,0.0,0.119411765,0.6,0.0,0.0,0.0,0.3353125,0.192307692,0.180833333,0.085,0.000101111,0.047619048,0.194285714,0.0,0.260909091
21111,Fast Foods,"FAST FOODS,HAMBURGER; DOUBLE,REG PATTY; W/ CONDMNT","Fast foods, hamburger; double, regular patty; with condiments",,,,268,14.8,15.1,18.02,0.0,0.0,0.0,0.17,1.55,0.5,0.0,52,3.13,0.19,0.16,43,0.09,2.58,21,0.151,132,20.9,2.7,0.0,0.1,0.645833333,0.005555556,0.0,0.13,0.195625,0.146153846,0.133333333,0.035833333,0.0001,0.05,0.188571429,0.38,0.245454545
21112,Fast Foods,"FAST FOODS,HAMBURGER; SINGLE,LRG PATTY; PLN","Fast foods, hamburger; single, large patty; plain",,,,311,16.51,16.73,23.16,0.0,0.0,0.0,0.17,1.5,0.0,0.0,59,4.56,0.21,0.21,54,0.095,2.61,20,0.178,128,19.8,3.0,0.0,0.1,0.625,0.0,0.0,0.1475,0.285,0.161538462,0.175,0.045,0.000105556,0.047619048,0.182857143,0.36,0.272727273
21113,Fast Foods,"FAST FOODS,HAMBURGER; SINGLE,LRG PATTY; W/ CONDMNT & VEG","Fast foods, hamburger; single, large patty; with condiments and vegetables",,,,235,11.85,12.55,18.35,0.0,0.0,0.0,0.15,1.09,1.2,0.0,53,3.34,0.17,0.19,44,0.091,2.26,20,0.16,107,15.4,2.24,0.0,0.088235294,0.454166667,0.013333333,0.0,0.1325,0.20875,0.130769231,0.158333333,0.036666667,0.000101111,0.047619048,0.152857143,0.28,0.203636364
21114,Fast Foods,"FAST FOODS,HAMBURGER; DOUBLE,LRG PATTY; W/ CONDMNT & VEG","Fast foods, hamburger; double, large patty; with condiments and vegetables",,,,239,15.17,11.75,17.82,0.0,0.0,0.0,0.24,1.8,0.5,0.0,49,3.35,0.17,0.16,45,0.097,2.59,22,0.11,139,11.3,2.51,0.0,0.141176471,0.75,0.005555556,0.0,0.1225,0.209375,0.130769231,0.133333333,0.0375,0.000107778,0.052380952,0.198571429,0.205454545,0.228181818
21115,Fast Foods,"FAST FOODS,HAMBURGER,LRG,TRIPLE PATTY,W/CONDMNT","Fast foods, hamburger, large, triple patty, with condiments",,,,267,19.3,16.01,11.04,0.0,0.0,3.0,0.24,1.9,0.5,0.0,41,4.23,0.21,0.12,25,0.076,3.21,21,0.09,152,21.5,4.15,0.003333333,0.141176471,0.791666667,0.005555556,0.0,0.1025,0.264375,0.161538462,0.1,0.020833333,8.44444e-05,0.05,0.217142857,0.390909091,0.377272727
21116,Fast Foods,"FAST FOODS,HAM&CHS SNDWCH","Fast foods, ham and cheese sandwich",,,,241,14.17,10.6,22.84,0.0,0.0,66.0,0.14,0.37,1.9,0.2,54,1.84,0.33,0.21,89,0.125,2.22,11,0.095,104,15.8,0.94,0.073333333,0.082352941,0.154166667,0.021111111,0.013333333,0.135,0.115,0.253846154,0.175,0.074166667,0.000138889,0.026190476,0.148571429,0.287272727,0.085454545
21117,Fast Foods,"FAST FOODS,HAM,EGG,&CHS SNDWCH","Fast foods, ham, egg, and cheese sandwich",,,,243,13.46,11.4,21.64,0.0,0.0,116.0,0.11,0.86,1.9,0.0,69,2.94,0.39,0.3,148,0.085,2.17,18,0.17,242,22.7,1.39,0.128888889,0.064705882,0.358333333,0.021111111,0.0,0.1725,0.18375,0.3,0.25,0.123333333,9.44444e-05,0.042857143,0.345714286,0.412727273,0.126363636
21118,Fast Foods,"FAST FOODS,HOTDOG,PLAIN","Fast foods, hotdog, plain",,,,247,10.6,14.84,18.4,0.0,0.0,0.0,0.05,0.52,0.1,0.0,62,3.72,0.28,0.24,24,0.078,2.36,13,0.093,99,26.5,2.02,0.0,0.029411765,0.216666667,0.001111111,0.0,0.155,0.2325,0.215384615,0.2,0.02,8.66667e-05,0.030952381,0.141428571,0.481818182,0.183636364
21119,Fast Foods,"FAST FOODS,HOTDOG,W/CHILI","Fast foods, hotdog, with chili",,,,260,11.85,11.79,27.45,0.0,0.0,3.0,0.04,0.26,2.4,0.0,78,3.28,0.35,0.19,17,0.09,2.88,9,0.1,168,11.4,0.68,0.003333333,0.023529412,0.108333333,0.026666667,0.0,0.195,0.205,0.269230769,0.158333333,0.014166667,0.0001,0.021428571,0.24,0.207272727,0.061818182
21120,Fast Foods,"FAST FOODS,HOTDOG,W/CORN FLR COATING (CORNDOG)","Fast foods, hotdog, with corn flour coating (corndog)",,,,263,9.6,10.8,31.88,0.0,0.0,34.0,0.05,0.25,0.0,0.0,77,2.38,0.4,0.16,58,0.14,3.53,10,0.11,95,12.7,0.75,0.037777778,0.029411765,0.104166667,0.0,0.0,0.1925,0.14875,0.307692308,0.133333333,0.048333333,0.000155556,0.023809524,0.135714286,0.230909091,0.068181818
21124,Fast Foods,"FAST FOODS,SUBMARINE SNDWCH,COLD CUT BRD W/ LETTUCE & TOMATO","Fast foods, submarine sandwich, cold cut on white bread with lettuce and tomato",,,,213,10.52,10.04,20.43,3.18,1.2,22.0,0.203,0.22,7.5,0.41,106,4.323,0.267,0.343,171,0.084,1.81,20,0.354,112,19.9,1.05,0.024444444,0.119411765,0.091666667,0.083333333,0.027333333,0.265,0.2701875,0.205384615,0.285833333,0.1425,9.33333e-05,0.047619048,0.16,0.361818182,0.095454545
21125,Fast Foods,"FAST FOODS,SUBMARINE SNDWCH,RST BF BREAD W/ LETTUCE & TOMATO","Fast foods, submarine sandwich, roast beef on white bread with lettuce and tomato",,,,156,12.17,2.73,20.34,3.0,0.7,6.0,0.275,0.44,0.0,0.29,108,4.183,0.257,0.23,164,0.081,2.09,20,0.267,118,17.0,1.5,0.006666667,0.161764706,0.183333333,0.0,0.019333333,0.27,0.2614375,0.197692308,0.191666667,0.136666667,9e-05,0.047619048,0.168571429,0.309090909,0.136363636
21126,Fast Foods,"FAST FOODS,SUBMARINE SNDWCH,TUNA BREAD W/ LETTUCE & TOMATO","Fast foods, submarine sandwich, tuna on white bread with lettuce and tomato",,,,218,12.33,12.04,15.95,1.93,0.7,11.0,0.271,1.06,0.0,1.57,74,7.727,0.217,0.19,136,0.075,1.57,22,0.214,109,39.2,0.67,0.012222222,0.159411765,0.441666667,0.0,0.104666667,0.185,0.4829375,0.166923077,0.158333333,0.113333333,8.33333e-05,0.052380952,0.155714286,0.712727273,0.060909091
21127,Fast Foods,"FAST FOODS, COLESLAW","Fast foods, coleslaw",,,,153,0.95,9.91,14.89,12.19,1.9,28.0,0.112,0.01,14.6,0.54,0,0.206,0.02,0.026,30,0.015,0.22,8,0.102,20,0.0,0.14,0.031111111,0.065882353,0.004166667,0.162222222,0.036,0.0,0.012875,0.015384615,0.021666667,0.025,1.66667e-05,0.019047619,0.028571429,0.0,0.012727273
21128,Fast Foods,"FAST FOODS,CORN ON THE COB W/BUTTER","Fast foods, corn on the cob with butter",,,,106,3.06,2.35,21.88,0.0,0.0,23.0,0.22,0.0,4.7,0.0,30,1.49,0.07,0.17,3,0.0,0.6,28,0.0,74,0.7,0.62,0.025555556,0.129411765,0.0,0.052222222,0.0,0.075,0.093125,0.053846154,0.141666667,0.0025,0.0,0.066666667,0.105714286,0.012727273,0.056363636
21129,Fast Foods,"FAST FOODS,HUSH PUPPIES","Fast foods, hush puppies",,,,296,6.16,13.25,40.21,3.8,2.9,0.0,0.11,0.0,0.0,1.06,223,2.13,0.07,0.17,100,0.145,2.55,40,0.411,410,26.2,0.73,0.0,0.064705882,0.0,0.0,0.070666667,0.5575,0.133125,0.053846154,0.141666667,0.083333333,0.000161111,0.095238095,0.585714286,0.476363636,0.066363636
21130,Fast Foods,"FAST FOODS,ONION RINGS,BREADED&FRIED","Fast foods, onion rings, breaded and fried",,,,411,3.86,25.23,43.58,5.43,2.7,0.0,0.133,0.0,1.4,4.92,42,0.673,0.063,0.11,115,0.075,0.78,19,0.342,158,5.7,0.51,0.0,0.078235294,0.0,0.015555556,0.328,0.105,0.0420625,0.048461538,0.091666667,0.095833333,8.33333e-05,0.045238095,0.225714286,0.103636364,0.046363636
21131,Fast Foods,"FAST FOODS,POTATO,BKD&TOPPED W/CHS SAU","Fast foods, potato, baked and topped with cheese sauce",,,,168,4.94,9.71,17.88,0.0,0.0,85.0,0.24,0.06,8.8,0.0,9,1.13,0.07,0.08,105,0.213,1.02,22,0.174,108,2.6,0.64,0.094444444,0.141176471,0.025,0.097777778,0.0,0.0225,0.070625,0.053846154,0.066666667,0.0875,0.000236667,0.052380952,0.154285714,0.047272727,0.058181818
21132,Fast Foods,"FAST FOODS,POTATO,BKD&TOPPED W/CHS SAU&BACON","Fast foods, potato, baked and topped with cheese sauce and bacon",,,,163,6.16,8.66,18.44,0.0,0.0,63.0,0.25,0.11,9.6,0.0,10,1.33,0.08,0.09,103,0.216,1.05,23,0.169,116,3.2,0.72,0.07,0.147058824,0.045833333,0.106666667,0.0,0.025,0.083125,0.061538462,0.075,0.085833333,0.00024,0.054761905,0.165714286,0.058181818,0.065454545
21133,Fast Foods,"FAST FOODS,POTATO,BKD&TOPPED W/CHS SAU&BROCCOLI","Fast foods, potato, baked and topped with cheese sauce and broccoli",,,,133,4.03,6.32,18.0,0.0,0.0,79.0,0.23,0.1,14.3,0.0,18,1.06,0.08,0.08,99,0.191,0.98,23,0.237,102,1.7,0.6,0.087777778,0.135294118,0.041666667,0.158888889,0.0,0.045,0.06625,0.061538462,0.066666667,0.0825,0.000212222,0.054761905,0.145714286,0.030909091,0.054545455
21134,Fast Foods,"FAST FOODS,POTATO,BKD&TOPPED W/CHS SAU&CHILI","Fast foods, potato, baked and topped with cheese sauce and chili",,,,131,5.88,5.53,16.72,0.0,0.0,47.0,0.24,0.06,8.0,0.0,12,1.06,0.09,0.07,104,0.209,1.55,28,0.171,126,1.4,0.96,0.052222222,0.141176471,0.025,0.088888889,0.0,0.03,0.06625,0.069230769,0.058333333,0.086666667,0.000232222,0.066666667,0.18,0.025454545,0.087272727
21135,Fast Foods,"FAST FOODS,POTATO,BKD&TOPPED W/SOUR CRM&CHIVES","Fast foods, potato, baked and topped with sour cream and chives",,,,141,2.21,7.39,19.53,0.0,0.0,88.0,0.26,0.07,11.2,0.0,11,1.23,0.06,0.09,35,0.227,1.03,23,0.192,61,1.1,0.3,0.097777778,0.152941176,0.029166667,0.124444444,0.0,0.0275,0.076875,0.046153846,0.075,0.029166667,0.000252222,0.054761905,0.087142857,0.02,0.027272727
21138,Fast Foods,"FST FOODS, POTATO, FRNCH FRIED IN VEG OIL","Fast foods, potato, french fried in vegetable oil",,,,312,3.43,14.73,41.44,0.3,3.8,0.0,0.372,0.0,4.7,1.67,30,3.004,0.039,0.17,18,0.124,0.81,35,0.247,125,0.9,0.5,0.0,0.218823529,0.0,0.052222222,0.111333333,0.075,0.18775,0.03,0.141666667,0.015,0.000137778,0.083333333,0.178571429,0.016363636,0.045454545
21139,Fast Foods,"FAST FOODS,POTATO,MASHED","Fast foods, potato, mashed",,,,89,1.65,2.82,14.65,0.5,1.3,43.0,0.12,0.07,0.0,0.42,9,1.08,0.015,0.015,18,0.035,0.31,15,0.098,59,0.8,0.22,0.047777778,0.070588235,0.029166667,0.0,0.028,0.0225,0.0675,0.011538462,0.0125,0.015,3.88889e-05,0.035714286,0.084285714,0.014545455,0.02
21140,Fast Foods,"SIDE DISHES,POTATO SALAD","Side dishes, potato salad",,,,114,1.53,6.03,13.53,0.0,0.0,30.0,0.15,0.12,1.1,0.0,25,0.27,0.11,0.07,14,0.079,0.73,8,0.074,56,0.9,0.2,0.033333333,0.088235294,0.05,0.012222222,0.0,0.0625,0.016875,0.084615385,0.058333333,0.011666667,8.77778e-05,0.019047619,0.08,0.016363636,0.018181818
21141,Fast Foods,"BURGER KING,VANILLA SHAKE","BURGER KING, Vanilla Shake",,Burger King Corporation,,168,3.19,8.74,19.03,11.67,0.0,0.0,0.03,0.36,0.0,0.32,0,0.09,0.18,0.0,104,0.19,0.42,12,0.061,97,3.2,0.67,0.0,0.017647059,0.15,0.0,0.021333333,0.0,0.005625,0.138461538,0.0,0.086666667,0.000211111,0.028571429,0.138571429,0.058181818,0.060909091
21142,Fast Foods,"FAST FD,BISCUIT","Fast food, biscuit",,,,370,7.08,18.92,42.82,3.88,2.5,18.0,0.059,0.0,0.0,0.47,0,3.713,0.303,0.441,70,0.081,2.76,15,0.388,474,12.1,0.5,0.02,0.034705882,0.0,0.0,0.031333333,0.0,0.2320625,0.233076923,0.3675,0.058333333,9e-05,0.035714286,0.677142857,0.22,0.045454545
21143,Fast Foods,"CHICK-FIL-A,CHICK-N-STRIPS","CHICK-FIL-A, Chick-n-Strips",,Chick-Fil-A,,228,21.4,11.2,10.39,1.24,0.9,0.0,0.476,0.19,1.0,1.56,0,8.763,0.27,0.153,25,0.06,0.97,30,0.121,264,20.6,0.72,0.0,0.28,0.079166667,0.011111111,0.104,0.0,0.5476875,0.207692308,0.1275,0.020833333,6.66667e-05,0.071428571,0.377142857,0.374545455,0.065454545
21144,Fast Foods,"CHICK-FIL-A,HASH BROWNS","CHICK-FIL-A, hash browns",,Chick-Fil-A,,301,3.0,18.5,30.51,0.54,3.2,0.0,0.23,0.0,6.2,3.0,0,2.407,0.06,0.163,22,0.108,0.65,25,0.163,100,0.4,0.45,0.0,0.135294118,0.0,0.068888889,0.2,0.0,0.1504375,0.046153846,0.135833333,0.018333333,0.00012,0.05952381,0.142857143,0.007272727,0.040909091
21145,Fast Foods,"SLP,BIG DADDYS LS 16 51% WHL GRN RLLD EDGE CHS PIZZA- FRZ","School Lunch Pizza, BIG DADDYS LS 16 51% Whole Grain Rolled Edge Cheese Pizza- frozen",school lunch,,,243,13.89,8.81,27.1,4.77,2.7,0.0,0.099,2.0,0.4,0.0,0,3.08,0.17,0.23,183,0.0,2.5,38,0.0,270,0.0,1.74,0.0,0.058235294,0.833333333,0.004444444,0.0,0.0,0.1925,0.130769231,0.191666667,0.1525,0.0,0.09047619,0.385714286,0.0,0.158181818
21146,Fast Foods,"SLP,BIG DADDYS LS 16 51% WHL GRN RLLD TRKY PEPP PZZA- FRZ","School Lunch Pizza, BIG DADDYS LS 16 51% Whole Grain Rolled Edge Turkey Pepperoni Pizza- frozen",school lunch,,,248,13.63,9.33,27.35,3.83,4.1,0.0,0.136,1.13,0.2,0.0,0,2.393,0.27,0.2,147,0.0,2.4,39,0.0,290,0.0,1.83,0.0,0.08,0.470833333,0.002222222,0.0,0.0,0.1495625,0.207692308,0.166666667,0.1225,0.0,0.092857143,0.414285714,0.0,0.166363636
21147,Fast Foods,"SLP,TONYS SMARTPIZZA WHL GRAIN 4X6 CHS PIZZA 50/50 CHS- FRZ","School Lunch Pizza, TONYS SMARTPIZZA Whole Grain 4x6 Cheese Pizza 50/50 Cheese- frozen",school lunch,,,233,12.08,7.51,29.27,6.76,3.8,0.0,0.155,1.42,0.0,0.0,0,2.846,0.33,0.27,207,0.0,2.4,48,0.0,300,0.0,1.87,0.0,0.091176471,0.591666667,0.0,0.0,0.0,0.177875,0.253846154,0.225,0.1725,0.0,0.114285714,0.428571429,0.0,0.17
21148,Fast Foods,"SLP,TONYS SMARTPIZZA WHL GRN 4X6 PEPP PZZ 50/50 CHEESE- FRZ","School Lunch Pizza, TONYS SMARTPIZZA Whole Grain 4x6 Pepperoni Pizza 50/50 Cheese- frozen",school lunch,,,238,12.14,8.19,28.84,7.24,4.1,0.0,0.178,2.05,0.0,0.0,0,3.543,0.32,0.33,192,0.0,2.6,49,0.0,300,0.0,2.38,0.0,0.104705882,0.854166667,0.0,0.0,0.0,0.2214375,0.246153846,0.275,0.16,0.0,0.116666667,0.428571429,0.0,0.216363636
21149,Fast Foods,"SCHOOL LUNCH PIZZA,TONYS BRKFST PIZZA SAUSAGE- FRZ","School Lunch Pizza, TONYS Breakfast Pizza Sausage- frozen",school lunch,,,240,10.39,10.04,26.99,5.87,2.0,0.0,0.097,1.03,0.0,0.0,0,3.125,0.28,0.26,176,0.0,2.1,28,0.0,210,0.0,1.94,0.0,0.057058824,0.429166667,0.0,0.0,0.0,0.1953125,0.215384615,0.216666667,0.146666667,0.0,0.066666667,0.3,0.0,0.176363636
21202,Fast Foods,"FAST FOODS,HAMBURGER,LRG,SINGLE PATTY,W/CONDMNT","Fast foods, hamburger, large, single patty, with condiments",,,,256,15.68,11.6,22.14,3.67,1.1,2.0,0.148,1.66,0.3,0.06,31,4.65,0.201,0.16,87,0.101,1.73,24,0.193,121,24.8,3.04,0.002222222,0.087058824,0.691666667,0.003333333,0.004,0.0775,0.290625,0.154615385,0.133333333,0.0725,0.000112222,0.057142857,0.172857143,0.450909091,0.276363636
21210,Fast Foods,"SUBWAY,RST BF SUB ON WHITE BREAD,W/ LETTUCE & TOMATO","SUBWAY, roast beef sub on white bread, with lettuce and tomato",,Subway,,155,12.17,2.73,20.34,3.0,0.7,6.0,0.275,0.44,0.0,0.29,0,4.183,0.257,0.23,164,0.081,2.09,20,0.267,118,17.0,1.5,0.006666667,0.161764706,0.183333333,0.0,0.019333333,0.0,0.2614375,0.197692308,0.191666667,0.136666667,9e-05,0.047619048,0.168571429,0.309090909,0.136363636
21213,Fast Foods,"SUBWAY,COLD CUT SUB ON WHITE BREAD,W/ LETTUCE & TOMATO","SUBWAY, cold cut sub on white bread, with lettuce and tomato",,Subway,,214,10.52,10.04,20.43,3.18,1.2,22.0,0.203,0.22,7.5,0.41,0,4.323,0.267,0.343,171,0.084,1.81,20,0.354,112,19.9,1.05,0.024444444,0.119411765,0.091666667,0.083333333,0.027333333,0.0,0.2701875,0.205384615,0.285833333,0.1425,9.33333e-05,0.047619048,0.16,0.361818182,0.095454545
21214,Fast Foods,"SUBWAY,TUNA SUB ON WHITE BREAD,W/ LETTUCE & TOMATO","SUBWAY, tuna sub on white bread, with lettuce and tomato",,Subway,,221,12.33,12.04,15.95,1.93,0.7,11.0,0.271,1.06,0.0,1.57,0,7.727,0.217,0.19,136,0.075,1.57,22,0.214,109,39.2,0.67,0.012222222,0.159411765,0.441666667,0.0,0.104666667,0.0,0.4829375,0.166923077,0.158333333,0.113333333,8.33333e-05,0.052380952,0.155714286,0.712727273,0.060909091
21224,Fast Foods,"PIZZA,CHS TOPPING,REG CRUST,FRZ,CKD","Pizza, cheese topping, regular crust, frozen, cooked",,,,268,10.36,12.28,29.02,3.57,2.2,66.0,0.083,0.78,1.2,1.01,65,2.196,0.258,0.211,179,0.227,2.27,23,0.291,179,21.5,1.32,0.073333333,0.048823529,0.325,0.013333333,0.067333333,0.1625,0.13725,0.198461538,0.175833333,0.149166667,0.000252222,0.054761905,0.255714286,0.390909091,0.12
21225,Fast Foods,"PIZZA,CHS TOPPING,RISING CRUST,FRZ,CKD","Pizza, cheese topping, rising crust, frozen, cooked",,,,260,12.37,8.78,32.91,5.09,2.5,69.0,0.092,0.7,1.9,0.72,63,1.985,0.246,0.241,177,0.255,1.77,26,0.428,238,34.8,1.32,0.076666667,0.054117647,0.291666667,0.021111111,0.048,0.1575,0.1240625,0.189230769,0.200833333,0.1475,0.000283333,0.061904762,0.34,0.632727273,0.12
21226,Fast Foods,"PIZZA,MEAT & VEG TOPPING,REG CRUST,FRZ,CKD","Pizza, meat and vegetable topping, regular crust, frozen, cooked",,,,276,11.28,14.43,25.14,4.85,2.2,65.0,0.149,0.62,3.4,1.13,57,2.379,0.233,0.216,152,0.17,1.36,25,0.323,181,9.0,1.71,0.072222222,0.087647059,0.258333333,0.037777778,0.075333333,0.1425,0.1486875,0.179230769,0.18,0.126666667,0.000188889,0.05952381,0.258571429,0.163636364,0.155454545
21227,Fast Foods,"PIZZA,MEAT & VEG TOPPING,RISING CRUST,FRZ,CKD","Pizza, meat and vegetable topping, rising crust, frozen, cooked",,,,271,12.63,11.75,28.78,7.26,2.3,68.0,0.14,0.8,4.2,0.92,98,2.155,0.206,0.25,155,0.21,1.36,27,0.323,211,11.6,1.87,0.075555556,0.082352941,0.333333333,0.046666667,0.061333333,0.245,0.1346875,0.158461538,0.208333333,0.129166667,0.000233333,0.064285714,0.301428571,0.210909091,0.17
21228,Fast Foods,"MCDONALDS,HAMBURGER","McDONALDS, Hamburger",,McDonalds Corporation,,264,12.92,10.09,30.28,6.03,1.3,0.0,0.0,0.83,0.6,0.0,0,4.544,0.239,0.247,127,0.096,2.87,21,0.322,107,26.2,1.95,0.0,0.0,0.345833333,0.006666667,0.0,0.0,0.284,0.183846154,0.205833333,0.105833333,0.000106667,0.05,0.152857143,0.476363636,0.177272727
21229,Fast Foods,"FAST FOODS,CHICK,BREADED & FRIED,BNLESS PIECES,PLN","Fast foods, chicken, breaded and fried, boneless pieces, plain",nuggets,,,307,15.92,20.36,14.93,0.08,0.9,5.0,0.148,0.33,0.6,1.12,15,5.985,0.204,0.092,11,0.051,0.83,24,0.15,272,17.2,0.59,0.005555556,0.087058824,0.1375,0.006666667,0.074666667,0.0375,0.3740625,0.156923077,0.076666667,0.009166667,5.66667e-05,0.057142857,0.388571429,0.312727273,0.053636364
21230,Fast Foods,"FAST FOODS,CRISPY CHICK FILET SNDWCH,W/ LETTUCE & MAYO","Fast Foods, crispy chicken filet sandwich, with lettuce and mayonnaise",,,,276,10.94,13.59,27.4,3.4,1.4,5.0,0.126,0.33,0.3,0.69,43,5.11,0.183,0.16,72,0.082,1.71,20,0.349,144,19.3,0.62,0.005555556,0.074117647,0.1375,0.003333333,0.046,0.1075,0.319375,0.140769231,0.133333333,0.06,9.11111e-05,0.047619048,0.205714286,0.350909091,0.056363636
21232,Fast Foods,"MCDONALDS, FLT-O-FSH","McDONALDS, FILET-O-FISH",,McDonalds Corporation,,282,11.26,14.64,26.39,3.67,1.4,0.0,0.0,1.08,0.3,1.17,0,2.22,0.13,0.211,120,0.066,1.56,27,0.262,137,25.5,0.58,0.0,0.0,0.45,0.003333333,0.078,0.0,0.13875,0.1,0.175833333,0.1,7.33333e-05,0.064285714,0.195714286,0.463636364,0.052727273
21233,Fast Foods,"MCDONALDS, CHEESEBURGER","McDONALDS, Cheeseburger",,McDonalds Corporation,,263,12.97,11.79,27.81,6.22,1.1,0.0,0.0,0.86,0.6,0.0,0,4.026,0.26,0.223,167,0.097,2.35,20,0.23,140,0.0,1.91,0.0,0.0,0.358333333,0.006666667,0.0,0.0,0.251625,0.2,0.185833333,0.139166667,0.000107778,0.047619048,0.2,0.0,0.173636364
21234,Fast Foods,"MCDONALDS,QUARTER POUNDER","McDONALDS, QUARTER POUNDER",,McDonalds Corporation,,244,14.1,11.55,22.17,5.13,1.6,0.0,0.0,1.28,0.9,0.0,0,4.452,0.344,0.183,84,0.107,2.41,22,0.199,124,0.0,2.69,0.0,0.0,0.533333333,0.01,0.0,0.0,0.27825,0.264615385,0.1525,0.07,0.000118889,0.052380952,0.177142857,0.0,0.244545455
21235,Fast Foods,"MCDONALDS,QUARTER POUNDER W/ CHS","McDONALDS, QUARTER POUNDER with Cheese",,McDonalds Corporation,,258,14.59,14.22,19.95,4.91,1.4,0.0,0.0,1.26,0.8,0.0,0,3.85,0.354,0.164,144,0.097,2.1,22,0.174,161,0.0,2.63,0.0,0.0,0.525,0.008888889,0.0,0.0,0.240625,0.272307692,0.136666667,0.12,0.000107778,0.052380952,0.23,0.0,0.239090909
21237,Fast Foods,"MCDONALDS,BIG MAC","McDONALDS, BIG MAC",,McDonalds Corporation,,257,11.82,14.96,20.08,3.97,1.6,0.0,0.0,0.88,0.4,0.0,0,3.384,0.209,0.176,116,0.098,2.0,20,0.206,122,0.0,1.91,0.0,0.0,0.366666667,0.004444444,0.0,0.0,0.2115,0.160769231,0.146666667,0.096666667,0.000108889,0.047619048,0.174285714,0.0,0.173636364
21238,Fast Foods,"MCDONALDS,FRENCH FR","McDONALDS, french fries",,McDonalds Corporation,,323,3.41,15.47,42.58,0.21,3.9,0.0,0.38,0.0,5.6,1.38,0,3.22,0.037,0.18,19,0.114,0.8,37,0.249,127,0.4,0.51,0.0,0.223529412,0.0,0.062222222,0.092,0.0,0.20125,0.028461538,0.15,0.015833333,0.000126667,0.088095238,0.181428571,0.007272727,0.046363636
21239,Fast Foods,"WENDYS,CLASSIC SINGLE HAMBURGER,NO CHS","WENDYS, CLASSIC SINGLE Hamburger, no cheese",,"Wendys International, Inc.",,213,12.63,10.6,16.82,0.0,1.3,0.0,0.114,1.45,0.5,0.0,0,3.225,0.205,0.275,34,0.139,2.73,18,0.187,103,18.2,2.47,0.0,0.067058824,0.604166667,0.005555556,0.0,0.0,0.2015625,0.157692308,0.229166667,0.028333333,0.000154444,0.042857143,0.147142857,0.330909091,0.224545455
21240,Fast Foods,"WENDYS,CLASSIC SINGLE HAMBURGER,W/ CHS","WENDYS, CLASSIC SINGLE Hamburger, with cheese",,"Wendys International, Inc.",,221,14.87,11.6,14.2,0.0,1.4,0.0,0.106,1.54,0.5,0.0,0,3.19,0.256,0.26,75,0.075,2.34,19,0.162,126,19.1,2.58,0.0,0.062352941,0.641666667,0.005555556,0.0,0.0,0.199375,0.196923077,0.216666667,0.0625,8.33333e-05,0.045238095,0.18,0.347272727,0.234545455
21241,Fast Foods,"WENDYS,JR. HAMBURGER,WO/ CHS","WENDYS, Jr. Hamburger, without cheese",,"Wendys International, Inc.",,243,12.62,8.75,28.45,0.0,1.7,0.0,0.124,1.27,0.5,0.0,0,3.887,0.235,0.422,45,0.117,3.35,21,0.281,107,23.1,2.1,0.0,0.072941176,0.529166667,0.005555556,0.0,0.0,0.2429375,0.180769231,0.351666667,0.0375,0.00013,0.05,0.152857143,0.42,0.190909091
21242,Fast Foods,"WENDYS,JR. HAMBURGER,W/ CHS","WENDYS, Jr. Hamburger, with cheese",,"Wendys International, Inc.",,256,13.06,11.5,24.97,0.0,1.4,0.0,0.956,1.3,0.6,0.0,0,3.08,0.171,0.361,92,0.109,2.78,22,0.242,134,21.9,2.18,0.0,0.562352941,0.541666667,0.006666667,0.0,0.0,0.1925,0.131538462,0.300833333,0.076666667,0.000121111,0.052380952,0.191428571,0.398181818,0.198181818
21243,Fast Foods,"WENDYS,CLASSIC DOUBLE,W/ CHS","WENDYS, CLASSIC DOUBLE, with cheese",,"Wendys International, Inc.",,241,16.52,14.2,11.71,0.0,1.1,0.0,0.189,1.92,0.7,0.0,0,3.52,0.251,0.242,58,0.075,2.94,19,0.133,134,19.9,3.05,0.0,0.111176471,0.8,0.007777778,0.0,0.0,0.22,0.193076923,0.201666667,0.048333333,8.33333e-05,0.045238095,0.191428571,0.361818182,0.277272727
21244,Fast Foods,"WENDYS,HOMESTYLE CHICK FILLET SNDWCH","WENDYS, Homestyle Chicken Fillet Sandwich",,"Wendys International, Inc.",,214,13.78,8.1,21.55,0.0,1.3,0.0,0.189,0.33,0.3,0.0,0,3.3,0.13,0.295,23,0.135,1.5,24,0.23,161,24.4,0.61,0.0,0.111176471,0.1375,0.003333333,0.0,0.0,0.20625,0.1,0.245833333,0.019166667,0.00015,0.057142857,0.23,0.443636364,0.055454545
21245,Fast Foods,"WENDYS,ULTIMATE CHICK GRILL SNDWCH","WENDYS, Ultimate Chicken Grill Sandwich",,"Wendys International, Inc.",,179,14.73,5.0,18.88,0.0,1.1,0.0,0.141,0.33,1.1,0.0,0,4.16,0.26,0.392,25,0.075,1.55,24,0.196,168,31.3,0.57,0.0,0.082941176,0.1375,0.012222222,0.0,0.0,0.26,0.2,0.326666667,0.020833333,8.33333e-05,0.057142857,0.24,0.569090909,0.051818182
21246,Fast Foods,"WENDYS,CHICK NUGGETS","WENDYS, Chicken Nuggets",,"Wendys International, Inc.",,326,16.46,22.55,14.31,0.08,0.0,0.0,0.254,0.33,1.3,0.0,0,6.042,0.122,0.079,11,0.061,0.62,22,0.19,271,25.0,0.61,0.0,0.149411765,0.1375,0.014444444,0.0,0.0,0.377625,0.093846154,0.065833333,0.009166667,6.77778e-05,0.052380952,0.387142857,0.454545455,0.055454545
21247,Fast Foods,"WENDYS,FRENCH FR","WENDYS, french fries",,"Wendys International, Inc.",,301,3.73,14.1,39.73,0.4,4.0,0.0,0.387,0.0,3.8,2.0,0,3.007,0.053,0.157,16,0.159,0.93,33,0.271,126,0.8,0.54,0.0,0.227647059,0.0,0.042222222,0.133333333,0.0,0.1879375,0.040769231,0.130833333,0.013333333,0.000176667,0.078571429,0.18,0.014545455,0.049090909
21248,Fast Foods,"WENDYS,FROSTY DAIRY DSSRT","WENDYS, Frosty Dairy Dessert",,"Wendys International, Inc.",,132,3.49,2.6,23.62,0.0,3.3,0.0,0.0,0.59,0.0,0.0,0,0.348,0.72,0.06,128,0.075,1.04,20,0.063,112,3.3,0.44,0.0,0.0,0.245833333,0.0,0.0,0.0,0.02175,0.553846154,0.05,0.106666667,8.33333e-05,0.047619048,0.16,0.06,0.04
21249,Fast Foods,"BURGER KING,FRENCH FR","BURGER KING, french fries",,Burger King Corporation,,280,3.23,12.48,38.7,0.51,2.9,0.0,0.327,0.0,2.2,2.45,0,2.163,0.033,0.143,17,0.127,0.73,27,0.213,119,0.0,0.44,0.0,0.192352941,0.0,0.024444444,0.163333333,0.0,0.1351875,0.025384615,0.119166667,0.014166667,0.000141111,0.064285714,0.17,0.0,0.04
21250,Fast Foods,"BURGER KING,HAMBURGER","BURGER KING, Hamburger",,Burger King Corporation,,261,14.85,10.55,26.76,5.6,2.0,0.0,0.101,0.0,0.2,0.04,89,3.947,0.227,0.334,76,0.121,2.87,25,0.327,126,24.9,2.38,0.0,0.059411765,0.0,0.002222222,0.002666667,0.2225,0.2466875,0.174615385,0.278333333,0.063333333,0.000134444,0.05952381,0.18,0.452727273,0.216363636
21251,Fast Foods,"BURGER KING, CHSBRGR","BURGER KING, Cheeseburger",,Burger King Corporation,,286,14.57,14.81,23.71,4.49,2.8,0.0,0.09,0.0,0.2,0.1,0,3.4,0.24,0.303,93,0.11,2.5,24,0.29,143,24.4,2.4,0.0,0.052941176,0.0,0.002222222,0.006666667,0.0,0.2125,0.184615385,0.2525,0.0775,0.000122222,0.057142857,0.204285714,0.443636364,0.218181818
21252,Fast Foods,"BURGER KING,WHOPPER,NO CHS","BURGER KING, WHOPPER, no cheese",,Burger King Corporation,,233,10.74,12.84,18.55,4.22,1.8,0.0,0.091,0.0,0.2,0.15,70,2.873,0.175,0.215,39,0.013,4.37,18,0.18,90,18.2,2.83,0.0,0.053529412,0.0,0.002222222,0.01,0.175,0.1795625,0.134615385,0.179166667,0.0325,1.44444e-05,0.042857143,0.128571429,0.330909091,0.257272727
21253,Fast Foods,"BURGER KING,WHOPPER,W/ CHS","BURGER KING, WHOPPER, with cheese",,Burger King Corporation,,250,11.19,15.33,16.7,4.11,1.0,0.0,0.073,0.0,0.2,0.08,72,2.56,0.2,0.213,82,0.053,2.0,18,0.18,113,18.4,1.6,0.0,0.042941176,0.0,0.002222222,0.005333333,0.18,0.16,0.153846154,0.1775,0.068333333,5.88889e-05,0.042857143,0.161428571,0.334545455,0.145454545
21254,Fast Foods,"BURGER KING,DOUBLE WHOPPER,NO CHS","BURGER KING, DOUBLE WHOPPER, no cheese",,Burger King Corporation,,252,13.94,15.66,13.74,3.52,1.4,0.0,0.114,0.0,0.2,0.0,60,3.23,0.19,0.193,35,0.12,2.8,18,0.2,111,20.1,3.0,0.0,0.067058824,0.0,0.002222222,0.0,0.15,0.201875,0.146153846,0.160833333,0.029166667,0.000133333,0.042857143,0.158571429,0.365454545,0.272727273
21255,Fast Foods,"BURGER KING,DOUBLE WHOPPER,W/ CHS","BURGER KING, DOUBLE WHOPPER, with cheese",,Burger King Corporation,,266,14.47,17.06,13.52,3.61,1.6,0.0,0.112,0.0,0.2,0.06,42,3.0,0.21,0.267,78,0.078,5.3,19,0.14,128,17.0,3.5,0.0,0.065882353,0.0,0.002222222,0.004,0.105,0.1875,0.161538462,0.2225,0.065,8.66667e-05,0.045238095,0.182857143,0.309090909,0.318181818
21256,Fast Foods,"BURGER KING,CHICK STRIPS","BURGER KING, Chicken Strips",,Burger King Corporation,,292,18.2,15.25,20.49,0.0,1.3,3.0,0.402,0.15,1.1,3.93,0,7.96,0.137,0.09,13,0.073,0.62,27,0.278,291,16.1,0.7,0.003333333,0.236470588,0.0625,0.012222222,0.262,0.0,0.4975,0.105384615,0.075,0.010833333,8.11111e-05,0.064285714,0.415714286,0.292727273,0.063636364
21258,Fast Foods,"BURGER KING,PREMIUM FISH SNDWCH","BURGER KING, Premium Fish Sandwich",,Burger King Corporation,,260,10.29,12.45,26.69,3.53,0.9,0.0,0.036,0.0,0.2,0.0,0,2.09,0.18,0.197,37,0.075,1.5,25,0.264,116,24.3,0.49,0.0,0.021176471,0.0,0.002222222,0.0,0.0,0.130625,0.138461538,0.164166667,0.030833333,8.33333e-05,0.05952381,0.165714286,0.441818182,0.044545455
21259,Fast Foods,"BURGER KING,ORIGINAL CHICK SNDWCH","BURGER KING, Original Chicken Sandwich",,Burger King Corporation,,286,12.14,14.69,26.22,3.02,2.4,0.0,0.154,0.0,0.2,0.0,48,4.71,0.16,0.281,46,0.089,1.79,23,0.401,128,23.4,0.62,0.0,0.090588235,0.0,0.002222222,0.0,0.12,0.294375,0.123076923,0.234166667,0.038333333,9.88889e-05,0.054761905,0.182857143,0.425454545,0.056363636
21260,Fast Foods,"TACO BELL,ORIGINAL TACO W/ BF,CHS & LETTUCE","TACO BELL, Original Taco with beef, cheese and lettuce",,Taco Bell Corp.,,229,8.86,12.7,19.85,0.9,3.9,4.0,0.09,0.93,0.4,0.6,21,1.65,0.06,0.05,89,0.077,1.19,32,0.249,178,9.2,1.75,0.004444444,0.052941176,0.3875,0.004444444,0.04,0.0525,0.103125,0.046153846,0.041666667,0.074166667,8.55556e-05,0.076190476,0.254285714,0.167272727,0.159090909
21261,Fast Foods,"TACO BELL,SOFT TACO W/ BF,CHS & LETTUCE","TACO BELL, Soft Taco with beef, cheese and lettuce",,Taco Bell Corp.,,206,9.25,9.75,20.23,1.57,2.9,4.0,0.06,0.84,0.1,0.4,71,2.88,0.13,0.18,123,0.067,1.67,19,0.31,167,11.0,1.37,0.004444444,0.035294118,0.35,0.001111111,0.026666667,0.1775,0.18,0.1,0.15,0.1025,7.44444e-05,0.045238095,0.238571429,0.2,0.124545455
21262,Fast Foods,"TACO BELL,SOFT TACO W/ CHICK,CHS & LETTUCE","TACO BELL, Soft Taco with chicken, cheese and lettuce",,Taco Bell Corp.,,189,13.3,6.35,19.69,1.3,1.2,1.0,0.11,0.12,0.2,0.35,69,5.17,0.11,0.16,122,0.06,1.59,24,0.245,244,12.7,0.76,0.001111111,0.064705882,0.05,0.002222222,0.023333333,0.1725,0.323125,0.084615385,0.133333333,0.101666667,6.66667e-05,0.057142857,0.348571429,0.230909091,0.069090909
21263,Fast Foods,"TACO BELL,SOFT TACO W/ STEAK","TACO BELL, Soft Taco with steak",,Taco Bell Corp.,,225,11.81,12.1,17.22,0.0,1.6,1.0,0.085,0.96,0.0,0.43,52,2.975,0.194,0.307,117,0.113,2.22,21,0.22,155,13.1,2.15,0.001111111,0.05,0.4,0.0,0.028666667,0.13,0.1859375,0.149230769,0.255833333,0.0975,0.000125556,0.05,0.221428571,0.238181818,0.195454545
21264,Fast Foods,"TACO BELL,BEAN BURRITO","TACO BELL, Bean Burrito",,Taco Bell Corp.,,209,7.35,6.05,31.23,1.73,4.2,3.0,0.1,0.16,0.4,0.5,68,2.02,0.1,0.19,124,0.164,2.37,34,0.456,163,10.4,0.86,0.003333333,0.058823529,0.066666667,0.004444444,0.033333333,0.17,0.12625,0.076923077,0.158333333,0.103333333,0.000182222,0.080952381,0.232857143,0.189090909,0.078181818
21265,Fast Foods,"TACO BELL,BURRITO SUPREME W/ BF","TACO BELL, BURRITO SUPREME with beef",,Taco Bell Corp.,,183,7.03,6.8,23.37,2.1,3.7,52.0,0.097,0.27,0.0,0.28,68,2.09,0.223,0.213,90,0.106,1.82,23,0.298,131,10.7,0.88,0.057777778,0.057058824,0.1125,0.0,0.018666667,0.17,0.130625,0.171538462,0.1775,0.075,0.000117778,0.054761905,0.187142857,0.194545455,0.08
21266,Fast Foods,"TACO BELL,BURRITO SUPREME W/ CHICK","TACO BELL, BURRITO SUPREME with chicken",,Taco Bell Corp.,,179,9.84,6.42,20.51,0.0,2.4,4.0,0.126,0.33,0.0,0.42,64,3.9,0.171,0.174,94,0.1,1.56,28,0.27,163,9.6,0.65,0.004444444,0.074117647,0.1375,0.0,0.028,0.16,0.24375,0.131538462,0.145,0.078333333,0.000111111,0.066666667,0.232857143,0.174545455,0.059090909
21267,Fast Foods,"TACO BELL,BURRITO SUPREME W/ STEAK","TACO BELL, BURRITO SUPREME with steak",,Taco Bell Corp.,,183,9.13,7.27,20.32,0.0,2.4,4.0,0.101,0.6,0.0,0.38,54,2.25,0.183,0.252,101,0.115,2.0,27,0.274,131,10.1,1.38,0.004444444,0.059411765,0.25,0.0,0.025333333,0.135,0.140625,0.140769231,0.21,0.084166667,0.000127778,0.064285714,0.187142857,0.183636364,0.125454545
21268,Fast Foods,"TACO BELL,NACHOS","TACO BELL, Nachos",,Taco Bell Corp.,,350,4.32,21.5,34.91,2.17,3.2,5.0,0.215,0.07,0.0,4.08,0,0.63,0.133,0.123,63,0.064,0.75,42,0.187,198,8.6,0.86,0.005555556,0.126470588,0.029166667,0.0,0.272,0.0,0.039375,0.102307692,0.1025,0.0525,7.11111e-05,0.1,0.282857143,0.156363636,0.078181818
21269,Fast Foods,"TACO BELL,NACHOS SUPREME","TACO BELL, Nachos Supreme",,Taco Bell Corp.,,223,6.21,12.48,21.39,1.63,3.7,42.0,0.158,0.31,0.0,1.75,0,1.01,0.137,0.073,47,0.104,1.01,33,0.202,153,8.1,1.05,0.046666667,0.092941176,0.129166667,0.0,0.116666667,0.0,0.063125,0.105384615,0.060833333,0.039166667,0.000115556,0.078571429,0.218571429,0.147272727,0.095454545
21270,Fast Foods,"TACO BELL,TACO SALAD","TACO BELL, Taco Salad",,Taco Bell Corp.,,170,6.69,9.17,15.1,0.0,3.0,3.0,0.103,0.4,0.0,0.54,54,1.505,0.106,0.15,95,0.151,1.77,27,0.256,103,7.2,1.17,0.003333333,0.060588235,0.166666667,0.0,0.036,0.135,0.0940625,0.081538462,0.125,0.079166667,0.000167778,0.064285714,0.147142857,0.130909091,0.106363636
21271,Fast Foods,"PIZZA HUT 12 CHS PIZZA,HAND-TOSSED CRUST","PIZZA HUT 12 Cheese Pizza, Hand-Tossed Crust",,"Pizza Hut, Inc.",,271,11.93,10.89,31.22,3.37,1.8,82.0,0.114,0.7,0.0,0.7,0,3.295,0.256,0.264,209,0.092,1.95,22,0.308,249,20.5,1.65,0.091111111,0.067058824,0.291666667,0.0,0.046666667,0.0,0.2059375,0.196923077,0.22,0.174166667,0.000102222,0.052380952,0.355714286,0.372727273,0.15
21272,Fast Foods,"PIZZA HUT 12 CHS PIZZA,PAN CRUST","PIZZA HUT 12 Cheese Pizza, Pan Crust",,"Pizza Hut, Inc.",,280,11.73,12.56,29.93,3.21,1.7,73.0,0.107,0.64,0.0,1.06,0,3.91,0.251,0.243,208,0.101,1.86,21,0.305,241,19.4,1.63,0.081111111,0.062941176,0.266666667,0.0,0.070666667,0.0,0.244375,0.193076923,0.2025,0.173333333,0.000112222,0.05,0.344285714,0.352727273,0.148181818
21273,Fast Foods,"PIZZA HUT 12 CHS PIZZA,THIN N CRISPY CRUST","PIZZA HUT 12 Cheese Pizza, THIN N CRISPY Crust",,"Pizza Hut, Inc.",,303,15.29,14.1,28.64,2.67,1.6,107.0,0.109,0.89,0.0,0.84,0,2.895,0.276,0.218,278,0.096,1.71,24,0.297,317,23.1,1.87,0.118888889,0.064117647,0.370833333,0.0,0.056,0.0,0.1809375,0.212307692,0.181666667,0.231666667,0.000106667,0.057142857,0.452857143,0.42,0.17
21274,Fast Foods,"PIZZA HUT 12 PEPPERONI PIZZA,HAND-TOSSED CRUST","PIZZA HUT 12 Pepperoni Pizza, Hand-Tossed Crust",,"Pizza Hut, Inc.",,280,12.86,11.38,31.55,3.67,1.7,57.0,0.152,0.68,0.0,0.75,0,4.028,0.271,0.32,155,0.104,2.14,23,0.365,218,21.3,1.68,0.063333333,0.089411765,0.283333333,0.0,0.05,0.0,0.25175,0.208461538,0.266666667,0.129166667,0.000115556,0.054761905,0.311428571,0.387272727,0.152727273
21275,Fast Foods,"PIZZA HUT 12 PEPPERONI PIZZA,PAN CRUST","PIZZA HUT 12 Pepperoni Pizza, Pan Crust",,"Pizza Hut, Inc.",,298,11.97,14.21,30.49,3.2,1.8,47.0,0.14,0.64,0.0,0.78,0,3.84,0.254,0.287,146,0.105,2.14,22,0.361,205,20.6,1.54,0.052222222,0.082352941,0.266666667,0.0,0.052,0.0,0.24,0.195384615,0.239166667,0.121666667,0.000116667,0.052380952,0.292857143,0.374545455,0.14
21276,Fast Foods,"PIZZA HUT 12 SUPER SUPREME PIZZA,HAND-TOSSED CRUST","PIZZA HUT 12 Super Supreme Pizza, Hand-Tossed Crust",,"Pizza Hut, Inc.",,243,10.9,10.72,25.62,3.71,2.0,36.0,0.146,0.62,0.0,0.77,0,3.582,0.242,0.266,129,0.127,2.0,23,0.324,200,19.5,1.45,0.04,0.085882353,0.258333333,0.0,0.051333333,0.0,0.223875,0.186153846,0.221666667,0.1075,0.000141111,0.054761905,0.285714286,0.354545455,0.131818182
21277,Fast Foods,"DOMINOS 14 CHS PIZZA,CLASSIC HAND-TOSSED CRUST","DOMINOS 14 Cheese Pizza, Classic Hand-Tossed Crust",,"Dominos Pizza, LLC",,257,10.8,8.97,33.24,4.02,2.2,61.0,0.08,0.46,0.9,0.99,0,3.35,0.17,0.32,167,0.107,2.34,24,0.324,204,23.0,1.24,0.067777778,0.047058824,0.191666667,0.01,0.066,0.0,0.209375,0.130769231,0.266666667,0.139166667,0.000118889,0.057142857,0.291428571,0.418181818,0.112727273
21278,Fast Foods,"DOMINOS 14 CHS PIZZA,ULTIMATE DEEP DISH CRUST","DOMINOS 14 Cheese Pizza, Ultimate Deep Dish Crust",,"Dominos Pizza, LLC",,265,10.76,9.83,33.48,4.22,2.4,0.0,0.04,0.36,0.4,0.89,0,3.51,0.18,0.34,166,0.11,2.49,24,0.275,203,20.3,1.22,0.0,0.023529412,0.15,0.004444444,0.059333333,0.0,0.219375,0.138461538,0.283333333,0.138333333,0.000122222,0.057142857,0.29,0.369090909,0.110909091
21279,Fast Foods,"DOMINOS 14 CHS PIZZA,CRUNCHY THIN CRUST","DOMINOS 14 Cheese Pizza, Crunchy Thin Crust",,"Dominos Pizza, LLC",,298,12.33,15.1,28.18,4.09,2.5,0.0,0.07,0.64,1.7,1.49,0,1.01,0.08,0.06,292,0.096,0.91,24,0.229,292,19.8,1.54,0.0,0.041176471,0.266666667,0.018888889,0.099333333,0.0,0.063125,0.061538462,0.05,0.243333333,0.000106667,0.057142857,0.417142857,0.36,0.14
21280,Fast Foods,"DOMINOS 14 PEPPERONI PIZZA,CLASSIC HAND-TOSSED CRUST","DOMINOS 14 Pepperoni Pizza, Classic Hand-Tossed Crust",,"Dominos Pizza, LLC",,273,11.25,11.18,31.86,3.69,2.1,0.0,0.07,0.49,0.8,0.97,0,3.46,0.2,0.31,141,0.119,2.33,24,0.352,191,28.3,1.31,0.0,0.041176471,0.204166667,0.008888889,0.064666667,0.0,0.21625,0.153846154,0.258333333,0.1175,0.000132222,0.057142857,0.272857143,0.514545455,0.119090909
21281,Fast Foods,"DOMINOS 14 PEPPERONI PIZZA,ULTIMATE DEEP DISH CRUST","DOMINOS 14 Pepperoni Pizza, Ultimate Deep Dish Crust",,"Dominos Pizza, LLC",,283,11.52,12.1,31.89,3.91,2.4,0.0,0.07,0.52,0.4,0.88,0,3.25,0.19,0.36,149,0.114,2.54,24,0.298,197,24.5,1.33,0.0,0.041176471,0.216666667,0.004444444,0.058666667,0.0,0.203125,0.146153846,0.3,0.124166667,0.000126667,0.057142857,0.281428571,0.445454545,0.120909091
21282,Fast Foods,"DOMINOS 14 EXTRAVAGANZZA FST PIZZA,CLSSIC HAND-TOSSED CRST","DOMINOS 14 EXTRAVAGANZZA FEAST Pizza, Classic Hand-Tossed Crust",,"Dominos Pizza, LLC",,244,10.33,11.1,25.72,3.3,2.0,51.0,0.0,0.55,0.0,0.8,0,3.25,0.22,0.135,113,0.111,2.32,22,0.26,184,24.0,1.27,0.056666667,0.0,0.229166667,0.0,0.053333333,0.0,0.203125,0.169230769,0.1125,0.094166667,0.000123333,0.052380952,0.262857143,0.436363636,0.115454545
21283,Fast Foods,"PAPA JOHNS 14 CHS PIZZA,ORIGINAL CRUST","PAPA JOHNS 14 Cheese Pizza, Original Crust",,"Papa Johns International, Inc.",,260,11.53,9.25,32.74,5.32,1.9,60.0,0.122,0.68,0.0,1.14,109,3.064,1.225,0.453,166,0.125,1.97,24,0.338,203,27.6,1.24,0.066666667,0.071764706,0.283333333,0.0,0.076,0.2725,0.1915,0.942307692,0.3775,0.138333333,0.000138889,0.057142857,0.29,0.501818182,0.112727273
21284,Fast Foods,"PAPA JOHNS 14 PEPPERONI PIZZA,ORIGINAL CRUST","PAPA JOHNS 14 Pepperoni Pizza, Original Crust",,"Papa Johns International, Inc.",,275,11.97,11.86,30.04,4.84,1.2,58.0,0.162,0.79,0.0,1.1,102,3.225,0.486,0.431,152,0.128,1.98,23,0.348,196,29.3,1.34,0.064444444,0.095294118,0.329166667,0.0,0.073333333,0.255,0.2015625,0.373846154,0.359166667,0.126666667,0.000142222,0.054761905,0.28,0.532727273,0.121818182
21285,Fast Foods,"PAPA JOHNS 14 THE WORKS PIZZA,ORIGINAL CRUST","PAPA JOHNS 14 The Works Pizza, Original Crust",,"Papa Johns International, Inc.",,240,10.27,10.21,26.69,4.84,2.5,31.0,0.0,0.72,0.0,1.06,92,3.205,0.292,0.233,99,0.149,1.5,21,0.282,160,26.8,0.98,0.034444444,0.0,0.3,0.0,0.070666667,0.23,0.2003125,0.224615385,0.194166667,0.0825,0.000165556,0.05,0.228571429,0.487272727,0.089090909
21286,Fast Foods,"PAPA JOHNS 14 CHS PIZZA,THIN CRUST","PAPA JOHNS 14 Cheese Pizza, Thin Crust",,"Papa Johns International, Inc.",,295,12.29,15.66,26.26,3.85,2.3,84.0,0.0,0.83,0.0,1.78,0,0.895,0.216,0.469,238,0.149,0.51,22,0.21,245,29.0,1.25,0.093333333,0.0,0.345833333,0.0,0.118666667,0.0,0.0559375,0.166153846,0.390833333,0.198333333,0.000165556,0.052380952,0.35,0.527272727,0.113636364
21287,Fast Foods,"LITTLE CAESARS 14 ORIGINAL RND CHS PIZZA,REG CRUST","LITTLE CAESARS 14 Original Round Cheese Pizza, Regular Crust",,Little Caesars Pizza,,265,13.39,9.54,31.5,4.02,1.7,78.0,0.0,0.4,0.0,0.61,0,3.237,0.297,0.377,233,0.126,2.34,28,0.321,231,31.4,1.61,0.086666667,0.0,0.166666667,0.0,0.040666667,0.0,0.2023125,0.228461538,0.314166667,0.194166667,0.00014,0.066666667,0.33,0.570909091,0.146363636
21288,Fast Foods,"LITTLE CAESARS 14 ORIGINAL RND PEPPERONI PIZZA,REG CRUST","LITTLE CAESARS 14 Original Round Pepperoni Pizza, Regular Crust",,Little Caesars Pizza,,273,13.59,10.5,31.01,3.76,1.7,71.0,0.0,0.52,0.0,0.76,0,3.737,0.311,0.338,210,0.125,2.34,28,0.338,224,32.0,1.66,0.078888889,0.0,0.216666667,0.0,0.050666667,0.0,0.2335625,0.239230769,0.281666667,0.175,0.000138889,0.066666667,0.32,0.581818182,0.150909091
21289,Fast Foods,"LITTLE CAESARS 14 ORIGINAL RND MEAT & VEG PIZZA,REG CRUST","LITTLE CAESARS 14 Original Round Meat and Vegetable Pizza, Regular Crust",,Little Caesars Pizza,,243,12.12,11.35,23.1,3.74,2.1,48.0,0.0,0.61,0.0,0.9,0,3.567,0.263,0.286,167,0.142,2.11,24,0.265,207,27.1,1.55,0.053333333,0.0,0.254166667,0.0,0.06,0.0,0.2229375,0.202307692,0.238333333,0.139166667,0.000157778,0.057142857,0.295714286,0.492727273,0.140909091
21290,Fast Foods,"LITTLE CAESARS 14 CHS PIZZA,LRG DEEP DISH CRUST","LITTLE CAESARS 14 Cheese Pizza, Large Deep Dish Crust",,Little Caesars Pizza,,263,12.63,10.22,30.1,3.66,1.3,76.0,0.0,0.43,0.0,0.81,0,2.967,0.273,0.44,224,0.116,2.31,27,0.311,221,30.0,1.52,0.084444444,0.0,0.179166667,0.0,0.054,0.0,0.1854375,0.21,0.366666667,0.186666667,0.000128889,0.064285714,0.315714286,0.545454545,0.138181818
21291,Fast Foods,"LITTLE CAESARS 14 PEPPERONI PIZZA,LRG DEEP DISH CRUST","LITTLE CAESARS 14 Pepperoni Pizza, Large Deep Dish Crust",,Little Caesars Pizza,,265,12.93,10.81,29.03,3.39,1.5,65.0,0.0,0.46,0.0,0.81,0,3.767,0.28,0.373,201,0.121,2.3,27,0.316,215,30.9,1.57,0.072222222,0.0,0.191666667,0.0,0.054,0.0,0.2354375,0.215384615,0.310833333,0.1675,0.000134444,0.064285714,0.307142857,0.561818182,0.142727273
21292,Fast Foods,"LITTLE CAESARS 14 CHS PIZZA,THIN CRUST","LITTLE CAESARS 14 Cheese Pizza, Thin Crust",,Little Caesars Pizza,,309,16.23,16.99,22.85,2.76,1.6,123.0,0.0,0.71,0.0,1.21,0,0.85,0.185,0.139,422,0.082,0.64,28,0.211,297,28.1,2.12,0.136666667,0.0,0.295833333,0.0,0.080666667,0.0,0.053125,0.142307692,0.115833333,0.351666667,9.11111e-05,0.066666667,0.424285714,0.510909091,0.192727273
21293,Fast Foods,"PIZZA HUT 14 CHS PIZZA,HAND-TOSSED CRUST","PIZZA HUT 14 Cheese Pizza, Hand-Tossed Crust",,"Pizza Hut, Inc.",,275,11.98,10.42,33.42,3.13,2.4,0.0,0.08,0.38,2.0,0.57,149,4.3,0.22,0.46,209,0.103,2.62,24,0.396,228,16.8,1.44,0.0,0.047058824,0.158333333,0.022222222,0.038,0.3725,0.26875,0.169230769,0.383333333,0.174166667,0.000114444,0.057142857,0.325714286,0.305454545,0.130909091
21294,Fast Foods,"PIZZA HUT 14 CHS PIZZA,PAN CRUST","PIZZA HUT 14 Cheese Pizza, Pan Crust",,"Pizza Hut, Inc.",,276,10.85,11.25,32.85,2.47,2.1,0.0,0.08,0.33,1.9,0.74,152,3.48,0.22,0.39,192,0.098,2.47,21,0.395,216,16.0,1.31,0.0,0.047058824,0.1375,0.021111111,0.049333333,0.38,0.2175,0.169230769,0.325,0.16,0.000108889,0.05,0.308571429,0.290909091,0.119090909
21295,Fast Foods,"PIZZA HUT 14 CHS PIZZA,THIN N CRISPY CRUST","PIZZA HUT 14 Cheese Pizza, THIN N CRISPY Crust",,"Pizza Hut, Inc.",,306,13.37,12.8,34.22,3.13,2.4,0.0,0.06,0.51,4.2,0.68,135,4.18,0.24,0.35,284,0.103,2.52,24,0.381,298,20.3,1.64,0.0,0.035294118,0.2125,0.046666667,0.045333333,0.3375,0.26125,0.184615385,0.291666667,0.236666667,0.000114444,0.057142857,0.425714286,0.369090909,0.149090909
21296,Fast Foods,"PIZZA HUT 14 PEPPERONI PIZZA,HAND-TOSSED CRUST","PIZZA HUT 14 Pepperoni Pizza, Hand-Tossed Crust",,"Pizza Hut, Inc.",,291,12.23,12.63,32.11,2.82,2.6,0.0,0.09,0.51,1.0,0.65,159,4.82,0.24,0.55,166,0.106,2.71,24,0.418,206,19.0,1.49,0.0,0.052941176,0.2125,0.011111111,0.043333333,0.3975,0.30125,0.184615385,0.458333333,0.138333333,0.000117778,0.057142857,0.294285714,0.345454545,0.135454545
21297,Fast Foods,"PIZZA HUT 14 PEPPERONI PIZZA,PAN CRUST","PIZZA HUT 14 Pepperoni Pizza, Pan Crust",,"Pizza Hut, Inc.",,291,11.47,13.07,31.79,1.95,2.0,0.0,0.09,0.51,1.0,0.92,143,3.75,0.21,0.42,147,0.104,2.57,22,0.425,193,15.5,1.36,0.0,0.052941176,0.2125,0.011111111,0.061333333,0.3575,0.234375,0.161538462,0.35,0.1225,0.000115556,0.052380952,0.275714286,0.281818182,0.123636364
21298,Fast Foods,"PIZZA HUT 14 SUPER SUPREME PIZZA,HAND-TOSSED CRUST","PIZZA HUT 14 Super Supreme Pizza, Hand-Tossed Crust",,"Pizza Hut, Inc.",,248,11.34,10.95,26.01,3.04,2.3,32.0,0.098,0.84,0.6,0.66,83,2.38,0.29,0.367,104,0.149,1.53,23,0.285,183,14.5,1.15,0.035555556,0.057647059,0.35,0.006666667,0.044,0.2075,0.14875,0.223076923,0.305833333,0.086666667,0.000165556,0.054761905,0.261428571,0.263636364,0.104545455
21299,Fast Foods,"FAST FD,PIZZA CHAIN,14 PIZZA,CHS TOPPING,REG CRUST","Fast Food, Pizza Chain, 14 pizza, cheese topping, regular crust",,,,266,11.39,9.69,33.33,3.58,2.3,69.0,0.08,0.42,1.4,0.83,129,3.825,0.195,0.39,188,0.105,2.48,24,0.36,216,19.9,1.34,0.076666667,0.047058824,0.175,0.015555556,0.055333333,0.3225,0.2390625,0.15,0.325,0.156666667,0.000116667,0.057142857,0.308571429,0.361818182,0.121818182
21300,Fast Foods,"FAST FD,PIZZA CHAIN,14 PIZZA,CHS TOPPING,THICK CRUST","Fast Food, Pizza Chain, 14 pizza, cheese topping, thick crust",,,,271,10.81,10.54,33.17,3.34,2.2,69.0,0.06,0.35,1.2,0.82,152,3.495,0.2,0.365,179,0.104,2.48,23,0.335,209,18.1,1.27,0.076666667,0.035294118,0.145833333,0.013333333,0.054666667,0.38,0.2184375,0.153846154,0.304166667,0.149166667,0.000115556,0.054761905,0.298571429,0.329090909,0.115454545
21301,Fast Foods,"FAST FD,PIZZA CHAIN,14 PIZZA,CHS TOPPING,THIN CRUST","Fast Food, Pizza Chain, 14 pizza, cheese topping, thin crust",,,,302,12.85,13.95,31.2,3.61,2.5,72.0,0.065,0.57,3.0,1.29,135,2.595,0.16,0.205,288,0.1,1.71,24,0.305,295,20.0,1.59,0.08,0.038235294,0.2375,0.033333333,0.086,0.3375,0.1621875,0.123076923,0.170833333,0.24,0.000111111,0.057142857,0.421428571,0.363636364,0.144545455
21302,Fast Foods,"FAST FD,PIZZA CHAIN,14 PIZZA,PEPPERONI TOPPING,REG CRUST","Fast Food, Pizza Chain, 14 pizza, pepperoni topping, regular crust",,,,282,11.74,11.91,31.98,3.26,2.3,70.0,0.08,0.5,0.9,0.87,131,4.14,0.22,0.43,153,0.113,2.52,24,0.385,198,23.6,1.4,0.077777778,0.047058824,0.208333333,0.01,0.058,0.3275,0.25875,0.169230769,0.358333333,0.1275,0.000125556,0.057142857,0.282857143,0.429090909,0.127272727
21303,Fast Foods,"FAST FD,PIZZA CHAIN,14 PIZZA,PEPPERONI TOPPING,THICK CRUST","Fast Food, Pizza Chain, 14 pizza, pepperoni topping, thick crust",,,,287,11.49,12.58,31.84,2.93,2.2,71.0,0.08,0.51,0.7,0.87,143,3.5,0.2,0.39,148,0.109,2.55,23,0.361,195,20.0,1.35,0.078888889,0.047058824,0.2125,0.007777778,0.058,0.3575,0.21875,0.153846154,0.325,0.123333333,0.000121111,0.054761905,0.278571429,0.363636364,0.122727273
21304,Fast Foods,"FAST FD,PIZZA CHAIN,14 PIZZA,MEAT & VEG TOPPING,REG CRUST","Fast Food, Pizza Chain, 14 pizza, meat and vegetable topping, regular crust",,,,244,11.02,10.9,25.38,3.73,2.2,61.0,0.098,0.68,0.1,0.86,87,3.1,0.266,0.256,120,0.138,1.86,23,0.273,183,23.1,1.24,0.067777778,0.057647059,0.283333333,0.001111111,0.057333333,0.2175,0.19375,0.204615385,0.213333333,0.1,0.000153333,0.054761905,0.261428571,0.42,0.112727273
21305,Fast Foods,"FAST FOODS,GRIDDLE CAKE SNDWCH,EGG,CHS,& SAUSAGE","Fast foods, griddle cake sandwich, egg, cheese, and sausage",,,,291,10.77,17.73,22.04,7.9,0.6,59.0,0.128,0.53,0.0,0.55,70,2.111,0.29,0.17,96,0.079,1.51,14,0.143,307,17.1,1.03,0.065555556,0.075294118,0.220833333,0.0,0.036666667,0.175,0.1319375,0.223076923,0.141666667,0.08,8.77778e-05,0.033333333,0.438571429,0.310909091,0.093636364
21306,Fast Foods,"FAST FOODS,GRIDDLE CAKE SNDWCH,SAUSAGE","Fast foods, griddle cake sandwich, sausage",,,,318,8.41,17.76,31.25,11.23,1.0,0.0,0.108,0.27,0.0,0.0,100,3.082,0.156,0.209,63,0.079,1.42,14,0.198,316,15.2,0.76,0.0,0.063529412,0.1125,0.0,0.0,0.25,0.192625,0.12,0.174166667,0.0525,8.77778e-05,0.033333333,0.451428571,0.276363636,0.069090909
21307,Fast Foods,"FAST FOODS,GRIDDLE CAKE SNDWCH,EGG,CHS,& BACON","Fast foods, griddle cake sandwich, egg, cheese, and bacon",,,,272,12.03,13.19,26.19,9.56,0.8,63.0,0.083,0.4,1.8,0.53,82,1.319,0.3,0.126,109,0.092,1.65,21,0.0,184,24.9,1.37,0.07,0.048823529,0.166666667,0.02,0.035333333,0.205,0.0824375,0.230769231,0.105,0.090833333,0.000102222,0.05,0.262857143,0.452727273,0.124545455
21309,Fast Foods,"MCDONALDS,CHICK MCNUGGETS","McDONALDS, Chicken McNUGGETS",,McDonalds Corporation,,302,15.79,19.81,15.09,0.08,0.0,0.0,0.398,0.33,1.2,0.0,0,7.4,0.11,0.16,11,0.049,0.89,24,0.14,272,0.0,0.59,0.0,0.234117647,0.1375,0.013333333,0.0,0.0,0.4625,0.084615385,0.133333333,0.009166667,5.44444e-05,0.057142857,0.388571429,0.0,0.053636364
21310,Fast Foods,"MCDONALDS,BARBEQUE SAU","McDONALDS, Barbeque Sauce",,McDonalds Corporation,,165,1.55,1.22,36.93,34.31,1.3,12.0,0.083,0.0,0.0,1.07,0,0.69,0.043,0.022,11,0.037,0.4,13,0.097,30,0.0,0.17,0.013333333,0.048823529,0.0,0.0,0.071333333,0.0,0.043125,0.033076923,0.018333333,0.009166667,4.11111e-05,0.030952381,0.042857143,0.0,0.015454545
21311,Fast Foods,"MCDONALDS,CREAMY RANCH SAU","McDONALDS, Creamy Ranch Sauce",,McDonalds Corporation,,468,1.11,52.03,3.49,3.45,0.0,0.0,0.04,0.23,0.0,3.42,0,0.033,0.079,0.031,29,0.037,0.25,3,0.022,30,0.0,0.13,0.0,0.023529412,0.095833333,0.0,0.228,0.0,0.0020625,0.060769231,0.025833333,0.024166667,4.11111e-05,0.007142857,0.042857143,0.0,0.011818182
21313,Fast Foods,"MCDONALDS,HOT MUSTARD SAU","McDONALDS, Hot Mustard Sauce",,McDonalds Corporation,,190,2.6,7.31,29.08,21.76,5.0,0.0,0.06,0.23,0.0,0.86,0,0.402,0.056,0.048,32,0.037,0.86,24,0.22,57,0.0,0.36,0.0,0.035294118,0.095833333,0.0,0.057333333,0.0,0.025125,0.043076923,0.04,0.026666667,4.11111e-05,0.057142857,0.081428571,0.0,0.032727273
21314,Fast Foods,"MCDONALDS,SPICY BUFFALO SAU","McDONALDS, Spicy Buffalo Sauce",,McDonalds Corporation,,142,0.54,15.45,1.81,0.0,1.5,51.0,0.236,0.0,0.0,2.71,0,0.406,0.055,0.028,9,0.037,0.35,6,0.046,11,0.0,0.06,0.056666667,0.138823529,0.0,0.0,0.180666667,0.0,0.025375,0.042307692,0.023333333,0.0075,4.11111e-05,0.014285714,0.015714286,0.0,0.005454545
21315,Fast Foods,"MCDONALDS,SWT N SOUR SAU","McDONALDS, Sweet N Sour Sauce",,McDonalds Corporation,,170,0.66,1.09,39.38,35.79,0.0,8.0,0.033,0.0,1.2,0.71,0,0.396,0.042,0.178,6,0.037,0.64,6,0.047,16,0.0,0.08,0.008888889,0.019411765,0.0,0.013333333,0.047333333,0.0,0.02475,0.032307692,0.148333333,0.005,4.11111e-05,0.014285714,0.022857143,0.0,0.007272727
21316,Fast Foods,"MCDONALDS,TANGY HONEY MUSTARD SAU","McDONALDS, Tangy Honey Mustard Sauce",,McDonalds Corporation,,167,1.32,5.77,28.81,21.88,2.7,0.0,0.035,0.16,0.0,0.7,0,0.21,0.045,0.032,23,0.037,0.42,12,0.11,36,0.0,0.26,0.0,0.020588235,0.066666667,0.0,0.046666667,0.0,0.013125,0.034615385,0.026666667,0.019166667,4.11111e-05,0.028571429,0.051428571,0.0,0.023636364
21319,Fast Foods,"MCDONALDS,HASH BROWN","McDONALDS, Hash Brown",,McDonalds Corporation,,271,2.48,16.3,28.56,0.54,2.8,0.0,0.18,0.0,5.6,2.14,0,1.733,0.032,0.127,19,0.093,0.56,20,0.153,99,0.4,0.34,0.0,0.105882353,0.0,0.062222222,0.142666667,0.0,0.1083125,0.024615385,0.105833333,0.015833333,0.000103333,0.047619048,0.141428571,0.007272727,0.030909091
21321,Fast Foods,"MCDONALDS,HOTCAKES (PLAIN)","McDONALDS, Hotcakes (plain)",,McDonalds Corporation,,228,6.0,5.84,38.27,8.84,1.4,3.0,0.077,0.0,0.0,0.7,0,2.17,0.267,0.299,84,0.091,1.83,19,0.253,260,0.0,0.42,0.003333333,0.045294118,0.0,0.0,0.046666667,0.0,0.135625,0.205384615,0.249166667,0.07,0.000101111,0.045238095,0.371428571,0.0,0.038181818
21324,Fast Foods,"MCDONALDS,BKD APPL PIE","McDONALDS, Baked Apple Pie",,McDonalds Corporation,,323,3.07,15.66,43.62,17.25,2.0,0.0,0.049,0.0,32.3,1.94,0,2.64,0.213,0.296,19,0.056,1.99,7,0.176,36,0.0,0.23,0.0,0.028823529,0.0,0.358888889,0.129333333,0.0,0.165,0.163846154,0.246666667,0.015833333,6.22222e-05,0.016666667,0.051428571,0.0,0.020909091
21327,Fast Foods,"MCDONALDS,BACON,EGG & CHS MCGRIDDLES","McDONALDS, Bacon, Egg & Cheese McGRIDDLES",,McDonalds Corporation,,272,12.03,13.19,26.19,9.56,0.8,0.0,0.0,0.0,1.8,0.0,0,1.319,0.3,0.126,109,0.0,1.65,0,0.0,0,0.0,0.0,0.0,0.0,0.0,0.02,0.0,0.0,0.0824375,0.230769231,0.105,0.090833333,0.0,0.0,0.0,0.0,0.0
21328,Fast Foods,"MCDONALDS,SAUSAGE MCGRIDDLES","McDONALDS, Sausage McGRIDDLES",,McDonalds Corporation,,312,8.41,17.76,31.25,11.23,1.0,0.0,0.108,0.27,0.0,0.0,0,3.082,0.156,0.209,63,0.079,1.42,14,0.198,316,0.0,0.76,0.0,0.063529412,0.1125,0.0,0.0,0.0,0.192625,0.12,0.174166667,0.0525,8.77778e-05,0.033333333,0.451428571,0.0,0.069090909
21329,Fast Foods,"MCDONALDS,SAUSAGE,EGG & CHS MCGRIDDLES","McDONALDS, Sausage, Egg & Cheese McGRIDDLES",,McDonalds Corporation,,283,10.77,17.73,22.04,7.9,0.6,0.0,0.0,0.53,0.0,0.0,0,2.111,0.29,0.17,96,0.079,1.51,14,0.143,307,0.0,1.03,0.0,0.0,0.220833333,0.0,0.0,0.0,0.1319375,0.223076923,0.141666667,0.08,8.77778e-05,0.033333333,0.438571429,0.0,0.093636364
21333,Fast Foods,"MCDONALDS,VANILLA RED FAT ICE CRM CONE","McDONALDS, Vanilla Reduced Fat Ice Cream Cone",,McDonalds Corporation,,162,4.24,4.86,26.36,19.49,0.1,0.0,0.054,0.58,0.0,0.03,0,0.498,0.246,0.043,129,0.023,0.35,13,0.038,111,0.0,0.5,0.0,0.031764706,0.241666667,0.0,0.002,0.0,0.031125,0.189230769,0.035833333,0.1075,2.55556e-05,0.030952381,0.158571429,0.0,0.045454545
21334,Fast Foods,"MCDONALDS,STRAWBERRY SUNDAE","McDONALDS, Strawberry Sundae",,McDonalds Corporation,,158,3.19,3.95,28.09,25.32,0.0,81.0,0.05,0.49,1.5,0.0,0,0.131,0.195,0.039,110,0.015,0.1,11,0.071,91,0.0,0.39,0.09,0.029411765,0.204166667,0.016666667,0.0,0.0,0.0081875,0.15,0.0325,0.091666667,1.66667e-05,0.026190476,0.13,0.0,0.035454545
21335,Fast Foods,"MCDONALDS,HOT CARAMEL SUNDAE","McDONALDS, Hot Caramel Sundae",,McDonalds Corporation,,188,3.58,4.89,33.36,23.54,0.0,92.0,0.049,0.51,0.0,0.01,0,0.114,0.223,0.037,127,0.015,0.08,12,0.009,112,0.0,0.45,0.102222222,0.028823529,0.2125,0.0,0.000666667,0.0,0.007125,0.171538462,0.030833333,0.105833333,1.66667e-05,0.028571429,0.16,0.0,0.040909091
21336,Fast Foods,"MCDONALDS,HOT FUDGE SUNDAE","McDONALDS, Hot Fudge Sundae",,McDonalds Corporation,,186,4.14,5.91,30.05,26.89,0.4,81.0,0.052,0.55,0.0,0.19,0,0.151,0.226,0.042,139,0.051,0.83,19,0.066,128,0.0,0.56,0.09,0.030588235,0.229166667,0.0,0.012666667,0.0,0.0094375,0.173846154,0.035,0.115833333,5.66667e-05,0.045238095,0.182857143,0.0,0.050909091
21337,Fast Foods,"MCDONALDS,PNUTS (FOR SUNDAES)","McDONALDS, Peanuts (for Sundaes)",,McDonalds Corporation,,640,28.04,52.91,16.23,4.15,0.0,0.0,0.728,0.0,0.0,8.24,0,16.5,0.111,0.075,46,0.408,1.45,193,2.0,364,0.0,2.78,0.0,0.428235294,0.0,0.0,0.549333333,0.0,1.03125,0.085384615,0.0625,0.038333333,0.000453333,0.45952381,0.52,0.0,0.252727273
21338,Fast Foods,"MCDONALDS,MCFLURRY W/ M&MS CANDIES","McDONALDS, McFLURRY with M&MS CANDIES",,McDonalds Corporation,,177,4.02,6.46,26.82,24.37,0.2,0.0,0.053,0.6,0.0,0.08,0,0.139,0.243,0.051,135,0.044,0.27,17,0.046,116,0.0,0.54,0.0,0.031176471,0.25,0.0,0.005333333,0.0,0.0086875,0.186923077,0.0425,0.1125,4.88889e-05,0.04047619,0.165714286,0.0,0.049090909
21339,Fast Foods,"MCDONALDS,MCFLURRY W/ OREO COOKIES","McDONALDS, McFLURRY with OREO cookies",,McDonalds Corporation,,165,3.97,5.66,25.55,21.19,0.1,0.0,0.058,0.58,0.0,0.09,0,0.264,0.229,0.048,129,0.03,0.61,14,0.042,111,0.0,0.5,0.0,0.034117647,0.241666667,0.0,0.006,0.0,0.0165,0.176153846,0.04,0.1075,3.33333e-05,0.033333333,0.158571429,0.0,0.045454545
21340,Fast Foods,"MCDONALDS,SAUSAGE BURRITO","McDONALDS, Sausage Burrito",,McDonalds Corporation,,262,11.54,15.15,21.39,1.25,1.1,86.0,0.361,0.54,0.8,0.19,0,1.702,0.29,0.161,180,0.081,1.63,17,0.19,219,0.0,1.18,0.095555556,0.212352941,0.225,0.008888889,0.012666667,0.0,0.106375,0.223076923,0.134166667,0.15,9e-05,0.04047619,0.312857143,0.0,0.107272727
21341,Fast Foods,"MCDONALDS,BIG BRKFST","McDONALDS, BIG BREAKFAST",,McDonalds Corporation,,285,10.16,19.37,17.5,0.93,1.1,70.0,0.174,0.57,0.4,0.0,0,2.273,0.352,0.229,51,0.082,1.74,15,0.119,256,0.0,0.97,0.077777778,0.102352941,0.2375,0.004444444,0.0,0.0,0.1420625,0.270769231,0.190833333,0.0425,9.11111e-05,0.035714286,0.365714286,0.0,0.088181818
21343,Fast Foods,"MCDONALDS,LOFAT CARAMEL SAU","McDONALDS, Low Fat Caramel Sauce",,McDonalds Corporation,,313,1.89,3.25,71.53,43.21,0.0,45.0,0.026,0.0,0.0,0.0,0,0.006,0.134,0.075,71,0.018,0.16,8,0.011,89,0.0,0.28,0.05,0.015294118,0.0,0.0,0.0,0.0,0.000375,0.103076923,0.0625,0.059166667,2e-05,0.019047619,0.127142857,0.0,0.025454545
21344,Fast Foods,"MCDONALDS,DOUBLE CHEESEBURGER","McDONALDS, Double Cheeseburger",,McDonalds Corporation,,282,15.5,16.09,18.79,4.23,0.8,0.0,0.0,0.0,0.4,0.0,0,3.86,0.247,0.162,178,0.077,2.24,21,0.202,166,0.0,2.58,0.0,0.0,0.0,0.004444444,0.0,0.0,0.24125,0.19,0.135,0.148333333,8.55556e-05,0.05,0.237142857,0.0,0.234545455
21345,Fast Foods,"MCDONALDS,DOUBLE QUARTER POUNDER W/ CHS","McDONALDS, DOUBLE QUARTER POUNDER with Cheese",,McDonalds Corporation,,262,16.96,16.22,14.43,3.49,1.0,0.0,0.0,1.68,0.6,0.0,0,4.213,0.303,0.127,106,0.091,2.18,21,0.133,165,0.0,3.33,0.0,0.0,0.7,0.006666667,0.0,0.0,0.2633125,0.233076923,0.105833333,0.088333333,0.000101111,0.05,0.235714286,0.0,0.302727273
21346,Fast Foods,"MCDONALDS,NEWMANS OWN COBB DRSNG","McDONALDS, NEWMANS OWN Cobb Dressing",,McDonalds Corporation,,196,1.69,14.45,15.49,7.79,0.3,0.0,0.0,0.05,0.5,0.0,0,0.01,0.02,0.01,50,0.0,0.2,3,0.0,31,0.3,0.3,0.0,0.0,0.020833333,0.005555556,0.0,0.0,0.000625,0.015384615,0.008333333,0.041666667,0.0,0.007142857,0.044285714,0.005454545,0.027272727
21347,Fast Foods,"MCDONALDS,NEWMANS OWN CREAMY CAESAR DRSNG","McDONALDS, NEWMANS OWN Creamy Caesar Dressing",,McDonalds Corporation,,319,3.56,31.5,6.85,3.0,0.1,0.0,1.09,0.09,0.0,0.0,0,0.02,0.04,0.01,104,0.12,0.28,5,0.0,65,0.2,0.34,0.0,0.641176471,0.0375,0.0,0.0,0.0,0.00125,0.030769231,0.008333333,0.086666667,0.000133333,0.011904762,0.092857143,0.003636364,0.030909091
21348,Fast Foods,"MCDONALDS,NEWMANS OWN LOFAT BALSAMIC VINAIGRETTE","McDONALDS, NEWMANS OWN Low Fat Balsamic Vinaigrette",,McDonalds Corporation,,86,0.19,5.94,24.65,6.74,0.4,0.0,0.0,0.0,4.0,0.01,0,0.01,0.0,0.0,8,0.01,0.28,3,0.04,1,0.1,0.03,0.0,0.0,0.0,0.044444444,0.000666667,0.0,0.000625,0.0,0.0,0.006666667,1.11111e-05,0.007142857,0.001428571,0.001818182,0.002727273
21349,Fast Foods,"MCDONALDS,NEWMANS OWN RANCH DRSNG","McDONALDS, NEWMANS OWN Ranch Dressing",,McDonalds Corporation,,313,2.62,26.57,16.75,6.57,0.3,0.0,0.04,0.0,0.8,0.0,0,0.01,0.14,0.01,77,0.01,0.25,3,0.02,76,0.4,0.06,0.0,0.023529412,0.0,0.008888889,0.0,0.0,0.000625,0.107692308,0.008333333,0.064166667,1.11111e-05,0.007142857,0.108571429,0.007272727,0.005454545
21350,Fast Foods,"MCDONALDS,BIG MAC (WITHOUT BIG MAC SAUCE)","McDONALDS, BIG MAC (without Big Mac Sauce)",,McDonalds Corporation,,234,12.79,11.57,21.01,3.7,1.7,0.0,0.0,0.94,0.4,0.0,0,3.693,0.223,0.19,124,0.105,2.14,21,0.218,130,0.0,2.07,0.0,0.0,0.391666667,0.004444444,0.0,0.0,0.2308125,0.171538462,0.158333333,0.103333333,0.000116667,0.05,0.185714286,0.0,0.188181818
21355,Fast Foods,"MCDONALDS,MCCHICKEN SNDWCH","McDONALDS, McCHICKEN Sandwich",,McDonalds Corporation,,273,10.43,13.21,27.97,3.57,1.3,0.0,0.0,0.19,0.0,0.0,0,3.942,0.2,0.212,88,0.082,1.74,20,0.358,139,0.0,0.63,0.0,0.0,0.079166667,0.0,0.0,0.0,0.246375,0.153846154,0.176666667,0.073333333,9.11111e-05,0.047619048,0.198571429,0.0,0.057272727
21356,Fast Foods,"MCDONALDS,MCCHICKEN SNDWCH (WITHOUT MAYONNAISE)","McDONALDS, McCHICKEN Sandwich (without mayonnaise)",,McDonalds Corporation,,240,11.08,8.46,30.95,4.16,1.4,0.0,0.0,0.17,0.9,0.0,0,4.371,0.216,0.234,96,0.073,1.78,20,0.294,150,0.0,0.75,0.0,0.0,0.070833333,0.01,0.0,0.0,0.2731875,0.166153846,0.195,0.08,8.11111e-05,0.047619048,0.214285714,0.0,0.068181818
21357,Fast Foods,"MCDONALDS,EGG MCMUFFIN","McDONALDS, Egg McMUFFIN",,McDonalds Corporation,,228,13.64,9.66,21.67,2.13,1.1,0.0,0.145,0.0,1.2,0.59,0,3.102,0.368,0.262,192,0.084,2.3,20,0.235,200,0.0,1.29,0.0,0.085294118,0.0,0.013333333,0.039333333,0.0,0.193875,0.283076923,0.218333333,0.16,9.33333e-05,0.047619048,0.285714286,0.0,0.117272727
21358,Fast Foods,"MCDONALDS,SAUSAGE MCMUFFIN","McDONALDS, Sausage McMUFFIN",,McDonalds Corporation,,333,12.66,21.06,24.52,1.93,1.4,0.0,0.153,0.45,0.0,0.28,0,4.184,0.288,0.347,224,0.091,2.04,21,0.254,163,0.0,1.28,0.0,0.09,0.1875,0.0,0.018666667,0.0,0.2615,0.221538462,0.289166667,0.186666667,0.000101111,0.05,0.232857143,0.0,0.116363636
21359,Fast Foods,"MCDONALDS,SAUSAGE MCMUFFIN W/ EGG","McDONALDS, Sausage McMUFFIN with Egg",,McDonalds Corporation,,274,12.59,17.83,17.28,1.57,0.9,0.0,0.149,0.7,0.0,0.5,0,2.93,0.344,0.262,172,0.094,1.97,18,0.189,171,0.0,1.22,0.0,0.087647059,0.291666667,0.0,0.033333333,0.0,0.183125,0.264615385,0.218333333,0.143333333,0.000104444,0.042857143,0.244285714,0.0,0.110909091
21360,Fast Foods,"MCDONALDS,BACON EGG & CHS BISCUIT","McDONALDS, Bacon Egg & Cheese Biscuit",,McDonalds Corporation,,304,13.45,18.77,22.26,2.18,0.9,0.0,0.093,0.0,2.1,0.0,0,1.959,0.416,0.262,109,0.073,2.13,12,0.137,335,0.0,0.9,0.0,0.054705882,0.0,0.023333333,0.0,0.0,0.1224375,0.32,0.218333333,0.090833333,8.11111e-05,0.028571429,0.478571429,0.0,0.081818182
21361,Fast Foods,"MCDONALDS,SAUSAGE BISCUIT","McDONALDS, Sausage Biscuit",,McDonalds Corporation,,376,9.62,25.4,27.2,1.97,1.2,8.0,0.128,0.39,0.0,0.75,0,4.284,0.281,0.403,55,0.074,2.01,13,0.174,323,0.0,0.86,0.008888889,0.075294118,0.1625,0.0,0.05,0.0,0.26775,0.216153846,0.335833333,0.045833333,8.22222e-05,0.030952381,0.461428571,0.0,0.078181818
21362,Fast Foods,"MCDONALDS,SAUSAGE BISCUIT W/ EGG","McDONALDS, Sausage Biscuit with Egg",,McDonalds Corporation,,311,11.27,22.26,19.28,1.43,0.8,64.0,0.144,0.6,0.0,0.98,0,2.968,0.381,0.308,58,0.078,2.03,13,0.13,303,0.0,1.04,0.071111111,0.084705882,0.25,0.0,0.065333333,0.0,0.1855,0.293076923,0.256666667,0.048333333,8.66667e-05,0.030952381,0.432857143,0.0,0.094545455
21363,Fast Foods,"MCDONALDS,DELUXE BRKFST,W/ SYRUP & MARGARINE","McDONALDS, Deluxe Breakfast, with syrup and margarine",,McDonalds Corporation,,285,7.56,15.23,29.48,9.88,1.0,0.0,0.124,0.35,0.2,0.0,0,1.879,0.275,0.207,50,0.073,1.5,13,0.13,216,0.0,0.69,0.0,0.072941176,0.145833333,0.002222222,0.0,0.0,0.1174375,0.211538462,0.1725,0.041666667,8.11111e-05,0.030952381,0.308571429,0.0,0.062727273
21364,Fast Foods,"MCDONALDS,HOTCAKES & SAUSAGE","McDONALDS, Hotcakes and Sausage",,McDonalds Corporation,,294,7.81,12.5,37.55,7.29,1.6,0.0,0.087,0.14,0.0,0.0,0,1.979,0.178,0.216,78,0.066,1.41,14,0.148,171,0.0,0.5,0.0,0.051176471,0.058333333,0.0,0.0,0.0,0.1236875,0.136923077,0.18,0.065,7.33333e-05,0.033333333,0.244285714,0.0,0.045454545
21365,Fast Foods,"MCDONALDS,HOTCAKES (WITH 2 PATS MARGARINE & SYRUP)","McDONALDS, Hotcakes (with 2 pats margarine & syrup)",,McDonalds Corporation,,272,4.05,8.06,46.08,20.58,0.9,0.0,0.052,0.01,0.0,0.0,0,1.464,0.18,0.202,57,0.066,1.28,13,0.171,177,0.0,0.29,0.0,0.030588235,0.004166667,0.0,0.0,0.0,0.0915,0.138461538,0.168333333,0.0475,7.33333e-05,0.030952381,0.252857143,0.0,0.026363636
21376,Fast Foods,"MCDONALDS,BACON RANCH SALAD W/ GRILLED CHICK","McDONALDS, Bacon Ranch Salad with Grilled Chicken",,McDonalds Corporation,,81,10.28,3.14,3.64,1.73,1.0,0.0,0.0,0.0,10.2,0.0,0,3.703,0.083,0.056,48,0.0,0.65,0,0.0,0,0.0,0.0,0.0,0.0,0.0,0.113333333,0.0,0.0,0.2314375,0.063846154,0.046666667,0.04,0.0,0.0,0.0,0.0,0.0
21377,Fast Foods,MCDONALDS BACON RANCH SALAD W/ CRISPY CHICK,McDONALDS Bacon Ranch Salad with Crispy Chicken,,McDonalds Corporation,,122,8.82,6.3,6.08,1.53,1.0,0.0,0.0,0.0,9.7,0.0,0,3.025,0.071,0.06,46,0.0,0.61,0,0.0,0,0.0,0.0,0.0,0.0,0.0,0.107777778,0.0,0.0,0.1890625,0.054615385,0.05,0.038333333,0.0,0.0,0.0,0.0,0.0
21378,Fast Foods,"MCDONALDS,BACON RANCH SALAD WO/ CHICK","McDONALDS, Bacon Ranch Salad without chicken",,McDonalds Corporation,,61,4.14,3.64,4.2,2.14,1.5,0.0,0.0,0.1,13.5,0.0,0,0.206,0.058,0.044,63,0.0,0.67,10,0.0,45,0.0,0.0,0.0,0.0,0.041666667,0.15,0.0,0.0,0.012875,0.044615385,0.036666667,0.0525,0.0,0.023809524,0.064285714,0.0,0.0
21379,Fast Foods,"MCDONALDS,SIDE SALAD","McDONALDS, Side Salad",,McDonalds Corporation,,20,1.03,0.19,4.3,2.24,1.6,0.0,0.0,0.0,15.7,0.0,0,0.208,0.038,0.045,24,0.0,0.65,0,0.0,0,0.0,0.0,0.0,0.0,0.0,0.174444444,0.0,0.0,0.013,0.029230769,0.0375,0.02,0.0,0.0,0.0,0.0,0.0
21380,Fast Foods,"MCDONALDS,FRUIT N YOGURT PARFAIT","McDONALDS, Fruit n Yogurt Parfait",,McDonalds Corporation,,105,2.73,1.3,20.72,12.83,1.0,0.0,0.0,0.19,13.9,0.0,0,0.237,0.115,0.046,86,0.051,0.45,14,0.203,84,0.0,0.36,0.0,0.0,0.079166667,0.154444444,0.0,0.0,0.0148125,0.088461538,0.038333333,0.071666667,5.66667e-05,0.033333333,0.12,0.0,0.032727273
21381,Fast Foods,"MCDONALDS,FRUIT N YOGURT PARFAIT (WITHOUT GRANOLA)","McDONALDS, Fruit n Yogurt Parfait (without granola)",,McDonalds Corporation,,90,2.47,1.13,17.67,11.9,0.9,0.0,0.0,0.2,14.5,0.0,0,0.188,0.117,0.033,87,0.041,0.36,12,0.122,71,0.0,0.3,0.0,0.0,0.083333333,0.161111111,0.0,0.0,0.01175,0.09,0.0275,0.0725,4.55556e-05,0.028571429,0.101428571,0.0,0.027272727
21382,Fast Foods,"MCDONALDS,FILET-O-FISH (WITHOUT TARTAR SAUCE)","McDONALDS, FILET-O-FISH (without tartar sauce)",,McDonalds Corporation,,243,12.47,7.62,31.08,4.27,1.0,0.0,0.0,0.81,0.1,0.0,0,2.748,0.201,0.283,128,0.065,1.64,23,0.23,131,0.0,0.54,0.0,0.0,0.3375,0.001111111,0.0,0.0,0.17175,0.154615385,0.235833333,0.106666667,7.22222e-05,0.054761905,0.187142857,0.0,0.049090909
21383,Fast Foods,"BURGER KING,CROISSANWICH W/ SAUSAGE,EGG & CHS","BURGER KING, CROISSANWICH with Sausage, Egg and Cheese",,Burger King Corporation,,308,12.09,21.78,15.9,3.12,1.8,170.0,0.159,0.51,0.0,1.54,0,2.754,0.37,0.237,90,0.07,1.65,17,0.184,138,24.8,1.14,0.188888889,0.093529412,0.2125,0.0,0.102666667,0.0,0.172125,0.284615385,0.1975,0.075,7.77778e-05,0.04047619,0.197142857,0.450909091,0.103636364
21384,Fast Foods,"BURGER KING,CROISSANWICH W/ SAUSAGE & CHS","BURGER KING, CROISSANWICH with Sausage and Cheese",,Burger King Corporation,,376,13.73,25.45,23.0,3.36,0.7,0.0,0.182,0.55,0.0,0.98,0,4.09,0.317,0.329,107,0.072,1.87,19,0.257,158,20.9,1.43,0.0,0.107058824,0.229166667,0.0,0.065333333,0.0,0.255625,0.243846154,0.274166667,0.089166667,8e-05,0.045238095,0.225714286,0.38,0.13
21385,Fast Foods,"BURGER KING,CROISSANWICH W/ EGG & CHS","BURGER KING, CROISSANWICH with Egg and Cheese",,Burger King Corporation,,283,10.35,15.78,24.79,4.03,0.7,0.0,0.117,0.53,0.0,1.11,0,2.052,0.426,0.243,231,0.074,1.9,17,0.227,249,22.2,1.04,0.0,0.068823529,0.220833333,0.0,0.074,0.0,0.12825,0.327692308,0.2025,0.1925,8.22222e-05,0.04047619,0.355714286,0.403636364,0.094545455
21386,Fast Foods,"BURGER KING,FRENCH TOAST STKS","BURGER KING, french toast sticks",,Burger King Corporation,,349,6.0,17.74,41.21,9.89,1.4,0.0,0.053,0.0,0.0,0.88,0,2.575,0.175,0.284,53,0.085,1.92,19,0.39,87,12.2,0.51,0.0,0.031176471,0.0,0.0,0.058666667,0.0,0.1609375,0.134615385,0.236666667,0.044166667,9.44444e-05,0.045238095,0.124285714,0.221818182,0.046363636
21387,Fast Foods,"BURGER KING,HASH BROWN ROUNDS","BURGER KING, Hash Brown Rounds",,Burger King Corporation,,302,2.8,19.3,29.37,0.63,2.3,0.0,0.187,0.0,4.3,4.4,0,1.98,0.053,0.163,15,0.127,0.71,20,0.176,95,0.4,0.37,0.0,0.11,0.0,0.047777778,0.293333333,0.0,0.12375,0.040769231,0.135833333,0.0125,0.000141111,0.047619048,0.135714286,0.007272727,0.033636364
21388,Fast Foods,"FAST FOODS,MINIATURE CINN ROLLS","Fast foods, miniature cinnamon rolls",,,,403,7.02,17.95,53.38,17.98,2.2,0.0,0.044,0.11,0.0,1.11,0,3.16,0.303,0.254,54,0.07,2.55,13,0.561,180,11.7,0.54,0.0,0.025882353,0.045833333,0.0,0.074,0.0,0.1975,0.233076923,0.211666667,0.045,7.77778e-05,0.030952381,0.257142857,0.212727273,0.049090909
21389,Fast Foods,"FAST FOODS,HAMBURGER; DOUBLE,LRG PATY; W/ CONDMNT,VEG & MAYO","Fast foods, hamburger; double, large patty; with condiments, vegetables and mayonnaise",,,,252,13.94,15.66,13.74,3.52,1.4,6.0,0.114,1.37,0.2,0.67,60,3.23,0.19,0.193,35,0.12,2.8,18,0.2,111,20.1,3.0,0.006666667,0.067058824,0.570833333,0.002222222,0.044666667,0.15,0.201875,0.146153846,0.160833333,0.029166667,0.000133333,0.042857143,0.158571429,0.365454545,0.272727273
21390,Fast Foods,"FT FDS, HAMBRGER; SIN, LRG PATTY; W/ CONDMNTS, VEG, MAYO","Fast foods, hamburger; single, large patty; with condiments, vegetables and mayonnaise",,,,226,11.34,12.37,17.33,4.0,1.5,9.0,0.103,1.21,0.9,0.15,87,3.141,0.213,0.211,46,0.081,2.99,18,0.183,97,18.2,2.46,0.01,0.060588235,0.504166667,0.01,0.01,0.2175,0.1963125,0.163846154,0.175833333,0.038333333,9e-05,0.042857143,0.138571429,0.330909091,0.223636364
21393,Fast Foods,"FAST FOODS,HMBURGR; SNG,REG PTTY; DBL BN W/ CNDMNT & SPL SAU","Fast foods, hamburger; single, regular patty; double decker bun with condiments and special sauce",,,,259,12.17,13.3,22.69,0.0,1.4,0.0,0.076,1.23,0.3,0.09,34,3.94,0.227,0.231,103,0.101,2.07,24,0.235,112,25.3,2.38,0.0,0.044705882,0.5125,0.003333333,0.006,0.085,0.24625,0.174615385,0.1925,0.085833333,0.000112222,0.057142857,0.16,0.46,0.216363636
21395,Fast Foods,"FAST FOODS,CHEESEBURGER; DOUBLE,REG PATTY; W/ CONDMNT","Fast foods, cheeseburger; double, regular patty; with condiments",,,,282,16.24,16.18,17.97,4.16,0.9,44.0,0.214,1.28,2.9,0.35,61,3.462,0.204,0.231,150,0.081,2.35,21,0.198,165,17.9,2.77,0.048888889,0.125882353,0.533333333,0.032222222,0.023333333,0.1525,0.216375,0.156923077,0.1925,0.125,9e-05,0.05,0.235714286,0.325454545,0.251818182
21396,Fast Foods,"FAST FOODS,CHEESEBURGER; DOUBLE,LRG PATTY; W/ CONDMNT","Fast foods, cheeseburger; double, large patty; with condiments",,,,272,16.96,16.22,14.43,3.49,1.0,0.0,0.0,1.68,0.6,0.0,0,4.213,0.303,0.127,106,0.091,2.18,21,0.133,165,0.0,3.33,0.0,0.0,0.7,0.006666667,0.0,0.0,0.2633125,0.233076923,0.105833333,0.088333333,0.000101111,0.05,0.235714286,0.0,0.302727273
21397,Fast Foods,"FAST FOODS,CHESEBRGER; SING,LRG PATY; W/ CONDMNT,VEG & MAYO","Fast foods, cheeseburger; single, large patty; with condiments, vegetables and mayonnaise",,,,268,13.69,15.8,17.73,4.5,1.1,50.0,0.186,0.93,1.1,0.57,72,3.143,0.257,0.177,73,0.081,2.3,18,0.186,125,16.5,2.26,0.055555556,0.109411765,0.3875,0.012222222,0.038,0.18,0.1964375,0.197692308,0.1475,0.060833333,9e-05,0.042857143,0.178571429,0.3,0.205454545
21398,Fast Foods,"FAST FOODS,CHEESEBURGER; SINGLE,LRG PATTY; W/ CONDMNT","Fast foods, cheeseburger; single, large patty; with condiments",,,,269,15.21,14.4,19.72,3.6,1.2,51.0,0.093,1.75,0.3,0.2,24,4.05,0.26,0.119,179,0.075,1.02,26,0.163,183,24.7,2.83,0.056666667,0.054705882,0.729166667,0.003333333,0.013333333,0.06,0.253125,0.2,0.099166667,0.149166667,8.33333e-05,0.061904762,0.261428571,0.449090909,0.257272727
21399,Fast Foods,"FAST FDS,CHSEBURGER; DOUBLE,LRG PATTY; W/ CONDMNT,VEG & MAYO","Fast Foods, cheeseburger; double, large patty; with condiments, vegetables and mayonnaise",,,,253,15.5,15.63,12.62,3.61,1.3,12.0,0.15,1.92,0.5,0.06,42,3.26,0.23,0.254,68,0.076,4.12,19,0.137,131,18.4,3.27,0.013333333,0.088235294,0.8,0.005555556,0.004,0.105,0.20375,0.176923077,0.211666667,0.056666667,8.44444e-05,0.045238095,0.187142857,0.334545455,0.297272727
21400,Fast Foods,"FAST FOODS,CHSBURGR; DBL,RG PTTY; DBL BN W/ CNDMNT & SPL SAU","Fast foods, cheeseburger; double, regular patty; double decker bun with condiments and special sauce",,,,261,11.94,14.1,21.53,3.26,1.4,27.0,0.17,1.27,0.3,0.06,40,3.63,0.201,0.184,127,0.131,1.4,25,0.212,136,25.9,2.16,0.03,0.1,0.529166667,0.003333333,0.004,0.1,0.226875,0.154615385,0.153333333,0.105833333,0.000145556,0.05952381,0.194285714,0.470909091,0.196363636
21401,Fast Foods,"FAST FOODS,CHICK TENDERS","Fast foods, chicken tenders",chicken strips,,,271,19.22,13.95,17.25,0.4,1.2,3.0,0.426,0.16,1.1,3.17,23,8.217,0.179,0.11,17,0.069,0.73,28,0.228,282,17.5,0.71,0.003333333,0.250588235,0.066666667,0.012222222,0.211333333,0.0575,0.5135625,0.137692308,0.091666667,0.014166667,7.66667e-05,0.066666667,0.402857143,0.318181818,0.064545455
21402,Fast Foods,"MCDONALDS,PREMIUM GRILLED CHICK CLASSIC SNDWCH","McDONALDS, Premium Grilled Chicken Classic Sandwich",,McDonalds Corporation,,183,14.16,4.29,22.28,5.01,1.4,0.0,0.306,0.15,3.2,0.53,0,6.521,0.19,0.196,37,0.073,1.48,28,0.357,195,0.0,0.69,0.0,0.18,0.0625,0.035555556,0.035333333,0.0,0.4075625,0.146153846,0.163333333,0.030833333,8.11111e-05,0.066666667,0.278571429,0.0,0.062727273
21403,Fast Foods,"MCDONALDS,PREMIUM CRISPY CHICK CLASSIC SNDWCH","McDONALDS, Premium Crispy Chicken Classic Sandwich",,McDonalds Corporation,,228,12.08,8.68,25.46,5.37,1.4,18.0,0.0,0.0,2.5,0.0,0,5.542,0.171,0.199,34,0.087,1.42,27,0.43,161,0.0,0.66,0.02,0.0,0.0,0.027777778,0.0,0.0,0.346375,0.131538462,0.165833333,0.028333333,9.66667e-05,0.064285714,0.23,0.0,0.06
21404,Fast Foods,"MCDONALDS,PREMIUM GRILLED CHICK CLUB SNDWCH","McDONALDS, Premium Grilled Chicken Club Sandwich",,McDonalds Corporation,,221,17.19,8.05,19.87,2.89,1.2,0.0,0.0,0.0,4.4,0.0,0,5.575,0.186,0.172,95,0.0,1.37,0,0.0,0,0.0,0.0,0.0,0.0,0.0,0.048888889,0.0,0.0,0.3484375,0.143076923,0.143333333,0.079166667,0.0,0.0,0.0,0.0,0.0
21405,Fast Foods,"MCDONALDS,PREMIUM CRISPY CHICK CLUB SNDWCH","McDONALDS, Premium Crispy Chicken Club Sandwich",,McDonalds Corporation,,250,15.38,11.76,22.61,4.99,1.2,0.0,0.0,0.0,3.8,0.0,0,4.748,0.169,0.176,92,0.0,1.32,0,0.0,0,0.0,0.0,0.0,0.0,0.0,0.042222222,0.0,0.0,0.29675,0.13,0.146666667,0.076666667,0.0,0.0,0.0,0.0,0.0
21406,Fast Foods,"MCDONALDS,PREMIUM GRILLED CHICK RANCH BLT SNDWCH","McDONALDS, Premium Grilled Chicken Ranch BLT Sandwich",,McDonalds Corporation,,204,16.7,5.41,21.91,5.2,1.4,0.0,0.0,0.0,4.9,0.0,0,6.177,0.183,0.187,38,0.0,1.48,0,0.0,0,0.0,0.0,0.0,0.0,0.0,0.054444444,0.0,0.0,0.3860625,0.140769231,0.155833333,0.031666667,0.0,0.0,0.0,0.0,0.0
21407,Fast Foods,"MCDONALDS,PREMIUM CRISPY CHICK RANCH BLT SNDWCH","McDONALDS, Premium Crispy Chicken Ranch BLT Sandwich",,McDonalds Corporation,,244,14.7,9.55,24.93,5.53,1.4,0.0,0.0,0.0,4.3,0.0,0,5.254,0.165,0.19,35,0.0,1.42,0,0.0,0,0.0,0.0,0.0,0.0,0.0,0.047777778,0.0,0.0,0.328375,0.126923077,0.158333333,0.029166667,0.0,0.0,0.0,0.0,0.0
21410,Fast Foods,"FAST FOODS,BAGEL,W/ EGG,SAUSAGE PATTY,CHS,& CONDMNT","Fast foods, bagel, with egg, sausage patty, cheese, and condiments",,,,295,12.98,16.97,22.64,2.87,0.2,64.0,0.091,0.96,0.5,0.64,80,2.877,0.218,0.305,94,0.327,1.77,20,0.179,185,23.8,1.05,0.071111111,0.053529412,0.4,0.005555556,0.042666667,0.2,0.1798125,0.167692308,0.254166667,0.078333333,0.000363333,0.047619048,0.264285714,0.432727273,0.095454545
21411,Fast Foods,"FAST FOODS,BAGEL,W/ BRKFST STEAK,EGG,CHS,& CONDMNT","Fast foods, bagel, with breakfast steak, egg, cheese, and condiments",,,,282,15.95,14.07,22.99,2.97,0.2,83.0,0.132,1.27,0.0,0.55,73,3.355,0.255,0.236,93,0.337,2.06,22,0.188,204,25.1,2.21,0.092222222,0.077647059,0.529166667,0.0,0.036666667,0.1825,0.2096875,0.196153846,0.196666667,0.0775,0.000374444,0.052380952,0.291428571,0.456363636,0.200909091
21412,Fast Foods,"LIGHT ICE CRM,SOFT SERVE,BLENDED W/ MILK CHOC CANDIES","Light Ice Cream, soft serve, blended with milk chocolate candies",,,,182,4.02,6.46,26.82,24.37,0.2,31.0,0.053,0.6,0.9,0.08,3,0.139,0.243,0.051,135,0.044,0.27,17,0.046,116,3.6,0.54,0.034444444,0.031176471,0.25,0.01,0.005333333,0.0075,0.0086875,0.186923077,0.0425,0.1125,4.88889e-05,0.04047619,0.165714286,0.065454545,0.049090909
21413,Fast Foods,"LIGHT ICE CRM,SOFT SERVE,BLENDED W/ COOKIE PIECES","Light Ice Cream, soft serve, blended with cookie pieces",,,,169,3.97,5.66,25.55,21.19,0.1,26.0,0.058,0.58,0.8,0.09,13,0.264,0.229,0.048,129,0.03,0.61,14,0.042,111,4.0,0.5,0.028888889,0.034117647,0.241666667,0.008888889,0.006,0.0325,0.0165,0.176153846,0.04,0.1075,3.33333e-05,0.033333333,0.158571429,0.072727273,0.045454545
21415,Fast Foods,"POPEYES,BISCUIT","POPEYES, biscuit",,Popeyes Chicken and Biscuits,,401,6.0,23.71,40.95,3.46,3.8,64.0,0.047,0.0,0.0,1.02,0,3.24,0.277,0.46,108,0.066,2.51,13,0.3,309,4.1,0.49,0.071111111,0.027647059,0.0,0.0,0.068,0.0,0.2025,0.213076923,0.383333333,0.09,7.33333e-05,0.030952381,0.441428571,0.074545455,0.044545455
21416,Fast Foods,"POPEYES,COLESLAW","POPEYES, Coleslaw",,Popeyes Chicken and Biscuits,,161,0.98,11.18,14.12,10.83,1.7,56.0,0.102,0.0,14.7,0.0,0,0.206,0.025,0.015,31,0.014,0.23,7,0.083,20,0.0,0.12,0.062222222,0.06,0.0,0.163333333,0.0,0.0,0.012875,0.019230769,0.0125,0.025833333,1.55556e-05,0.016666667,0.028571429,0.0,0.010909091
21417,Fast Foods,"POPEYES,MILD CHICK STRIPS,ANALYZED 2006","POPEYES, Mild Chicken Strips, analyzed 2006",,Popeyes Chicken and Biscuits,,271,19.2,13.01,19.31,0.0,0.8,0.0,0.486,0.11,0.0,0.0,0,8.317,0.122,0.12,12,0.062,0.91,26,0.207,265,19.7,0.59,0.0,0.285882353,0.045833333,0.0,0.0,0.0,0.5198125,0.093846154,0.1,0.01,6.88889e-05,0.061904762,0.378571429,0.358181818,0.053636364
21418,Fast Foods,"POPEYES,SPICY CHICK STRIPS,ANALYZED 2006","POPEYES, Spicy Chicken Strips, analyzed 2006",,Popeyes Chicken and Biscuits,,253,19.61,11.2,18.52,0.0,1.2,0.0,0.426,0.2,0.0,0.0,0,8.69,0.13,0.117,12,0.071,1.01,28,0.222,276,18.9,0.6,0.0,0.250588235,0.083333333,0.0,0.0,0.0,0.543125,0.1,0.0975,0.01,7.88889e-05,0.066666667,0.394285714,0.343636364,0.054545455
21419,Fast Foods,"KFC,BISCUIT","KFC, biscuit",KFC,Kentucky Fried Chicken,,358,7.5,17.05,43.55,4.04,2.0,0.0,0.063,0.0,0.0,0.26,0,3.897,0.313,0.433,55,0.087,2.86,16,0.422,538,15.2,0.5,0.0,0.037058824,0.0,0.0,0.017333333,0.0,0.2435625,0.240769231,0.360833333,0.045833333,9.66667e-05,0.038095238,0.768571429,0.276363636,0.045454545
21420,Fast Foods,"KFC,COLESLAW","KFC, Coleslaw",KFC,Kentucky Fried Chicken,,144,0.91,8.64,15.65,13.54,2.0,1.0,0.121,0.03,14.6,0.54,0,0.206,0.015,0.037,28,0.016,0.21,9,0.121,20,0.0,0.15,0.001111111,0.071176471,0.0125,0.162222222,0.036,0.0,0.012875,0.011538462,0.030833333,0.023333333,1.77778e-05,0.021428571,0.028571429,0.0,0.013636364
21421,Fast Foods,"KFC,CRISPY CHICK STRIPS","KFC, Crispy Chicken Strips",KFC,Kentucky Fried Chicken,,274,20.25,15.42,13.66,0.0,1.4,0.0,0.474,0.17,0.0,0.9,0,8.562,0.051,0.083,25,0.074,0.69,33,0.258,298,18.1,0.68,0.0,0.278823529,0.070833333,0.0,0.06,0.0,0.535125,0.039230769,0.069166667,0.020833333,8.22222e-05,0.078571429,0.425714286,0.329090909,0.061818182
21422,Fast Foods,"KFC,POPCORN CHICK","KFC, Popcorn Chicken",KFC,Kentucky Fried Chicken,,351,17.67,21.74,21.18,0.0,1.0,0.0,0.502,0.14,0.0,1.32,0,8.108,0.13,0.177,32,0.078,1.42,28,0.232,299,26.1,0.98,0.0,0.295294118,0.058333333,0.0,0.088,0.0,0.50675,0.1,0.1475,0.026666667,8.66667e-05,0.066666667,0.427142857,0.474545455,0.089090909
21424,Fast Foods,"KFC,FRIED CHICK,ORIGINAL RECIPE,SKN & BREADING","KFC, Fried Chicken, ORIGINAL RECIPE, Skin and Breading",KFC,Kentucky Fried Chicken,,384,14.17,28.01,18.79,0.0,0.0,20.0,0.14,0.32,0.0,1.2,0,5.42,0.197,0.08,117,0.082,0.88,25,0.298,252,17.2,0.87,0.022222222,0.082352941,0.133333333,0.0,0.08,0.0,0.33875,0.151538462,0.066666667,0.0975,9.11111e-05,0.05952381,0.36,0.312727273,0.079090909
21425,Fast Foods,"KFC,FRIED CHICK,ORIGINAL RECIPE,BREAST,MEAT NLY,SKN BRDNG RD","KFC, Fried Chicken, ORIGINAL RECIPE, Breast, meat only, skin and breading removed",KFC,Kentucky Fried Chicken,,149,26.89,4.56,0.0,0.0,0.0,5.0,0.28,0.26,0.0,0.33,0,8.667,0.223,0.102,25,0.063,0.53,27,0.042,255,33.1,0.97,0.005555556,0.164705882,0.108333333,0.0,0.022,0.0,0.5416875,0.171538462,0.085,0.020833333,7e-05,0.064285714,0.364285714,0.601818182,0.088181818
21426,Fast Foods,"KFC,FRIED CHICK,ORIGINAL RECIPE,DRUMSTK,MEAT ONLY,SKN BRG RD","KFC, Fried Chicken, ORIGINAL RECIPE, Drumstick, meat only, skin and breading removed",KFC,Kentucky Fried Chicken,,175,26.3,7.66,0.11,0.0,0.0,0.0,0.248,0.64,0.0,0.0,0,5.277,0.264,0.05,16,0.083,1.04,23,0.056,223,30.9,2.5,0.0,0.145882353,0.266666667,0.0,0.0,0.0,0.3298125,0.203076923,0.041666667,0.013333333,9.22222e-05,0.054761905,0.318571429,0.561818182,0.227272727
21427,Fast Foods,"KFC,FRIED CHICK,ORIGINAL RECIPE,THIGH,MEAT ONLY,SKN BRDNG RD","KFC, Fried Chicken, ORIGINAL RECIPE, Thigh, meat only, skin and breading removed",KFC,Kentucky Fried Chicken,,175,22.78,9.31,0.01,0.0,0.0,11.0,0.137,0.47,0.0,0.41,0,5.61,0.31,0.089,20,0.082,0.87,20,0.05,213,28.7,1.91,0.012222222,0.080588235,0.195833333,0.0,0.027333333,0.0,0.350625,0.238461538,0.074166667,0.016666667,9.11111e-05,0.047619048,0.304285714,0.521818182,0.173636364
21428,Fast Foods,"KFC,FRIED CHICK,ORIGINAL RECIPE,WING,MEAT ONLY,SKN BRDNG RD","KFC, Fried Chicken, ORIGINAL RECIPE, Wing, meat only, skin and breading removed",KFC,Kentucky Fried Chicken,,216,28.65,10.49,1.76,0.0,0.0,9.0,0.233,0.45,0.0,0.66,0,7.18,0.243,0.064,40,0.069,0.98,23,0.061,249,36.0,1.82,0.01,0.137058824,0.1875,0.0,0.044,0.0,0.44875,0.186923077,0.053333333,0.033333333,7.66667e-05,0.054761905,0.355714286,0.654545455,0.165454545
21429,Fast Foods,"KFC,FRIED CHICK,EX CRISPY,SKN & BREADING","KFC, Fried Chicken, EXTRA CRISPY, Skin and Breading",KFC,Kentucky Fried Chicken,,464,10.96,36.61,22.54,0.0,1.5,35.0,0.127,0.36,0.0,0.0,0,3.423,0.072,0.015,41,1.011,0.67,18,0.308,149,11.9,0.61,0.038888889,0.074705882,0.15,0.0,0.0,0.0,0.2139375,0.055384615,0.0125,0.034166667,0.001123333,0.042857143,0.212857143,0.216363636,0.055454545
21430,Fast Foods,"KFC,FRIED CHICK,EX CRISPY,BREAST,MEAT ONLY,SKN & BRDING RMVD","KFC, Fried Chicken, EXTRA CRISPY, Breast, meat only, skin and breading removed",KFC,Kentucky Fried Chicken,,153,27.25,4.82,0.25,0.0,0.0,0.0,0.416,0.3,0.0,0.0,0,10.897,0.127,0.06,20,0.044,0.51,28,0.048,253,27.8,0.89,0.0,0.244705882,0.125,0.0,0.0,0.0,0.6810625,0.097692308,0.05,0.016666667,4.88889e-05,0.066666667,0.361428571,0.505454545,0.080909091
21431,Fast Foods,"KFC,FRIED CHICK,EX CRISPY,DRUMSTK,MEAT ONLY,SKN & BRDNG RMVD","KFC, Fried Chicken, EXTRA CRISPY, Drumstick, meat only, skin and breading removed",KFC,Kentucky Fried Chicken,,170,25.9,7.43,0.0,0.0,0.0,0.0,0.247,0.63,0.0,0.0,0,5.244,0.262,0.05,16,0.084,1.05,23,0.056,224,30.9,2.51,0.0,0.145294118,0.2625,0.0,0.0,0.0,0.32775,0.201538462,0.041666667,0.013333333,9.33333e-05,0.054761905,0.32,0.561818182,0.228181818
21432,Fast Foods,"KFC,FRIED CHICK,EX CRISPY,THIGH,MEAT ONLY,SKN & BRDING RMVD","KFC, Fried Chicken, EXTRA CRISPY, Thigh, meat only, skin and breading removed",KFC,Kentucky Fried Chicken,,179,22.41,9.96,0.0,0.0,0.0,0.0,0.288,0.53,0.0,0.0,0,5.317,0.245,0.055,21,0.087,0.96,22,0.054,223,27.8,1.9,0.0,0.169411765,0.220833333,0.0,0.0,0.0,0.3323125,0.188461538,0.045833333,0.0175,9.66667e-05,0.052380952,0.318571429,0.505454545,0.172727273
21433,Fast Foods,"KFC,FRIED CHICK,EX CRISPY,WING,MEAT ONLY,SKN & BRDING REMOVD","KFC, Fried Chicken, EXTRA CRISPY, Wing, meat only, skin and breading removed",KFC,Kentucky Fried Chicken,,236,28.67,12.13,2.97,0.0,0.0,0.0,0.401,0.41,0.0,0.0,0,7.136,0.149,0.028,30,0.061,0.89,25,0.094,226,31.9,1.75,0.0,0.235882353,0.170833333,0.0,0.0,0.0,0.446,0.114615385,0.023333333,0.025,6.77778e-05,0.05952381,0.322857143,0.58,0.159090909
21434,Fast Foods,"KFC,FRIED CHICK,ORIGINAL RECIPE,BREAST,MEAT & SKN W/ BRDING","KFC, Fried Chicken, ORIGINAL RECIPE, Breast, meat and skin with breading",KFC,Kentucky Fried Chicken,,231,21.94,13.11,6.28,0.0,0.0,17.0,0.326,0.31,0.0,0.0,0,8.596,0.116,0.046,33,0.054,0.6,25,0.142,225,22.4,0.81,0.018888889,0.191764706,0.129166667,0.0,0.0,0.0,0.53725,0.089230769,0.038333333,0.0275,6e-05,0.05952381,0.321428571,0.407272727,0.073636364
21435,Fast Foods,"KFC,FRIED CHICK,ORIGINAL RECIPE,DRUMSTK,MEAT & SKN W/ BRDING","KFC, Fried Chicken, ORIGINAL RECIPE, Drumstick, meat and skin with breading",KFC,Kentucky Fried Chicken,,239,22.3,14.22,5.39,0.0,0.0,0.0,0.221,0.54,0.0,0.0,0,4.993,0.213,0.041,29,0.08,0.97,23,0.135,211,25.5,1.96,0.0,0.13,0.225,0.0,0.0,0.0,0.3120625,0.163846154,0.034166667,0.024166667,8.88889e-05,0.054761905,0.301428571,0.463636364,0.178181818
21436,Fast Foods,"KFC,FRIED CHICK,ORIGINAL RECIPE,THIGH,MEAT & SKN W/ BREADING","KFC, Fried Chicken, ORIGINAL RECIPE, Thigh, meat and skin with breading",KFC,Kentucky Fried Chicken,,269,18.9,17.73,8.46,0.0,0.0,15.0,0.138,0.4,0.0,0.77,0,5.524,0.259,0.085,64,0.082,0.88,22,0.161,230,23.5,1.44,0.016666667,0.081176471,0.166666667,0.0,0.051333333,0.0,0.34525,0.199230769,0.070833333,0.053333333,9.11111e-05,0.052380952,0.328571429,0.427272727,0.130909091
21437,Fast Foods,"KFC,FRIED CHICK,ORIGINAL RECIPE,WING,MEAT & SKN W/ BREADING","KFC, Fried Chicken, ORIGINAL RECIPE, Wing, meat and skin with breading",KFC,Kentucky Fried Chicken,,297,21.7,18.9,9.93,0.0,0.0,14.0,0.188,0.39,0.0,0.92,0,6.335,0.221,0.072,77,0.075,0.93,24,0.175,250,27.0,1.36,0.015555556,0.110588235,0.1625,0.0,0.061333333,0.0,0.3959375,0.17,0.06,0.064166667,8.33333e-05,0.057142857,0.357142857,0.490909091,0.123636364
21438,Fast Foods,"KFC,FRIED CHICK,EX CRISPY,BREAST,MEAT & SKN W/ BREADING","KFC, Fried Chicken, EXTRA CRISPY, Breast, meat and skin with breading",KFC,Kentucky Fried Chicken,,268,21.24,16.55,8.47,0.0,0.0,0.0,0.309,0.32,0.0,0.0,0,8.139,0.107,0.043,27,0.4,0.57,24,0.144,215,21.9,0.78,0.0,0.181764706,0.133333333,0.0,0.0,0.0,0.5086875,0.082307692,0.035833333,0.0225,0.000444444,0.057142857,0.307142857,0.398181818,0.070909091
21439,Fast Foods,"KFC,FRIED CHICK,EX CRISPY,DRUMSTK,MEAT & SKN W/ BREADING","KFC, Fried Chicken, EXTRA CRISPY, Drumstick, meat and skin with breading",KFC,Kentucky Fried Chicken,,274,20.62,17.73,7.96,0.0,0.0,0.0,0.204,0.54,0.0,0.0,0,4.601,0.195,0.037,25,0.411,0.91,21,0.145,198,24.2,1.84,0.0,0.12,0.225,0.0,0.0,0.0,0.2875625,0.15,0.030833333,0.020833333,0.000456667,0.05,0.282857143,0.44,0.167272727
21440,Fast Foods,"KFC,FRIED CHICK,EX CRISPY,THIGH,MEAT & SKN W/ BREADING","KFC, Fried Chicken, EXTRA CRISPY, Thigh, meat and skin with breading",KFC,Kentucky Fried Chicken,,309,17.17,22.14,10.3,0.0,0.0,0.0,0.215,0.45,0.0,0.0,0,4.451,0.166,0.037,30,0.509,0.83,20,0.17,189,20.5,1.31,0.0,0.126470588,0.1875,0.0,0.0,0.0,0.2781875,0.127692308,0.030833333,0.025,0.000565556,0.047619048,0.27,0.372727273,0.119090909
21441,Fast Foods,"KFC,FRIED CHICK,EX CRISPY,WING,MEAT & SKN W/ BREADING","KFC, Fried Chicken, EXTRA CRISPY, Wing, meat and skin with breading",KFC,Kentucky Fried Chicken,,337,20.8,23.0,11.66,0.0,0.0,0.0,0.28,0.39,0.0,0.0,0,5.488,0.115,0.022,35,0.483,0.79,22,0.189,192,23.0,1.24,0.0,0.164705882,0.1625,0.0,0.0,0.0,0.343,0.088461538,0.018333333,0.029166667,0.000536667,0.052380952,0.274285714,0.418181818,0.112727273
21442,Fast Foods,"POPEYES, CHICK,MILD,BREAST,MEAT ONLY,SKN & BRDING REMOVED","POPEYES, Fried Chicken, Mild, Breast, meat only, skin and breading removed",,Popeyes Chicken and Biscuits,,157,28.98,4.52,0.0,0.0,0.0,4.0,0.37,0.33,0.0,0.21,0,9.393,0.24,0.107,20,0.052,0.55,29,0.03,219,35.2,0.97,0.004444444,0.217647059,0.1375,0.0,0.014,0.0,0.5870625,0.184615385,0.089166667,0.016666667,5.77778e-05,0.069047619,0.312857143,0.64,0.088181818
21443,Fast Foods,"POPEYES,FRIED CHICK,MILD,DRUMSTK,MEAT ONLY,SKN & BREADING RE","POPEYES, Fried Chicken, Mild, Drumstick, meat only, skin and breading removed",,Popeyes Chicken and Biscuits,,170,26.51,7.14,0.04,0.0,0.0,0.0,0.296,0.85,0.0,0.0,0,6.15,0.341,0.107,16,0.084,1.06,25,0.046,206,34.6,2.59,0.0,0.174117647,0.354166667,0.0,0.0,0.0,0.384375,0.262307692,0.089166667,0.013333333,9.33333e-05,0.05952381,0.294285714,0.629090909,0.235454545
21444,Fast Foods,"POPEYES,FRIED CHICK,MILD,SKN & BREADING","POPEYES, Fried Chicken, Mild, Skin and Breading",,Popeyes Chicken and Biscuits,,433,13.96,32.32,21.54,0.0,1.0,25.0,0.107,0.38,0.0,0.2,0,5.353,0.283,0.165,26,0.069,1.73,19,0.241,119,22.6,0.67,0.027777778,0.062941176,0.158333333,0.0,0.013333333,0.0,0.3345625,0.217692308,0.1375,0.021666667,7.66667e-05,0.045238095,0.17,0.410909091,0.060909091
21445,Fast Foods,"POPEYES,FRIED CHCK,MILD,THIGH,MEAT ONLY,SKN & BRDING REMOVED","POPEYES, Fried Chicken, Mild, Thigh, meat only, skin and breading removed",,Popeyes Chicken and Biscuits,,188,24.31,9.66,0.85,0.0,0.0,13.0,0.364,0.59,0.0,0.28,0,6.02,0.407,0.111,34,0.098,1.03,24,0.037,187,34.2,2.01,0.014444444,0.214117647,0.245833333,0.0,0.018666667,0.0,0.37625,0.313076923,0.0925,0.028333333,0.000108889,0.057142857,0.267142857,0.621818182,0.182727273
21446,Fast Foods,"POPEYES,FRIED CHICK,MILD,WING,MEAT ONLY,SKN & BRDING REMOVED","POPEYES, Fried Chicken, Mild, Wing, meat only, skin and breading removed",,Popeyes Chicken and Biscuits,,212,28.94,9.42,2.9,0.0,0.0,10.0,0.3,0.75,0.0,0.39,0,8.127,0.297,0.098,38,0.093,0.92,26,0.041,188,42.7,2.02,0.011111111,0.176470588,0.3125,0.0,0.026,0.0,0.5079375,0.228461538,0.081666667,0.031666667,0.000103333,0.061904762,0.268571429,0.776363636,0.183636364
21456,Fast Foods,"POPEYES,FRIED CHICK,MILD,BREAST,MEAT & SKN W/ BREADING","POPEYES, Fried Chicken, Mild, Breast, meat and skin with breading",,Popeyes Chicken and Biscuits,,274,21.67,16.47,9.83,0.0,0.4,16.0,0.389,0.36,0.0,0.0,0,8.988,0.164,0.102,23,0.043,0.74,25,0.109,191,29.4,0.76,0.017777778,0.228823529,0.15,0.0,0.0,0.0,0.56175,0.126153846,0.085,0.019166667,4.77778e-05,0.05952381,0.272857143,0.534545455,0.069090909
21457,Fast Foods,"POPEYES,FRIED CHICK,MILD,DRUMSTK,MEAT & SKN W/ BREADING","POPEYES, Fried Chicken, Mild, Drumstick, meat and skin with breading",,Popeyes Chicken and Biscuits,,293,20.44,19.14,9.84,0.0,0.0,0.0,0.235,0.62,0.0,0.0,0,5.443,0.25,0.101,20,0.074,1.06,22,0.121,171,27.9,1.76,0.0,0.138235294,0.258333333,0.0,0.0,0.0,0.3401875,0.192307692,0.084166667,0.016666667,8.22222e-05,0.052380952,0.244285714,0.507272727,0.16
21458,Fast Foods,"POPEYES,FRIED CHICK,MILD,THIGH,MEAT & SKN W/ BREADING","POPEYES, Fried Chicken, Mild, Thigh, meat and skin with breading",,Popeyes Chicken and Biscuits,,310,19.14,20.99,11.2,0.0,0.5,19.0,0.235,0.48,0.0,0.24,0,5.687,0.345,0.138,30,0.084,1.38,21,0.139,153,28.4,1.34,0.021111111,0.138235294,0.2,0.0,0.016,0.0,0.3554375,0.265384615,0.115,0.025,9.33333e-05,0.05,0.218571429,0.516363636,0.121818182
21459,Fast Foods,"POPEYES,FRIED CHICK,MILD,WING,MEAT & SKN W/ BREADING","POPEYES, Fried Chicken, Mild, Wing, meat and skin with breading",,Popeyes Chicken and Biscuits,,338,20.4,22.48,13.52,0.0,0.6,19.0,0.19,0.54,0.0,0.28,0,6.546,0.289,0.136,31,0.079,1.38,22,0.155,149,31.2,1.25,0.021111111,0.111764706,0.225,0.0,0.018666667,0.0,0.409125,0.222307692,0.113333333,0.025833333,8.77778e-05,0.052380952,0.212857143,0.567272727,0.113636364
21461,Fast Foods,"GRILLED CHICK,BACON & TOMO CLB SNDWCH,W/ CHS,LETTUCE,& MAYO","Fast foods, grilled chicken, bacon and tomato club sandwich, with cheese, lettuce, and mayonnaise",,,,220,17.19,8.05,19.87,4.68,1.2,35.0,0.296,0.47,4.4,0.61,36,5.575,0.186,0.172,95,0.089,1.37,32,0.0,215,24.8,1.34,0.038888889,0.174117647,0.195833333,0.048888889,0.040666667,0.09,0.3484375,0.143076923,0.143333333,0.079166667,9.88889e-05,0.076190476,0.307142857,0.450909091,0.121818182
21462,Fast Foods,"CRISPY CHICK,BACON,& TOMATO CLUB SNDWCH,W/ CHS,LETUCE,& MAYO","Fast foods, crispy chicken, bacon, and tomato club sandwich, with cheese, lettuce, and mayonnaise",,,,257,15.38,11.76,22.61,4.99,1.2,32.0,0.279,0.46,3.8,0.5,34,4.748,0.169,0.176,92,0.097,1.32,31,0.0,224,14.6,1.17,0.035555556,0.164117647,0.191666667,0.042222222,0.033333333,0.085,0.29675,0.13,0.146666667,0.076666667,0.000107778,0.073809524,0.32,0.265454545,0.106363636
21463,Fast Foods,"YOGURT PARFAIT,LOWFAT,W/ FRUIT & GRANOLA","Yogurt parfait, lowfat, with fruit and granola",,,,84,3.36,1.01,15.86,11.68,1.1,30.0,0.233,0.88,14.3,0.25,77,0.714,0.173,0.07,105,0.054,0.49,17,0.0,93,3.9,0.89,0.033333333,0.137058824,0.366666667,0.158888889,0.016666667,0.1925,0.044625,0.133076923,0.058333333,0.0875,6e-05,0.04047619,0.132857143,0.070909091,0.080909091
21464,Fast Foods,"FAST FOODS,FRIED CHICK,BREAST,MEAT ONLY,SKN & BRDING REMOVED","Fast Foods, Fried Chicken, Breast, meat only, skin and breading removed",,,,153,27.93,4.54,0.0,0.0,0.0,4.0,0.325,0.3,0.0,0.27,12,9.03,0.232,0.104,23,0.058,0.54,28,0.036,237,34.1,0.97,0.004444444,0.191176471,0.125,0.0,0.018,0.03,0.564375,0.178461538,0.086666667,0.019166667,6.44444e-05,0.066666667,0.338571429,0.62,0.088181818
21465,Fast Foods,"FAST FOODS,FRIED CHICK,DRMSTK,MEAT ONLY,SKN & BRDING REMOVED","Fast Foods, Fried Chicken, Drumstick, meat only, skin and breading removed",,,,172,26.24,7.41,0.0,0.0,0.0,11.0,0.272,0.74,0.0,0.33,10,5.726,0.303,0.079,16,0.082,1.03,24,0.05,211,32.1,2.5,0.012222222,0.16,0.308333333,0.0,0.022,0.025,0.357875,0.233076923,0.065833333,0.013333333,9.11111e-05,0.057142857,0.301428571,0.583636364,0.227272727
21466,Fast Foods,"FAST FOODS,FRIED CHICK,THIGH,MEAT ONLY,SKN & BREDING REMOVED","Fast Foods, Fried Chicken, Thigh, meat only, skin and breading removed",,,,178,23.21,9.41,0.24,0.0,0.0,12.0,0.2,0.5,0.0,0.37,12,5.725,0.337,0.095,24,0.086,0.91,21,0.046,206,30.2,1.94,0.013333333,0.117647059,0.208333333,0.0,0.024666667,0.03,0.3578125,0.259230769,0.079166667,0.02,9.55556e-05,0.05,0.294285714,0.549090909,0.176363636
21467,Fast Foods,"FAST FOODS,FRIED CHICK,WING,MEAT ONLY,SKN & BREADING REMOVED","Fast Foods, Fried Chicken, Wing, meat only, skin and breading removed",,,,215,28.77,10.2,2.13,0.0,0.0,10.0,0.264,0.59,0.0,0.54,8,7.59,0.267,0.08,40,0.08,0.96,24,0.053,225,38.9,1.9,0.011111111,0.155294118,0.245833333,0.0,0.036,0.02,0.474375,0.205384615,0.066666667,0.033333333,8.88889e-05,0.057142857,0.321428571,0.707272727,0.172727273
21468,Fast Foods,"FAST FOODS,FRIED CHICK,SKN & BREADING FROM ALL PIECES","Fast Foods, Fried Chicken, Skin and breading from all pieces",,,,398,14.11,29.22,19.56,0.0,0.3,21.0,0.131,0.34,0.0,0.92,64,5.401,0.221,0.104,92,0.078,1.12,23,0.282,215,18.7,0.81,0.023333333,0.077058824,0.141666667,0.0,0.061333333,0.16,0.3375625,0.17,0.086666667,0.076666667,8.66667e-05,0.054761905,0.307142857,0.34,0.073636364
21469,Fast Foods,"FAST FOODS,FRIED CHICK,BREAST,MEAT & SKN & BREADING","Fast Foods, Fried Chicken, Breast, meat and skin and breading",,,,230,23.51,12.44,6.03,0.0,0.1,10.0,0.263,0.31,0.0,0.48,28,7.869,0.228,0.104,45,0.064,0.72,26,0.115,230,29.2,0.92,0.011111111,0.154705882,0.129166667,0.0,0.032,0.07,0.4918125,0.175384615,0.086666667,0.0375,7.11111e-05,0.061904762,0.328571429,0.530909091,0.083636364
21470,Fast Foods,"FAST FOODS,FRIED CHICK,DRUMSTK,MEAT & SKN W/ BREADING","Fast Foods, Fried Chicken, Drumstick, meat and skin with breading",,,,267,21.13,16.92,7.59,0.0,0.5,22.0,0.227,0.59,0.0,0.33,29,5.209,0.234,0.069,24,0.162,0.99,22,0.13,188,26.2,1.83,0.024444444,0.133529412,0.245833333,0.0,0.022,0.0725,0.3255625,0.18,0.0575,0.02,0.00018,0.052380952,0.268571429,0.476363636,0.166363636
21471,Fast Foods,"FAST FOODS,FRIED CHICK,THIGH,MEAT & SKN & BREADING","Fast Foods, Fried Chicken, Thigh, meat and skin and breading",,,,274,19.23,18.07,8.68,0.0,0.1,16.0,0.17,0.43,0.0,0.61,34,5.583,0.286,0.099,54,0.083,1.0,22,0.149,210,25.2,1.45,0.017777778,0.1,0.179166667,0.0,0.040666667,0.085,0.3489375,0.22,0.0825,0.045,9.22222e-05,0.052380952,0.3,0.458181818,0.131818182
21472,Fast Foods,"FAST FOODS,FRIED CHICK,WING,MEAT & SKN & BREADING","Fast Foods, Fried Chicken, Wing, meat and skin and breading",,,,310,21.14,20.09,11.19,0.0,0.1,16.0,0.194,0.46,0.0,0.74,37,6.452,0.243,0.092,67,0.079,1.04,24,0.172,220,28.4,1.33,0.017777778,0.114117647,0.191666667,0.0,0.049333333,0.0925,0.40325,0.186923077,0.076666667,0.055833333,8.77778e-05,0.057142857,0.314285714,0.516363636,0.120909091
21473,Fast Foods,"DIGIORNO PIZZA,CHS TOPPING,CHS STUFFED CRUST,FRZ,BKD","DIGIORNO Pizza, cheese topping, cheese stuffed crust, frozen, baked",,"Kraft Foods, Inc.",,279,13.48,11.68,29.86,0.0,1.9,80.0,0.103,0.36,0.5,0.93,0,3.553,0.253,0.337,235,0.107,2.35,27,0.313,354,33.3,1.67,0.088888889,0.060588235,0.15,0.005555556,0.062,0.0,0.2220625,0.194615385,0.280833333,0.195833333,0.000118889,0.064285714,0.505714286,0.605454545,0.151818182
21474,Fast Foods,"DIGIORNO PIZZA,CHS TOPPING,RISING CRUST,FRZ,BKD","DIGIORNO Pizza, cheese topping, rising crust, frozen, baked",,"Kraft Foods, Inc.",,256,12.8,8.6,31.78,5.0,2.4,46.0,0.112,0.33,1.5,0.89,0,1.268,0.096,0.094,192,0.114,0.77,27,0.366,241,26.6,1.56,0.051111111,0.065882353,0.1375,0.016666667,0.059333333,0.0,0.07925,0.073846154,0.078333333,0.16,0.000126667,0.064285714,0.344285714,0.483636364,0.141818182
21475,Fast Foods,"DIGIORNO PIZZA,CHS TOPPING,THIN CRISPY CRUST,FRZ,BKD","DIGIORNO Pizza, cheese topping, thin crispy crust, frozen, baked",,"Kraft Foods, Inc.",,247,12.96,9.91,26.47,0.0,3.0,64.0,0.13,0.62,0.1,0.74,0,1.283,0.127,0.103,275,0.097,0.68,27,0.227,236,21.4,1.8,0.071111111,0.076470588,0.258333333,0.001111111,0.049333333,0.0,0.0801875,0.097692308,0.085833333,0.229166667,0.000107778,0.064285714,0.337142857,0.389090909,0.163636364
21476,Fast Foods,"DIGIORNO PIZZA,PEPPERONI TOPPING,CHS STUFFED CRUST,FRZ,BKD","DIGIORNO Pizza, pepperoni topping, cheese stuffed crust, frozen, baked",,"Kraft Foods, Inc.",,279,13.92,11.71,29.46,0.0,2.1,64.0,0.12,0.55,1.1,0.72,0,3.723,0.247,0.273,226,0.107,2.3,26,0.333,270,32.4,1.63,0.071111111,0.070588235,0.229166667,0.012222222,0.048,0.0,0.2326875,0.19,0.2275,0.188333333,0.000118889,0.061904762,0.385714286,0.589090909,0.148181818
21477,Fast Foods,"DIGIORNO PIZZA,PEPPERONI TOPPING,RISING CRUST,FRZ,BKD","DIGIORNO Pizza, pepperoni topping, rising crust, frozen, baked",,"Kraft Foods, Inc.",,265,12.46,10.11,31.15,5.1,2.3,41.0,0.136,0.42,1.3,0.88,0,1.564,0.083,0.132,157,0.12,0.95,27,0.392,225,26.8,1.45,0.045555556,0.08,0.175,0.014444444,0.058666667,0.0,0.09775,0.063846154,0.11,0.130833333,0.000133333,0.064285714,0.321428571,0.487272727,0.131818182
21478,Fast Foods,"DIGIORNO PIZZA,PEPPERONI TOPPING,THIN CRISPY CRUST,FRZ,BKD","DIGIORNO Pizza, pepperoni topping, thin crispy crust, frozen, baked",,"Kraft Foods, Inc.",,283,13.22,12.86,28.67,0.0,2.8,46.0,0.16,0.55,0.9,0.77,0,2.053,0.125,0.143,209,0.108,0.9,28,0.305,213,24.1,1.64,0.051111111,0.094117647,0.229166667,0.01,0.051333333,0.0,0.1283125,0.096153846,0.119166667,0.174166667,0.00012,0.066666667,0.304285714,0.438181818,0.149090909
21479,Fast Foods,"DIGIORNO PIZZA,SUPREME TOPPING,RISING CRUST,FRZ,BKD","DIGIORNO Pizza, supreme topping, rising crust, frozen, baked",,"Kraft Foods, Inc.",,255,11.74,10.68,27.93,4.71,2.3,35.0,0.137,0.41,0.0,0.89,0,1.605,0.08,0.153,139,0.118,1.01,27,0.382,211,25.0,1.3,0.038888889,0.080588235,0.170833333,0.0,0.059333333,0.0,0.1003125,0.061538462,0.1275,0.115833333,0.000131111,0.064285714,0.301428571,0.454545455,0.118181818
21480,Fast Foods,"DIGIORNO PIZZA,SUPREME TOPPING,THIN CRISPY CRUST,FRZ,BKD","DIGIORNO Pizza, supreme topping, thin crispy crust, frozen, baked",,"Kraft Foods, Inc.",,255,11.41,10.8,28.05,0.0,2.8,41.0,0.163,0.48,0.8,0.82,0,2.013,0.098,0.148,161,0.11,0.92,28,0.313,187,20.9,1.4,0.045555556,0.095882353,0.2,0.008888889,0.054666667,0.0,0.1258125,0.075384615,0.123333333,0.134166667,0.000122222,0.066666667,0.267142857,0.38,0.127272727
21482,Fast Foods,"FAST FD,PIZZA CHAIN,14 PIZZA,SAUSAGE TOPPING,THICK CRUST","Fast Food, Pizza Chain, 14 pizza, sausage topping, thick crust",,,,282,11.06,12.94,30.36,2.82,2.3,67.0,0.07,0.49,1.0,0.9,136,3.57,0.19,0.385,143,0.107,2.45,23,0.323,193,17.7,1.26,0.074444444,0.041176471,0.204166667,0.011111111,0.06,0.34,0.223125,0.146153846,0.320833333,0.119166667,0.000118889,0.054761905,0.275714286,0.321818182,0.114545455
21483,Fast Foods,"FAST FD,PIZZA CHAIN,14 PIZZA,SAUSAGE TOPPING,THIN CRUST","Fast Food, Pizza Chain, 14 pizza, sausage topping, thin crust",,,,321,13.36,17.71,27.0,3.02,2.5,70.0,0.075,0.58,2.1,1.3,123,3.06,0.15,0.225,213,0.105,1.73,25,0.301,254,18.6,1.51,0.077777778,0.044117647,0.241666667,0.023333333,0.086666667,0.3075,0.19125,0.115384615,0.1875,0.1775,0.000116667,0.05952381,0.362857143,0.338181818,0.137272727
21484,Fast Foods,"FAST FD,PIZZA CHAIN,14 PIZZA,SAUSAGE TOPPING,REG CRUST","Fast Food, Pizza Chain, 14 pizza, sausage topping, regular crust",,,,280,11.5,12.35,30.62,3.32,2.3,68.0,0.08,0.48,1.7,0.91,126,3.8,0.19,0.345,144,0.111,2.41,24,0.352,193,20.3,1.32,0.075555556,0.047058824,0.2,0.018888889,0.060666667,0.315,0.2375,0.146153846,0.2875,0.12,0.000123333,0.057142857,0.275714286,0.369090909,0.12
21485,Fast Foods,"FAST FD,PIZZA CHAIN,14 PIZZA,PEPPERONI TOPPING,THIN CRUST","Fast Food, Pizza Chain, 14 pizza, pepperoni topping, thin crust",,,,331,14.01,17.61,29.0,3.22,2.3,70.0,0.095,0.76,2.0,1.29,131,3.31,0.17,0.225,216,0.11,1.95,25,0.355,253,24.5,1.64,0.077777778,0.055882353,0.316666667,0.022222222,0.086,0.3275,0.206875,0.130769231,0.1875,0.18,0.000122222,0.05952381,0.361428571,0.445454545,0.149090909
21486,Fast Foods,"FAST FOODS,TACO W/ BF,CHS & LETTUCE,SOFT","Fast foods, taco with beef, cheese and lettuce, soft",,,,206,9.25,9.75,20.23,1.57,2.9,19.0,0.06,0.84,0.1,0.25,96,2.88,0.13,0.18,123,0.067,1.67,19,0.31,167,16.8,1.37,0.021111111,0.035294118,0.35,0.001111111,0.016666667,0.24,0.18,0.1,0.15,0.1025,7.44444e-05,0.045238095,0.238571429,0.305454545,0.124545455
21487,Fast Foods,"FAST FOODS,TACO W/ CHICK,LETTUCE & CHS,SOFT","Fast foods, taco with chicken, lettuce and cheese, soft",,,,189,13.3,6.35,19.69,1.3,1.2,25.0,0.11,0.12,0.2,0.21,80,5.17,0.11,0.16,122,0.06,1.59,24,0.245,244,17.3,0.76,0.027777778,0.064705882,0.05,0.002222222,0.014,0.2,0.323125,0.084615385,0.133333333,0.101666667,6.66667e-05,0.057142857,0.348571429,0.314545455,0.069090909
21488,Fast Foods,"FAST FOODS,QUESADILLA,W/ CHICK","Fast foods, quesadilla, with chicken",,,,294,15.05,15.25,24.04,1.88,1.7,72.0,0.08,0.19,0.1,0.29,81,4.2,0.18,0.2,269,0.076,1.77,25,0.266,313,20.8,1.42,0.08,0.047058824,0.079166667,0.001111111,0.019333333,0.2025,0.2625,0.138461538,0.166666667,0.224166667,8.44444e-05,0.05952381,0.447142857,0.378181818,0.129090909
21490,Fast Foods,"FAST FDS,GRILLED CHICK FILET SNDWCH,W/ LETTUCE,TOMATO & SPRD","Fast Foods, grilled chicken filet sandwich, with lettuce, tomato and spread",,,,182,17.34,4.57,16.78,3.08,0.9,11.0,0.309,0.22,2.4,0.38,57,7.78,0.121,0.234,62,0.071,1.58,23,0.2,142,19.7,0.75,0.012222222,0.181764706,0.091666667,0.026666667,0.025333333,0.1425,0.48625,0.093076923,0.195,0.051666667,7.88889e-05,0.054761905,0.202857143,0.358181818,0.068181818
21491,Fast Foods,"PIZZA HUT 14 PEPPERONI PIZZA,THIN N CRISPY CRUST","PIZZA HUT 14 Pepperoni Pizza, THIN N CRISPY Crust",,"Pizza Hut, Inc.",,333,14.13,16.17,32.66,2.79,2.1,0.0,0.11,0.71,2.8,0.0,0,4.55,0.23,0.34,196,0.116,2.78,25,0.431,244,23.0,1.63,0.0,0.064705882,0.295833333,0.031111111,0.0,0.0,0.284375,0.176923077,0.283333333,0.163333333,0.000128889,0.05952381,0.348571429,0.418181818,0.148181818
21492,Fast Foods,"DOMINOS 14 PEPPERONI PIZZA,CRUNCHY THIN CRUST","DOMINOS 14 Pepperoni Pizza, Crunchy Thin Crust",,"Dominos Pizza, LLC",,328,13.88,19.05,25.35,3.65,2.6,0.0,0.08,0.81,1.2,0.0,0,2.07,0.11,0.11,236,0.104,1.13,25,0.279,263,26.0,1.65,0.0,0.047058824,0.3375,0.013333333,0.0,0.0,0.129375,0.084615385,0.091666667,0.196666667,0.000115556,0.05952381,0.375714286,0.472727273,0.15
21493,Fast Foods,"DOMINOS 14 SAUSAGE PIZZA,CRUNCHY THIN CRUST","DOMINOS 14 Sausage Pizza, Crunchy Thin Crust",,"Dominos Pizza, LLC",,319,12.77,18.52,25.3,3.42,2.6,0.0,0.07,0.66,1.1,0.0,0,1.62,0.08,0.09,234,0.11,1.07,25,0.248,270,19.8,1.48,0.0,0.041176471,0.275,0.012222222,0.0,0.0,0.10125,0.061538462,0.075,0.195,0.000122222,0.05952381,0.385714286,0.36,0.134545455
21494,Fast Foods,"DOMINOS 14 SAUSAGE PIZZA,CLASSIC HAND-TOSSED CRUST","DOMINOS 14 Sausage Pizza, Classic Hand-Tossed Crust",,"Dominos Pizza, LLC",,273,11.08,11.2,31.84,3.92,2.4,0.0,0.07,0.48,0.6,0.0,0,3.35,0.16,0.33,137,0.118,2.36,25,0.34,196,22.0,1.24,0.0,0.041176471,0.2,0.006666667,0.0,0.0,0.209375,0.123076923,0.275,0.114166667,0.000131111,0.05952381,0.28,0.4,0.112727273
21495,Fast Foods,"DOMINOS 14 SAUSAGE PIZZA,ULTIMATE DEEP DISH CRUST","DOMINOS 14 Sausage Pizza, Ultimate Deep Dish Crust",,"Dominos Pizza, LLC",,277,11.03,12.03,31.17,3.82,2.6,0.0,0.05,0.5,0.4,0.0,0,3.31,0.18,0.37,154,0.112,2.5,24,0.272,207,19.5,1.27,0.0,0.029411765,0.208333333,0.004444444,0.0,0.0,0.206875,0.138461538,0.308333333,0.128333333,0.000124444,0.057142857,0.295714286,0.354545455,0.115454545
21496,Fast Foods,"PIZZA HUT 14 SAUSAGE PIZZA,THIN N CRISPY CRUST","PIZZA HUT 14 Sausage Pizza, THIN N CRISPY Crust",,"Pizza Hut, Inc.",,323,13.95,16.9,28.7,2.62,2.4,0.0,0.08,0.49,3.0,0.0,0,4.5,0.22,0.36,193,0.101,2.38,24,0.354,238,17.5,1.54,0.0,0.047058824,0.204166667,0.033333333,0.0,0.0,0.28125,0.169230769,0.3,0.160833333,0.000112222,0.057142857,0.34,0.318181818,0.14
21497,Fast Foods,"PIZZA HUT 14 SAUSAGE PIZZA,HAND-TOSSED CRUST","PIZZA HUT 14 Sausage Pizza, Hand-Tossed Crust",,"Pizza Hut, Inc.",,287,11.92,13.5,29.39,2.72,2.3,0.0,0.09,0.49,2.8,0.0,0,4.25,0.22,0.36,150,0.104,2.45,23,0.363,191,18.5,1.4,0.0,0.052941176,0.204166667,0.031111111,0.0,0.0,0.265625,0.169230769,0.3,0.125,0.000115556,0.054761905,0.272857143,0.336363636,0.127272727
21498,Fast Foods,"PIZZA HUT 14 SAUSAGE PIZZA,PAN CRUST","PIZZA HUT 14 Sausage Pizza, Pan Crust",,"Pizza Hut, Inc.",,287,11.08,13.85,29.56,1.82,2.0,0.0,0.09,0.48,1.6,0.0,0,3.83,0.2,0.4,132,0.101,2.39,21,0.375,179,15.8,1.25,0.0,0.052941176,0.2,0.017777778,0.0,0.0,0.239375,0.153846154,0.333333333,0.11,0.000112222,0.05,0.255714286,0.287272727,0.113636364
21499,Fast Foods,"KASHI PIZZA,RSTD VEG","KASHI Pizza, Roasted Vegetable",,"Kellogg, Co.",,224,12.5,8.4,24.5,2.9,3.7,0.0,0.04,0.4,12.0,0.0,0,0.2,0.08,0.05,176,0.0,1.3,18,0.0,114,0.0,0.0,0.0,0.023529412,0.166666667,0.133333333,0.0,0.0,0.0125,0.061538462,0.041666667,0.146666667,0.0,0.042857143,0.162857143,0.0,0.0
21500,Fast Foods,"KASHI Pizza, Mushroom Trio & Spinach","KASHI Pizza, Mushroom Trio & Spinach",,"Kellogg, Co.",,224,12.7,8.3,24.6,2.3,3.9,0.0,0.1,0.4,4.8,0.0,0,0.3,0.1,0.1,182,0.0,1.3,18,0.0,115,0.0,0.7,0.0,0.058823529,0.166666667,0.053333333,0.0,0.0,0.01875,0.076923077,0.083333333,0.151666667,0.0,0.042857143,0.164285714,0.0,0.063636364
21501,Fast Foods,"KASHI PIZZA,MARGHERITA","KASHI Pizza, Margherita",,"Kellogg, Co.",,230,12.8,8.4,25.7,3.3,3.8,0.0,0.05,0.5,8.0,0.0,0,0.3,0.1,0.06,192,0.0,1.4,20,0.0,123,0.0,0.7,0.0,0.029411765,0.208333333,0.088888889,0.0,0.0,0.01875,0.076923077,0.05,0.16,0.0,0.047619048,0.175714286,0.0,0.063636364
21503,Fast Foods,"KASHI PIZZA,MEDITERRANEAN","KASHI Pizza, Mediterranean",,"Kellogg, Co.",,242,12.7,7.5,31.0,2.8,4.1,0.0,0.2,0.2,12.0,0.0,0,0.4,0.1,0.1,138,0.0,1.1,33,0.0,161,0.0,1.3,0.0,0.117647059,0.083333333,0.133333333,0.0,0.0,0.025,0.076923077,0.083333333,0.115,0.0,0.078571429,0.23,0.0,0.118181818
21504,Fast Foods,"KASHI PIZZA,FOUR CHS","KASHI Pizza, Four Cheese",,"Kellogg, Co.",,240,13.0,6.9,31.4,7.6,5.3,0.0,0.0,0.1,0.0,0.0,0,0.9,0.1,0.1,183,0.0,1.1,17,0.0,107,0.0,0.2,0.0,0.0,0.041666667,0.0,0.0,0.0,0.05625,0.076923077,0.083333333,0.1525,0.0,0.04047619,0.152857143,0.0,0.018181818
21505,Fast Foods,"PIZZA,CHS TOPPING,THIN CRUST,FRZ,CKD","Pizza, cheese topping, thin crust, frozen, cooked",,,,263,11.91,11.07,28.8,3.71,3.0,72.0,0.13,0.62,0.1,0.74,122,1.283,0.127,0.103,228,0.091,2.14,24,0.328,215,21.4,1.49,0.08,0.076470588,0.258333333,0.001111111,0.049333333,0.305,0.0801875,0.097692308,0.085833333,0.19,0.000101111,0.057142857,0.307142857,0.389090909,0.135454545
21506,Fast Foods,"BURGER KING,DOUBLE CHEESEBURGER","BURGER KING, Double Cheeseburger",,Burger King Corporation,,282,16.83,16.13,17.43,4.17,0.0,0.0,0.0,0.0,0.0,0.0,0,0.0,0.0,0.0,120,0.093,2.33,23,0.21,168,0.0,2.92,0.0,0.0,0.0,0.0,0.0,0.0,0.0,0.0,0.0,0.1,0.000103333,0.054761905,0.24,0.0,0.265454545
21507,Fast Foods,"WENDYS,DOUBLE STACK,W/ CHS","WENDYS, Double Stack, with cheese",,"Wendys International, Inc.",,285,18.53,16.6,15.35,3.87,0.0,0.0,0.0,0.0,0.0,0.0,0,0.0,0.0,0.0,73,0.086,2.75,21,0.173,157,0.0,3.37,0.0,0.0,0.0,0.0,0.0,0.0,0.0,0.0,0.0,0.060833333,9.55556e-05,0.05,0.224285714,0.0,0.306363636
21508,Fast Foods,"WENDYS,CRISPY CHICK SNDWCH","WENDYS, Crispy Chicken Sandwich",,"Wendys International, Inc.",,278,11.72,13.93,26.36,3.13,0.0,0.0,0.0,0.0,0.0,0.0,0,0.0,0.0,0.0,37,0.074,1.49,20,0.26,182,0.0,0.59,0.0,0.0,0.0,0.0,0.0,0.0,0.0,0.0,0.0,0.030833333,8.22222e-05,0.047619048,0.26,0.0,0.053636364
21509,Fast Foods,"BURGER KING,ONION RINGS","BURGER KING, Onion Rings",,Burger King Corporation,,417,3.86,25.23,43.58,5.43,2.7,0.0,0.133,0.0,1.4,4.92,0,0.673,0.063,0.11,115,0.075,0.78,19,0.342,158,5.7,0.51,0.0,0.078235294,0.0,0.015555556,0.328,0.0,0.0420625,0.048461538,0.091666667,0.095833333,8.33333e-05,0.045238095,0.225714286,0.103636364,0.046363636
21510,Fast Foods,"WENDYS,DAVES HOT N JUICY 1/4 LB,SINGLE","WENDYS, DAVES Hot N Juicy 1/4 LB, single",,"Wendys International, Inc.",,268,13.69,15.8,17.73,4.5,1.1,50.0,0.186,0.93,1.1,0.57,0,3.143,0.257,0.177,73,0.081,2.3,18,0.186,125,16.5,2.26,0.055555556,0.109411765,0.3875,0.012222222,0.038,0.0,0.1964375,0.197692308,0.1475,0.060833333,9e-05,0.042857143,0.178571429,0.3,0.205454545
21511,Fast Foods,"FAST FD,PIZZA CHAIN,14 PIZZA,CHS TOPPING,STUFFED CRUST","Fast Food, Pizza Chain, 14 pizza, cheese topping, stuffed crust",,,,274,12.23,11.63,30.0,2.9,1.7,117.0,0.119,0.4,3.1,0.67,125,3.763,0.333,0.323,238,0.081,2.04,22,0.351,249,16.0,1.49,0.13,0.07,0.166666667,0.034444444,0.044666667,0.3125,0.2351875,0.256153846,0.269166667,0.198333333,9e-05,0.052380952,0.355714286,0.290909091,0.135454545
21512,Fast Foods,"PIZZA HUT 14 CHS PIZZA,STUFFED CRUST","PIZZA HUT 14 Cheese Pizza, Stuffed Crust",,"Pizza Hut, Inc.",,274,12.23,11.63,30.0,2.9,1.7,117.0,0.119,0.4,3.1,0.67,0,3.763,0.333,0.323,238,0.081,2.04,22,0.351,249,16.0,1.49,0.13,0.07,0.166666667,0.034444444,0.044666667,0.0,0.2351875,0.256153846,0.269166667,0.198333333,9e-05,0.052380952,0.355714286,0.290909091,0.135454545
21513,Fast Foods,"KASHI PIZZA,GREEK TZATZIKI,SINGLE SERVE","KASHI Pizza, Greek Tzatziki, single serve",,"Kellogg, Co.",,223,11.1,6.6,29.7,2.7,5.9,0.0,0.1,0.3,0.0,0.0,0,2.7,0.2,0.2,116,0.0,1.3,16,0.0,85,0.0,0.5,0.0,0.058823529,0.125,0.0,0.0,0.0,0.16875,0.153846154,0.166666667,0.096666667,0.0,0.038095238,0.121428571,0.0,0.045454545
21514,Fast Foods,"KASHI PIZZA,TIKKA MASALA,SINGLE SERVE","KASHI Pizza, Tikka Masala, single serve",,"Kellogg, Co.",,212,10.2,5.9,29.5,4.0,6.0,0.0,0.0,0.2,0.0,0.0,0,2.5,0.1,0.2,97,0.0,1.4,15,0.0,77,0.0,0.5,0.0,0.0,0.083333333,0.0,0.0,0.0,0.15625,0.076923077,0.166666667,0.080833333,0.0,0.035714286,0.11,0.0,0.045454545
21515,Fast Foods,"MORNINGSTAR FARMS PIZZA,BAJA BLACK BEAN,SINGLE SERVE","MORNINGSTAR FARMS Pizza, Baja Black Bean, single serve",,"Kellogg, Co.",,252,10.6,6.9,36.9,3.3,5.2,0.0,0.0,0.1,0.0,0.0,0,3.8,0.2,0.3,121,0.0,1.5,10,0.0,84,0.0,0.4,0.0,0.0,0.041666667,0.0,0.0,0.0,0.2375,0.153846154,0.25,0.100833333,0.0,0.023809524,0.12,0.0,0.036363636
22118,Legumes and Legume Products,"MORNINGSTAR FARMS GARDEN VEGGIE PATTIES,FRZ,UNPREP","MORNINGSTAR FARMS Garden Veggie Patties, frozen, unprepared",,"Kellogg, Co.",,176,17.8,5.5,13.7,1.8,4.5,0.0,0.9,0.0,1.1,0.0,0,1.4,0.3,11.2,59,0.0,2.2,0,0.0,164,0.0,1.0,0.0,0.529411765,0.0,0.012222222,0.0,0.0,0.0875,0.230769231,9.333333333,0.049166667,0.0,0.0,0.234285714,0.0,0.090909091
22119,Legumes and Legume Products,"MORNINGSTAR FARMS VEGGIE DOG,FRZ,UNPREP","MORNINGSTAR FARMS Veggie Dog, frozen, unprepared",,"Worthington Foods, Inc.",,126,17.4,1.3,11.2,4.4,2.3,0.0,0.5,0.0,0.0,0.0,0,25.7,1.4,0.0,19,0.0,1.2,2,0.0,52,0.0,1.0,0.0,0.294117647,0.0,0.0,0.0,0.0,1.60625,1.076923077,0.0,0.015833333,0.0,0.004761905,0.074285714,0.0,0.090909091
22120,Legumes and Legume Products,"MORNINGSTAR FARMS GRILLERS BURGER STYLE REC CRMBL,FRZ,UNPREP","MORNINGSTAR FARMS Grillers Burger Style Recipe Crumbles, frozen, unprepared",,"Kellogg, Co.",,143,17.8,4.3,8.3,1.1,4.7,0.0,0.8,8.3,0.0,0.0,0,11.6,0.2,1.2,33,0.0,5.2,0,0.0,201,0.0,1.1,0.0,0.470588235,3.458333333,0.0,0.0,0.0,0.725,0.153846154,1.0,0.0275,0.0,0.0,0.287142857,0.0,0.1
22121,Legumes and Legume Products,"WORTHINGTON FOODS,MORNINGSTAR FARMS BETTERN BURGERS,FRZ","MORNINGSTAR FARMS Grillers Vegan, frozen, unprepared",,"Kellogg, Co.",,132,16.3,3.4,9.1,0.4,5.2,0.0,0.0,0.0,0.0,0.0,0,0.0,0.1,0.0,37,0.0,2.9,0,0.0,221,0.0,0.8,0.0,0.0,0.0,0.0,0.0,0.0,0.0,0.076923077,0.0,0.030833333,0.0,0.0,0.315714286,0.0,0.072727273
22122,Legumes and Legume Products,"WORTHINGTON FOODS,MORNINGSTAR FARMS BRKFST PATTIES","MORNINGSTAR FARMS Breakfast Sausage Patties, frozen, unprepared",,"Worthington Foods, Inc.",,210,25.79,7.9,8.82,1.7,4.1,0.0,0.5,3.7,0.0,0.0,0,6.0,0.3,11.0,44,0.0,4.5,0,0.0,306,0.0,1.39,0.0,0.294117647,1.541666667,0.0,0.0,0.0,0.375,0.230769231,9.166666667,0.036666667,0.0,0.0,0.437142857,0.0,0.126363636
22123,Legumes and Legume Products,"WORTHINGTON FOODS,MORNINGSTAR FARMS,SPICY BLACK BEAN BURGER","MORNINGSTAR FARMS Spicy Black Bean Burger, frozen, unprepared",,"Worthington Foods, Inc.",,190,14.6,6.1,19.1,1.8,6.0,0.0,0.1,0.0,0.0,0.0,0,0.6,0.2,0.1,91,0.0,2.0,33,0.0,98,0.0,0.6,0.0,0.058823529,0.0,0.0,0.0,0.0,0.0375,0.153846154,0.083333333,0.075833333,0.0,0.078571429,0.14,0.0,0.054545455
22126,Legumes and Legume Products,"LOMA LINDA BIG FRANKS,CND,UNPREP","LOMA LINDA Big Franks, canned, unprepared",,"Kellogg, Co.",,218,21.5,12.1,5.8,0.4,3.5,0.0,1.4,13.1,0.0,0.0,0,14.8,1.0,0.6,17,0.0,2.5,0,0.0,142,0.0,2.3,0.0,0.823529412,5.458333333,0.0,0.0,0.0,0.925,0.769230769,0.5,0.014166667,0.0,0.0,0.202857143,0.0,0.209090909
22247,"Meals, Entrees, and Side Dishes","MACARONI & CHS,CND ENTREE","Macaroni and Cheese, canned entree",,,,82,3.38,2.46,11.52,0.5,0.5,17.0,0.037,0.15,0.0,0.05,21,1.183,0.114,0.101,35,0.296,0.9,9,0.224,47,9.5,0.45,0.018888889,0.021764706,0.0625,0.0,0.003333333,0.0525,0.0739375,0.087692308,0.084166667,0.029166667,0.000328889,0.021428571,0.067142857,0.172727273,0.040909091
22401,"Meals, Entrees, and Side Dishes","SPAGHETTI W/ MEAT SAU,FRZ ENTREE","Spaghetti with meat sauce, frozen entree",,,,90,5.05,1.01,15.24,2.6,1.8,9.0,0.07,0.06,5.4,0.5,72,0.177,1.333,0.122,18,0.125,1.25,15,0.213,49,11.9,0.51,0.01,0.041176471,0.025,0.06,0.033333333,0.18,0.0110625,1.025384615,0.101666667,0.015,0.000138889,0.035714286,0.07,0.216363636,0.046363636
22402,"Meals, Entrees, and Side Dishes","BEEF MACARONI W/ TOMATO SAU,FRZ ENTREE,RED FAT","Beef macaroni with tomato sauce, frozen entree, reduced fat",,,,113,5.89,1.96,17.99,3.8,1.4,8.0,0.117,0.29,3.9,0.65,48,1.806,0.092,0.116,12,0.123,1.3,17,0.174,65,12.2,1.08,0.008888889,0.068823529,0.120833333,0.043333333,0.043333333,0.12,0.112875,0.070769231,0.096666667,0.01,0.000136667,0.04047619,0.092857143,0.221818182,0.098181818
22522,"Meals, Entrees, and Side Dishes","PASTA W/SLICED FRANKS IN TOMATO SAU,CND ENTREE","Pasta with Sliced Franks in Tomato Sauce, canned entree",,,,90,4.37,2.38,12.69,3.17,1.6,13.0,0.073,0.19,3.8,0.74,64,1.157,0.069,0.078,60,0.136,0.91,14,0.129,43,8.0,0.52,0.014444444,0.042941176,0.079166667,0.042222222,0.049333333,0.16,0.0723125,0.053076923,0.065,0.05,0.000151111,0.033333333,0.061428571,0.145454545,0.047272727
22528,"Meals, Entrees, and Side Dishes","TURKEY POT PIE,FRZ ENTREE","Turkey Pot Pie, frozen entree",,,,176,6.5,8.8,17.7,0.0,1.1,0.0,0.0,0.0,0.0,0.0,0,0.0,0.0,0.0,0,0.0,1.0,0,0.0,0,0.0,0.0,0.0,0.0,0.0,0.0,0.0,0.0,0.0,0.0,0.0,0.0,0.0,0.0,0.0,0.0,0.0
22529,"Meals, Entrees, and Side Dishes","BEEF POT PIE,FRZ ENTREE,PREP","Beef Pot Pie, frozen entree, prepared",,,,220,7.25,11.39,22.05,0.0,0.8,0.0,0.133,0.32,0.3,0.26,28,1.633,0.087,0.197,14,0.03,1.25,13,0.207,67,5.3,1.1,0.0,0.078235294,0.133333333,0.003333333,0.017333333,0.07,0.1020625,0.066923077,0.164166667,0.011666667,3.33333e-05,0.030952381,0.095714286,0.096363636,0.1
22535,"Meals, Entrees, and Side Dishes","HOT POCKETS,CROISSANT POCKTS CHIK,BROC&CHDR STUFD SNDWCH,FRZ","HOT POCKETS, CROISSANT POCKETS Chicken, Broccoli, and Cheddar Stuffed Sandwich, frozen",,,,235,8.9,8.6,30.4,7.6,1.1,58.0,0.095,0.35,4.9,0.29,84,3.425,0.273,0.417,152,0.113,2.97,18,0.0,168,11.6,0.95,0.064444444,0.055882353,0.145833333,0.054444444,0.019333333,0.21,0.2140625,0.21,0.3475,0.126666667,0.000125556,0.042857143,0.24,0.210909091,0.086363636
22537,"Meals, Entrees, and Side Dishes","HOT POCKETS HAM N CHS STUFFED SNDWCH,FRZ","HOT POCKETS Ham N Cheese Stuffed Sandwich, frozen",,,,241,9.16,9.14,30.55,7.6,1.5,0.0,0.095,0.35,0.1,0.29,84,3.425,0.273,0.417,152,0.113,2.0,18,0.27,168,11.6,0.95,0.0,0.055882353,0.145833333,0.001111111,0.019333333,0.21,0.2140625,0.21,0.3475,0.126666667,0.000125556,0.042857143,0.24,0.210909091,0.086363636
22899,"Meals, Entrees, and Side Dishes","RAVIOLI,CHEESE-FILLED,CND","Ravioli, cheese-filled, canned",,,,77,2.48,1.45,13.64,3.72,1.3,10.0,0.102,0.03,0.0,0.85,26,1.06,0.08,0.074,33,0.142,0.74,15,0.176,50,3.5,0.36,0.011111111,0.06,0.0125,0.0,0.056666667,0.065,0.06625,0.061538462,0.061666667,0.0275,0.000157778,0.035714286,0.071428571,0.063636364,0.032727273
22900,"Meals, Entrees, and Side Dishes","RAVIOLI,MEAT-FILLED,W/ TOMATO SAU OR MEAT SAU,CND","Ravioli, meat-filled, with tomato sauce or meat sauce, canned",,,,97,3.24,3.41,13.26,1.97,1.5,14.0,0.055,0.15,0.0,0.5,28,1.245,0.057,0.057,12,0.053,1.09,12,0.144,40,9.6,0.39,0.015555556,0.032352941,0.0625,0.0,0.033333333,0.07,0.0778125,0.043846154,0.0475,0.01,5.88889e-05,0.028571429,0.057142857,0.174545455,0.035454545
22901,"Meals, Entrees, and Side Dishes","TORTELLINI,PASTA W/ CHS FILLING,FRESH-REFRIGERATED","Tortellini, pasta with cheese filling, fresh-refrigerated, as purchased",,,,307,13.5,7.23,47.0,0.95,1.9,38.0,0.043,0.16,0.0,0.16,117,2.696,0.31,0.313,152,0.08,1.5,21,0.0,212,23.9,1.02,0.042222222,0.025294118,0.066666667,0.0,0.010666667,0.2925,0.1685,0.238461538,0.260833333,0.126666667,8.88889e-05,0.05,0.302857143,0.434545455,0.092727273
22903,Fast Foods,"PIZZA,PEPPERONI TOPPING,REG CRUST,FRZ,CKD","Pizza, pepperoni topping, regular crust, frozen, cooked",,,,296,11.21,15.2,28.51,0.0,2.2,0.0,0.099,0.57,1.9,0.0,0,2.47,0.23,0.224,151,0.105,2.41,24,0.319,207,19.6,1.48,0.0,0.058235294,0.2375,0.021111111,0.0,0.0,0.154375,0.176923077,0.186666667,0.125833333,0.000116667,0.057142857,0.295714286,0.356363636,0.134545455
22904,"Meals, Entrees, and Side Dishes","CHILI CON CARNE W/BNS,CND ENTREE","Chili con carne with beans, canned entree",,,,107,5.8,3.47,13.1,1.87,3.3,23.0,0.105,0.28,0.2,0.5,21,0.782,0.029,0.019,33,0.096,1.34,28,0.205,87,3.6,0.89,0.025555556,0.061764706,0.116666667,0.002222222,0.033333333,0.0525,0.048875,0.022307692,0.015833333,0.0275,0.000106667,0.066666667,0.124285714,0.065454545,0.080909091
22905,"Meals, Entrees, and Side Dishes","BEEF STEW,CANNED ENTREE","Beef stew, canned entree",,,,99,4.41,5.53,7.85,1.76,0.9,11.0,0.087,0.5,0.7,0.27,14,1.096,0.053,0.073,12,0.141,2.48,8,0.059,42,4.7,1.0,0.012222222,0.051176471,0.208333333,0.007777778,0.018,0.035,0.0685,0.040769231,0.060833333,0.01,0.000156667,0.019047619,0.06,0.085454545,0.090909091
22906,"Meals, Entrees, and Side Dishes","CHICKEN POT PIE,FRZ ENTREE,PREP","Chicken pot pie, frozen entree, prepared",,,,204,5.11,11.85,19.21,2.26,1.1,34.0,0.092,0.11,1.0,0.53,50,1.871,0.041,0.104,20,0.042,0.76,11,0.187,72,5.4,0.42,0.037777778,0.054117647,0.045833333,0.011111111,0.035333333,0.125,0.1169375,0.031538462,0.086666667,0.016666667,4.66667e-05,0.026190476,0.102857143,0.098181818,0.038181818
22908,"Meals, Entrees, and Side Dishes","BEEF,CORNED BF HASH,W/ POTATO,CND","Beef, corned beef hash, with potato, canned",,Hormel Foods Corp.,,164,8.73,10.24,9.27,0.34,1.1,0.0,0.231,0.41,0.9,0.04,7,1.572,0.05,0.069,19,0.0,1.0,13,0.084,56,7.5,1.4,0.0,0.135882353,0.170833333,0.01,0.002666667,0.0175,0.09825,0.038461538,0.0575,0.015833333,0.0,0.030952381,0.08,0.136363636,0.127272727
22910,"Meals, Entrees, and Side Dishes","LASAGNA,CHS,FRZ,PREP","Lasagna, cheese, frozen, prepared",,,,130,6.54,5.33,13.84,4.23,1.7,46.0,0.069,0.57,17.1,0.88,51,1.361,0.154,0.114,111,0.109,1.27,21,0.197,107,26.2,0.91,0.051111111,0.040588235,0.2375,0.19,0.058666667,0.1275,0.0850625,0.118461538,0.095,0.0925,0.000121111,0.05,0.152857143,0.476363636,0.082727273
22911,"Meals, Entrees, and Side Dishes","CHILI,NO BNS,CND ENTREE","Chili, no beans, canned entree",,,,118,7.53,7.1,6.1,1.1,0.5,14.0,0.129,1.02,1.8,0.59,8,1.245,0.111,0.031,30,0.188,2.01,20,0.276,77,6.5,1.12,0.015555556,0.075882353,0.425,0.02,0.039333333,0.02,0.0778125,0.085384615,0.025833333,0.025,0.000208889,0.047619048,0.11,0.118181818,0.101818182
22912,"Meals, Entrees, and Side Dishes","SPAGHETTI,W/ MEATBALLS IN TOMATO SAU,CND","Spaghetti, with meatballs in tomato sauce, canned",,,,100,4.37,4.11,11.45,2.91,2.7,17.0,0.069,0.19,1.9,0.5,29,2.017,0.066,0.081,29,0.053,1.03,13,0.144,57,9.0,0.51,0.018888889,0.040588235,0.079166667,0.021111111,0.033333333,0.0725,0.1260625,0.050769231,0.0675,0.024166667,5.88889e-05,0.030952381,0.081428571,0.163636364,0.046363636
22914,"Meals, Entrees, and Side Dishes","PASTA W/ TOMATO SAU,NO MEAT,CND","Pasta with tomato sauce, no meat, canned",,,,70,2.22,0.44,14.22,4.0,0.9,36.0,0.058,0.01,0.0,0.62,50,1.302,0.052,0.058,13,0.054,0.91,14,0.162,39,9.0,0.38,0.04,0.034117647,0.004166667,0.0,0.041333333,0.125,0.081375,0.04,0.048333333,0.010833333,6e-05,0.033333333,0.055714286,0.163636364,0.034545455
22915,"Meals, Entrees, and Side Dishes","LASAGNA W/ MEAT & SAU,LOW-FAT,FRZ ENTREE","Lasagna with meat & sauce, low-fat, frozen entree",,,,101,6.81,2.23,13.5,0.0,1.3,0.0,0.122,0.45,17.9,0.0,0,1.221,0.126,0.038,108,0.167,0.97,19,0.213,34,13.0,0.86,0.0,0.071764706,0.1875,0.198888889,0.0,0.0,0.0763125,0.096923077,0.031666667,0.09,0.000185556,0.045238095,0.048571429,0.236363636,0.078181818
22916,"Meals, Entrees, and Side Dishes","LASAGNA W/ MEAT & SAU,FRZ ENTREE","Lasagna with meat & sauce, frozen entree",,,,124,6.63,4.42,14.39,2.96,1.4,37.0,0.124,0.74,4.1,0.87,22,1.426,0.05,0.052,73,0.086,0.65,18,0.178,102,14.8,0.79,0.041111111,0.072941176,0.308333333,0.045555556,0.058,0.055,0.089125,0.038461538,0.043333333,0.060833333,9.55556e-05,0.042857143,0.145714286,0.269090909,0.071818182
22917,"Meals, Entrees, and Side Dishes","BURRITO,BF & BEAN,FRZ","Burrito, beef and bean, frozen",,,,239,7.26,9.61,30.84,0.7,4.2,11.0,0.09,0.0,0.8,0.64,123,2.889,0.236,0.393,34,0.211,2.96,32,0.481,72,10.7,0.99,0.012222222,0.052941176,0.0,0.008888889,0.042666667,0.3075,0.1805625,0.181538462,0.3275,0.028333333,0.000234444,0.076190476,0.102857143,0.194545455,0.09
22918,"Meals, Entrees, and Side Dishes","BURRITO, BEAN AND CHEESE, FROZEN","Burrito, bean and cheese, frozen",,,,221,7.07,6.3,34.01,3.21,3.4,8.0,0.085,0.08,0.3,0.37,138,2.48,0.143,0.287,52,0.129,2.51,31,0.408,117,12.7,0.71,0.008888889,0.05,0.033333333,0.003333333,0.024666667,0.345,0.155,0.11,0.239166667,0.043333333,0.000143333,0.073809524,0.167142857,0.230909091,0.064545455
22919,"Meals, Entrees, and Side Dishes","MACARONI & CHS,CND,MICROWAVABLE","Macaroni and Cheese, canned, microwavable",,,,134,5.98,5.99,13.96,1.41,0.4,0.0,0.037,0.09,0.0,0.0,0,1.046,0.186,0.076,57,0.26,0.91,13,0.22,97,11.5,0.55,0.0,0.021764706,0.0375,0.0,0.0,0.0,0.065375,0.143076923,0.063333333,0.0475,0.000288889,0.030952381,0.138571429,0.209090909,0.05
22928,"Meals, Entrees, and Side Dishes","BURRITO,BF & BEAN,MICROWAVED","Burrito, beef and bean, microwaved",,,,298,8.73,11.94,38.95,1.36,6.9,13.0,0.132,0.14,1.0,0.79,113,3.566,0.23,0.461,39,0.228,3.12,36,0.531,97,13.6,1.24,0.014444444,0.077647059,0.058333333,0.011111111,0.052666667,0.2825,0.222875,0.176923077,0.384166667,0.0325,0.000253333,0.085714286,0.138571429,0.247272727,0.112727273
22929,"Meals, Entrees, and Side Dishes","CAMPBELLS,SPAGHETTIOS,MINI BF RAVIOLI IN MEAT SAU","SPAGHETTIOS, Mini Beef Ravioli in Meat Sauce",,Campbell Soup Co.,,99,4.25,1.74,16.6,5.41,1.9,0.0,0.0,0.0,0.5,0.0,0,1.544,0.066,0.058,15,0.0,0.69,0,0.0,0,0.0,0.0,0.0,0.0,0.0,0.005555556,0.0,0.0,0.0965,0.050769231,0.048333333,0.0125,0.0,0.0,0.0,0.0,0.0
22930,"Meals, Entrees, and Side Dishes","CAMPBELLS,SPAGHETTIOS,SPAGHETTI IN TOMATO & CHS SAU","SPAGHETTIOS, Spaghetti in Tomato & Cheese Sauce",,Campbell Soup Co.,,80,2.78,0.6,15.87,5.16,1.2,0.0,0.0,0.0,0.0,0.0,0,1.19,0.067,0.06,8,0.0,0.29,0,0.0,0,0.0,0.0,0.0,0.0,0.0,0.0,0.0,0.0,0.074375,0.051538462,0.05,0.006666667,0.0,0.0,0.0,0.0,0.0
22931,"Meals, Entrees, and Side Dishes","CAMPBELLS,SPAGHETTIOS,SPAGHETTIOS ORIGINAL","SPAGHETTIOS, SpaghettiOs Original",,Campbell Soup Co.,,67,2.38,0.4,13.89,4.37,1.2,0.0,0.0,0.0,1.0,0.0,0,1.19,0.101,0.06,8,0.0,0.71,10,0.0,16,0.0,0.12,0.0,0.0,0.0,0.011111111,0.0,0.0,0.074375,0.077692308,0.05,0.006666667,0.0,0.023809524,0.022857143,0.0,0.010909091
22932,"Meals, Entrees, and Side Dishes","CAMPBELLS,SPAGHETTIOS,SPAGHETTIOS A TO ZS","SPAGHETTIOS, SpaghettiOs  A to Zs",,Campbell Soup Co.,,67,2.38,0.4,13.89,4.76,1.2,0.0,0.0,0.0,1.0,0.0,0,1.19,0.101,0.06,60,0.0,0.71,16,0.0,79,0.0,0.12,0.0,0.0,0.0,0.011111111,0.0,0.0,0.074375,0.077692308,0.05,0.05,0.0,0.038095238,0.112857143,0.0,0.010909091
22937,"Meals, Entrees, and Side Dishes","CAMPBELLS,SPAGHETTIOS,SPAGHETTIOS IN MEAT SAU","SPAGHETTIOS, SpaghettiOs in Meat Sauce",,Campbell Soup Co.,,69,3.17,0.79,12.3,4.76,1.2,0.0,0.0,0.0,0.0,0.0,0,1.19,0.067,0.06,60,0.0,1.43,0,0.0,0,0.0,0.0,0.0,0.0,0.0,0.0,0.0,0.0,0.074375,0.051538462,0.05,0.05,0.0,0.0,0.0,0.0,0.0
22938,"Meals, Entrees, and Side Dishes","CAMPBELLS,SPAGHETTIOS,SPAGHETTIOS PLUS CA","SPAGHETTIOS, SpaghettiOs plus Calcium",,Campbell Soup Co.,,67,2.38,0.4,13.89,5.16,1.2,0.0,0.0,0.0,1.0,0.0,0,1.19,0.067,0.06,119,0.0,0.71,0,0.0,0,0.0,0.0,0.0,0.0,0.0,0.011111111,0.0,0.0,0.074375,0.051538462,0.05,0.099166667,0.0,0.0,0.0,0.0,0.0
22939,"Meals, Entrees, and Side Dishes","CAMPBELLS,SPAGHETTIOS RAVIOLIOS BF RAVIOLI IN MEAT SAU","SPAGHETTIOS, SpaghettiOs RavioliOs Beef Ravioli in Meat Sauce",,Campbell Soup Co.,,106,4.37,3.17,15.08,3.57,1.6,0.0,0.0,0.0,0.0,0.0,0,1.19,0.101,0.06,16,0.0,0.71,0,0.0,0,0.0,0.0,0.0,0.0,0.0,0.0,0.0,0.0,0.074375,0.077692308,0.05,0.013333333,0.0,0.0,0.0,0.0,0.0
22940,"Meals, Entrees, and Side Dishes","SPAGHETTIOS,SPAGHETTIOS W/ MEATBALLS","SPAGHETTIOS, SpaghettiOs with Meatballs",,Campbell Soup Co.,,95,4.37,2.78,12.7,3.17,1.6,0.0,0.0,0.0,2.4,0.0,0,1.19,0.067,0.06,60,0.0,1.43,16,0.0,79,0.0,0.6,0.0,0.0,0.0,0.026666667,0.0,0.0,0.074375,0.051538462,0.05,0.05,0.0,0.038095238,0.112857143,0.0,0.054545455
22941,"Meals, Entrees, and Side Dishes","SPAGHETTIOS,SPAGHETTIOS W/ SLICED FRANKS","SPAGHETTIOS, SpaghettiOs with Sliced Franks",,Campbell Soup Co.,,87,3.57,2.38,12.7,3.57,1.6,0.0,0.0,0.0,2.4,0.0,0,1.19,0.101,0.06,60,0.0,1.07,13,0.0,79,0.0,0.48,0.0,0.0,0.0,0.026666667,0.0,0.0,0.074375,0.077692308,0.05,0.05,0.0,0.030952381,0.112857143,0.0,0.043636364
22942,"Meals, Entrees, and Side Dishes","CAMPBELLS,SPAGHETTIOS,SPAGHETTIOS A TO ZS W/ MEATBALLS","SPAGHETTIOS, SpaghettiOs A to Zs with Meatballs",,Campbell Soup Co.,,95,4.37,2.78,12.7,3.17,1.6,0.0,0.0,0.0,2.4,0.0,0,1.19,0.101,0.06,60,0.0,0.43,0,0.0,0,0.0,0.12,0.0,0.0,0.0,0.026666667,0.0,0.0,0.074375,0.077692308,0.05,0.05,0.0,0.0,0.0,0.0,0.010909091
22943,"Meals, Entrees, and Side Dishes","SUPPER BAKES MEAL,CHEESY CHICK W/ PASTA (CHICK NOT INCLUDED)","SUPPER BAKES MEAL KITS, Cheesy Chicken with pasta (chicken not included)",,Campbell Soup Co.,,198,7.06,4.71,31.76,4.71,1.2,0.0,0.0,0.0,0.0,0.0,0,0.0,0.0,0.0,0,0.0,0.0,0,0.0,0,0.0,0.0,0.0,0.0,0.0,0.0,0.0,0.0,0.0,0.0,0.0,0.0,0.0,0.0,0.0,0.0,0.0
22944,"Meals, Entrees, and Side Dishes","SUPPER BAKES MEAL KITS,CREAMY STROGANOFF SAU W/ PASTA","SUPPER BAKES MEAL KITS, Creamy Stroganoff Sauce with pasta",,Campbell Soup Co.,,147,4.8,3.2,24.8,2.4,0.8,0.0,0.0,0.0,0.0,0.0,0,0.0,0.0,0.0,0,0.0,0.0,0,0.0,0,0.0,0.0,0.0,0.0,0.0,0.0,0.0,0.0,0.0,0.0,0.0,0.0,0.0,0.0,0.0,0.0,0.0
22945,"Meals, Entrees, and Side Dishes","SUPPER BAKES MEAL KITS,GARLIC CHICK W/ PASTA","SUPPER BAKES MEAL KITS, Garlic Chicken with pasta (chicken not included)",,Campbell Soup Co.,,220,9.76,0.98,42.93,6.83,2.0,0.0,0.0,0.0,0.0,0.0,0,0.0,0.0,0.0,0,0.0,0.0,0,0.0,0,0.0,0.0,0.0,0.0,0.0,0.0,0.0,0.0,0.0,0.0,0.0,0.0,0.0,0.0,0.0,0.0,0.0
22946,"Meals, Entrees, and Side Dishes","SUPPER BAKES MEAL KITS,HERB CHICK W/ RICE","SUPPER BAKES MEAL KITS, Herb Chicken with rice (chicken not included)",,Campbell Soup Co.,,197,4.26,1.06,42.55,2.13,1.1,0.0,0.0,0.0,0.0,0.0,0,0.0,0.0,0.0,0,0.0,0.0,0,0.0,0,0.0,0.0,0.0,0.0,0.0,0.0,0.0,0.0,0.0,0.0,0.0,0.0,0.0,0.0,0.0,0.0,0.0
22947,"Meals, Entrees, and Side Dishes","SUPPER BAKES MEAL KITS,LEMON CHICK W/ HERB RICE","SUPPER BAKES MEAL KITS, Lemon Chicken with herb rice (chicken not included)",,Campbell Soup Co.,,210,4.26,1.06,45.74,3.19,2.1,0.0,0.0,0.0,0.0,0.0,0,0.0,0.0,0.0,0,0.0,0.0,0,0.0,0,0.0,0.0,0.0,0.0,0.0,0.0,0.0,0.0,0.0,0.0,0.0,0.0,0.0,0.0,0.0,0.0,0.0
22948,"Meals, Entrees, and Side Dishes","SUPPER MEAL KITS,SAVORY PORK CHOPS W/ HERB STUFFING","SUPPER BAKES MEAL KITS, Savory Pork Chops with herb stuffing (pork chop not included)",,Campbell Soup Co.,,181,5.91,1.18,36.64,4.73,2.4,0.0,0.0,0.0,0.0,0.0,0,0.0,0.0,0.0,0,0.0,0.0,0,0.0,0,0.0,0.0,0.0,0.0,0.0,0.0,0.0,0.0,0.0,0.0,0.0,0.0,0.0,0.0,0.0,0.0,0.0
22949,"Meals, Entrees, and Side Dishes","SUPPER BAKES MEAL KITS,SOUTHWESTERN-STYLE CHICK W/RICE","SUPPER BAKES MEAL KITS, Southwestern-Style Chicken w/rice (chicken not included)",,Campbell Soup Co.,,189,4.94,1.23,39.51,4.94,2.5,0.0,0.0,0.0,0.0,0.0,0,0.0,0.0,0.0,0,0.0,0.0,0,0.0,0,0.0,0.0,0.0,0.0,0.0,0.0,0.0,0.0,0.0,0.0,0.0,0.0,0.0,0.0,0.0,0.0,0.0
22950,"Meals, Entrees, and Side Dishes","SUPPER BAKES MEAL,CHICK W/ STUFFING (CHICK NOT INCLUDED)","SUPPER BAKES MEAL KITS, Traditional Roast Chicken with stuffing (chicken not included)",,Campbell Soup Co.,,190,5.94,3.56,34.44,3.56,2.4,0.0,0.0,0.0,0.0,0.0,0,0.0,0.0,0.0,0,0.0,0.0,0,0.0,0,0.0,0.0,0.0,0.0,0.0,0.0,0.0,0.0,0.0,0.0,0.0,0.0,0.0,0.0,0.0,0.0,0.0
22951,"Meals, Entrees, and Side Dishes","SWANSON,CHICK A LA KING","SWANSON, Chicken A La King",,Campbell Soup Co.,,71,4.7,4.03,4.03,0.67,0.7,0.0,0.0,0.0,0.0,0.0,0,0.0,0.0,0.0,0,0.0,0.0,0,0.0,0,0.0,0.0,0.0,0.0,0.0,0.0,0.0,0.0,0.0,0.0,0.0,0.0,0.0,0.0,0.0,0.0,0.0
22952,"Meals, Entrees, and Side Dishes","SWANSON,CHICK & DUMPLINGS","SWANSON, Chicken and Dumplings",,Campbell Soup Co.,,93,4.45,4.05,9.72,0.81,0.8,0.0,0.0,0.0,0.0,0.0,0,0.0,0.0,0.0,16,0.0,0.29,0,0.0,0,0.0,0.0,0.0,0.0,0.0,0.0,0.0,0.0,0.0,0.0,0.0,0.013333333,0.0,0.0,0.0,0.0,0.0
22953,"Meals, Entrees, and Side Dishes","EGG ROLLS,PORK,REFR,HTD","Egg rolls, pork, refrigerated, heated",,,,222,9.94,7.17,29.5,5.32,2.1,390.0,0.173,0.15,29.3,0.27,103,2.25,0.11,0.24,34,0.092,1.55,20,0.332,91,22.8,0.9,0.433333333,0.101764706,0.0625,0.325555556,0.018,0.2575,0.140625,0.084615385,0.2,0.028333333,0.000102222,0.047619048,0.13,0.414545455,0.081818182
22954,"Meals, Entrees, and Side Dishes","EGG ROLLS,CHICK,REFR,HTD","Egg rolls, chicken, refrigerated, heated",,,,197,10.44,4.51,28.54,5.57,2.4,55.0,0.287,0.1,11.2,0.37,93,3.63,0.17,0.24,47,0.105,1.69,30,0.404,118,17.3,0.52,0.061111111,0.168823529,0.041666667,0.124444444,0.024666667,0.2325,0.226875,0.130769231,0.2,0.039166667,0.000116667,0.071428571,0.168571429,0.314545455,0.047272727
22955,"Meals, Entrees, and Side Dishes","EGG ROLLS,VEG,FRZ,PREP","Egg rolls, vegetable, frozen, prepared",,,,214,5.95,6.97,31.77,5.96,2.4,49.0,0.095,0.0,6.7,0.75,75,2.519,0.245,0.279,50,0.096,1.95,23,0.419,72,11.1,0.45,0.054444444,0.055882353,0.0,0.074444444,0.05,0.1875,0.1574375,0.188461538,0.2325,0.041666667,0.000106667,0.054761905,0.102857143,0.201818182,0.040909091
22956,"Meals, Entrees, and Side Dishes","LASAGNA,VEG,FRZ,BKD","Lasagna, Vegetable, frozen, baked",,,,139,6.87,6.04,14.18,2.54,1.9,68.0,0.102,0.59,1.1,0.46,14,0.81,0.185,0.117,150,0.073,0.55,21,0.191,140,14.1,0.87,0.075555556,0.06,0.245833333,0.012222222,0.030666667,0.035,0.050625,0.142307692,0.0975,0.125,8.11111e-05,0.05,0.2,0.256363636,0.079090909
22957,"Meals, Entrees, and Side Dishes","TKY,STUFFING,MSHD POTATO W/GRAVY,ASSORTED VEG,FRZ,MICROWAVE","Turkey, stuffing, mashed potatoes w/gravy, assorted vegetables, frozen, microwaved",,,,128,6.97,3.89,16.32,4.82,1.3,44.0,0.177,0.33,0.8,0.24,29,3.057,0.252,0.138,27,0.056,0.79,18,0.157,106,7.9,0.48,0.048888889,0.104117647,0.1375,0.008888889,0.016,0.0725,0.1910625,0.193846154,0.115,0.0225,6.22222e-05,0.042857143,0.151428571,0.143636364,0.043636364
22958,"Meals, Entrees, and Side Dishes","RICE BOWL W/ CHICK,FRZ ENTREE,PREP","Rice bowl with chicken, frozen entree, prepared (includes fried, teriyaki, and sweet and sour varieties)",,,,126,5.65,1.56,22.46,4.07,0.7,32.0,0.16,0.32,3.0,0.23,22,2.27,0.055,0.073,13,0.03,0.35,14,0.207,94,7.1,0.38,0.035555556,0.094117647,0.133333333,0.033333333,0.015333333,0.055,0.141875,0.042307692,0.060833333,0.010833333,3.33333e-05,0.033333333,0.134285714,0.129090909,0.034545455
22959,"Meals, Entrees, and Side Dishes","MACARONI & CHS DINNER W/ DRY SAU MIX,BOXED,UNCKD","Macaroni and cheese dinner with dry sauce mix, boxed, uncooked",,,,379,13.86,4.82,70.12,9.61,3.2,18.0,0.142,0.77,0.7,0.13,334,3.882,0.626,1.04,146,0.193,2.75,49,0.696,331,47.5,1.23,0.02,0.083529412,0.320833333,0.007777778,0.008666667,0.835,0.242625,0.481538462,0.866666667,0.121666667,0.000214444,0.116666667,0.472857143,0.863636364,0.111818182
22960,"Meals, Entrees, and Side Dishes","MAC & CHS,DRY MIX,PREP W/ 2% MILK & 80% STK MARGARINE DRY MX","Macaroni and cheese, dry mix, prepared with 2% milk and 80% stick margarine from dry mix",,,,190,4.89,8.28,23.93,4.27,1.2,0.0,0.061,0.16,0.0,0.0,114,1.183,0.178,0.177,63,0.074,0.99,17,0.236,112,12.5,0.47,0.0,0.035882353,0.066666667,0.0,0.0,0.285,0.0739375,0.136923077,0.1475,0.0525,8.22222e-05,0.04047619,0.16,0.227272727,0.042727273
22961,"Meals, Entrees, and Side Dishes","HOT POCKETS,MEATBALLS & MOZZARELLA STUFFED SNDWCH,FRZ","HOT POCKETS, meatballs & mozzarella stuffed sandwich, frozen",,"Nestle USA, Inc.",,253,9.32,10.47,30.45,7.73,2.2,12.0,0.096,0.35,0.6,0.69,107,2.922,0.208,0.386,181,0.086,2.08,22,0.34,186,10.0,0.99,0.013333333,0.056470588,0.145833333,0.006666667,0.046,0.2675,0.182625,0.16,0.321666667,0.150833333,9.55556e-05,0.052380952,0.265714286,0.181818182,0.09
22962,"Meals, Entrees, and Side Dishes","LEAN POCKETS,HAM N CHEDDAR","LEAN POCKETS, Ham N Cheddar",,"Nestle USA, Inc.",,230,10.28,6.53,32.52,7.6,1.7,0.0,0.102,0.44,0.1,0.29,84,3.462,0.307,0.412,196,0.076,2.15,21,0.286,197,11.8,1.21,0.0,0.06,0.183333333,0.001111111,0.019333333,0.21,0.216375,0.236153846,0.343333333,0.163333333,8.44444e-05,0.05,0.281428571,0.214545455,0.11
22963,"Meals, Entrees, and Side Dishes","LEAN POCKETS,MEATBALLS & MOZZARELLA","Lean Pockets, Meatballs & Mozzarella",,,,240,10.49,7.7,32.28,8.81,2.0,36.0,0.102,0.46,0.0,0.0,0,2.982,0.248,0.428,196,0.082,2.06,23,0.289,180,10.1,0.98,0.04,0.06,0.191666667,0.0,0.0,0.0,0.186375,0.190769231,0.356666667,0.163333333,9.11111e-05,0.054761905,0.257142857,0.183636364,0.089090909
22965,"Meals, Entrees, and Side Dishes","CAMPBELLS,SPAGHETTIOS ORIGINAL,EASY OPEN","SPAGHETTIOS, SpaghettiOs Original, easy open",,Campbell Soup Co.,,70,2.35,0.47,14.55,4.23,1.4,0.0,0.0,0.0,0.0,0.0,0,0.939,0.08,0.106,9,0.0,0.85,19,0.0,38,0.0,0.42,0.0,0.0,0.0,0.0,0.0,0.0,0.0586875,0.061538462,0.088333333,0.0075,0.0,0.045238095,0.054285714,0.0,0.038181818
22966,"Meals, Entrees, and Side Dishes","CAMPBELLS,SPAGHETTIOS,W/ MEATBALLS -","SPAGHETTIOS, SpaghettiOs  with Meatballs - Easy Open",,Campbell Soup Co.,,87,4.37,2.43,11.65,3.4,1.5,0.0,0.0,0.0,2.9,0.0,0,1.456,0.083,0.073,49,0.0,1.75,0,0.0,121,0.0,0.0,0.0,0.0,0.0,0.032222222,0.0,0.0,0.091,0.063846154,0.060833333,0.040833333,0.0,0.0,0.172857143,0.0,0.0
22969,"Meals, Entrees, and Side Dishes","CHILI W/ BNS,MICROWAVABLE BOWLS","Chili with beans, microwavable bowls",,,,100,5.85,3.68,10.88,1.84,2.9,23.0,0.109,0.32,0.8,0.64,24,0.941,0.029,0.019,34,0.08,1.13,25,0.205,80,4.0,0.95,0.025555556,0.064117647,0.133333333,0.008888889,0.042666667,0.06,0.0588125,0.022307692,0.015833333,0.028333333,8.88889e-05,0.05952381,0.114285714,0.072727273,0.086363636
22970,"Meals, Entrees, and Side Dishes","MACARONI & CHS,FRZ ENTREE","Macaroni and cheese, frozen entree",,,,149,5.6,6.41,17.28,1.53,1.1,47.0,0.042,0.12,0.0,0.25,7,0.739,0.057,0.054,114,0.051,0.57,17,0.216,119,18.5,0.8,0.052222222,0.024705882,0.05,0.0,0.016666667,0.0175,0.0461875,0.043846154,0.045,0.095,5.66667e-05,0.04047619,0.17,0.336363636,0.072727273
22971,"Meals, Entrees, and Side Dishes",POTATO SALAD W/ EGG,Potato salad with egg,,,,157,1.96,9.4,16.18,4.95,1.3,19.0,0.115,0.07,0.8,0.68,13,0.8,0.017,0.032,15,0.041,0.5,15,0.112,53,2.4,0.33,0.021111111,0.067647059,0.029166667,0.008888889,0.045333333,0.0325,0.05,0.013076923,0.026666667,0.0125,4.55556e-05,0.035714286,0.075714286,0.043636364,0.03
22972,"Meals, Entrees, and Side Dishes",PULLED PORK IN BARBECUE SAU,Pulled pork in barbecue sauce,,,,168,13.19,4.42,18.74,15.2,1.2,13.0,0.248,0.41,0.2,0.89,2,3.032,0.128,0.166,44,0.097,1.24,22,0.09,161,27.6,1.85,0.014444444,0.145882353,0.170833333,0.002222222,0.059333333,0.005,0.1895,0.098461538,0.138333333,0.036666667,0.000107778,0.052380952,0.23,0.501818182,0.168181818
22973,"Meals, Entrees, and Side Dishes","CORN DOGS,FRZ,PREP","Corn dogs, frozen, prepared",,,,250,8.57,12.02,26.96,7.54,1.0,48.0,0.117,0.48,0.5,0.6,97,2.786,0.155,0.141,72,0.072,1.9,17,0.171,224,27.6,0.85,0.053333333,0.068823529,0.2,0.005555556,0.04,0.2425,0.174125,0.119230769,0.1175,0.06,8e-05,0.04047619,0.32,0.501818182,0.077272727
22974,"Meals, Entrees, and Side Dishes","CHICKEN,NUGGETS,DK & WHITE MEAT,PRECKD,FRZ,NOT REHTD","Chicken, nuggets, dark and white meat, precooked, frozen, not reheated",,,,260,12.43,16.14,16.32,0.79,1.3,16.0,0.331,0.23,0.0,1.18,5,6.736,0.055,0.106,21,0.072,0.91,23,0.283,176,17.0,0.69,0.017777778,0.194705882,0.095833333,0.0,0.078666667,0.0125,0.421,0.042307692,0.088333333,0.0175,8e-05,0.054761905,0.251428571,0.309090909,0.062727273
22975,"Meals, Entrees, and Side Dishes","CHICKEN,NUGGETS,WHITE MEAT,PRECKD,FRZ,NOT REHTD","Chicken, nuggets, white meat, precooked, frozen, not reheated",,,,261,14.36,15.42,16.24,1.27,0.7,16.0,0.331,0.23,0.0,1.18,5,6.736,0.055,0.106,38,0.139,1.43,35,0.46,213,17.0,0.75,0.017777778,0.194705882,0.095833333,0.0,0.078666667,0.0125,0.421,0.042307692,0.088333333,0.031666667,0.000154444,0.083333333,0.304285714,0.309090909,0.068181818
22976,"Meals, Entrees, and Side Dishes","RAVIOLI,CHS W/ TOMATO SAU,FRZ,NOT PREP,INCL REG & LT ENTREES","Ravioli, cheese with tomato sauce, frozen, not prepared, includes regular and light entrees",,,,111,4.52,2.61,17.31,4.09,1.4,35.0,0.108,0.14,2.8,0.98,70,1.267,0.116,0.118,79,0.079,0.93,20,0.184,78,12.1,0.43,0.038888889,0.063529412,0.058333333,0.031111111,0.065333333,0.175,0.0791875,0.089230769,0.098333333,0.065833333,8.77778e-05,0.047619048,0.111428571,0.22,0.039090909
22977,"Meals, Entrees, and Side Dishes","LASAGNA W/ MEAT SAU,FRZ,PREP","Lasagna with meat sauce, frozen, prepared",,,,135,7.28,4.92,15.36,3.11,1.7,41.0,0.122,0.33,2.5,0.85,36,1.528,0.074,0.07,88,0.09,0.71,20,0.193,115,15.9,0.87,0.045555556,0.071764706,0.1375,0.027777778,0.056666667,0.09,0.0955,0.056923077,0.058333333,0.073333333,0.0001,0.047619048,0.164285714,0.289090909,0.079090909
22978,"Meals, Entrees, and Side Dishes","CHICKEN TENDERS,BREADED,FRZ,PREP","Chicken tenders, breaded, frozen, prepared",,,,240,14.62,13.58,14.86,0.57,1.7,7.0,0.338,0.18,0.5,2.22,33,5.917,0.064,0.132,39,0.085,0.84,29,0.31,200,19.3,0.61,0.007777778,0.198823529,0.075,0.005555556,0.148,0.0825,0.3698125,0.049230769,0.11,0.0325,9.44444e-05,0.069047619,0.285714286,0.350909091,0.055454545
22979,"Meals, Entrees, and Side Dishes","KASHI BLACK BEAN MANGO,FRZ,UNPREP","KASHI Black Bean Mango, frozen, unprepared",,"Kellogg, Co.",,111,3.0,3.0,18.0,3.0,6.0,795.0,0.0,0.0,21.0,0.0,0,0.0,0.0,0.0,29,0.0,0.6,27,0.0,67,0.0,0.6,0.883333333,0.0,0.0,0.233333333,0.0,0.0,0.0,0.0,0.0,0.024166667,0.0,0.064285714,0.095714286,0.0,0.054545455
22980,"Meals, Entrees, and Side Dishes","KASHI,CHICK & CHIPOTLE BBQ SAU W/ MANGO,FRZ ENTREE","KASHI, Chicken and Chipotle BBQ Sauce with Mango, Frozen Entree",,"Kellogg, Co.",,108,5.3,2.1,17.6,4.7,2.2,0.0,0.09,0.0,0.0,0.0,0,0.4,0.02,0.06,23,0.0,0.8,13,0.0,38,0.0,0.2,0.0,0.052941176,0.0,0.0,0.0,0.0,0.025,0.015384615,0.05,0.019166667,0.0,0.030952381,0.054285714,0.0,0.018181818
22981,"Meals, Entrees, and Side Dishes","KASHI,CHICK ENCHILADA W/ ANCHO SAU,FRZ ENTREE","KASHI, Chicken Enchilada with Ancho Sauce, Frozen Entree",,"Kellogg, Co.",,111,4.9,3.7,14.9,2.0,2.3,0.0,0.07,0.0,0.0,0.0,0,0.3,0.02,0.04,49,0.0,0.8,10,0.0,31,0.0,0.2,0.0,0.041176471,0.0,0.0,0.0,0.0,0.01875,0.015384615,0.033333333,0.040833333,0.0,0.023809524,0.044285714,0.0,0.018181818
22982,"Meals, Entrees, and Side Dishes","KASHI,STEAM MEAL,CHICK FETTUCCINE,FRZ ENTREE","KASHI, STEAM MEAL, Chicken Fettuccine, Frozen Entree",,"Kellogg, Co.",,99,6.2,2.7,14.0,1.3,2.0,0.0,0.05,0.0,0.0,0.45,0,1.8,0.07,0.09,28,0.0,0.6,6,0.0,25,0.0,0.1,0.0,0.029411765,0.0,0.0,0.03,0.0,0.1125,0.053846154,0.075,0.023333333,0.0,0.014285714,0.035714286,0.0,0.009090909
22983,"Meals, Entrees, and Side Dishes","KASHI,CHICK FLORENTINE,FRZ ENTREE","KASHI, Chicken Florentine, Frozen Entree",,"Kellogg, Co.",,106,7.9,3.4,11.0,0.5,1.8,306.0,0.0,0.0,4.4,0.0,0,0.0,0.0,0.0,52,0.0,0.7,0,0.0,0,0.0,0.0,0.34,0.0,0.0,0.048888889,0.0,0.0,0.0,0.0,0.0,0.043333333,0.0,0.0,0.0,0.0,0.0
22984,"Meals, Entrees, and Side Dishes","KASHI,CHICK PASTA POMODORO,FRZ ENTREE","KASHI, Chicken Pasta Pomodoro, Frozen Entree",,"Kellogg, Co.",,100,7.0,2.3,13.0,1.0,2.6,53.0,0.0,0.0,6.0,0.0,0,0.0,0.0,0.0,61,0.0,1.0,35,0.0,116,0.0,0.81,0.058888889,0.0,0.0,0.066666667,0.0,0.0,0.0,0.0,0.0,0.050833333,0.0,0.083333333,0.165714286,0.0,0.073636364
22985,"Meals, Entrees, and Side Dishes","KASHI,LEMONGRASS COCNT CHICK,FRZ ENTREE","KASHI, Lemongrass Coconut Chicken, Frozen Entree",,"Kellogg, Co.",,104,6.3,2.8,13.4,2.2,3.0,201.0,0.0,0.0,14.0,0.0,0,0.0,0.0,0.0,205,0.0,0.8,0,0.0,0,0.0,0.0,0.223333333,0.0,0.0,0.155555556,0.0,0.0,0.0,0.0,0.0,0.170833333,0.0,0.0,0.0,0.0,0.0
22986,"Meals, Entrees, and Side Dishes","KASHI MAYAN HARVEST BAKE,FRZ,UNPREP","KASHI Mayan Harvest Bake, frozen, unprepared",,"Kellogg, Co.",,125,3.0,3.2,21.0,7.0,3.0,638.0,0.0,0.0,6.0,0.0,0,0.0,0.0,0.0,20,0.0,1.3,0,0.0,46,0.0,0.0,0.708888889,0.0,0.0,0.066666667,0.0,0.0,0.0,0.0,0.0,0.016666667,0.0,0.0,0.065714286,0.0,0.0
22987,"Meals, Entrees, and Side Dishes","KASHI PESTO PASTA PRIMAVERA,FRZ,UNPREP","KASHI Pesto Pasta Primavera, frozen, unprepared",,"Kellogg, Co.",,101,3.8,3.8,13.0,1.4,2.4,106.0,0.0,0.0,7.2,0.0,0,0.0,0.0,0.0,65,0.0,0.9,0,0.0,0,0.0,0.0,0.117777778,0.0,0.0,0.08,0.0,0.0,0.0,0.0,0.0,0.054166667,0.0,0.0,0.0,0.0,0.0
22988,"Meals, Entrees, and Side Dishes","KASHI,PILAF,7 WHL GRAIN,UNPREP","KASHI, Pilaf, 7 Whole Grain, unprepared",,"Kellogg, Co.",,375,13.81,5.4,71.0,0.8,12.3,0.0,0.0,0.0,0.0,0.0,0,0.0,0.0,0.0,0,0.0,3.63,0,0.0,0,0.0,0.0,0.0,0.0,0.0,0.0,0.0,0.0,0.0,0.0,0.0,0.0,0.0,0.0,0.0,0.0,0.0
22989,"Meals, Entrees, and Side Dishes","KASHI,RED CURRY CHICK,FRZ ENTREE","KASHI, Red Curry Chicken, Frozen Entree",,"Kellogg, Co.",,110,5.9,3.0,15.6,3.3,2.3,0.0,0.05,0.0,5.0,0.0,0,1.0,0.03,0.1,23,0.0,0.8,10,0.0,44,0.0,0.2,0.0,0.029411765,0.0,0.055555556,0.0,0.0,0.0625,0.023076923,0.083333333,0.019166667,0.0,0.023809524,0.062857143,0.0,0.018181818
22990,"Meals, Entrees, and Side Dishes","KASHI,STEAM MEAL,RSTD GARLIC CHICK FARFALLE,FRZ ENTREE","KASHI, STEAM MEAL, Roasted Garlic Chicken Farfalle, Frozen Entree",,"Kellogg, Co.",,103,5.5,3.2,14.6,1.4,1.6,0.0,0.03,0.0,0.0,0.0,0,0.1,0.02,0.01,29,0.0,0.9,6,0.0,8,0.0,0.1,0.0,0.017647059,0.0,0.0,0.0,0.0,0.00625,0.015384615,0.008333333,0.024166667,0.0,0.014285714,0.011428571,0.0,0.009090909
22991,"Meals, Entrees, and Side Dishes","KASHI,STEAM MEAL,SESAME CHICK,FRZ ENTREE","KASHI, STEAM MEAL, Sesame Chicken, Frozen Entree",,"Kellogg, Co.",,110,6.1,3.5,15.7,3.0,2.9,0.0,0.1,0.0,0.0,0.0,0,0.6,0.04,0.09,26,0.0,1.0,20,0.0,56,0.0,0.4,0.0,0.058823529,0.0,0.0,0.0,0.0,0.0375,0.030769231,0.075,0.021666667,0.0,0.047619048,0.08,0.0,0.036363636
22992,"Meals, Entrees, and Side Dishes","KASHI,SOUTHWEST STYLE CHICK,FRZ ENTREE","KASHI, Southwest Style Chicken, Frozen Entree",,"Kellogg, Co.",,109,5.7,1.8,17.4,1.0,2.1,32.0,0.0,0.0,8.0,0.0,0,0.0,0.0,0.0,14,0.0,0.8,33,0.0,113,0.0,0.7,0.035555556,0.0,0.0,0.088888889,0.0,0.0,0.0,0.0,0.0,0.011666667,0.0,0.078571429,0.161428571,0.0,0.063636364
22993,"Meals, Entrees, and Side Dishes","KASHI SPICY BLACK BEAN ENCHILADA,FRZ,UNPREP","KASHI Spicy Black Bean Enchilada, frozen, unprepared",,"Kellogg, Co.",,108,3.0,2.8,17.7,1.0,3.1,0.0,0.0,0.0,7.6,0.0,0,0.0,0.0,0.0,51,0.0,0.9,28,0.0,77,0.0,0.6,0.0,0.0,0.0,0.084444444,0.0,0.0,0.0,0.0,0.0,0.0425,0.0,0.066666667,0.11,0.0,0.054545455
22994,"Meals, Entrees, and Side Dishes","KASHI SPINACH ARTICHOKE PASTA,FRZ,UNPREP","KASHI Spinach Artichoke Pasta, frozen, unprepared",,"Kellogg, Co.",,111,5.0,3.4,15.1,0.1,3.0,0.0,0.1,0.0,0.0,0.0,0,1.9,0.1,0.1,66,0.0,1.0,12,0.0,28,0.0,0.2,0.0,0.058823529,0.0,0.0,0.0,0.0,0.11875,0.076923077,0.083333333,0.055,0.0,0.028571429,0.04,0.0,0.018181818
22995,"Meals, Entrees, and Side Dishes","KASHI,SWT & SOUR CHICK,FRZ ENTREE","KASHI, Sweet and Sour Chicken, Frozen Entree",,"Kellogg, Co.",,113,6.0,1.13,19.0,8.0,2.5,32.0,0.0,0.0,17.0,0.0,0,0.0,0.0,0.0,22,0.0,0.8,32,0.0,104,0.0,0.7,0.035555556,0.0,0.0,0.188888889,0.0,0.0,0.0,0.0,0.0,0.018333333,0.0,0.076190476,0.148571429,0.0,0.063636364
22996,"Meals, Entrees, and Side Dishes","KASHI THREE CHS PENNE,FRZ,UNPREP","KASHI Three Cheese Penne, frozen, unprepared",,"Kellogg, Co.",,126,5.7,4.0,16.8,1.9,2.7,0.0,0.0,0.0,0.0,0.0,0,0.0,0.0,0.0,89,0.0,0.8,30,0.0,118,0.0,1.1,0.0,0.0,0.0,0.0,0.0,0.0,0.0,0.0,0.0,0.074166667,0.0,0.071428571,0.168571429,0.0,0.1
22997,"Meals, Entrees, and Side Dishes","KASHI,TUSCAN VEGGIE BAKE,FRZ ENTREE","KASHI, Tuscan Veggie Bake, Frozen Entree",,"Kellogg, Co.",,90,2.0,3.2,15.0,3.0,2.9,207.0,0.0,0.0,4.0,0.0,0,0.0,0.0,0.0,28,0.0,1.0,0,0.0,35,0.0,0.0,0.23,0.0,0.0,0.044444444,0.0,0.0,0.0,0.0,0.0,0.023333333,0.0,0.0,0.05,0.0,0.0
22998,"Meals, Entrees, and Side Dishes","RICE & VERMICELLI MIX,CHICK FLAVOR,UNPREP","Rice and vermicelli mix, chicken flavor, unprepared",,,,358,10.64,1.32,75.8,2.4,1.2,3.0,0.183,0.0,0.0,0.15,28,5.123,0.097,0.593,18,0.176,2.77,31,1.007,126,32.9,1.36,0.003333333,0.107647059,0.0,0.0,0.01,0.07,0.3201875,0.074615385,0.494166667,0.015,0.000195556,0.073809524,0.18,0.598181818,0.123636364
22999,"Meals, Entrees, and Side Dishes","RICE & VERMICELLI MIX,CHICK FLAVOR,PREP W/ 80% MARGARINE","Rice and vermicelli mix, chicken flavor, prepared with 80% margarine",,,,136,2.65,3.45,23.54,0.64,0.7,42.0,0.05,0.0,0.0,0.27,0,1.423,0.027,0.15,7,0.058,0.95,10,0.315,36,9.5,0.46,0.046666667,0.029411765,0.0,0.0,0.018,0.0,0.0889375,0.020769231,0.125,0.005833333,6.44444e-05,0.023809524,0.051428571,0.172727273,0.041818182
23000,Beef Products,"BEEF,SHLDR POT RST OR STK,BNLS,LN & FAT,0 FAT,ALL GRDS,R","Beef, shoulder pot roast or steak, boneless, separable lean and fat, trimmed to 0 fat, all grades, raw","URMIS #1133, URMIS #1132",,,130,21.39,4.97,0.0,0.0,0.0,3.0,0.577,2.73,0.0,0.18,3,4.577,0.209,0.09,12,0.073,2.62,25,0.013,234,23.8,6.78,0.003333333,0.339411765,1.1375,0.0,0.012,0.0075,0.2860625,0.160769231,0.075,0.01,8.11111e-05,0.05952381,0.334285714,0.432727273,0.616363636
23001,Beef Products,"BEEF,SHRT LOIN,PRTRHS STEAK,LN&FAT,1/8FAT,ALL GRDS,RAW","Beef, short loin, porterhouse steak, separable lean and fat, trimmed to 1/8 fat, all grades, raw",Porterhouse steak,,,214,20.49,14.06,0.0,0.0,0.0,4.0,0.622,1.81,0.0,0.24,3,4.923,0.226,0.05,19,0.057,1.98,10,0.003,185,19.7,3.15,0.004444444,0.365882353,0.754166667,0.0,0.016,0.0075,0.3076875,0.173846154,0.041666667,0.015833333,6.33333e-05,0.023809524,0.264285714,0.358181818,0.286363636
23002,Beef Products,"BEEF,SHRT LN,PRTRHS STK,LN & FAT,1/8 FAT,ALL GRDS,CKD,GRLLD","Beef, short loin, porterhouse steak, separable lean and fat, trimmed to 1/8 fat, all grades, cooked, grilled",Porterhouse steak,,,276,25.4,18.57,0.0,0.0,0.0,7.0,0.623,2.03,0.0,0.24,4,5.523,0.232,0.057,19,0.065,3.0,20,0.003,208,25.1,4.13,0.007777778,0.366470588,0.845833333,0.0,0.016,0.01,0.3451875,0.178461538,0.0475,0.015833333,7.22222e-05,0.047619048,0.297142857,0.456363636,0.375454545
23003,Beef Products,"BEEF,SHRT LOIN,PRTRHS STEAK,LN&FAT,1/8FAT,SEL,RAW","Beef, short loin, porterhouse steak, separable lean and fat, trimmed to 1/8 fat, select, raw","URMIS # 1330, Porterhouse steak",,,208,20.69,13.27,0.0,0.0,0.0,4.0,0.672,1.83,0.0,0.2,3,4.865,0.202,0.053,19,0.065,2.13,10,0.002,179,19.2,3.09,0.004444444,0.395294118,0.7625,0.0,0.013333333,0.0075,0.3040625,0.155384615,0.044166667,0.015833333,7.22222e-05,0.023809524,0.255714286,0.349090909,0.280909091
23004,Beef Products,"BEEF,SHRT LOIN,PRTRHS STK,L & F,1/8 F,SEL,CKD,GRILLED","Beef, short loin, porterhouse steak, separable lean and fat, trimmed to 1/8 fat, select, cooked, grilled","URMIS # 1330, Porterhouse steak",,,263,26.21,16.75,0.0,0.0,0.0,8.0,0.572,2.07,0.0,0.21,6,5.304,0.229,0.06,20,0.068,3.2,20,0.003,212,24.9,4.26,0.008888889,0.336470588,0.8625,0.0,0.014,0.015,0.3315,0.176153846,0.05,0.016666667,7.55556e-05,0.047619048,0.302857143,0.452727273,0.387272727
23005,Beef Products,"BEEF,SHRT LOIN,T-BONE STEAK,LN&FAT,1/8FAT,ALL GRDS,RAW","Beef, short loin, t-bone steak, separable lean and fat, trimmed to 1/8 fat, all grades, raw",T-Bone Steak,,,223,20.11,15.18,0.0,0.0,0.0,4.0,0.572,1.68,0.0,0.22,3,5.153,0.187,0.049,21,0.051,1.64,10,0.002,177,20.0,3.32,0.004444444,0.336470588,0.7,0.0,0.014666667,0.0075,0.3220625,0.143846154,0.040833333,0.0175,5.66667e-05,0.023809524,0.252857143,0.363636364,0.301818182
23006,Beef Products,"BEEF,SHRT LN,T-BNE STEK,LN & FAT,1/8 FAT,ALL GRDS,CKD,GRLLD","Beef, short loin, t-bone steak, separable lean and fat, trimmed to 1/8 fat, all grades, cooked, grilled",T-Bone Steak,,,289,24.6,20.36,0.0,0.0,0.0,8.0,0.662,1.85,0.0,0.23,6,5.48,0.222,0.055,19,0.064,3.24,18,0.003,201,25.4,3.96,0.008888889,0.389411765,0.770833333,0.0,0.015333333,0.015,0.3425,0.170769231,0.045833333,0.015833333,7.11111e-05,0.042857143,0.287142857,0.461818182,0.36
23007,Beef Products,"BEEF,SHRT LOIN,T-BONE STEAK,LN&FAT,1/8FAT,SEL,RAW","Beef, short loin, t-bone steak, separable lean and fat, trimmed to 1/8 fat, select, raw","URMIS # 1369, T-Bone Steak",,,215,20.28,14.19,0.0,0.0,0.0,4.0,0.576,1.7,0.0,0.2,3,5.136,0.175,0.052,23,0.047,1.73,10,0.002,188,19.2,3.43,0.004444444,0.338823529,0.708333333,0.0,0.013333333,0.0075,0.321,0.134615385,0.043333333,0.019166667,5.22222e-05,0.023809524,0.268571429,0.349090909,0.311818182
23008,Beef Products,"BEEF,SHRT LOIN,T-BONE STEAK,LN & FAT,1/8 FAT,SEL,CKD,GRLLD","Beef, short loin, t-bone steak, separable lean and fat, trimmed to 1/8 fat, select, cooked, grilled","URMIS # 1369, T-Bone Steak",,,281,25.18,19.22,0.0,0.0,0.0,8.0,0.663,1.94,0.0,0.21,6,5.274,0.203,0.058,18,0.056,3.32,21,0.003,215,24.9,3.86,0.008888889,0.39,0.808333333,0.0,0.014,0.015,0.329625,0.156153846,0.048333333,0.015,6.22222e-05,0.05,0.307142857,0.452727273,0.350909091
23030,Beef Products,"BEEF,RND,KNUCKLE,TIP SIDE,STEAK,LN & FAT,0 FAT,CHOIC,RAW","Beef, round, knuckle, tip side, steak, separable lean and fat, trimmed to 0 fat, choice, raw","URMIS #2358, Beef Value Cut, Sirloin Tip Steak, Vastas Lateralis",,,133,21.41,4.66,0.0,0.0,0.0,0.0,0.612,3.17,0.0,0.17,7,5.455,0.17,0.059,5,0.093,2.14,24,0.011,213,31.4,4.97,0.0,0.36,1.320833333,0.0,0.011333333,0.0175,0.3409375,0.130769231,0.049166667,0.004166667,0.000103333,0.057142857,0.304285714,0.570909091,0.451818182
23031,Beef Products,"BF,RND,KNUCKLE,TIP SIDE,STEAK,LN & FAT,0 FAT,CH,CKD,GRILLED","Beef, round, knuckle, tip side, steak, separable lean and fat, trimmed to 0 fat, choice, cooked, grilled","URMIS #2358, Beef Value Cut, Sirloin Tip Steak, Vastas Lateralis",,,174,28.79,5.71,0.0,0.0,0.0,0.0,0.577,4.25,0.0,0.2,8,5.815,0.192,0.067,5,0.097,2.67,26,0.011,236,42.8,6.84,0.0,0.339411765,1.770833333,0.0,0.013333333,0.02,0.3634375,0.147692308,0.055833333,0.004166667,0.000107778,0.061904762,0.337142857,0.778181818,0.621818182
23032,Beef Products,"BEEF,RND,KNUCKLE,TIP SIDE,STEAK,LN & FAT 0 FAT,SEL,RAW","Beef, round, knuckle, tip side, steak, separable lean and fat , trimmed to 0 fat, select, raw","URMIS #1543, Beef Value Cut, Sirloin Tip Steak, Vastas Lateralis",,,124,21.96,3.24,0.0,0.0,0.0,0.0,0.622,2.87,0.0,0.17,7,5.76,0.204,0.08,5,0.098,2.38,25,0.011,219,31.3,5.74,0.0,0.365882353,1.195833333,0.0,0.011333333,0.0175,0.36,0.156923077,0.066666667,0.004166667,0.000108889,0.05952381,0.312857143,0.569090909,0.521818182
23033,Beef Products,"BF,RND,KNUCKLE,TIP SIDE,STEAK,LN & FAT,0 FAT,SE,CKD,GRILLED","Beef, round, knuckle, tip side, steak, separable lean and fat, trimmed to 0 fat, select, cooked, grilled","URMIS #1543, Beef Value Cut, Sirloin Tip Steak, Vastas Lateralis",,,160,29.24,3.91,0.0,0.0,0.0,0.0,0.524,4.04,0.0,0.19,8,5.99,0.21,0.065,5,0.142,2.98,27,0.019,245,40.8,8.06,0.0,0.308235294,1.683333333,0.0,0.012666667,0.02,0.374375,0.161538462,0.054166667,0.004166667,0.000157778,0.064285714,0.35,0.741818182,0.732727273
23034,Beef Products,"BF,CHK,CLOD,SHLDR TENDER,MEDALLION,LN & FAT,0 FAT,CHOIC,RAW","Beef, chuck, shoulder clod, shoulder tender, medallion, separable lean and fat, trimmed to 0 fat, choice, raw","URMIS #1979 or #1845, Beef Value Cut, Tender Medallions, Teres Major",,,145,20.51,6.36,0.0,0.0,0.0,0.0,0.516,3.98,0.0,0.09,7,4.58,0.235,0.085,5,0.131,2.01,23,0.014,200,30.8,3.98,0.0,0.303529412,1.658333333,0.0,0.006,0.0175,0.28625,0.180769231,0.070833333,0.004166667,0.000145556,0.054761905,0.285714286,0.56,0.361818182
23035,Beef Products,"BF,CHK,CLOD,SHDR TNDR,MED,LN & FAT,0 FAT,CH,CKD,GRILLED","Beef, chuck, shoulder clod, shoulder tender, medallion, separable lean and fat, trimmed to 0 fat, choice, cooked, grilled","URMIS #1979 or #1845, Beef Value Cut, Tender Medallions, Teres Major",,,181,26.07,7.68,0.0,0.0,0.0,0.0,0.586,4.73,0.0,0.17,8,5.035,0.223,0.081,5,0.09,2.58,25,0.011,227,38.9,5.26,0.0,0.344705882,1.970833333,0.0,0.011333333,0.02,0.3146875,0.171538462,0.0675,0.004166667,0.0001,0.05952381,0.324285714,0.707272727,0.478181818
23036,Beef Products,"BF,CHK,CLOD,SHLDR TENDER,MEDALLION,LN & FAT,0 FAT,SEL,RAW","Beef, chuck, shoulder clod, shoulder tender, medallion, separable lean and fat, trimmed to 0 fat, select, raw","URMIS #1164 or #1030, Beef Value Cut, Tender Medallions, Teres Major",,,142,20.93,5.79,0.0,0.0,0.0,0.0,0.519,5.09,0.0,0.09,7,5.57,0.269,0.089,5,0.13,2.39,25,0.018,219,31.8,4.38,0.0,0.305294118,2.120833333,0.0,0.006,0.0175,0.348125,0.206923077,0.074166667,0.004166667,0.000144444,0.05952381,0.312857143,0.578181818,0.398181818
23037,Beef Products,"BEEF,CHUCK,SHLDR CLOD,TOP & CNTR ,STK,LN & FAT,0 FAT,CH,RAW","Beef, chuck, shoulder clod, shoulder top and center steaks, separable lean and fat, trimmed to 0 fat, choice, raw","URMIS #1977, Ranch Cut Steak, Beef Value Cut, Center Cut Steak, Triceps Brachii",,,143,20.39,6.12,0.0,0.0,0.0,0.0,0.673,3.56,0.0,0.18,7,5.13,0.23,0.072,4,0.088,2.14,24,0.011,212,29.7,5.24,0.0,0.395882353,1.483333333,0.0,0.012,0.0175,0.320625,0.176923077,0.06,0.003333333,9.77778e-05,0.057142857,0.302857143,0.54,0.476363636
23038,Beef Products,"BF,CHK,SHLDR CLOD,TOP & CNTR,STK,LN & FAT,0 FAT,CH,CKD,GRLD","Beef, chuck, shoulder clod, shoulder top and center steaks, separable lean and fat, trimmed to 0 fat, choice, cooked, grilled","URMIS #1977, Ranch Cut Steak, Beef Value Cut, Center Cut Steak, Triceps Brachii",,,184,26.07,8.11,0.0,0.0,0.0,0.0,0.567,4.56,0.0,0.18,11,5.165,0.268,0.068,5,0.097,2.57,24,0.013,223,40.1,6.85,0.0,0.333529412,1.9,0.0,0.012,0.0275,0.3228125,0.206153846,0.056666667,0.004166667,0.000107778,0.057142857,0.318571429,0.729090909,0.622727273
23039,Beef Products,"BF,CHUCK,SHLDR CLOD, TOP & CNTR,STK,LN & FAT,0 FAT,SEL,RAW","Beef, chuck, shoulder clod, shoulder top and center steaks, separable lean and fat, trimmed to 0 fat, select, raw","URMIS #1162, Ranch Cut Steak, Beef Value Cut, Center Cut Steak, Triceps Brachii",,,140,21.13,5.51,0.0,0.0,0.0,0.0,0.622,4.68,0.0,0.18,7,5.32,0.253,0.093,4,0.107,2.64,25,0.02,221,32.0,5.99,0.0,0.365882353,1.95,0.0,0.012,0.0175,0.3325,0.194615385,0.0775,0.003333333,0.000118889,0.05952381,0.315714286,0.581818182,0.544545455
23040,Beef Products,"BF,CHK, CLOD,TOP & CNTR,STK,LN & FAT,0 FAT,SEL,CKD,GRLD","Beef, chuck, shoulder clod, shoulder top and center steaks, separable lean and fat, trimmed to 0 fat, select, cooked, grilled","URMIS #1162, Ranch Cut Steak, Beef Value Cut, Center Cut Steak, Triceps Brachii",,,176,26.66,6.94,0.0,0.0,0.0,0.0,0.593,5.71,0.0,0.18,11,5.49,0.344,0.087,5,0.073,3.23,28,0.019,249,44.3,7.58,0.0,0.348823529,2.379166667,0.0,0.012,0.0275,0.343125,0.264615385,0.0725,0.004166667,8.11111e-05,0.066666667,0.355714286,0.805454545,0.689090909
23041,Beef Products,"BF,CHK,SHLDR CLOD,TOP BLADE,STEAK,LN & FAT,0 FAT,CHOIC,RAW","Beef, chuck, shoulder clod, top blade, steak, separable lean and fat, trimmed to 0 fat, choice, raw","URMIS #1981, Beef Value Cut, Flat Iron Steak, Infraspinatus",,,182,18.75,11.33,0.0,0.0,0.0,0.0,0.375,4.96,0.0,0.17,3,3.38,0.211,0.079,5,0.121,2.23,20,0.015,178,28.9,6.58,0.0,0.220588235,2.066666667,0.0,0.011333333,0.0075,0.21125,0.162307692,0.065833333,0.004166667,0.000134444,0.047619048,0.254285714,0.525454545,0.598181818
23042,Beef Products,"BF,CHK,CLOD,TOP BLADE,STEAK,LN & FAT,0 FAT,CH,CKD,GRILLED","Beef, chuck, shoulder clod, top blade, steak, separable lean and fat, trimmed to 0 fat, choice, cooked, grilled","URMIS #1981, Beef Value Cut, Flat Iron Steak, Infraspinatus",,,228,24.7,13.59,0.0,0.0,0.0,0.0,0.376,5.75,0.0,0.14,6,3.72,0.247,0.07,6,0.139,2.78,23,0.018,199,37.0,8.77,0.0,0.221176471,2.395833333,0.0,0.009333333,0.015,0.2325,0.19,0.058333333,0.005,0.000154444,0.054761905,0.284285714,0.672727273,0.797272727
23043,Beef Products,"BF,CHUCK,SHLDR CLOD,TOP BLADE,STEAK,LN & FAT,0 FAT,SEL,RAW","Beef, chuck, shoulder clod, top blade, steak, separable lean and fat, trimmed to 0 fat, select, raw","URMIS #1166, Beef Value Cut, Flat Iron Steak, Infraspinatus",,,166,19.38,9.22,0.0,0.0,0.0,0.0,0.358,5.23,0.0,0.16,3,3.5,0.258,0.14,6,0.116,2.62,23,0.017,198,31.5,7.47,0.0,0.210588235,2.179166667,0.0,0.010666667,0.0075,0.21875,0.198461538,0.116666667,0.005,0.000128889,0.054761905,0.282857143,0.572727273,0.679090909
23044,Beef Products,"BF,CHK,CLOD,TOP BLADE,STEAK,LN & FAT,0 FAT,SEL,CKD,GRILLED","Beef, chuck, shoulder clod, top blade, steak, separable lean and fat, trimmed to 0 fat, select, cooked, grilled","URMIS #1166, Beef Value Cut, Flat Iron Steak, Infraspinatus",,,212,25.29,11.52,0.0,0.0,0.0,0.0,0.41,6.18,0.0,0.14,6,4.06,0.382,0.079,6,0.122,3.1,24,0.017,211,39.3,9.61,0.0,0.241176471,2.575,0.0,0.009333333,0.015,0.25375,0.293846154,0.065833333,0.005,0.000135556,0.057142857,0.301428571,0.714545455,0.873636364
23045,Beef Products,"BEEF,RND,KNUCKLE,TIP CNTR,STEAK,LN & FAT,0 FAT,CHOIC,RAW","Beef, round, knuckle, tip center, steak, separable lean and fat, trimmed to 0 fat, choice, raw","URMIS #2365, Beef Value Cut, Sirloin Tip Steak, Rectus Femoris",,,150,20.74,6.85,0.0,0.0,0.0,0.0,0.526,4.04,0.0,0.21,11,4.895,0.176,0.073,5,0.077,1.94,24,0.011,214,30.6,5.15,0.0,0.309411765,1.683333333,0.0,0.014,0.0275,0.3059375,0.135384615,0.060833333,0.004166667,8.55556e-05,0.057142857,0.305714286,0.556363636,0.468181818
23046,Beef Products,"BF,RND,KNUCKLE,TIP CNTR,STK,LN & FAT,0 FAT,CHOIC,CKD,GRLD","Beef, round, knuckle, tip center, steak, separable lean and fat, trimmed to 0 fat, choice, cooked, grilled","URMIS #2365, Beef Value Cut, Sirloin Tip Steak, Rectus Femoris",,,188,26.88,8.13,0.0,0.0,0.0,0.0,0.515,2.92,0.0,0.2,10,5.435,0.213,0.054,5,0.09,2.51,26,0.011,238,39.8,6.56,0.0,0.302941176,1.216666667,0.0,0.013333333,0.025,0.3396875,0.163846154,0.045,0.004166667,0.0001,0.061904762,0.34,0.723636364,0.596363636
23047,Beef Products,"BEEF,RND,KNUCKLE,TIP CNTR,STEAK,LN & FAT,0 FAT,SEL,RAW","Beef, round, knuckle, tip center, steak, separable lean and fat, trimmed to 0 fat, select, raw","URMIS #1550, Beef Value Cut, Sirloin Tip Steak, Rectus Femoris",,,137,20.98,5.21,0.0,0.0,0.0,0.0,0.527,5.39,0.0,0.2,11,5.24,0.201,0.067,5,0.068,2.01,24,0.011,216,28.8,5.65,0.0,0.31,2.245833333,0.0,0.013333333,0.0275,0.3275,0.154615385,0.055833333,0.004166667,7.55556e-05,0.057142857,0.308571429,0.523636364,0.513636364
23048,Beef Products,"BF,RND,KNUCKLE,TIP CNTR,STEAK,LN & FAT,0 FAT,SE,CKD,GRILLED","Beef, round, knuckle, tip center, steak, separable lean and fat, trimmed to 0 fat, select, cooked, grilled","URMIS #1550, Beef Value Cut, Sirloin Tip Steak, Rectus Femoris",,,162,26.61,5.32,0.0,0.0,0.0,0.0,0.457,3.83,0.0,0.19,10,4.66,0.225,0.067,5,0.088,2.49,26,0.011,243,37.5,7.41,0.0,0.268823529,1.595833333,0.0,0.012666667,0.025,0.29125,0.173076923,0.055833333,0.004166667,9.77778e-05,0.061904762,0.347142857,0.681818182,0.673636364
23049,Beef Products,"BF,RND,OUTSIDE RND,BTTM RND,STEAK,LN & FAT,0 FAT,CHOIC,RAW","Beef, round, outside round, bottom round, steak, separable lean and fat, trimmed to 0 fat, choice, raw","URMIS #2277, Western Griller Steak, Beef Value Cut, London Broil, Biceps Femoris",,,150,21.24,6.59,0.0,0.0,0.0,0.0,0.72,4.7,0.0,0.08,6,6.39,0.186,0.064,5,0.136,2.34,24,0.018,209,33.3,3.76,0.0,0.423529412,1.958333333,0.0,0.005333333,0.015,0.399375,0.143076923,0.053333333,0.004166667,0.000151111,0.057142857,0.298571429,0.605454545,0.341818182
23050,Beef Products,"BF,RND,OUT RND,BTTM RND,STK,LN & FAT,0 FAT,CH,CKD,GRILLED","Beef, round, outside round, bottom round, steak, separable lean and fat, trimmed to 0 fat, choice, cooked, grilled","URMIS #2277, Western Griller Steak, Beef Value Cut, London Broil, Biceps Femoris",,,191,27.22,8.3,0.0,0.0,0.0,0.0,0.68,3.83,0.0,0.1,7,7.31,0.196,0.058,5,0.109,2.92,25,0.014,232,44.8,4.81,0.0,0.4,1.595833333,0.0,0.006666667,0.0175,0.456875,0.150769231,0.048333333,0.004166667,0.000121111,0.05952381,0.331428571,0.814545455,0.437272727
23051,Beef Products,"BEEF,RND,OUTSIDE RND,BTTM RND,STEAK,LN & FAT,0 FAT,SEL,RAW","Beef, round, outside round, bottom round, steak, separable lean and fat, trimmed to 0 fat, select, raw","URMIS #1462, Western Griller Steak, Beef Value Cut, London Broil, Biceps Femoris",,,129,22.15,3.83,0.0,0.0,0.0,0.0,0.724,3.61,0.0,0.07,6,6.36,0.241,0.089,5,0.132,2.91,24,0.02,217,30.3,4.31,0.0,0.425882353,1.504166667,0.0,0.004666667,0.015,0.3975,0.185384615,0.074166667,0.004166667,0.000146667,0.057142857,0.31,0.550909091,0.391818182
23052,Beef Products,"BEEF,RND,OUT RND,BTTM RND,STK,LN & FAT,0 FAT,SEL,CKD,GRLD","Beef, round, outside round, bottom round, steak, separable lean and fat, trimmed to 0 fat, select, cooked, grilled","URMIS #1462, Western Griller Steak, Beef Value Cut, London Broil, Biceps Femoris",,,166,28.01,5.17,0.0,0.0,0.0,0.0,0.66,4.41,0.0,0.1,8,8.05,0.242,0.081,5,0.127,3.12,26,0.032,237,41.3,5.68,0.0,0.388235294,1.8375,0.0,0.006666667,0.02,0.503125,0.186153846,0.0675,0.004166667,0.000141111,0.061904762,0.338571429,0.750909091,0.516363636
23053,Beef Products,"BF,CHK,CLD,SHLDR TNDR,MEDALLION,LN & FAT,0 FAT,ALL GRDS,RAW","Beef, chuck, shoulder clod, shoulder tender, medallion, separable lean and fat, trimmed to 0 fat, all grades, raw","Tender Medallions, Beef Value Cut, Teres Major",,,144,20.54,6.22,0.0,0.0,0.0,0.0,0.503,3.97,0.0,0.09,7,4.51,0.269,0.087,5,0.131,1.95,23,0.016,196,33.3,3.72,0.0,0.295882353,1.654166667,0.0,0.006,0.0175,0.281875,0.206923077,0.0725,0.004166667,0.000145556,0.054761905,0.28,0.605454545,0.338181818
23054,Beef Products,"BF,CHK,CLD,SHDR TNDR,MED,LN & FAT,0 FAT,ALL GRDS,CK,GRLD","Beef, chuck, shoulder clod, shoulder tender, medallion, separable lean and fat, trimmed to 0 fat, all grades, cooked, grilled","Tender Medallions, Beef Value Cut, Teres Major",,,177,26.22,7.2,0.0,0.0,0.0,0.0,0.596,5.16,0.0,0.17,8,5.187,0.267,0.078,5,0.171,2.59,25,0.014,225,38.7,5.24,0.0,0.350588235,2.15,0.0,0.011333333,0.02,0.3241875,0.205384615,0.065,0.004166667,0.00019,0.05952381,0.321428571,0.703636364,0.476363636
23055,Beef Products,"BEEF,RND,KNUCKLE,TIP SIDE,STEAK,LN & FAT,0 FAT,ALL GRDS,RAW","Beef, round, knuckle, tip side, steak, separable lean and fat, trimmed to 0 fat, all grades, raw","Sirloin Tip Steak, Beef Value Cut, Vastas Lateralis",,,129,21.69,4.0,0.0,0.0,0.0,0.0,0.616,3.07,0.0,0.17,7,5.557,0.181,0.066,5,0.095,2.22,24,0.011,215,31.4,5.23,0.0,0.362352941,1.279166667,0.0,0.011333333,0.0175,0.3473125,0.139230769,0.055,0.004166667,0.000105556,0.057142857,0.307142857,0.570909091,0.475454545
23056,Beef Products,"BF,RND,KNUCK,TIP SIDE,STK,LN & FAT,0 FAT,ALL GRDS,CKD,GRLD","Beef, round, knuckle, tip side, steak, separable lean and fat, trimmed to 0 fat, all grades, cooked, grilled","Sirloin Tip Steak, Beef Value Cut, Vastas Lateralis",,,168,29.08,4.84,0.0,0.0,0.0,0.0,0.559,4.18,0.0,0.2,8,5.873,0.198,0.066,5,0.112,2.77,26,0.014,239,42.1,7.25,0.0,0.328823529,1.741666667,0.0,0.013333333,0.02,0.3670625,0.152307692,0.055,0.004166667,0.000124444,0.061904762,0.341428571,0.765454545,0.659090909
23057,Beef Products,"BF,CHUCK,CLOD,TOP & CNTR,STEAK,LN & FAT,0 FAT,ALL GRDS,RAW","Beef, chuck, shoulder clod, shoulder top and center steaks, separable lean and fat, trimmed to 0 fat, all grades, raw","Center Cut Steak, Triceps Brachii, Beef Value Cut, Ranch Cut Steak",,,141,20.67,5.88,0.0,0.0,0.0,0.0,0.656,3.93,0.0,0.18,7,5.193,0.238,0.079,4,0.094,2.31,24,0.014,215,30.4,5.49,0.0,0.385882353,1.6375,0.0,0.012,0.0175,0.3245625,0.183076923,0.065833333,0.003333333,0.000104444,0.057142857,0.307142857,0.552727273,0.499090909
23058,Beef Products,"BEEF,CHCK,CLOD,SHLDR TOP&CNTR STKS,LN & FT,0,ALL GRDS,GRLD","Beef, chuck, shoulder clod, shoulder top and center steaks, separable lean and fat, trimmed to 0 fat, all grades, cooked, grilled","Center Cut Steak, Triceps Brachii, Beef Value Cut, Ranch Cut Steak",,,182,26.3,7.66,0.0,0.0,0.0,0.0,0.576,4.95,0.0,0.18,11,5.273,0.294,0.075,5,0.089,2.79,26,0.015,232,41.5,7.09,0.0,0.338823529,2.0625,0.0,0.012,0.0275,0.3295625,0.226153846,0.0625,0.004166667,9.88889e-05,0.061904762,0.331428571,0.754545455,0.644545455
23059,Beef Products,"BEEF,CHUCK,CLOD,TOP BLADE,STEAK,LN & FAT,0 FAT,ALL GRDS,RAW","Beef, chuck, shoulder clod, top blade, steak, separable lean and fat, trimmed to 0 fat, all grades, raw","Flat Iron Steak, Beef Value Cut, Infraspinatus",,,176,18.99,10.52,0.0,0.0,0.0,0.0,0.37,5.05,0.0,0.17,3,3.42,0.227,0.099,6,0.119,2.36,21,0.016,184,29.8,6.88,0.0,0.217647059,2.104166667,0.0,0.011333333,0.0075,0.21375,0.174615385,0.0825,0.005,0.000132222,0.05,0.262857143,0.541818182,0.625454545
23060,Beef Products,"BF,CHUCK,CLOD,TOP BLADE,STK,LN & FAT,0 FAT,ALL,CKD,GRLD","Beef, chuck, shoulder clod, top blade, steak, separable lean and fat, trimmed to 0 fat, all grades, cooked, grilled","Flat Iron Steak, Beef Value Cut, Infraspinatus",,,222,24.93,12.79,0.0,0.0,0.0,0.0,0.387,5.89,0.0,0.14,6,3.833,0.292,0.073,6,0.134,2.88,23,0.018,203,37.8,9.05,0.0,0.227647059,2.454166667,0.0,0.009333333,0.015,0.2395625,0.224615385,0.060833333,0.005,0.000148889,0.054761905,0.29,0.687272727,0.822727273
23061,Beef Products,"BEEF,RND,KNUCKLE,TIP CNTR,STEAK,LN & FAT,0 FAT,ALL GRDS,RAW","Beef, round, knuckle, tip center, steak, separable lean and fat, trimmed to 0 fat, all grades, raw","Sirloin Tip Steak, Beef Value Cut, Rectus Femoris",,,143,20.93,5.89,0.0,0.0,0.0,0.0,0.527,4.49,0.0,0.21,11,5.01,0.185,0.071,5,0.074,1.96,24,0.011,215,30.0,5.32,0.0,0.31,1.870833333,0.0,0.014,0.0275,0.313125,0.142307692,0.059166667,0.004166667,8.22222e-05,0.057142857,0.307142857,0.545454545,0.483636364
23062,Beef Products,"BF,RND,KNUCKLE,TIP CNTR,STK,LN & FAT,0 FAT,ALL,CKD,GRLD","Beef, round, knuckle, tip center, steak, separable lean and fat, trimmed to 0 fat, all grades, cooked, grilled","Sirloin Tip Steak, Beef Value Cut, Rectus Femoris",,,177,27.12,6.78,0.0,0.0,0.0,0.0,0.496,3.23,0.0,0.2,10,5.177,0.217,0.059,5,0.089,2.51,26,0.011,240,39.0,6.84,0.0,0.291764706,1.345833333,0.0,0.013333333,0.025,0.3235625,0.166923077,0.049166667,0.004166667,9.88889e-05,0.061904762,0.342857143,0.709090909,0.621818182
23063,Beef Products,"BF,RND,OUTSIDE RND,BTTM RND,STEAK,LN & FAT,0 FAT,ALL,RAW","Beef, round, outside round, bottom round, steak, separable lean and fat, trimmed to 0 fat, all grades, raw","London Broil, Biceps Femoris, Beef Value Cut, Western Griller Steak",,,142,21.59,5.53,0.0,0.0,0.0,0.0,0.721,4.34,0.0,0.08,6,6.38,0.204,0.073,5,0.134,2.53,24,0.019,211,32.3,3.94,0.0,0.424117647,1.808333333,0.0,0.005333333,0.015,0.39875,0.156923077,0.060833333,0.004166667,0.000148889,0.057142857,0.301428571,0.587272727,0.358181818
23064,Beef Products,"BF,RND,OUT RND,BTTM RND,STK,LN & FAT,0 FAT,ALL GRDS,CK,GRLD","Beef, round, outside round, bottom round, steak, separable lean and fat, trimmed to 0 fat, all grades, cooked, grilled","London Broil, Biceps Femoris, Beef Value Cut, Western Griller Steak",,,182,27.52,7.1,0.0,0.0,0.0,0.0,0.673,4.03,0.0,0.1,7,7.557,0.212,0.066,5,0.115,2.99,25,0.02,233,43.6,5.1,0.0,0.395882353,1.679166667,0.0,0.006666667,0.0175,0.4723125,0.163076923,0.055,0.004166667,0.000127778,0.05952381,0.332857143,0.792727273,0.463636364
23065,Beef Products,"BF,CHK, CLOD,SHLDR TENDER,MED,LN & FAT,0 FAT,SE,CKD,GRILLED","Beef, chuck, shoulder clod, shoulder tender, medallion, separable lean and fat, trimmed to 0 fat, select, cooked, grilled","URMIS #1164 or #1030, Teres Major, Beef Value Cut, Tender Medallions",,,172,26.45,6.43,0.0,0.0,0.0,0.0,0.615,6.01,0.0,0.17,8,5.49,0.354,0.072,5,0.253,2.6,24,0.021,223,38.3,5.19,0.0,0.361764706,2.504166667,0.0,0.011333333,0.02,0.343125,0.272307692,0.06,0.004166667,0.000281111,0.057142857,0.318571429,0.696363636,0.471818182
23066,Beef Products,"BEEF,CHUCK,SHRT RIBS,BNLESS,LN,0 FAT,CHOIC,RAW","Beef, chuck, short ribs, boneless, separable lean only, trimmed to 0 fat, choice, raw","Beef, Chuck, Short Ribs, URMIS #1127",,,175,19.38,10.7,0.29,0.0,0.0,2.0,0.311,3.32,0.0,0.17,3,3.567,0.2,0.08,11,0.079,2.53,21,0.014,187,22.3,8.25,0.002222222,0.182941176,1.383333333,0.0,0.011333333,0.0075,0.2229375,0.153846154,0.066666667,0.009166667,8.77778e-05,0.05,0.267142857,0.405454545,0.75
23067,Beef Products,"BEEF,CHUCK,SHRT RIBS,BNLESS,LN,0 FAT,SEL,RAW","Beef, chuck, short ribs, boneless, separable lean only, trimmed to 0 fat, select, raw","Beef, Chuck, Short Ribs, URMIS #1127",,,161,20.14,8.99,0.0,0.0,0.0,2.0,0.323,3.56,0.0,0.16,3,3.56,0.2,0.08,12,0.081,2.34,20,0.013,181,21.4,8.14,0.002222222,0.19,1.483333333,0.0,0.010666667,0.0075,0.2225,0.153846154,0.066666667,0.01,9e-05,0.047619048,0.258571429,0.389090909,0.74
23068,Beef Products,"BEEF,CHUCK,SHRT RIBS,BNLESS,LN,0 FAT,ALL GRDS,RAW","Beef, chuck, short ribs, boneless, separable lean only, trimmed to 0 fat, all grades, raw","Beef, Chuck, Short Ribs, URMIS #1127",,,169,19.68,10.02,0.05,0.0,0.0,2.0,0.311,3.43,0.0,0.17,3,3.523,0.2,0.08,12,0.08,2.45,21,0.013,185,21.5,8.15,0.002222222,0.182941176,1.429166667,0.0,0.011333333,0.0075,0.2201875,0.153846154,0.066666667,0.01,8.88889e-05,0.05,0.264285714,0.390909091,0.740909091
23069,Beef Products,"BEEF,CHUCK EYE COUNTRY-STYLE RIBS,BNLESS,LN,0 FAT,CHOIC,CKD","Beef, chuck eye Country-Style ribs, boneless, separable lean only, trimmed to 0 fat, choice, cooked, braised","Beef, Chuck, Bnls Country Style Beef Ribs, URMIS #1096",,,234,30.95,12.22,0.0,0.0,0.0,2.0,0.286,3.51,0.0,0.12,8,4.14,0.24,0.07,17,0.114,2.97,18,0.018,200,36.4,10.98,0.002222222,0.168235294,1.4625,0.0,0.008,0.02,0.25875,0.184615385,0.058333333,0.014166667,0.000126667,0.042857143,0.285714286,0.661818182,0.998181818
23070,Beef Products,"BEEF,CHUCK EYE COUNTRY-STYLE RIBS,BNLESS,LN,0 FAT,SEL,CKD,B","Beef, chuck eye Country-Style ribs, boneless, separable lean only, trimmed to 0 fat, select, cooked, braised","Beef, Chuck, Bnls Country Style Beef Ribs, URMIS #1096",,,221,32.1,10.24,0.0,0.0,0.0,2.0,0.295,3.4,0.0,0.05,8,4.22,0.24,0.07,16,0.095,2.86,21,0.017,212,34.3,10.94,0.002222222,0.173529412,1.416666667,0.0,0.003333333,0.02,0.26375,0.184615385,0.058333333,0.013333333,0.000105556,0.05,0.302857143,0.623636364,0.994545455
23071,Beef Products,"BF,CHK EYE CNTRY-STL RIBS,BNLS,LN,0 FAT,ALL GRDS, CKD, BRSD","Beef, chuck eye Country-Style ribs, boneless, separable lean only, trimmed to 0 fat, all grades, cooked, braised","Beef, Chuck, Bnls, Country Style Beef Ribs, URMIS #1096",,,228,31.41,11.43,0.0,0.0,0.0,2.0,0.289,3.47,0.0,0.1,8,4.147,0.24,0.07,17,0.109,2.93,19,0.017,203,35.1,10.91,0.002222222,0.17,1.445833333,0.0,0.006666667,0.02,0.2591875,0.184615385,0.058333333,0.014166667,0.000121111,0.045238095,0.29,0.638181818,0.991818182
23072,Beef Products,"BEEF,CHUCK EYE COUNTRY-STYLE RIBS,BNLESS,LN,0 FAT,CHOIC,RAW","Beef, chuck eye Country-Style ribs, boneless, separable lean only, trimmed to 0 fat, choice, raw","Beef, Chuck, Bnls Country Style Beef Ribs, URMIS #1096",,,152,20.87,7.67,0.0,0.0,0.0,2.0,0.355,3.27,0.0,0.2,3,4.097,0.19,0.07,15,0.092,2.31,18,0.014,195,21.9,7.86,0.002222222,0.208823529,1.3625,0.0,0.013333333,0.0075,0.2560625,0.146153846,0.058333333,0.0125,0.000102222,0.042857143,0.278571429,0.398181818,0.714545455
23073,Beef Products,"BEEF,CHUCK EYE COUNTRY-STYLE RIBS,BNLESS,LN,0 FAT,SEL,RAW","Beef, chuck eye Country-Style ribs, boneless, separable lean only, trimmed to 0 fat, select, raw","Beef, Chuck, Bnls Country Style Beef Ribs, URMIS #1096",,,137,21.1,5.89,0.0,0.0,0.0,2.0,0.357,3.1,0.0,0.12,3,4.25,0.18,0.07,15,0.094,2.08,18,0.015,189,20.8,6.53,0.002222222,0.21,1.291666667,0.0,0.008,0.0075,0.265625,0.138461538,0.058333333,0.0125,0.000104444,0.042857143,0.27,0.378181818,0.593636364
23074,Beef Products,"BEEF,CHK EYE COUNTRY-STYLE RIBS,BNLS,LN,0 FAT,ALL GRDS, RAW","Beef, chuck eye Country-Style ribs, boneless, separable lean only, trimmed to 0 fat, all grades, raw","Beef, Chuck, Bnls Country Style Beef Ribs, URMIS #1096",,,146,20.96,6.95,0.0,0.0,0.0,2.0,0.357,3.24,0.0,0.17,3,4.167,0.187,0.07,15,0.093,2.24,18,0.014,193,21.3,7.44,0.002222222,0.21,1.35,0.0,0.011333333,0.0075,0.2604375,0.143846154,0.058333333,0.0125,0.000103333,0.042857143,0.275714286,0.387272727,0.676363636
23075,Beef Products,"BEEF,CHUCK EYE STEAK,BNLESS,LN,0 FAT,CHOIC,CKD,GRILLED","Beef, chuck eye steak, boneless, separable lean only, trimmed to 0 fat, choice, cooked, grilled","Beef, Chuck, Chuck Eye Steaks, URMIS #1102",,,215,27.97,11.47,0.0,0.0,0.0,1.0,0.393,3.2,0.0,0.11,7,5.18,0.213,0.07,16,0.091,2.88,24,0.015,227,30.1,10.5,0.001111111,0.231176471,1.333333333,0.0,0.007333333,0.0175,0.32375,0.163846154,0.058333333,0.013333333,0.000101111,0.057142857,0.324285714,0.547272727,0.954545455
23076,Beef Products,"BEEF,CHUCK EYE STEAK,BNLESS,LN,0 FAT,SEL,CKD,GRILLED","Beef, chuck eye steak, boneless, separable lean only, trimmed to 0 fat, select, cooked, grilled","Beef, Chuck, Chuck Eye Steaks, URMIS #1102",,,199,27.88,9.77,0.0,0.0,0.0,2.0,0.454,3.5,0.0,0.1,7,5.31,0.22,0.07,19,0.082,2.81,25,0.015,226,32.8,10.6,0.002222222,0.267058824,1.458333333,0.0,0.006666667,0.0175,0.331875,0.169230769,0.058333333,0.015833333,9.11111e-05,0.05952381,0.322857143,0.596363636,0.963636364
23077,Beef Products,"BEEF,CHUCK EYE STEAK,BNLESS,LN,0 FAT,ALL GRDS,CKD,GRILLED","Beef, chuck eye steak, boneless, separable lean only, trimmed to 0 fat, all grades, cooked, grilled","Beef, Chuck, Chuch Eye Steaks, URMIS #1102",,,209,27.94,10.79,0.0,0.0,0.0,2.0,0.412,3.37,0.0,0.11,7,5.19,0.217,0.07,17,0.088,2.87,25,0.015,228,31.0,10.54,0.002222222,0.242352941,1.404166667,0.0,0.007333333,0.0175,0.324375,0.166923077,0.058333333,0.014166667,9.77778e-05,0.05952381,0.325714286,0.563636364,0.958181818
23078,Beef Products,"BEEF,CHUCK EYE STEAK,BNLESS,LN,0 FAT,CHOIC,RAW","Beef, chuck eye steak, boneless, separable lean only, trimmed to 0 fat, choice, raw","Beef, Chuck, ChuckEye Steaks, URMIS #1102",,,160,21.31,8.29,0.0,0.0,0.0,2.0,0.346,3.1,0.0,0.17,3,4.803,0.167,0.07,15,0.074,2.27,22,0.01,201,22.9,8.41,0.002222222,0.203529412,1.291666667,0.0,0.011333333,0.0075,0.3001875,0.128461538,0.058333333,0.0125,8.22222e-05,0.052380952,0.287142857,0.416363636,0.764545455
23079,Beef Products,"BEEF,CHUCK EYE STEAK,BNLESS,LN,0 FAT,SEL,RAW","Beef, chuck eye steak, boneless, separable lean only, trimmed to 0 fat, select, raw","Beef, Chuck, Chuck Eye Steaks, URMIS #1102",,,143,21.28,6.47,0.0,0.0,0.0,2.0,0.446,3.0,0.0,0.15,3,4.87,0.17,0.08,15,0.07,2.33,23,0.011,209,22.8,8.54,0.002222222,0.262352941,1.25,0.0,0.01,0.0075,0.304375,0.130769231,0.066666667,0.0125,7.77778e-05,0.054761905,0.298571429,0.414545455,0.776363636
23080,Beef Products,"BEEF,CHUCK EYE STEAK,BNLESS,LN,0 FAT,ALL GRDS,RAW","Beef, chuck eye steak, boneless, separable lean only, trimmed to 0 fat, all grades, raw","Beef, Chuck, Chuck Eye Steaks, URMIS #1102",,,153,21.29,7.56,0.0,0.0,0.0,2.0,0.392,3.07,0.0,0.17,3,4.827,0.17,0.075,15,0.072,2.28,22,0.01,202,22.8,8.39,0.002222222,0.230588235,1.279166667,0.0,0.011333333,0.0075,0.3016875,0.130769231,0.0625,0.0125,8e-05,0.052380952,0.288571429,0.414545455,0.762727273
23081,Beef Products,"BEEF,SHLDR POT RST,BNLESS,LN,0 FAT,CHOIC,CKD,BRSD","Beef, shoulder pot roast, boneless, separable lean only, trimmed to 0 fat, choice, cooked, braised","Beef, Chuck, Clod (Shoulder) Roast, URMIS #1132",,,200,31.32,8.3,0.0,0.0,0.0,1.0,0.512,3.38,0.0,0.13,8,4.923,0.282,0.08,13,0.14,3.76,25,0.015,234,38.6,9.39,0.001111111,0.301176471,1.408333333,0.0,0.008666667,0.02,0.3076875,0.216923077,0.066666667,0.010833333,0.000155556,0.05952381,0.334285714,0.701818182,0.853636364
23082,Beef Products,"BEEF,SHLDR POT RST,BNLESS,LN,0 FAT,SEL,CKD,BRSD","Beef, shoulder pot roast, boneless, separable lean only, trimmed to 0 fat, select, cooked, braised","Beef, Chuck, Clod (Shoulder) Roast, URMIS #1132",,,190,31.71,7.02,0.0,0.0,0.0,2.0,0.59,3.41,0.0,0.08,8,4.405,0.265,0.08,13,0.118,3.36,27,0.014,234,37.3,9.53,0.002222222,0.347058824,1.420833333,0.0,0.005333333,0.02,0.2753125,0.203846154,0.066666667,0.010833333,0.000131111,0.064285714,0.334285714,0.678181818,0.866363636
23083,Beef Products,"BEEF,SHLDR POT RST,BNLESS,LN,0 FAT,ALL GRDS,CKD,BRSD","Beef, shoulder pot roast, boneless, separable lean only, trimmed to 0 fat, all grades, cooked, braised","Beef, Chuck, Clod (Shoulder) Roast, URMIS #1132",,,196,31.48,7.78,0.0,0.0,0.0,2.0,0.543,3.39,0.0,0.11,8,4.716,0.275,0.08,13,0.131,3.6,25,0.015,234,38.1,9.44,0.002222222,0.319411765,1.4125,0.0,0.007333333,0.02,0.29475,0.211538462,0.066666667,0.010833333,0.000145556,0.05952381,0.334285714,0.692727273,0.858181818
23084,Beef Products,"BEEF,CHUCK,MOCK TENDER STEAK,BNLESS,LN,0 FAT,CHOIC,CKD,BRSD","Beef, chuck, mock tender steak, boneless, separable lean only, trimmed to 0 fat, choice, cooked, braised","Beef, Chuck, Mock Tender Steak, URMIS #1116",,,197,33.55,6.94,0.0,0.0,0.0,1.0,0.381,4.44,0.0,0.11,8,3.867,0.287,0.09,15,0.15,3.53,23,0.015,240,38.5,11.01,0.001111111,0.224117647,1.85,0.0,0.007333333,0.02,0.2416875,0.220769231,0.075,0.0125,0.000166667,0.054761905,0.342857143,0.7,1.000909091
23085,Beef Products,"BEEF,CHUCK,MOCK TENDER STEAK,BNLESS,LN,0 FAT,SEL,CKD,BRSD","Beef, chuck, mock tender steak, boneless, separable lean only, trimmed to 0 fat, select, cooked, braised","Beef, Chuck, Mock Tender Steak, URMIS #1116",,,181,32.96,5.44,0.0,0.0,0.0,2.0,0.407,4.48,0.0,0.1,8,3.94,0.29,0.08,15,0.147,3.32,23,0.049,239,40.5,10.76,0.002222222,0.239411765,1.866666667,0.0,0.006666667,0.02,0.24625,0.223076923,0.066666667,0.0125,0.000163333,0.054761905,0.341428571,0.736363636,0.978181818
23086,Beef Products,"BEEF,CHK,MOCK TENDER STK,BNLS,LN,0 FAT,ALL GRDS,CKD,BRSD","Beef, chuck, mock tender steak, boneless, separable lean only, trimmed to 0 fat, all grades, cooked, braised","Beef, Chuck, Mock Tender Steak, URMIS #1116",,,190,33.31,6.34,0.0,0.0,0.0,2.0,0.39,4.44,0.0,0.11,8,3.88,0.287,0.085,15,0.15,3.42,23,0.026,239,38.8,10.93,0.002222222,0.229411765,1.85,0.0,0.007333333,0.02,0.2425,0.220769231,0.070833333,0.0125,0.000166667,0.054761905,0.341428571,0.705454545,0.993636364
23087,Beef Products,"BEEF,CHUCK,MOCK TENDER STEAK,BNLESS,LN,0 FAT,CHOIC,RAW","Beef, chuck, mock tender steak, boneless, separable lean only, trimmed to 0 fat, choice, raw","Beef, Chuck, Mock Tender Steak, URMIS #1116",,,127,21.36,4.6,0.0,0.0,0.0,2.0,0.409,3.22,0.0,0.19,3,3.527,0.217,0.08,11,0.09,2.51,26,0.013,230,24.3,8.06,0.002222222,0.240588235,1.341666667,0.0,0.012666667,0.0075,0.2204375,0.166923077,0.066666667,0.009166667,0.0001,0.061904762,0.328571429,0.441818182,0.732727273
23088,Beef Products,"BEEF,CHUCK,MOCK TENDER STEAK,BNLESS,LN,0 FAT,SEL,RAW","Beef, chuck, mock tender steak, boneless, separable lean only, trimmed to 0 fat, select, raw","Beef, Chuck, Mock Tender Steak, URMIS #1116",,,117,21.22,3.53,0.0,0.0,0.0,2.0,0.448,3.02,0.0,0.2,3,3.74,0.22,0.08,11,0.084,2.26,24,0.012,216,25.2,7.93,0.002222222,0.263529412,1.258333333,0.0,0.013333333,0.0075,0.23375,0.169230769,0.066666667,0.009166667,9.33333e-05,0.057142857,0.308571429,0.458181818,0.720909091
23089,Beef Products,"BEEF,CHUCK,MOCK TENDER STEAK,BNLESS,LN,0 FAT,ALL GRDS,RAW","Beef, chuck, mock tender steak, boneless, separable lean only, trimmed to 0 fat, all grades, raw","Beef, Chuck, Mock Tender Steak, URMIS #1116",,,123,21.3,4.17,0.0,0.0,0.0,2.0,0.416,3.13,0.0,0.2,3,3.603,0.217,0.08,11,0.088,2.44,25,0.012,225,24.3,8.0,0.002222222,0.244705882,1.304166667,0.0,0.013333333,0.0075,0.2251875,0.166923077,0.066666667,0.009166667,9.77778e-05,0.05952381,0.321428571,0.441818182,0.727272727
23090,Beef Products,"BEEF,CHUCK FOR STEW,LN & FAT,ALL GRDS,CKD,BRSD","Beef, chuck for stew, separable lean and fat, all grades, cooked, braised","Beef, Chuck, Beef for Stew, URMIS #1100",,,191,32.41,6.82,0.0,0.0,0.0,2.0,0.511,2.73,0.0,0.11,8,4.117,0.25,0.075,16,0.12,2.96,23,0.017,228,34.6,8.32,0.002222222,0.300588235,1.1375,0.0,0.007333333,0.02,0.2573125,0.192307692,0.0625,0.013333333,0.000133333,0.054761905,0.325714286,0.629090909,0.756363636
23091,Beef Products,"BEEF,CHUCK FOR STEW,LN & FAT,SEL,CKD,BRSD","Beef, chuck for stew, separable lean and fat, select, cooked, braised","Beef, Chuck, Beef for Stew, URMIS #1100",,,186,32.29,6.34,0.0,0.0,0.0,2.0,0.522,2.53,0.0,0.07,8,4.85,0.3,0.08,15,0.116,2.84,23,0.016,236,32.2,8.47,0.002222222,0.307058824,1.054166667,0.0,0.004666667,0.02,0.303125,0.230769231,0.066666667,0.0125,0.000128889,0.054761905,0.337142857,0.585454545,0.77
23092,Beef Products,"BEEF,CHUCK FOR STEW,LN & FAT,CHOIC,CKD,BRSD","Beef, chuck for stew, separable lean and fat, choice, cooked, braised","Beef, Chuck, Beef for Stew, URMIS #1100",,,194,32.49,7.14,0.0,0.0,0.0,1.0,0.505,2.85,0.0,0.13,8,4.013,0.227,0.07,17,0.125,3.06,22,0.017,223,35.3,8.27,0.001111111,0.297058824,1.1875,0.0,0.008666667,0.02,0.2508125,0.174615385,0.058333333,0.014166667,0.000138889,0.052380952,0.318571429,0.641818182,0.751818182
23093,Beef Products,"BEEF,CHUCK FOR STEW,LN & FAT,ALL GRDS,RAW","Beef, chuck for stew, separable lean and fat, all grades, raw","Beef, Chuck, Beef for Stew, URMIS #1100",,,128,21.75,4.48,0.16,0.0,0.0,2.0,0.567,2.3,0.0,0.17,3,5.003,0.17,0.08,13,0.088,2.12,21,0.014,213,24.2,5.43,0.002222222,0.333529412,0.958333333,0.0,0.011333333,0.0075,0.3126875,0.130769231,0.066666667,0.010833333,9.77778e-05,0.05,0.304285714,0.44,0.493636364
23094,Beef Products,"BEEF,CHUCK FOR STEW,LN & FAT,SEL,RAW","Beef, chuck for stew, separable lean and fat, select, raw","Beef, Chuck, Beef for Stew, URMIS #1100",,,124,21.9,3.99,0.21,0.0,0.0,2.0,0.568,2.42,0.0,0.15,4,5.19,0.17,0.08,14,0.093,2.2,20,0.014,209,26.0,5.51,0.002222222,0.334117647,1.008333333,0.0,0.01,0.01,0.324375,0.130769231,0.066666667,0.011666667,0.000103333,0.047619048,0.298571429,0.472727273,0.500909091
23095,Beef Products,"BEEF,CHUCK FOR STEW,LN & FAT,CHOIC,RAW","Beef, chuck for stew, separable lean and fat, choice, raw",URMIS #110,,,130,21.64,4.81,0.12,0.0,0.0,2.0,0.568,2.27,0.0,0.18,3,4.887,0.17,0.08,13,0.084,2.09,21,0.014,217,23.6,5.41,0.002222222,0.334117647,0.945833333,0.0,0.012,0.0075,0.3054375,0.130769231,0.066666667,0.010833333,9.33333e-05,0.05,0.31,0.429090909,0.491818182
23096,Beef Products,"BEEF,CHUCK,UNDER BLADE STEAK,BNLESS,LN,0 FAT,CHOIC,CKD,BRSD","Beef, chuck, under blade steak, boneless, separable lean only, trimmed to 0 fat, choice, cooked, braised","Beef, Chuck, Under Blade Steak, URMIS #1158",,,222,30.91,10.91,0.0,0.0,0.0,2.0,0.325,3.55,0.0,0.1,8,4.02,0.252,0.071,14,0.098,3.25,22,0.016,210,35.3,11.39,0.002222222,0.191176471,1.479166667,0.0,0.006666667,0.02,0.25125,0.193846154,0.059166667,0.011666667,0.000108889,0.052380952,0.3,0.641818182,1.035454545
23097,Beef Products,"BEEF,CHUCK,UNDER BLADE STEAK,BNLESS,LN,0 FAT,SEL,CKD,BRSD","Beef, chuck, under blade steak, boneless, separable lean only, trimmed to 0 fat, select, cooked, braised","Beef, Chuck, Under Blade Steak, URMIS #1158",,,215,32.01,9.66,0.0,0.0,0.0,2.0,0.329,3.37,0.0,0.06,8,3.908,0.256,0.073,14,0.107,3.15,22,0.015,202,36.1,11.37,0.002222222,0.193529412,1.404166667,0.0,0.004,0.02,0.24425,0.196923077,0.060833333,0.011666667,0.000118889,0.052380952,0.288571429,0.656363636,1.033636364
23098,Beef Products,"BEEF,CHUCK,UND BL STEAK,BNLS,LN,0 FAT,ALL GRDS,CKD,BRSD","Beef, chuck, under blade steak, boneless, separable lean only, trimmed to 0 fat, all grades, cooked, braised","Beef, Chuck, Under Blade Steak, URMIS #1158",,,219,31.35,10.41,0.0,0.0,0.0,2.0,0.326,3.48,0.0,0.09,8,3.976,0.254,0.072,14,0.101,3.21,22,0.016,207,35.7,11.38,0.002222222,0.191764706,1.45,0.0,0.006,0.02,0.2485,0.195384615,0.06,0.011666667,0.000112222,0.052380952,0.295714286,0.649090909,1.034545455
23099,Beef Products,"BEEF,CHK,UND BLD, POT RST,BNL,LN & FAT,0 FAT,ALL GR,CKD,BR","Beef, chuck, under blade pot roast, boneless, separable lean and fat, trimmed to 0 fat, all grades, cooked, braised","Beef Chuck Under Blade Pot Roast, URMIS #1151",,,291,26.7,20.49,0.0,0.0,0.0,8.0,0.295,3.02,0.0,0.08,6,3.568,0.213,0.066,14,0.086,2.68,19,0.012,173,30.8,9.14,0.008888889,0.173529412,1.258333333,0.0,0.005333333,0.015,0.223,0.163846154,0.055,0.011666667,9.55556e-05,0.045238095,0.247142857,0.56,0.830909091
23100,Beef Products,"BEEF,RIB EYE STK,BNLES,LIP-ON,LN,1/8 FAT,ALL GRDS,CKD,GRLD","Beef, rib eye steak, boneless, lip-on, separable lean only, trimmed to 1/8 fat, all grades, cooked, grilled",,,,207,27.97,10.57,0.0,0.0,0.0,2.0,0.558,2.32,0.0,0.1,7,5.799,0.323,0.08,7,0.09,2.53,25,0.09,177,35.6,7.0,0.002222222,0.328235294,0.966666667,0.0,0.006666667,0.0175,0.3624375,0.248461538,0.066666667,0.005833333,0.0001,0.05952381,0.252857143,0.647272727,0.636363636
23101,Beef Products,"BEEF,RIB EYE RST,BONE-IN,LIP-ON,LN,1/8 FAT,CHOIC,CKD,RSTD","Beef, rib eye roast, bone-in, lip-on, separable lean only, trimmed to 1/8 fat, choice, cooked, roasted",URMIS #2008,,,240,27.18,14.55,0.0,0.0,0.0,2.0,0.517,2.23,0.0,0.12,7,5.478,0.328,0.11,11,0.086,2.37,24,0.086,174,28.5,6.11,0.002222222,0.304117647,0.929166667,0.0,0.008,0.0175,0.342375,0.252307692,0.091666667,0.009166667,9.55556e-05,0.057142857,0.248571429,0.518181818,0.555454545
23102,Beef Products,"BEEF,CHK,UND BL POT RST/STK,BNL,LN & FT,0 FT, All GR, raw","Beef, chuck, under blade pot roast or steak, boneless, separable lean and fat, trimmed to 0 fat, all grades, raw","URMIS #1151/1158, Beef Chuck, Under Blade Pot Roast/Steak",,,196,19.17,13.26,0.0,0.0,0.0,4.0,0.397,2.82,0.0,0.16,3,4.032,0.167,0.079,12,0.071,2.19,20,0.011,184,22.9,6.99,0.004444444,0.233529412,1.175,0.0,0.010666667,0.0075,0.252,0.128461538,0.065833333,0.01,7.88889e-05,0.047619048,0.262857143,0.416363636,0.635454545
23103,Beef Products,"BEEF,CHK,UND BL POT RST OR STK,BNL,LN & FAT,0 FAT, CH, RAW","Beef, chuck, under blade pot roast or steak, boneless, separable lean and fat, trimmed to 0 fat, choice, raw","Beef, Chuck, Under Blade Pot Roast/Steak, URMIS #1151/1158",,,202,19.15,13.93,0.0,0.0,0.0,4.0,0.38,2.94,0.0,0.16,3,3.983,0.167,0.079,12,0.073,2.13,19,0.011,181,21.7,6.99,0.004444444,0.223529412,1.225,0.0,0.010666667,0.0075,0.2489375,0.128461538,0.065833333,0.01,8.11111e-05,0.045238095,0.258571429,0.394545455,0.635454545
23104,Beef Products,"BEEF,CHK,UND BL POT RST/STEAK,BNL,LN & FAT,0 FAT, SEL, RAW","Beef, chuck, under blade pot roast or steak, boneless, separable lean and fat, trimmed to 0 fat, select, raw","Beef, Chuck, Under Blade Pot Roast/Steak, URMIS #1151/1158",,,187,19.2,12.27,0.0,0.0,0.0,4.0,0.421,2.63,0.0,0.17,3,4.106,0.167,0.079,12,0.067,2.27,20,0.011,188,24.6,6.98,0.004444444,0.247647059,1.095833333,0.0,0.011333333,0.0075,0.256625,0.128461538,0.065833333,0.01,7.44444e-05,0.047619048,0.268571429,0.447272727,0.634545455
23105,Beef Products,"BEEF,CHK,UND BL CNTR STK,BNL,DEN CUT,LN & FAT, ALL GR, CKD","Beef, chuck, under blade center steak, boneless, Denver Cut, separable lean and fat, trimmed to 0 fat, all grades, cooked, grilled","Beef, Chuck, Denver Cut (Serratus Ventralis steaks), URMIS #1098",,,227,26.18,13.54,0.21,0.0,0.0,7.0,0.413,3.68,0.0,0.08,6,3.591,0.243,0.089,13,0.108,3.26,23,0.016,202,29.9,9.85,0.007777778,0.242941176,1.533333333,0.0,0.005333333,0.015,0.2244375,0.186923077,0.074166667,0.010833333,0.00012,0.054761905,0.288571429,0.543636364,0.895454545
23106,Beef Products,"BEEF,CHK,UND BLE CNTR STK,BNL,DEN CT,LN&FT, 0 FT,CH,CKD,GLD","Beef, chuck, under blade center steak, boneless, Denver Cut, separable lean and fat, trimmed to 0 fat, choice, cooked, grilled","Beef, Chuck, Denver Cut (Serratus Ventralis steak), URMIS #1098",,,236,26.1,14.41,0.4,0.0,0.0,7.0,0.395,3.46,0.0,0.09,6,3.575,0.24,0.089,12,0.11,3.27,23,0.017,204,31.9,9.66,0.007777778,0.232352941,1.441666667,0.0,0.006,0.015,0.2234375,0.184615385,0.074166667,0.01,0.000122222,0.054761905,0.291428571,0.58,0.878181818
23107,Beef Products,"BEEF,CHK,UNDBL CNTR STK,BNL,DEN CT,LN&FAT, 0 FT,SEL,CKD,GLD","Beef, chuck, under blade center steak, boneless, Denver Cut, separable lean and fat, trimmed to 0 fat, select, cooked, grilled","Beef Chuck, Denver Cut (Serratus Ventralis steak), URMIS #1098",,,215,26.3,12.25,0.0,0.0,0.0,7.0,0.456,4.22,0.0,0.07,6,3.681,0.246,0.089,16,0.103,3.31,23,0.016,198,27.7,10.19,0.007777778,0.268235294,1.758333333,0.0,0.004666667,0.015,0.2300625,0.189230769,0.074166667,0.013333333,0.000114444,0.054761905,0.282857143,0.503636364,0.926363636
23108,Beef Products,"BEEF,CHK,UND BL CNTR STK,BNL,DEN CUT,LN & FT,0FT,All Gr, RW","Beef, chuck, under blade center steak, boneless, Denver Cut, separable lean and fat, trimmed to 0 fat, all grades, raw","Beef, Chuck. Denver Cut (Serratus Ventralis steak), URMIS #1098",,,182,18.99,11.64,0.36,0.0,0.0,4.0,0.399,3.03,0.0,0.14,3,3.252,0.191,0.08,11,0.075,2.38,20,0.014,178,21.2,7.4,0.004444444,0.234705882,1.2625,0.0,0.009333333,0.0075,0.20325,0.146923077,0.066666667,0.009166667,8.33333e-05,0.047619048,0.254285714,0.385454545,0.672727273
23109,Beef Products,"BEEF,CHK,UNDBLE CNTR STK,BNL,DENR CUT,LN & FAT,0FAT, CH, RW","Beef, chuck, under blade center steak, boneless, Denver Cut, separable lean and fat, trimmed to 0 fat, choice, raw","Beef, Chuck, Denver Cut (Serratus Ventralis steak), URMIS #1098",,,189,18.85,12.4,0.53,0.0,0.0,4.0,0.402,2.9,0.0,0.15,3,3.316,0.195,0.08,11,0.075,2.37,20,0.014,177,21.5,7.32,0.004444444,0.236470588,1.208333333,0.0,0.01,0.0075,0.20725,0.15,0.066666667,0.009166667,8.33333e-05,0.047619048,0.252857143,0.390909091,0.665454545
23110,Beef Products,"BEEF,CHK,UND BLE CNTR STK,BNL,DEN CUT,LN & FT,0FT, SEL,RW","Beef, chuck, under blade center steak, boneless, Denver Cut, separable lean and fat, trimmed to 0 fat, select, raw","Beef, Chuck, Denver Cut (Serratus Ventralis steak), URMIS #1098",,,172,19.2,10.5,0.09,0.0,0.0,4.0,0.421,3.22,0.0,0.12,3,3.292,0.183,0.079,11,0.076,2.38,20,0.014,181,20.8,7.51,0.004444444,0.247647059,1.341666667,0.0,0.008,0.0075,0.20575,0.140769231,0.065833333,0.009166667,8.44444e-05,0.047619048,0.258571429,0.378181818,0.682727273
23111,Beef Products,"BEEF,SHLDR POT RST OR STEAK,BNLESS,LN & FAT,0 FAT,CHOIC,RAW","Beef, shoulder pot roast or steak, boneless, separable lean and fat, trimmed to 0 fat, choice, raw","URMIS #1133, URMIS #1132",,,133,21.17,5.33,0.07,0.0,0.0,3.0,0.564,2.66,0.0,0.19,3,4.549,0.206,0.09,12,0.071,2.66,24,0.013,234,23.8,6.72,0.003333333,0.331764706,1.108333333,0.0,0.012666667,0.0075,0.2843125,0.158461538,0.075,0.01,7.88889e-05,0.057142857,0.334285714,0.432727273,0.610909091
23112,Beef Products,"BEEF,SHLDR POT RST OR STEAK,BNLESS,LN & FAT,0 FAT,SEL,RAW","Beef, shoulder pot roast or steak, boneless, separable lean and fat, trimmed to 0 fat, select, raw","URMIS #1133, URMIS #1132",,,127,21.72,4.44,0.0,0.0,0.0,3.0,0.595,2.83,0.0,0.16,3,4.619,0.212,0.09,12,0.076,2.56,26,0.013,233,23.9,6.88,0.003333333,0.35,1.179166667,0.0,0.010666667,0.0075,0.2886875,0.163076923,0.075,0.01,8.44444e-05,0.061904762,0.332857143,0.434545455,0.625454545
23113,Beef Products,"BEEF,CHK EYE RST,BNLS,A BF RST,LN & FAT,0,ALL GRD,CKD,RSTD","Beef, chuck eye roast, boneless, Americas Beef Roast, separable lean and fat, trimmed to 0 fat, all grades, cooked, roasted",URMIS #1095,,,236,24.63,15.29,0.0,0.0,0.0,7.0,0.38,3.01,0.0,0.11,6,4.368,0.178,0.072,18,0.071,2.22,20,0.012,187,25.2,8.48,0.007777778,0.223529412,1.254166667,0.0,0.007333333,0.015,0.273,0.136923077,0.06,0.015,7.88889e-05,0.047619048,0.267142857,0.458181818,0.770909091
23114,Beef Products,"BEEF,CHK EYE RST,BNLS,A BF RST,LN & FAT,0,CH,CKD,RSTD","Beef, chuck eye roast, boneless, Americas Beef Roast, separable lean and fat, trimmed to 0 fat, choice, cooked, roasted",URMIS #1095,,,241,24.47,15.87,0.0,0.0,0.0,6.0,0.374,3.22,0.0,0.13,6,4.303,0.182,0.076,18,0.074,2.28,21,0.012,189,25.2,8.74,0.006666667,0.22,1.341666667,0.0,0.008666667,0.015,0.2689375,0.14,0.063333333,0.015,8.22222e-05,0.05,0.27,0.458181818,0.794545455
23115,Beef Products,"BEEF,CHCK EYE RST,BNLS,A BF RST,LN & FAT,0,SEL,C,RSTD","Beef, chuck eye roast, boneless, Americas Beef Roast, separable lean and fat, trimmed to 0 fat, select, cooked, roasted",URMIS #1095,,,229,24.86,14.41,0.0,0.0,0.0,7.0,0.382,2.66,0.0,0.07,6,4.314,0.174,0.067,19,0.067,2.16,20,0.012,185,26.3,8.24,0.007777778,0.224705882,1.108333333,0.0,0.004666667,0.015,0.269625,0.133846154,0.055833333,0.015833333,7.44444e-05,0.047619048,0.264285714,0.478181818,0.749090909
23116,Beef Products,"BEEF,CHUCK,UNDER BLADE STEAK,BNLESS,LN & FAT,0 FAT,ALL GRDS","Beef, chuck, under blade steak, boneless, separable lean and fat, trimmed to 0 fat, all grades, cooked, braised","Beff, Chuck, Under Blade Steak, URMIS #1158",,,275,28.23,18.0,0.0,0.0,0.0,8.0,0.312,3.19,0.0,0.08,7,3.772,0.225,0.07,14,0.09,2.8,20,0.013,181,32.2,9.55,0.008888889,0.183529412,1.329166667,0.0,0.005333333,0.0175,0.23575,0.173076923,0.058333333,0.011666667,0.0001,0.047619048,0.258571429,0.585454545,0.868181818
23117,Beef Products,"BEEF,CHUCK,UNDER BLADE STEAK,BNLESS,LN & FAT,0 FAT,CHOIC,CK","Beef, chuck, under blade steak, boneless, separable lean and fat, trimmed to 0 fat, choice, cooked, braised","Beef, Chuck, Under Blade Steak, URMIS #1158",,,284,27.6,19.3,0.0,0.0,0.0,8.0,0.31,3.25,0.0,0.09,7,3.804,0.223,0.069,14,0.086,2.82,20,0.013,183,31.9,9.52,0.008888889,0.182352941,1.354166667,0.0,0.006,0.0175,0.23775,0.171538462,0.0575,0.011666667,9.55556e-05,0.047619048,0.261428571,0.58,0.865454545
23118,Beef Products,"BEEF,CHUCK,UNDER BLADE STEAK,BNLESS,LN & FAT,0 FAT,SEL,CKD,","Beef, chuck, under blade steak, boneless, separable lean and fat, trimmed to 0 fat, select, cooked, braised","Beff, Chuck, Under Blade Steak, URMIS #1158",,,261,29.18,16.05,0.0,0.0,0.0,8.0,0.314,3.1,0.0,0.05,7,3.72,0.227,0.071,14,0.095,2.76,20,0.013,177,32.7,9.59,0.008888889,0.184705882,1.291666667,0.0,0.003333333,0.0175,0.2325,0.174615385,0.059166667,0.011666667,0.000105556,0.047619048,0.252857143,0.594545455,0.871818182
23119,Beef Products,"BEEF,CHK,MOCK TNDR STK,BNL,LN & FAT,0 FAT,ALL GRDS, CKD","Beef, chuck, mock tender steak, boneless, separable lean and fat, trimmed to 0 fat, all grades, cooked, braised","Beef, Chuck, Mock Tender Steak, URMIS #1116",,,220,32.07,10.18,0.0,0.0,0.0,7.0,0.381,4.3,0.0,0.11,8,3.809,0.277,0.083,14,0.144,3.29,22,0.025,230,37.5,10.44,0.007777778,0.224117647,1.791666667,0.0,0.007333333,0.02,0.2380625,0.213076923,0.069166667,0.011666667,0.00016,0.052380952,0.328571429,0.681818182,0.949090909
23120,Beef Products,"BEEF,CHUCK,MOCK TENDER STEAK,BNLESS,LN & FAT,0 FAT,CHOIC,CK","Beef, chuck, mock tender steak, boneless, separable lean and fat, trimmed to 0 fat, choice, cooked, braised","Beef, Chuck, Mock Tender Staek, URMIS #1116",,,225,32.21,10.74,0.0,0.0,0.0,7.0,0.372,4.29,0.0,0.11,8,3.787,0.276,0.088,15,0.144,3.38,22,0.015,230,37.1,10.46,0.007777778,0.218823529,1.7875,0.0,0.007333333,0.02,0.2366875,0.212307692,0.073333333,0.0125,0.00016,0.052380952,0.328571429,0.674545455,0.950909091
23121,Beef Products,"BEEF,CHUCK,MOCK TENDER STEAK,BNLESS,LN & FAT,0 FAT,SEL,CKD,","Beef, chuck, mock tender steak, boneless, separable lean and fat, trimmed to 0 fat, select, cooked, braised","Beef, Chuck, Mock Tender Steak, URMIS #1116",,,211,31.86,9.34,0.0,0.0,0.0,7.0,0.398,4.35,0.0,0.1,8,3.87,0.281,0.079,15,0.142,3.21,22,0.047,230,39.2,10.31,0.007777778,0.234117647,1.8125,0.0,0.006666667,0.02,0.241875,0.216153846,0.065833333,0.0125,0.000157778,0.052380952,0.328571429,0.712727273,0.937272727
23122,Beef Products,"BEEF,CHK,MOCK TEN STK,BNL,LN & FAT,0 FAT,ALL GRDS, CKD","Beef, chuck, mock tender steak, boneless, separable lean and fat, trimmed to 0 fat, all grades, raw","Beef, Chuck, Mock Tender Steak, URMIS #1116",,,128,21.13,4.79,0.0,0.0,0.0,3.0,0.413,3.11,0.0,0.2,3,3.587,0.214,0.08,11,0.087,2.43,25,0.012,223,24.1,7.93,0.003333333,0.242941176,1.295833333,0.0,0.013333333,0.0075,0.2241875,0.164615385,0.066666667,0.009166667,9.66667e-05,0.05952381,0.318571429,0.438181818,0.720909091
23123,Beef Products,"BEEF,CHK,MOCK TENDER STEAK,BNLESS,LN & FAT,0 FAT,CHOIC,RAW","Beef, chuck, mock tender steak, boneless, separable lean and fat, trimmed to 0 fat, choice, raw","Beef, Chuck, Mock Tender Steak, URMIS #1116",,,131,21.19,5.18,0.0,0.0,0.0,3.0,0.407,3.19,0.0,0.19,3,3.513,0.215,0.08,11,0.089,2.5,26,0.013,229,24.1,8.0,0.003333333,0.239411765,1.329166667,0.0,0.012666667,0.0075,0.2195625,0.165384615,0.066666667,0.009166667,9.88889e-05,0.061904762,0.327142857,0.438181818,0.727272727
23124,Beef Products,"BEEF,CHUCK,MOCK TENDER STEAK,BNLESS,LN & FAT,0 FAT,SEL,RAW","Beef, chuck, mock tender steak, boneless, separable lean and fat, trimmed to 0 fat, select, raw","Beef, Chuck, Mock Tender Steak, URMIS #1116",,,122,21.05,4.2,0.0,0.0,0.0,3.0,0.445,2.99,0.0,0.2,3,3.72,0.217,0.08,11,0.083,2.25,24,0.012,215,24.9,7.85,0.003333333,0.261764706,1.245833333,0.0,0.013333333,0.0075,0.2325,0.166923077,0.066666667,0.009166667,9.22222e-05,0.057142857,0.307142857,0.452727273,0.713636364
23125,Beef Products,"BEEF,CHUCK,SHRT RIBS,BNLESS,LN & FAT,0 FAT,ALL GRDS,CKD,BRS","Beef, chuck, short ribs, boneless, separable lean and fat, trimmed to 0 fat, all grades, cooked, braised","Beef, Chuck, Short Ribs, URMIS #1127",,,305,25.48,22.58,0.0,0.0,0.0,8.0,0.287,3.45,0.0,0.08,6,3.299,0.227,0.09,14,0.097,2.7,20,0.013,170,29.7,9.73,0.008888889,0.168823529,1.4375,0.0,0.005333333,0.015,0.2061875,0.174615385,0.075,0.011666667,0.000107778,0.047619048,0.242857143,0.54,0.884545455
23126,Beef Products,"BEEF,CHUCK,SHRT RIBS,BNLESS,LN & FAT,0 FAT,CHOIC,CKD,BRSD","Beef, chuck, short ribs, boneless, separable lean and fat, trimmed to 0 fat, choice, cooked, braised","Beef, Chuck, Short Ribs, URMIS #1127",,,317,25.26,24.05,0.0,0.0,0.0,8.0,0.273,3.55,0.0,0.09,6,3.246,0.221,0.089,14,0.096,2.67,20,0.012,168,29.0,9.64,0.008888889,0.160588235,1.479166667,0.0,0.006,0.015,0.202875,0.17,0.074166667,0.011666667,0.000106667,0.047619048,0.24,0.527272727,0.876363636
23127,Beef Products,"BEEF,CHUCK,SHRT RIBS,BNLESS,LN & FAT,0 FAT,SEL,CKD,BRSD","Beef, chuck, short ribs, boneless, separable lean and fat, trimmed to 0 fat, select, cooked, braised","Beef, Chuck, Short Ribs, URMIS #1127",,,287,25.81,20.38,0.0,0.0,0.0,8.0,0.308,3.29,0.0,0.06,6,3.501,0.245,0.091,14,0.096,2.76,21,0.013,180,31.9,10.23,0.008888889,0.181176471,1.370833333,0.0,0.004,0.015,0.2188125,0.188461538,0.075833333,0.011666667,0.000106667,0.05,0.257142857,0.58,0.93
23128,Beef Products,"BEEF,CHUCK,SHRT RIBS,BNLESS,LN & FAT,0 FAT,ALL GRDS,RAW","Beef, chuck, short ribs, boneless, separable lean and fat, trimmed to 0 fat, all grades, raw",URMIS #1127,,,235,17.48,18.33,0.0,0.0,0.0,4.0,0.296,3.0,0.0,0.15,3,3.293,0.168,0.078,12,0.07,2.24,18,0.011,165,18.7,7.07,0.004444444,0.174117647,1.25,0.0,0.01,0.0075,0.2058125,0.129230769,0.065,0.01,7.77778e-05,0.042857143,0.235714286,0.34,0.642727273
23129,Beef Products,"BEEF,CHUCK,SHRT RIBS,BNLESS,LN & FAT,0 FAT,CHOIC,RAW","Beef, chuck, short ribs, boneless, separable lean and fat, trimmed to 0 fat, choice, raw","Beef, Chuck, Short Ribs, URMIS #1127",,,240,17.22,19.03,0.0,0.0,0.0,4.0,0.296,2.9,0.0,0.16,3,3.323,0.168,0.078,11,0.069,2.3,18,0.011,167,19.3,7.13,0.004444444,0.174117647,1.208333333,0.0,0.010666667,0.0075,0.2076875,0.129230769,0.065,0.009166667,7.66667e-05,0.042857143,0.238571429,0.350909091,0.648181818
23130,Beef Products,"BEEF,CHUCK,SHRT RIBS,BNLESS,LN & FAT,0 FAT,SEL,RAW","Beef, chuck, short ribs, boneless, separable lean and fat, trimmed to 0 fat, select, raw","Beef, Chuck, Short Ribs, URMIS #1127",,,227,17.87,17.28,0.0,0.0,0.0,5.0,0.306,3.09,0.0,0.14,3,3.318,0.167,0.078,12,0.072,2.15,17,0.01,162,18.6,7.04,0.005555556,0.18,1.2875,0.0,0.009333333,0.0075,0.207375,0.128461538,0.065,0.01,8e-05,0.04047619,0.231428571,0.338181818,0.64
23131,Beef Products,"BEEF,SHLDR POT RST,BNLESS,LN & FAT,0 FAT,ALL GRDS,CKD,BRSD","Beef, shoulder pot roast, boneless, separable lean and fat, trimmed to 0 fat, all grades, cooked, braised","Beef, Chuck, Clod (Shoulder) Roast, URMIS #1132",,,204,31.03,8.92,0.0,0.0,0.0,7.0,0.535,3.35,0.0,0.11,8,4.662,0.271,0.079,13,0.129,3.53,25,0.014,230,37.5,9.24,0.007777778,0.314705882,1.395833333,0.0,0.007333333,0.02,0.291375,0.208461538,0.065833333,0.010833333,0.000143333,0.05952381,0.328571429,0.681818182,0.84
23132,Beef Products,"BEEF,SHLDR POT RST,BNLESS,LN & FAT,0 FAT,CHOIC,CKD,BRSD","Beef, shoulder pot roast, boneless, separable lean and fat, trimmed to 0 fat, choice, cooked, braised","Beef, Chuck, Clod (Shoulder) Roast, URMIS #1132",,,207,30.93,9.25,0.0,0.0,0.0,6.0,0.506,3.34,0.0,0.13,8,4.873,0.278,0.079,13,0.138,3.7,24,0.015,230,38.1,9.22,0.006666667,0.297647059,1.391666667,0.0,0.008666667,0.02,0.3045625,0.213846154,0.065833333,0.010833333,0.000153333,0.057142857,0.328571429,0.692727273,0.838181818
23133,Beef Products,"BEEF,SHLDR POT RST,BNLESS,LN & FAT,0 FAT,SEL,CKD,BRSD","Beef, shoulder pot roast, boneless, separable lean and fat, trimmed to 0 fat, select, cooked, braised","Beef, Chuck, Clod (Shoulder) Roast, URMIS #1132",,,200,31.18,8.41,0.0,0.0,0.0,7.0,0.578,3.36,0.0,0.08,8,4.347,0.26,0.079,13,0.116,3.29,26,0.014,228,36.6,9.28,0.007777778,0.34,1.4,0.0,0.005333333,0.02,0.2716875,0.2,0.065833333,0.010833333,0.000128889,0.061904762,0.325714286,0.665454545,0.843636364
23134,Beef Products,"BEEF,CHK EYE CTRY-STYLE RIBS,BNL,LN & FAT,0 FAT,ALL GR, CKD","Beef, chuck eye Country-Style ribs, boneless, separable lean and fat, trimmed to 0 fat, all grades, cooked, braised","Beef, Chuck, Bnls Country Style Beef Ribs, URMIS #1096",,,296,27.69,20.55,0.0,0.0,0.0,8.0,0.272,3.1,0.0,0.09,7,3.804,0.209,0.066,16,0.093,2.49,17,0.014,172,30.7,8.91,0.008888889,0.16,1.291666667,0.0,0.006,0.0175,0.23775,0.160769231,0.055,0.013333333,0.000103333,0.04047619,0.245714286,0.558181818,0.81
23135,Beef Products,"BEEF,CHK EYE CNTRY-STYL RIBS,BNL,LN & FAT,0 FAT,CHOICE, CKD","Beef, chuck eye Country-Style ribs, boneless, separable lean and fat, trimmed to 0 fat, choice, cooked, braised","Beef, Chuck, Bnls Country Style Beef Ribs, URMIS #1096",,,303,27.16,21.56,0.0,0.0,0.0,8.0,0.269,3.12,0.0,0.11,7,3.791,0.208,0.066,16,0.097,2.51,16,0.014,169,31.7,8.93,0.008888889,0.158235294,1.3,0.0,0.007333333,0.0175,0.2369375,0.16,0.055,0.013333333,0.000107778,0.038095238,0.241428571,0.576363636,0.811818182
23136,Beef Products,"BEEF,CHK EYE CNTRY-STYLE RIBS,BNL,LN & FAT,0 FAT,SEL, CKD","Beef, chuck eye Country-Style ribs, boneless, separable lean and fat, trimmed to 0 fat, select, cooked, braised","Beef, Chuck, Bnls Country Style Beef Ribs, URMIS #1096",,,285,28.47,19.03,0.0,0.0,0.0,8.0,0.278,3.07,0.0,0.05,7,3.886,0.211,0.066,15,0.083,2.46,19,0.014,181,30.3,9.07,0.008888889,0.163529412,1.279166667,0.0,0.003333333,0.0175,0.242875,0.162307692,0.055,0.0125,9.22222e-05,0.045238095,0.258571429,0.550909091,0.824545455
23137,Beef Products,"BEEF,CHK EYE CNTRY-STYLE RIBS,BNL,LN & FAT,0 FAT,ALL GR,RAW","Beef, chuck eye Country-Style ribs, boneless, separable lean and fat, trimmed to 0 fat, all grades, raw","Beef, Chuck, Bnls Country Style Beef Ribs, URMIS #1096",,,205,18.97,14.32,0.0,0.0,0.0,4.0,0.338,2.91,0.0,0.16,3,3.875,0.162,0.07,14,0.083,2.1,16,0.012,175,19.1,6.65,0.004444444,0.198823529,1.2125,0.0,0.010666667,0.0075,0.2421875,0.124615385,0.058333333,0.011666667,9.22222e-05,0.038095238,0.25,0.347272727,0.604545455
23138,Beef Products,"BEEF,CHK EYE CNTRY-STYLE RIBS,BNL,LN & FAT,0 FAT,CHOICE,RAW","Beef, chuck eye Country-Style ribs, boneless, separable lean and fat, trimmed to 0 fat, choice, raw","Beef, Chuck, Bnls Country Style Beef Ribs, URMIS #1096",,,210,18.87,14.99,0.0,0.0,0.0,4.0,0.337,2.94,0.0,0.18,3,3.821,0.166,0.07,15,0.083,2.16,16,0.012,177,19.6,7.02,0.004444444,0.198235294,1.225,0.0,0.012,0.0075,0.2388125,0.127692308,0.058333333,0.0125,9.22222e-05,0.038095238,0.252857143,0.356363636,0.638181818
23139,Beef Products,"BEEF,CHK EYE CNTRY-STYLE RIBS,BNL,LN & FAT,0 FAT,SEL,RAW","Beef, chuck eye Country-Style ribs, boneless, separable lean and fat, trimmed to 0 fat, select, raw","Beef, Chuck, Bnls Country Style Beef Ribs, URMIS #1096",,,196,19.1,13.33,0.0,0.0,0.0,4.0,0.338,2.8,0.0,0.12,3,3.95,0.157,0.07,14,0.084,1.97,16,0.012,172,18.6,5.89,0.004444444,0.198823529,1.166666667,0.0,0.008,0.0075,0.246875,0.120769231,0.058333333,0.011666667,9.33333e-05,0.038095238,0.245714286,0.338181818,0.535454545
23140,Beef Products,"BEEF,CHUCK EYE STEAK,BNLESS,LN & FAT,0 FAT,ALL GRDS,CKD,GR","Beef, chuck eye steak, boneless, separable lean and fat, trimmed to 0 fat, all grades, cooked, grilled","Beef, Chuck, Chuck Eye Steaks, URMIS #1102",,,277,24.98,19.64,0.0,0.0,0.0,7.0,0.373,3.03,0.0,0.1,6,4.663,0.191,0.066,16,0.077,2.45,22,0.012,193,27.5,8.68,0.007777778,0.219411765,1.2625,0.0,0.006666667,0.015,0.2914375,0.146923077,0.055,0.013333333,8.55556e-05,0.052380952,0.275714286,0.5,0.789090909
23141,Beef Products,"BEEF,CHK EYE STEAK,BNLESS,LN & FAT,0 FAT,CHOIC,CKD,GRILLED","Beef, chuck eye steak, boneless, separable lean and fat, trimmed to 0 fat, choice, cooked, grilled","Beef, Chuck, Chuck Eye Steaks, URMIS #1102",,,283,24.95,20.35,0.0,0.0,0.0,7.0,0.357,2.89,0.0,0.1,6,4.649,0.188,0.066,15,0.079,2.46,21,0.012,192,26.8,8.63,0.007777778,0.21,1.204166667,0.0,0.006666667,0.015,0.2905625,0.144615385,0.055,0.0125,8.77778e-05,0.05,0.274285714,0.487272727,0.784545455
23142,Beef Products,"BEEF,CHUCK EYE STEAK,BNLESS,LN & FAT,0 FAT,SEL,CKD,GRILLED","Beef, chuck eye steak, boneless, separable lean and fat, trimmed to 0 fat, select, cooked, grilled","Beef, Chuck, Chuck Eye Steaks, URMIS #1102",,,267,25.03,18.57,0.0,0.0,0.0,8.0,0.408,3.14,0.0,0.09,6,4.773,0.194,0.066,17,0.072,2.42,22,0.012,192,29.1,8.78,0.008888889,0.24,1.308333333,0.0,0.006,0.015,0.2983125,0.149230769,0.055,0.014166667,8e-05,0.052380952,0.274285714,0.529090909,0.798181818
23143,Beef Products,"BEEF,CHUCK EYE STEAK,BNLESS,LN & FAT,0 FAT,ALL GRDS,RAW","Beef, chuck eye steak, boneless, separable lean and fat, trimmed to 0 fat, all grades, raw","Beef, Chuck, Chuck Eye Steaks, URMIS #1102",,,223,18.86,16.35,0.0,0.0,0.0,4.0,0.362,2.7,0.0,0.15,3,4.351,0.144,0.074,14,0.064,2.1,19,0.009,179,19.8,7.26,0.004444444,0.212941176,1.125,0.0,0.01,0.0075,0.2719375,0.110769231,0.061666667,0.011666667,7.11111e-05,0.045238095,0.255714286,0.36,0.66
23144,Beef Products,"BEEF,CHUCK EYE STEAK,BNLESS,LN & FAT,0 FAT,CHOIC,RAW","Beef, chuck eye steak, boneless, separable lean and fat, trimmed to 0 fat, choice, raw","Beef, Chuck, Chuck Eye Steaks, URMIS #1102",,,227,18.86,16.85,0.0,0.0,0.0,4.0,0.326,2.74,0.0,0.15,3,4.34,0.141,0.07,14,0.065,2.1,19,0.008,179,19.9,7.3,0.004444444,0.191764706,1.141666667,0.0,0.01,0.0075,0.27125,0.108461538,0.058333333,0.011666667,7.22222e-05,0.045238095,0.255714286,0.361818182,0.663636364
23146,Beef Products,"BEEF,RIB EYE RST,BNE-IN,LIP-ON,LN,1/8 FT,ALL GRDS,CKD,RSTD","Beef, rib eye roast, bone-in, lip-on, separable lean only, trimmed to 1/8 fat, all grades, cooked, roasted",,,,231,27.12,13.64,0.0,0.0,0.0,2.0,0.544,2.26,0.0,0.1,7,5.561,0.329,0.095,11,0.085,2.36,24,0.085,173,27.7,6.14,0.002222222,0.32,0.941666667,0.0,0.006666667,0.0175,0.3475625,0.253076923,0.079166667,0.009166667,9.44444e-05,0.057142857,0.247142857,0.503636364,0.558181818
23147,Beef Products,"BEEF,RIB EYE RST,BONE-IN,LIP-ON,LN,1/8 FAT,SEL,CKD,RSTD","Beef, rib eye roast, bone-in, lip-on, separable lean only, trimmed to 1/8 fat, select, cooked, roasted",URMIS #1193,,,219,27.03,12.29,0.0,0.0,0.0,2.0,0.584,2.31,0.0,0.07,7,5.685,0.33,0.08,11,0.083,2.35,24,0.083,170,26.5,6.2,0.002222222,0.343529412,0.9625,0.0,0.004666667,0.0175,0.3553125,0.253846154,0.066666667,0.009166667,9.22222e-05,0.057142857,0.242857143,0.481818182,0.563636364
23148,Beef Products,"BEEF,RIB EYE STEAK,BNLES,LIP-ON,LN,1/8 FAT,CHOIC,CKD,GRILD","Beef, rib eye steak, boneless, lip-on, separable lean only, trimmed to 1/8 fat, choice, cooked, grilled",URMIS #2018,,,217,27.3,11.97,0.0,0.0,0.0,1.0,0.514,2.37,0.0,0.12,7,5.545,0.335,0.08,8,0.087,2.65,25,0.087,174,33.0,6.97,0.001111111,0.302352941,0.9875,0.0,0.008,0.0175,0.3465625,0.257692308,0.066666667,0.006666667,9.66667e-05,0.05952381,0.248571429,0.6,0.633636364
23149,Beef Products,"BEEF,RIB EYE STEAK,BNLESS,LIP-ON,LN,1/8 FAT,SEL,CKD,GRILLED","Beef, rib eye steak, boneless, lip-on, separable lean only, trimmed to 1/8 fat, select, cooked, grilled",URMIS #1203,,,192,28.98,8.48,0.0,0.0,0.0,2.0,0.623,2.25,0.0,0.07,7,6.18,0.305,0.08,6,0.096,2.34,26,0.096,181,39.5,7.05,0.002222222,0.366470588,0.9375,0.0,0.004666667,0.0175,0.38625,0.234615385,0.066666667,0.005,0.000106667,0.061904762,0.258571429,0.718181818,0.640909091
23150,Beef Products,"BEEF,RIB EYE STK/RST,BONE-IN,LIP-ON,LN,1/8 FAT,ALL GRDS,RAW","Beef, rib eye steak/roast, bone-in, lip-on, separable lean only, trimmed to 1/8 fat, all grades, raw",,,,166,21.22,9.04,0.0,0.0,0.0,2.0,0.488,1.94,0.0,0.15,3,5.08,0.269,0.1,9,0.073,1.96,21,0.073,152,21.1,4.89,0.002222222,0.287058824,0.808333333,0.0,0.01,0.0075,0.3175,0.206923077,0.083333333,0.0075,8.11111e-05,0.05,0.217142857,0.383636364,0.444545455
23151,Beef Products,"BEEF,RIB EYE STEAK/RST,BONE-IN,LIP-ON,LN,1/8 FAT,CHOIC,RAW","Beef, rib eye steak/roast, bone-in, lip-on, separable lean only, trimmed to 1/8 fat, choice, raw",URMIS #2012/2008,,,173,20.93,9.97,0.0,0.0,0.0,2.0,0.467,1.93,0.0,0.16,3,4.907,0.278,0.1,9,0.073,1.95,22,0.073,156,21.5,4.77,0.002222222,0.274705882,0.804166667,0.0,0.010666667,0.0075,0.3066875,0.213846154,0.083333333,0.0075,8.11111e-05,0.052380952,0.222857143,0.390909091,0.433636364
23152,Beef Products,"BEEF,RIB EYE STEAK/ROAST,BONE-IN,LIP-ON,LN,1/8 FAT,SEL,RAW","Beef, rib eye steak/roast, bone-in, lip-on, separable lean only, trimmed to 1/8 fat, select, raw",URMIS #1197/1193,,,155,21.65,7.64,0.0,0.0,0.0,2.0,0.521,1.96,0.0,0.14,3,5.34,0.255,0.1,10,0.072,1.99,21,0.072,148,20.5,5.07,0.002222222,0.306470588,0.816666667,0.0,0.009333333,0.0075,0.33375,0.196153846,0.083333333,0.008333333,8e-05,0.05,0.211428571,0.372727273,0.460909091
23153,Beef Products,"BEEF,RIB EYE STK/RST,BNLESS,LIP-ON,LN,1/8 FAT,ALL GRDS,RAW","Beef, rib eye steak/roast, boneless, lip-on, separable lean only, trimmed to 1/8 fat, all grades, raw",,,,156,21.99,7.54,0.0,0.0,0.0,2.0,0.467,1.87,0.0,0.15,4,5.555,0.271,0.115,6,0.076,1.94,23,0.075,156,27.3,5.67,0.002222222,0.274705882,0.779166667,0.0,0.01,0.01,0.3471875,0.208461538,0.095833333,0.005,8.44444e-05,0.054761905,0.222857143,0.496363636,0.515454545
23154,Beef Products,"BEEF,RIB EYE STEAK/ROAST,BNLESS,LIP-ON,LN,1/8 FAT,CHOIC,RAW","Beef, rib eye steak/roast, boneless, lip-on, separable lean only, trimmed to 1/8 fat, choice, raw",URMIS #2018/2009,,,161,21.62,8.29,0.0,0.0,0.0,2.0,0.479,1.96,0.0,0.18,3,5.538,0.278,0.13,7,0.071,2.04,22,0.071,153,27.5,5.63,0.002222222,0.281764706,0.816666667,0.0,0.012,0.0075,0.346125,0.213846154,0.108333333,0.005833333,7.88889e-05,0.052380952,0.218571429,0.5,0.511818182
23155,Beef Products,"BEEF,RIB EYE STEAK/ROAST,BNLESS,LIP-ON,LN,1/8 FAT,SEL,RAW","Beef, rib eye steak/roast, boneless, lip-on, separable lean only, trimmed to 1/8 fat, select, raw",URMIS #1203/1194,,,148,22.55,6.41,0.0,0.0,0.0,2.0,0.449,1.75,0.0,0.1,4,5.58,0.26,0.1,5,0.084,1.8,23,0.082,160,27.0,5.72,0.002222222,0.264117647,0.729166667,0.0,0.006666667,0.01,0.34875,0.2,0.083333333,0.004166667,9.33333e-05,0.054761905,0.228571429,0.490909091,0.52
23156,Beef Products,"BEEF,RIB EYE STK,BNE-IN,LIP-ON,LN,1/8 FAT,ALL GRDS,CKD,GRLD","Beef, rib eye steak, bone-in, lip-on, separable lean only, trimmed to 1/8 fat, all grades, cooked, grilled",,,,221,27.4,12.43,0.0,0.0,0.0,2.0,0.547,2.22,0.0,0.08,7,5.683,0.334,0.105,22,0.081,2.62,25,0.081,184,28.2,6.0,0.002222222,0.321764706,0.925,0.0,0.005333333,0.0175,0.3551875,0.256923077,0.0875,0.018333333,9e-05,0.05952381,0.262857143,0.512727273,0.545454545
23157,Beef Products,"BEEF,RIB EYE STEAK,BONE-IN,LIP-ON,LN,1/8 FAT,CHOIC,CKD,GRLD","Beef, rib eye steak, bone-in, lip-on, separable lean only, trimmed to 1/8 fat, choice, cooked, grilled",URMIS #2012,,,229,27.03,13.44,0.0,0.0,0.0,1.0,0.53,2.21,0.0,0.1,7,5.675,0.337,0.1,22,0.083,2.61,25,0.083,184,28.3,6.0,0.001111111,0.311764706,0.920833333,0.0,0.006666667,0.0175,0.3546875,0.259230769,0.083333333,0.018333333,9.22222e-05,0.05952381,0.262857143,0.514545455,0.545454545
23158,Beef Products,"BEEF,RIB EYE STEAK,BONE-IN,LIP-ON,LN,1/8 FAT,SEL,CKD,GRILD","Beef, rib eye steak, bone-in, lip-on, separable lean only, trimmed to 1/8 fat, select, cooked, grilled",URMIS #1197,,,210,27.96,10.91,0.0,0.0,0.0,2.0,0.573,2.23,0.0,0.06,7,5.695,0.33,0.11,22,0.078,2.63,25,0.078,185,28.0,6.01,0.002222222,0.337058824,0.929166667,0.0,0.004,0.0175,0.3559375,0.253846154,0.091666667,0.018333333,8.66667e-05,0.05952381,0.264285714,0.509090909,0.546363636
23159,Beef Products,"BEEF,RIB EYE RST,BNLESS,LIP-ON,LN,1/8 FAT,ALL GRDS,CKD,RSTD","Beef, rib eye roast, boneless, lip-on, separable lean only, trimmed to 1/8 fat, all grades, cooked, roasted",,,,218,28.21,11.68,0.0,0.0,0.0,2.0,0.54,2.33,0.0,0.1,7,5.85,0.292,0.09,8,0.089,2.13,24,0.089,178,35.5,7.09,0.002222222,0.317647059,0.970833333,0.0,0.006666667,0.0175,0.365625,0.224615385,0.075,0.006666667,9.88889e-05,0.057142857,0.254285714,0.645454545,0.644545455
23160,Beef Products,"BEEF,RIB EYE RST,BNLESS,LIP-ON,LN,1/8 FAT,CHOIC,CKD,RSTD","Beef, rib eye roast, boneless, lip-on, separable lean only, trimmed to 1/8 fat, choice, cooked, roasted",URMIS #2009,,,229,27.87,13.01,0.0,0.0,0.0,2.0,0.534,2.43,0.0,0.12,7,5.657,0.277,0.1,8,0.093,2.2,24,0.093,175,34.8,7.12,0.002222222,0.314117647,1.0125,0.0,0.008,0.0175,0.3535625,0.213076923,0.083333333,0.006666667,0.000103333,0.057142857,0.25,0.632727273,0.647272727
23161,Beef Products,"BEEF,RIB EYE RST,BNLESS,LIP-ON,LN,1/8 FAT,SEL,CKD,RSTD","Beef, rib eye roast, boneless, lip-on, separable lean only, trimmed to 1/8 fat, select, cooked, roasted",URMIS #1194,,,202,28.72,9.68,0.0,0.0,0.0,2.0,0.549,2.18,0.0,0.08,7,6.14,0.315,0.08,8,0.083,2.02,25,0.083,183,36.5,7.05,0.002222222,0.322941176,0.908333333,0.0,0.005333333,0.0175,0.38375,0.242307692,0.066666667,0.006666667,9.22222e-05,0.05952381,0.261428571,0.663636364,0.640909091
23162,Beef Products,"BEEF,PLATE STK,BNLE,INSDE SKRT,LN,0 FAT,ALL GRDS,CKD,GRLD","Beef, plate steak, boneless, inside skirt, separable lean only, trimmed to 0 fat, all grades, cooked, grilled",,,,234,29.99,12.69,0.0,0.0,0.0,2.0,0.492,2.95,0.0,0.09,7,6.471,0.353,0.085,7,0.109,2.47,24,0.109,171,34.0,8.24,0.002222222,0.289411765,1.229166667,0.0,0.006,0.0175,0.4044375,0.271538462,0.070833333,0.005833333,0.000121111,0.057142857,0.244285714,0.618181818,0.749090909
23163,Beef Products,"BEEF,PLATE STEAK,BNLESS,INSIDE SKIRT,LN,0 FAT,ALL GRDS,RAW","Beef, plate steak, boneless, inside skirt, separable lean only, trimmed to 0 fat, all grades, raw",,,,164,21.17,8.82,0.0,0.0,0.0,2.0,0.438,2.38,0.0,0.14,3,5.439,0.299,0.058,6,0.088,1.75,21,0.088,151,23.0,6.26,0.002222222,0.257647059,0.991666667,0.0,0.009333333,0.0075,0.3399375,0.23,0.048333333,0.005,9.77778e-05,0.05,0.215714286,0.418181818,0.569090909
23164,Beef Products,"BEEF,PLATE STK,BNLES,INSIDE SKIRT,LN,0 FAT,CHOIC,CKD,GRLD","Beef, plate steak, boneless, inside skirt, separable lean only, trimmed to 0 fat, choice, cooked, grilled",URMIS #2422,,,242,29.56,13.72,0.0,0.0,0.0,2.0,0.471,3.1,0.0,0.11,7,6.365,0.355,0.09,7,0.107,2.51,23,0.107,168,33.7,8.14,0.002222222,0.277058824,1.291666667,0.0,0.007333333,0.0175,0.3978125,0.273076923,0.075,0.005833333,0.000118889,0.054761905,0.24,0.612727273,0.74
23165,Beef Products,"BEEF,PLATE STEAK,BNLESS,INSIDE SKIRT,LN,0 FAT,CHOIC,RAW","Beef, plate steak, boneless, inside skirt, separable lean only, trimmed to 0 fat, choice, raw",URMIS #2422,,,171,20.89,9.76,0.0,0.0,0.0,2.0,0.44,2.55,0.0,0.17,3,5.282,0.285,0.055,6,0.087,1.74,21,0.087,150,24.0,6.25,0.002222222,0.258823529,1.0625,0.0,0.011333333,0.0075,0.330125,0.219230769,0.045833333,0.005,9.66667e-05,0.05,0.214285714,0.436363636,0.568181818
23166,Beef Products,"BEEF,PLATE STEAK,BNLESS,INSIDE SKIRT,LN,0 FAT,SEL,CKD,GRILD","Beef, plate steak, boneless, inside skirt, separable lean only, trimmed to 0 fat, select, cooked, grilled",URMIS #1607,,,223,30.64,11.16,0.0,0.0,0.0,2.0,0.524,2.72,0.0,0.07,7,6.63,0.35,0.08,7,0.107,2.36,24,0.107,176,35.0,8.49,0.002222222,0.308235294,1.133333333,0.0,0.004666667,0.0175,0.414375,0.269230769,0.066666667,0.005833333,0.000118889,0.057142857,0.251428571,0.636363636,0.771818182
23167,Beef Products,"BEEF,PLATE STEAK,BNLESS,INSIDE SKIRT,LN,0 FAT,SEL,RAW","Beef, plate steak, boneless, inside skirt, separable lean only, trimmed to 0 fat, select, raw",URMIS #1607,,,153,21.61,7.41,0.0,0.0,0.0,2.0,0.435,2.13,0.0,0.1,3,5.675,0.32,0.06,6,0.083,1.76,22,0.083,154,22.0,6.44,0.002222222,0.255882353,0.8875,0.0,0.006666667,0.0075,0.3546875,0.246153846,0.05,0.005,9.22222e-05,0.052380952,0.22,0.4,0.585454545
23168,Beef Products,"BEEF,PLATE STK,BNLES,OTSDE SKIRT,LN,0 FAT,ALL GRDS,CKD,GRLD","Beef, plate steak, boneless, outside skirt, separable lean only, trimmed to 0 fat, all grades, cooked, grilled",,,,282,27.68,19.01,0.0,0.0,0.0,2.0,0.458,7.92,0.0,0.09,7,5.198,0.853,0.125,7,0.211,5.21,25,0.21,188,35.7,7.17,0.002222222,0.269411765,3.3,0.0,0.006,0.0175,0.324875,0.656153846,0.104166667,0.005833333,0.000234444,0.05952381,0.268571429,0.649090909,0.651818182
23169,Beef Products,"BEEF,PLATE STEAK,BNLESS,OUTSIDE SKIRT,LN,0 FAT,ALL GRDS,RAW","Beef, plate steak, boneless, outside skirt, separable lean only, trimmed to 0 fat, all grades, raw",,,,206,18.74,14.53,0.19,0.0,0.0,2.0,0.402,5.55,0.0,0.14,3,4.251,0.588,0.11,5,0.181,3.6,20,0.18,148,23.7,4.95,0.002222222,0.236470588,2.3125,0.0,0.009333333,0.0075,0.2656875,0.452307692,0.091666667,0.004166667,0.000201111,0.047619048,0.211428571,0.430909091,0.45
23170,Beef Products,"BEEF,PLATE STEAK,BNLS,OUTSIDE SKIRT,LN,0 FAT,CHOIC,CKD,GRLD","Beef, plate steak, boneless, outside skirt, separable lean only, trimmed to 0 fat, choice, cooked, grilled",URMIS #2428,,,291,27.03,20.28,0.0,0.0,0.0,2.0,0.445,8.18,0.0,0.09,7,4.927,0.848,0.13,7,0.21,5.06,24,0.208,185,36.0,7.12,0.002222222,0.261764706,3.408333333,0.0,0.006,0.0175,0.3079375,0.652307692,0.108333333,0.005833333,0.000233333,0.057142857,0.264285714,0.654545455,0.647272727
23171,Beef Products,"BEEF,PLATE STEAK,BNLESS,OUTSIDE SKIRT,LN,0 FAT,CHOIC,RAW","Beef, plate steak, boneless, outside skirt, separable lean only, trimmed to 0 fat, choice, raw",URMIS #2428,,,212,18.47,15.26,0.17,0.0,0.0,2.0,0.392,5.82,0.0,0.16,3,4.212,0.597,0.11,5,0.182,3.53,20,0.182,147,23.7,4.74,0.002222222,0.230588235,2.425,0.0,0.010666667,0.0075,0.26325,0.459230769,0.091666667,0.004166667,0.000202222,0.047619048,0.21,0.430909091,0.430909091
23172,Beef Products,"BEEF,PLATE STEAK,BNLESS,OUTSIDE SKIRT,LN,0 FAT,SEL,CKD,GRLD","Beef, plate steak, boneless, outside skirt, separable lean only, trimmed to 0 fat, select, cooked, grilled",URMIS #1613,,,268,28.65,17.1,0.0,0.0,0.0,3.0,0.479,7.53,0.0,0.07,7,5.605,0.86,0.12,8,0.217,5.46,26,0.217,197,36.0,7.38,0.003333333,0.281764706,3.1375,0.0,0.004666667,0.0175,0.3503125,0.661538462,0.1,0.006666667,0.000241111,0.061904762,0.281428571,0.654545455,0.670909091
23173,Beef Products,"BEEF,PLATE STEAK,BNLESS,OUTSIDE SKIRT,LN,0 FAT,SEL,RAW","Beef, plate steak, boneless, outside skirt, separable lean only, trimmed to 0 fat, select, raw",URMIS #1613,,,198,19.14,13.44,0.23,0.0,0.0,3.0,0.417,5.16,0.0,0.12,3,4.31,0.575,0.11,6,0.175,3.8,21,0.175,153,24.0,5.36,0.003333333,0.245294118,2.15,0.0,0.008,0.0075,0.269375,0.442307692,0.091666667,0.005,0.000194444,0.05,0.218571429,0.436363636,0.487272727
23174,Beef Products,"BEEF,RIB EYE STEAK,BNLESS,LIP OFF,LN,0 FAT,ALL GRDS,CKD,GRI","Beef, rib eye steak, boneless, lip off, separable lean only, trimmed to 0 fat, all grades, cooked, grilled",,,,206,28.11,10.37,0.0,0.0,0.0,2.0,0.558,2.32,0.0,0.1,7,5.799,0.323,0.08,7,0.09,2.53,25,0.09,177,35.6,7.0,0.002222222,0.328235294,0.966666667,0.0,0.006666667,0.0175,0.3624375,0.248461538,0.066666667,0.005833333,0.0001,0.05952381,0.252857143,0.647272727,0.636363636
23175,Beef Products,"BEEF,RIB EYE STEAK,BNLESS,LIP OFF,LN,0 FAT,ALL GRDS,RAW","Beef, rib eye steak, boneless, lip off, separable lean only, trimmed to 0 fat, all grades, raw",,,,154,21.85,7.41,0.0,0.0,0.0,2.0,0.467,1.87,0.0,0.15,4,5.555,0.271,0.115,6,0.076,1.94,23,0.075,156,27.3,5.67,0.002222222,0.274705882,0.779166667,0.0,0.01,0.01,0.3471875,0.208461538,0.095833333,0.005,8.44444e-05,0.054761905,0.222857143,0.496363636,0.515454545
23176,Beef Products,"BEEF,RIB EYE STEAK,BNLESS,LIP OFF,LN,0 FAT,CHOIC,CKD,GRILLE","Beef, rib eye steak, boneless, lip off, separable lean only, trimmed to 0 fat, choice, cooked, grilled",URMIS #2024,,,215,27.39,11.75,0.0,0.0,0.0,1.0,0.514,2.37,0.0,0.12,7,5.545,0.335,0.08,8,0.087,2.65,25,0.087,174,33.0,6.97,0.001111111,0.302352941,0.9875,0.0,0.008,0.0175,0.3465625,0.257692308,0.066666667,0.006666667,9.66667e-05,0.05952381,0.248571429,0.6,0.633636364
23177,Beef Products,"BEEF,RIB EYE STEAK,BNLESS,LIP OFF,LN,0 FAT,CHOIC,RAW","Beef, rib eye steak, boneless, lip off, separable lean only, trimmed to 0 fat, choice, raw",URMIS #2024,,,162,21.44,8.5,0.0,0.0,0.0,2.0,0.479,1.96,0.0,0.18,3,5.538,0.278,0.13,7,0.071,2.04,22,0.071,153,27.5,5.63,0.002222222,0.281764706,0.816666667,0.0,0.012,0.0075,0.346125,0.213846154,0.108333333,0.005833333,7.88889e-05,0.052380952,0.218571429,0.5,0.511818182
23178,Beef Products,"BEEF,RIB EYE STEAK,BNLESS,LIP OFF,LN,0 FAT,SEL,CKD,GRILLED","Beef, rib eye steak, boneless, lip off, separable lean only, trimmed to 0 fat, select, cooked, grilled",URMIS #1209,,,191,29.18,8.31,0.0,0.0,0.0,2.0,0.623,2.25,0.0,0.07,7,6.18,0.305,0.08,6,0.096,2.34,26,0.096,181,39.5,7.05,0.002222222,0.366470588,0.9375,0.0,0.004666667,0.0175,0.38625,0.234615385,0.066666667,0.005,0.000106667,0.061904762,0.258571429,0.718181818,0.640909091
23179,Beef Products,"BEEF,RIB EYE STEAK,BNLESS,LIP OFF,LN,0 FAT,SEL,RAW","Beef, rib eye steak, boneless, lip off, separable lean only, trimmed to 0 fat, select, raw",URMIS #1209,,,142,22.46,5.78,0.0,0.0,0.0,2.0,0.449,1.75,0.0,0.1,4,5.58,0.26,0.1,5,0.084,1.8,23,0.082,160,27.0,5.72,0.002222222,0.264117647,0.729166667,0.0,0.006666667,0.01,0.34875,0.2,0.083333333,0.004166667,9.33333e-05,0.054761905,0.228571429,0.490909091,0.52
23180,Beef Products,"BEEF,RIB,BACK RIBS,BONE-IN,LN,0 FAT,ALL GRDS,CKD,BRSD","Beef, rib, back ribs, bone-in, separable lean only, trimmed to 0 fat, all grades, cooked, braised",,,,299,28.36,20.57,0.0,0.0,0.0,2.0,0.567,2.3,0.0,0.1,7,5.882,0.346,0.109,22,0.082,2.66,26,0.0,187,28.6,6.1,0.002222222,0.333529412,0.958333333,0.0,0.006666667,0.0175,0.367625,0.266153846,0.090833333,0.018333333,9.11111e-05,0.061904762,0.267142857,0.52,0.554545455
23181,Beef Products,"BEEF,RIB,BACK RIBS,BONE-IN,LN,0 FAT,ALL GRDS,RAW","Beef, rib, back ribs, bone-in, separable lean only, trimmed to 0 fat, all grades, raw",,,,239,19.11,17.91,0.46,0.0,0.0,0.0,0.44,1.75,0.0,0.08,3,4.576,0.242,0.09,9,0.068,1.84,20,0.0,143,19.8,4.59,0.0,0.258823529,0.729166667,0.0,0.005333333,0.0075,0.286,0.186153846,0.075,0.0075,7.55556e-05,0.047619048,0.204285714,0.36,0.417272727
23182,Beef Products,"BEEF,RIB,BACK RIBS,BONE-IN,LN,0 FAT,CHOIC,CKD,BRSD","Beef, rib, back ribs, bone-in, separable lean only, trimmed to 0 fat, choice, cooked, braised",URMIS #1997,,,306,27.75,21.72,0.0,0.0,0.0,2.0,0.544,2.27,0.0,0.0,7,5.826,0.346,0.103,22,0.084,2.64,26,0.0,187,28.7,6.08,0.002222222,0.32,0.945833333,0.0,0.0,0.0175,0.364125,0.266153846,0.085833333,0.018333333,9.33333e-05,0.061904762,0.267142857,0.521818182,0.552727273
23183,Beef Products,"BEEF,RIB,BACK RIBS,BONE-IN,LN,0 FAT,CHOIC,RAW","Beef, rib, back ribs, bone-in, separable lean only, trimmed to 0 fat, choice, raw",URMIS #1997,,,252,18.72,19.36,0.64,0.0,0.0,2.0,0.417,1.73,0.0,0.0,3,4.388,0.249,0.089,8,0.068,1.83,20,0.0,146,20.2,4.48,0.002222222,0.245294118,0.720833333,0.0,0.0,0.0075,0.27425,0.191538462,0.074166667,0.006666667,7.55556e-05,0.047619048,0.208571429,0.367272727,0.407272727
23184,Beef Products,"BEEF,RIB,BACK RIBS,BONE-IN,LN,0 FAT,SEL,CKD,BRSD","Beef, rib, back ribs, bone-in, separable lean only, trimmed to 0 fat, select, cooked, braised",URMIS #1182,,,287,29.28,18.84,0.0,0.0,0.0,3.0,0.6,2.34,0.0,0.0,7,5.964,0.346,0.115,22,0.079,2.68,26,0.0,188,28.5,6.13,0.003333333,0.352941176,0.975,0.0,0.0,0.0175,0.37275,0.266153846,0.095833333,0.018333333,8.77778e-05,0.061904762,0.268571429,0.518181818,0.557272727
23185,Beef Products,"BEEF,RIB,BACK RIBS,BONE-IN,LN,0 FAT,SEL,RAW","Beef, rib, back ribs, bone-in, separable lean only, trimmed to 0 fat, select, raw",URMIS #1182,,,221,19.71,15.73,0.2,0.0,0.0,3.0,0.475,1.78,0.0,0.0,3,4.861,0.232,0.091,9,0.068,1.86,20,0.0,138,19.2,4.75,0.003333333,0.279411765,0.741666667,0.0,0.0,0.0075,0.3038125,0.178461538,0.075833333,0.0075,7.55556e-05,0.047619048,0.197142857,0.349090909,0.431818182
23186,Beef Products,"BEEF,RIB EYE STK,BNE-IN,LIP-ON,LN & FT,1/8 FAT,CHOC,CKD,GRL","Beef, rib eye steak, bone-in, lip-on, separable lean and fat, trimmed to 1/8 fat, choice, cooked, grilled",URMIS #2012,,,313,22.71,24.7,0.0,0.0,0.0,8.0,0.45,2.0,0.0,0.1,6,4.752,0.296,0.085,22,0.073,2.29,22,0.073,156,23.7,5.07,0.008888889,0.264705882,0.833333333,0.0,0.006666667,0.015,0.297,0.227692308,0.070833333,0.018333333,8.11111e-05,0.052380952,0.222857143,0.430909091,0.460909091
23187,Beef Products,"BEEF,RIB EYE STK,BNE-IN,LIP-ON,LN & FT,1/8 FAT,SEL,CKD,GRLD","Beef, rib eye steak, bone-in, lip-on, separable lean and fat, trimmed to 1/8 fat, select, cooked, grilled",URMIS #1197,,,304,23.19,23.47,0.0,0.0,0.0,8.0,0.477,2.02,0.0,0.07,6,4.705,0.288,0.092,22,0.069,2.29,21,0.069,155,23.2,5.03,0.008888889,0.280588235,0.841666667,0.0,0.004666667,0.015,0.2940625,0.221538462,0.076666667,0.018333333,7.66667e-05,0.05,0.221428571,0.421818182,0.457272727
23188,Beef Products,"BEEF,RIB EYE STK,BN-IN,LIP-ON,LN & FT,1/8 FT,AL GDS,CKD,GRL","Beef, rib eye steak, bone-in, lip-on, separable lean and fat, trimmed to 1/8 fat, all grades, cooked, grilled",,,,309,22.9,24.2,0.0,0.0,0.0,8.0,0.461,2.01,0.0,0.09,6,4.733,0.293,0.088,22,0.071,2.29,21,0.071,156,23.5,5.05,0.008888889,0.271176471,0.8375,0.0,0.006,0.015,0.2958125,0.225384615,0.073333333,0.018333333,7.88889e-05,0.05,0.222857143,0.427272727,0.459090909
23189,Beef Products,"BEEF,RIB EYE RST,BNE-IN,LIP-ON,LN & FAT,1/8 FT,CHC,CKD,RST","Beef, rib eye roast, bone-in, lip-on, separable lean and fat, trimmed to 1/8 fat, choice, cooked, roasted",URMIS #2008,,,307,23.53,23.61,0.0,0.0,0.0,8.0,0.453,2.05,0.0,0.12,6,4.749,0.297,0.096,13,0.077,2.15,21,0.077,153,24.6,5.33,0.008888889,0.266470588,0.854166667,0.0,0.008,0.015,0.2968125,0.228461538,0.08,0.010833333,8.55556e-05,0.05,0.218571429,0.447272727,0.484545455
23190,Beef Products,"BEEF,RIB EYE RST,BNE-IN,LIP-ON,LN & FAT,1/8 FAT,SEL,CKD,RST","Beef, rib eye roast, bone-in, lip-on, separable lean and fat, trimmed to 1/8 fat, select, cooked, roasted",URMIS #1193,,,290,23.36,21.85,0.0,0.0,0.0,8.0,0.507,2.11,0.0,0.07,6,4.897,0.296,0.071,14,0.074,2.13,21,0.074,149,22.9,5.39,0.008888889,0.298235294,0.879166667,0.0,0.004666667,0.015,0.3060625,0.227692308,0.059166667,0.011666667,8.22222e-05,0.05,0.212857143,0.416363636,0.49
23191,Beef Products,"BEEF,RIB EYE RST,BNE-IN,LP-ON,LN & FT,1/8 FT,AL GRD,CKD,RST","Beef, rib eye roast, bone-in, lip-on, separable lean and fat, trimmed to 1/8 fat, all grades, cooked, roasted",,,,300,23.47,22.91,0.0,0.0,0.0,8.0,0.475,2.07,0.0,0.1,6,4.808,0.297,0.084,13,0.076,2.14,21,0.076,152,23.9,5.35,0.008888889,0.279411765,0.8625,0.0,0.006666667,0.015,0.3005,0.228461538,0.07,0.010833333,8.44444e-05,0.05,0.217142857,0.434545455,0.486363636
23192,Beef Products,"BEEF,RIB EYE STK/RST,BNE-IN,IP-ON,LN & FT,1/8 FT,AL GRDS,RW","Beef, rib eye steak/roast, bone-in, lip-on, separable lean and fat, trimmed to 1/8 fat, all grades, raw",,,,255,18.13,20.31,0.0,0.0,0.0,5.0,0.413,1.74,0.0,0.15,3,4.273,0.236,0.084,10,0.064,1.74,18,0.064,128,18.3,4.12,0.005555556,0.242941176,0.725,0.0,0.01,0.0075,0.2670625,0.181538462,0.07,0.008333333,7.11111e-05,0.042857143,0.182857143,0.332727273,0.374545455
23193,Beef Products,"BEEF,RIB EYE STK/RST,BNE-IN,LIP-ON,LN & FAT,1/8 FAT,CHC,RAW","Beef, rib eye steak/roast, bone-in, lip-on, separable lean and fat, trimmed to 1/8 fat, choice, raw",URMIS #2012/2008,,,260,17.92,20.96,0.0,0.0,0.0,5.0,0.397,1.74,0.0,0.15,3,4.153,0.244,0.084,10,0.064,1.73,18,0.064,131,18.6,4.04,0.005555556,0.233529412,0.725,0.0,0.01,0.0075,0.2595625,0.187692308,0.07,0.008333333,7.11111e-05,0.042857143,0.187142857,0.338181818,0.367272727
23194,Beef Products,"BEEF,RIB EYE STK/RST,BONE-IN,LIP-ON,LN & FAT,1/8 FAT,SEL,RW","Beef, rib eye steak/roast, bone-in, lip-on, separable lean and fat, trimmed to 1/8 fat, select, raw",URMIS #1197/1193,,,248,18.44,19.34,0.0,0.0,0.0,5.0,0.437,1.75,0.0,0.14,3,4.454,0.224,0.084,11,0.063,1.76,18,0.063,124,17.7,4.24,0.005555556,0.257058824,0.729166667,0.0,0.009333333,0.0075,0.278375,0.172307692,0.07,0.009166667,7e-05,0.042857143,0.177142857,0.321818182,0.385454545
23195,Beef Products,"BEEF,RIB EYE STEAK,BNLS,LIP-ON,LN & FAT,1/8 FAT,CHC,CKD,GRD","Beef, rib eye steak, boneless, lip-on, separable lean and fat, trimmed to 1/8 fat, choice, cooked, grilled",URMIS #2018,,,303,22.92,23.52,0.0,0.0,0.0,7.0,0.439,2.13,0.0,0.11,6,4.666,0.294,0.07,12,0.076,2.33,21,0.076,149,27.4,5.84,0.007777778,0.258235294,0.8875,0.0,0.007333333,0.015,0.291625,0.226153846,0.058333333,0.01,8.44444e-05,0.05,0.212857143,0.498181818,0.530909091
23196,Beef Products,"BEEF,RIB EYE STK,BNLS,LIP-ON,LN & FAT,1/8 FAT,SEL,CKD,GILD","Beef, rib eye steak, boneless, lip-on, separable lean and fat, trimmed to 1/8 fat, select, cooked, grilled",URMIS #1203,,,273,24.83,19.25,0.0,0.0,0.0,8.0,0.534,2.06,0.0,0.08,6,5.27,0.275,0.071,10,0.085,2.12,23,0.085,157,33.2,6.03,0.008888889,0.314117647,0.858333333,0.0,0.005333333,0.015,0.329375,0.211538462,0.059166667,0.008333333,9.44444e-05,0.054761905,0.224285714,0.603636364,0.548181818
23197,Beef Products,"BEEF,RIB EYE STK,BNLS,LIP-ON,LN & FT,1/8 FT,AL GRD,CKD,GRLD","Beef, rib eye steak, boneless, lip-on, separable lean and fat, trimmed to 1/8 fat, all grades, cooked, grilled",,,,291,23.69,21.81,0.0,0.0,0.0,8.0,0.477,2.1,0.0,0.1,6,4.908,0.287,0.071,11,0.08,2.24,22,0.08,152,29.7,5.91,0.008888889,0.280588235,0.875,0.0,0.006666667,0.015,0.30675,0.220769231,0.059166667,0.009166667,8.88889e-05,0.052380952,0.217142857,0.54,0.537272727
23198,Beef Products,"BEEF,RIB EYE RST,BNLS,LP-ON,LN & FT,1/8 FT,ALL GRD,CKD,RSTD","Beef, rib eye roast, boneless, lip-on, separable lean and fat, trimmed to 1/8 fat, all grades, cooked, roasted",,,,292,24.3,21.66,0.0,0.0,0.0,8.0,0.47,2.13,0.0,0.1,6,5.023,0.265,0.08,11,0.079,1.95,21,0.079,155,30.1,6.09,0.008888889,0.276470588,0.8875,0.0,0.006666667,0.015,0.3139375,0.203846154,0.066666667,0.009166667,8.77778e-05,0.05,0.221428571,0.547272727,0.553636364
23199,Beef Products,"BEEF,RIB EYE RST,BNLES,LIP-ON,LN & FAT,1/8 FAT,CHC,CKD,RSTD","Beef, rib eye roast, boneless, lip-on, separable lean and fat, trimmed to 1/8 fat, choice, cooked, roasted",URMIS #2009,,,303,23.92,22.98,0.0,0.0,0.0,8.0,0.464,2.2,0.0,0.11,6,4.851,0.252,0.087,11,0.082,2.0,21,0.082,152,29.5,6.09,0.008888889,0.272941176,0.916666667,0.0,0.007333333,0.015,0.3031875,0.193846154,0.0725,0.009166667,9.11111e-05,0.05,0.217142857,0.536363636,0.553636364
23200,Beef Products,"BEEF,RIB EYE RST,BNLES,LIP-ON,LN & FAT,1/8 FAT,SEL,CKD,RSTD","Beef, rib eye roast, boneless, lip-on, separable lean and fat, trimmed to 1/8 fat, select, cooked, roasted",URMIS #1194,,,277,24.85,19.68,0.0,0.0,0.0,8.0,0.48,2.01,0.0,0.08,6,5.281,0.285,0.072,11,0.075,1.87,22,0.075,160,31.0,6.09,0.008888889,0.282352941,0.8375,0.0,0.005333333,0.015,0.3300625,0.219230769,0.06,0.009166667,8.33333e-05,0.052380952,0.228571429,0.563636364,0.553636364
23201,Beef Products,"BEEF,RIB EYE STK/RST,BNLS,LIP-ON,LN & FAT,1/8 FAT,AL GRD,RW","Beef, rib eye steak/roast, boneless, lip-on, separable lean and fat, trimmed to 1/8 fat, all grades, raw",,,,244,18.85,18.73,0.0,0.0,0.0,5.0,0.398,1.7,0.0,0.14,3,4.681,0.239,0.097,8,0.067,1.74,19,0.067,132,23.3,4.78,0.005555556,0.234117647,0.708333333,0.0,0.009333333,0.0075,0.2925625,0.183846154,0.080833333,0.006666667,7.44444e-05,0.045238095,0.188571429,0.423636364,0.434545455
23202,Beef Products,"BEEF,RIB EYE STEAK/ROST,BNLS,LIP-ON,LN & FAT,1/8 FAT,CHC,RW","Beef, rib eye steak/roast, boneless, lip-on, separable lean and fat, trimmed to 1/8 fat, choice, raw",URMIS #2018/2009,,,253,18.39,19.95,0.0,0.0,0.0,5.0,0.404,1.75,0.0,0.17,3,4.629,0.244,0.107,8,0.063,1.81,19,0.063,128,23.3,4.71,0.005555556,0.237647059,0.729166667,0.0,0.011333333,0.0075,0.2893125,0.187692308,0.089166667,0.006666667,7e-05,0.045238095,0.182857143,0.423636364,0.428181818
23213,Beef Products,"BEEF,RIB EYE STEAK/ROST,BNLS,LIP-ON,LN & FAT,1/8 FAT,SEL,RW","Beef, rib eye steak/roast, boneless, lip-on, separable lean and fat, trimmed to 1/8 fat, select, raw",URMIS #1203/1194,,,230,19.55,16.9,0.0,0.0,0.0,5.0,0.388,1.61,0.0,0.1,3,4.759,0.233,0.086,7,0.074,1.64,20,0.072,137,23.2,4.88,0.005555556,0.228235294,0.670833333,0.0,0.006666667,0.0075,0.2974375,0.179230769,0.071666667,0.005833333,8.22222e-05,0.047619048,0.195714286,0.421818182,0.443636364
23214,Beef Products,"BEEF,PLTE STK,BNLS,INSD SKRT,LN & FAT,0 FAT,ALL GRD,CKD,GRL","Beef, plate steak, boneless, inside skirt, separable lean and fat, trimmed to 0 fat, all grades, cooked, grilled",,,,245,29.36,14.2,0.0,0.0,0.0,7.0,0.483,2.91,0.0,0.1,7,6.338,0.348,0.083,7,0.108,2.44,23,0.108,168,33.3,8.06,0.007777778,0.284117647,1.2125,0.0,0.006666667,0.0175,0.396125,0.267692308,0.069166667,0.005833333,0.00012,0.054761905,0.24,0.605454545,0.732727273
23215,Beef Products,"BEEF,PLATE STK,BNLSS,INSDE SKRT,LN & FAT,0 FAT,CHC,CKD,GRLD","Beef, plate steak, boneless, inside skirt, separable lean and fat, trimmed to 0 fat, choice, cooked, grilled",URMIS #2422,,,253,28.9,15.3,0.0,0.0,0.0,7.0,0.462,3.06,0.0,0.11,7,6.224,0.35,0.088,7,0.105,2.48,23,0.105,165,32.9,7.95,0.007777778,0.271764706,1.275,0.0,0.007333333,0.0175,0.389,0.269230769,0.073333333,0.005833333,0.000116667,0.054761905,0.235714286,0.598181818,0.722727273
23216,Beef Products,"BEEF,PLATE STK,BNLES,INSDE SKRT,LN & FAT,0 FAT,SEL,CKD,GRLD","Beef, plate steak, boneless, inside skirt, separable lean and fat, trimmed to 0 fat, select, cooked, grilled",URMIS #1607,,,233,30.06,12.54,0.0,0.0,0.0,8.0,0.515,2.7,0.0,0.07,7,6.509,0.346,0.078,7,0.106,2.34,24,0.106,173,34.3,8.33,0.008888889,0.302941176,1.125,0.0,0.004666667,0.0175,0.4068125,0.266153846,0.065,0.005833333,0.000117778,0.057142857,0.247142857,0.623636364,0.757272727
23217,Beef Products,"BEEF,PLATE STEK,BNLS,INSDE SKRT,LN & FAT,0 FAT,ALL GRDS,RW","Beef, plate steak, boneless, inside skirt, separable lean and fat, trimmed to 0 fat, all grades, raw",,,,187,20.38,11.71,0.0,0.0,0.0,4.0,0.421,2.31,0.0,0.15,3,5.241,0.289,0.055,6,0.085,1.71,20,0.085,145,22.2,5.99,0.004444444,0.247647059,0.9625,0.0,0.01,0.0075,0.3275625,0.222307692,0.045833333,0.005,9.44444e-05,0.047619048,0.207142857,0.403636364,0.544545455
23218,Beef Products,"BEEF,PLATE STEAK,BNLESS,INSIDE SKIRT,LN & FAT,0 FAT,CHOC,RW","Beef, plate steak, boneless, inside skirt, separable lean and fat, trimmed to 0 fat, choice, raw",URMIS #2422,,,195,20.06,12.78,0.0,0.0,0.0,4.0,0.422,2.46,0.0,0.17,3,5.076,0.275,0.053,6,0.084,1.7,20,0.084,144,23.1,5.97,0.004444444,0.248235294,1.025,0.0,0.011333333,0.0075,0.31725,0.211538462,0.044166667,0.005,9.33333e-05,0.047619048,0.205714286,0.42,0.542727273
23219,Beef Products,"BEEF,PLATE STEAK,BNLESS,INSIDE SKIRT,LN & FAT,0 FAT,SEL,RAW","Beef, plate steak, boneless, inside skirt, separable lean and fat, trimmed to 0 fat, select, raw",URMIS #1607,,,174,20.87,10.11,0.0,0.0,0.0,4.0,0.42,2.08,0.0,0.11,3,5.49,0.31,0.058,6,0.081,1.73,21,0.081,149,21.4,6.2,0.004444444,0.247058824,0.866666667,0.0,0.007333333,0.0075,0.343125,0.238461538,0.048333333,0.005,9e-05,0.05,0.212857143,0.389090909,0.563636364
23220,Beef Products,"BEEF,GROUND,UNSPEC FAT CONTENT,CKD","Beef, ground, unspecified fat content, cooked",,,,234,25.07,14.53,0.62,0.0,0.0,7.0,0.38,2.73,0.0,0.43,9,5.682,0.18,0.043,25,0.081,2.67,22,0.012,213,20.5,6.19,0.007777778,0.223529412,1.1375,0.0,0.028666667,0.0225,0.355125,0.138461538,0.035833333,0.020833333,9e-05,0.052380952,0.304285714,0.372727273,0.562727273
23221,Beef Products,"BEEF,PLTE STK,BNLS,OUTSD SKRT,LN & FAT,0 FT,AL GRD,CKD,GRLD","Beef, plate steak, boneless, outside skirt, separable lean and fat, trimmed to 0 fat, all grades, cooked, grilled",,,,292,27.06,20.47,0.0,0.0,0.0,8.0,0.45,7.72,0.0,0.09,7,5.096,0.831,0.122,8,0.206,5.09,24,0.205,185,34.8,7.01,0.008888889,0.264705882,3.216666667,0.0,0.006,0.0175,0.3185,0.639230769,0.101666667,0.006666667,0.000228889,0.057142857,0.264285714,0.632727273,0.637272727
23222,Beef Products,"BEEF,PLATE STK,BNLS,OUTSD SKRT,LN & FAT,0 FT,CHC,CKD,GRLD","Beef, plate steak, boneless, outside skirt, separable lean and fat, trimmed to 0 fat, choice, cooked, grilled",URMIS #2428,,,300,26.46,21.62,0.0,0.0,0.0,8.0,0.437,7.97,0.0,0.1,6,4.836,0.827,0.126,8,0.205,4.95,24,0.204,182,35.2,6.97,0.008888889,0.257058824,3.320833333,0.0,0.006666667,0.015,0.30225,0.636153846,0.105,0.006666667,0.000227778,0.057142857,0.26,0.64,0.633636364
23223,Beef Products,"BEEF,PLATE STK,BNLS,OTSDE SKRT,LN & FAT,0 FAT,SEL,CKD,GRILD","Beef, plate steak, boneless, outside skirt, separable lean and fat, trimmed to 0 fat, select, cooked, grilled",URMIS #1613,,,281,27.95,18.75,0.0,0.0,0.0,8.0,0.47,7.34,0.0,0.08,7,5.485,0.837,0.117,8,0.212,5.33,26,0.212,193,35.1,7.2,0.008888889,0.276470588,3.058333333,0.0,0.005333333,0.0175,0.3428125,0.643846154,0.0975,0.006666667,0.000235556,0.061904762,0.275714286,0.638181818,0.654545455
23224,Beef Products,"BEEF,PLATE STEK,BNLS,OUTSDE SKRT,LN & FAT,0 FAT,ALL GRDS,RW","Beef, plate steak, boneless, outside skirt, separable lean and fat, trimmed to 0 fat, all grades, raw",,,,232,17.98,17.59,0.35,0.0,0.0,4.0,0.385,5.25,0.0,0.15,3,4.092,0.556,0.104,6,0.17,3.42,19,0.17,142,22.6,4.72,0.004444444,0.226470588,2.1875,0.0,0.01,0.0075,0.25575,0.427692308,0.086666667,0.005,0.000188889,0.045238095,0.202857143,0.410909091,0.429090909
23225,Beef Products,"BEEF,PLATE STEAK,BNLS,OUTSIDE SKRT,LN & FAT,0 FAT,CHOIC,RAW","Beef, plate steak, boneless, outside skirt, separable lean and fat, trimmed to 0 fat, choice, raw",URMIS #2428,,,238,17.69,18.44,0.35,0.0,0.0,4.0,0.374,5.48,0.0,0.17,3,4.043,0.562,0.103,6,0.171,3.35,19,0.171,140,22.6,4.51,0.004444444,0.22,2.283333333,0.0,0.011333333,0.0075,0.2526875,0.432307692,0.085833333,0.005,0.00019,0.045238095,0.2,0.410909091,0.41
23226,Beef Products,"BEEF,PLATE STEAK,BNLESS,OUTSIDE SKIRT,LN & FAT,0 FAT,SEL,RW","Beef, plate steak, boneless, outside skirt, separable lean and fat, trimmed to 0 fat, select, raw",URMIS #1613,,,222,18.43,16.31,0.36,0.0,0.0,5.0,0.4,4.92,0.0,0.13,3,4.166,0.548,0.105,6,0.167,3.63,20,0.167,147,23.1,5.13,0.005555556,0.235294118,2.05,0.0,0.008666667,0.0075,0.260375,0.421538462,0.0875,0.005,0.000185556,0.047619048,0.21,0.42,0.466363636
23227,Beef Products,"BEEF,RIB EYE STK,BNLS,LIP OF,LN & FAT,0 FT,AL GRDS,CKD,GRLD","Beef, rib eye steak, boneless, lip off, separable lean and fat, trimmed to 0 fat, all grades, cooked, grilled",,,,271,24.85,19.02,0.0,0.0,0.0,7.0,0.5,2.2,0.0,0.0,6,5.149,0.301,0.074,12,0.085,2.4,23,0.0,163,31.8,6.34,0.007777778,0.294117647,0.916666667,0.0,0.0,0.015,0.3218125,0.231538462,0.061666667,0.01,9.44444e-05,0.054761905,0.232857143,0.578181818,0.576363636
23228,Beef Products,"BEEF,RIB EYE STEAK,BNLS,LIP OFF,LN & FAT,0 FAT,CHC,CKD,GRLD","Beef, rib eye steak, boneless, lip off, separable lean and fat, trimmed to 0 fat, choice, cooked, grilled",URMIS #2024,,,285,23.89,21.1,0.0,0.0,0.0,7.0,0.458,2.22,0.0,0.0,6,4.863,0.306,0.073,12,0.081,2.49,23,0.0,159,29.2,6.23,0.007777778,0.269411765,0.925,0.0,0.0,0.015,0.3039375,0.235384615,0.060833333,0.01,9e-05,0.054761905,0.227142857,0.530909091,0.566363636
23229,Beef Products,"BEEF,RIB EYE STEK,BNLES,LIP OFF,LN & FAT,0 FAT,SEL,CKD,GRLD","Beef, rib eye steak, boneless, lip off, separable lean and fat, trimmed to 0 fat, select, cooked, grilled",URMIS #1209,,,248,26.29,15.9,0.0,0.0,0.0,8.0,0.565,2.18,0.0,0.0,6,5.58,0.291,0.075,10,0.091,2.28,25,0.0,170,35.8,6.5,0.008888889,0.332352941,0.908333333,0.0,0.0,0.015,0.34875,0.223846154,0.0625,0.008333333,0.000101111,0.05952381,0.242857143,0.650909091,0.590909091
23230,Beef Products,"BEEF,RIB EYE STEAK,BNLESS,LIP OFF,LN & FAT,0 FAT,ALL GRD,RW","Beef, rib eye steak, boneless, lip off, separable lean and fat, trimmed to 0 fat, all grades, raw",,,,228,19.26,16.71,0.12,0.0,0.0,4.0,0.407,1.73,0.0,0.0,3,4.782,0.244,0.099,8,0.07,1.81,20,0.0,137,24.2,4.96,0.004444444,0.239411765,0.720833333,0.0,0.0,0.0075,0.298875,0.187692308,0.0825,0.006666667,7.77778e-05,0.047619048,0.195714286,0.44,0.450909091
23231,Beef Products,"BEEF,RIB EYE STEAK,BNLESS,LIP OFF,LN & FAT,0 FAT,CHOIC,RAW","Beef, rib eye steak, boneless, lip off, separable lean and fat, trimmed to 0 fat, choice, raw",URMIS #2024,,,241,18.69,18.43,0.2,0.0,0.0,4.0,0.411,1.78,0.0,0.0,3,4.704,0.248,0.109,8,0.065,1.86,19,0.0,133,24.0,4.86,0.004444444,0.241764706,0.741666667,0.0,0.0,0.0075,0.294,0.190769231,0.090833333,0.006666667,7.22222e-05,0.045238095,0.19,0.436363636,0.441818182
23232,Beef Products,"BEEF,RIB EYE STEAK,BNLESS,LIP OFF,LN & FAT,0 FAT,SEL,RAW","Beef, rib eye steak, boneless, lip off, separable lean and fat, trimmed to 0 fat, select, raw",URMIS #1209,,,208,20.12,14.14,0.0,0.0,0.0,5.0,0.399,1.66,0.0,0.0,3,4.896,0.239,0.088,7,0.078,1.72,21,0.0,144,24.4,5.13,0.005555556,0.234705882,0.691666667,0.0,0.0,0.0075,0.306,0.183846154,0.073333333,0.005833333,8.66667e-05,0.05,0.205714286,0.443636364,0.466363636
23233,Beef Products,"BEEF,RIB,BACK RIBS,BONE-IN,LN & FAT,0 FAT,ALL GRDS,CKD,BRSD","Beef, rib, back ribs, bone-in, separable lean and fat, trimmed to 0 fat, all grades, cooked, braised",,,,360,24.23,29.21,0.0,0.0,0.0,9.0,0.487,2.12,0.0,0.0,6,5.006,0.309,0.093,23,0.075,2.4,22,0.0,163,24.6,5.3,0.01,0.286470588,0.883333333,0.0,0.0,0.015,0.312875,0.237692308,0.0775,0.019166667,8.33333e-05,0.052380952,0.232857143,0.447272727,0.481818182
23234,Beef Products,"BEEF,RIB,BACK RIBS,BONE-IN,LN & FAT,0 FAT,CHOIC,CKD,BRSD","Beef, rib, back ribs, bone-in, separable lean and fat, trimmed to 0 fat, choice, cooked, braised",URMIS #1997,,,372,23.34,30.95,0.0,0.0,0.0,9.0,0.462,2.06,0.0,0.0,6,4.884,0.304,0.087,23,0.075,2.34,22,0.0,160,24.3,5.19,0.01,0.271764706,0.858333333,0.0,0.0,0.015,0.30525,0.233846154,0.0725,0.019166667,8.33333e-05,0.052380952,0.228571429,0.441818182,0.471818182
23235,Beef Products,"BEEF,RIB,BACK RIBS,BONE-IN,LN & FAT,0 FAT,SEL,CKD,BRSD","Beef, rib, back ribs, bone-in, separable lean and fat, trimmed to 0 fat, select, cooked, braised",URMIS #1182,,,341,25.56,26.59,0.0,0.0,0.0,9.0,0.525,2.22,0.0,0.0,6,5.184,0.317,0.101,24,0.075,2.49,23,0.0,168,25.1,5.46,0.01,0.308823529,0.925,0.0,0.0,0.015,0.324,0.243846154,0.084166667,0.02,8.33333e-05,0.054761905,0.24,0.456363636,0.496363636
23236,Beef Products,"BEEF,RIB,BACK RIBS,BONE-IN,LN & FAT,0 FAT,ALL GRDS,RAW","Beef, rib, back ribs, bone-in, separable lean and fat, trimmed to 0 fat, all grades, raw",,,,324,16.15,28.42,0.78,0.0,0.0,6.0,0.368,1.55,0.0,0.0,3,3.807,0.21,0.075,10,0.06,1.63,17,0.0,120,17.1,3.85,0.006666667,0.216470588,0.645833333,0.0,0.0,0.0075,0.2379375,0.161538462,0.0625,0.008333333,6.66667e-05,0.04047619,0.171428571,0.310909091,0.35
23237,Beef Products,"BEEF,RIB,BACK RIBS,BONE-IN,LN & FAT,0 FAT,CHOIC,RAW","Beef, rib, back ribs, bone-in, separable lean and fat, trimmed to 0 fat, choice, raw",URMIS #1997,,,336,15.75,29.89,0.9,0.0,0.0,6.0,0.349,1.53,0.0,0.0,3,3.649,0.214,0.074,9,0.059,1.61,17,0.0,122,17.3,3.76,0.006666667,0.205294118,0.6375,0.0,0.0,0.0075,0.2280625,0.164615385,0.061666667,0.0075,6.55556e-05,0.04047619,0.174285714,0.314545455,0.341818182
23238,Beef Products,"BEEF,RIB,BACK RIBS,BONE-IN,LN & FAT,0 FAT,SEL,RAW","Beef, rib, back ribs, bone-in, separable lean and fat, trimmed to 0 fat, select, raw",URMIS #1182,,,305,16.75,26.23,0.6,0.0,0.0,6.0,0.397,1.59,0.0,0.0,3,4.046,0.203,0.076,10,0.06,1.66,17,0.0,117,16.7,4.0,0.006666667,0.233529412,0.6625,0.0,0.0,0.0075,0.252875,0.156153846,0.063333333,0.008333333,6.66667e-05,0.04047619,0.167142857,0.303636364,0.363636364
23239,Beef Products,"BEEF,LOIN,TOP SIRLIN PETITE RST,BNLS,LN,0 FAT,CHOC,CKD,RSTD","Beef, loin, top sirloin petite roast, boneless, separable lean only, trimmed to 0 fat, choice, cooked, roasted","Gluteus medius, URMIS #2136",,,173,28.97,6.37,0.0,0.0,0.0,1.0,0.581,3.36,0.0,0.0,7,5.851,0.193,0.067,5,0.101,2.77,27,0.0,245,35.0,7.11,0.001111111,0.341764706,1.4,0.0,0.0,0.0175,0.3656875,0.148461538,0.055833333,0.004166667,0.000112222,0.064285714,0.35,0.636363636,0.646363636
23240,Beef Products,"BEEF,LOIN,TOP SIRLOIN PETITE RST/FILET,BNLS,LN,0 FAT,CHC,RW","Beef, loin, top sirloin petite roast/filet, boneless, separable lean only, trimmed to 0 fat, choice, raw","URMIS #2136, Gluteus medius, URMIS #2138",,,132,23.03,4.4,0.0,0.0,0.0,2.0,0.659,3.24,0.0,0.0,4,5.867,0.183,0.064,5,0.097,2.23,25,0.0,222,28.4,5.19,0.002222222,0.387647059,1.35,0.0,0.0,0.01,0.3666875,0.140769231,0.053333333,0.004166667,0.000107778,0.05952381,0.317142857,0.516363636,0.471818182
23241,Beef Products,"BEEF,LOIN,TOP SIRLN CAP STK,BNLS,LN,1/8 FAT,AL GRDS,CKD,GLD","Beef, loin, top sirloin cap steak, boneless, separable lean only, trimmed to 1/8 fat, all grades, cooked, grilled",Biceps femoris,,,181,28.26,7.23,0.73,0.0,0.0,2.0,0.525,2.74,0.0,0.0,7,7.44,0.129,0.067,17,0.094,2.02,25,0.0,232,35.3,5.61,0.002222222,0.308823529,1.141666667,0.0,0.0,0.0175,0.465,0.099230769,0.055833333,0.014166667,0.000104444,0.05952381,0.331428571,0.641818182,0.51
23242,Beef Products,"BEEF,LOIN,TOP SIRLON CAP STK,BNLS,LN,1/8 FAT,CHOIC,CKD,GRLD","Beef, loin, top sirloin cap steak, boneless, separable lean only, trimmed to 1/8 fat, choice, cooked, grilled","Biceps femoris, URMIS #2236",,,189,28.19,7.96,1.07,0.0,0.0,1.0,0.524,2.79,0.0,0.0,7,7.423,0.129,0.067,17,0.095,2.04,25,0.0,233,34.8,5.65,0.001111111,0.308235294,1.1625,0.0,0.0,0.0175,0.4639375,0.099230769,0.055833333,0.014166667,0.000105556,0.05952381,0.332857143,0.632727273,0.513636364
23243,Beef Products,"BEEF,LOIN,TOP SIRLOIN CAP STEK,BNLS,LN,1/8 FAT,SEL,CKD,GRLD","Beef, loin, top sirloin cap steak, boneless, separable lean only, trimmed to 1/8 fat, select, cooked, grilled","Biceps femoris, URMIS #1421",,,170,28.36,6.14,0.22,0.0,0.0,2.0,0.627,2.65,0.0,0.0,7,8.287,0.15,0.081,21,0.08,1.82,26,0.0,240,36.3,5.41,0.002222222,0.368823529,1.104166667,0.0,0.0,0.0175,0.5179375,0.115384615,0.0675,0.0175,8.88889e-05,0.061904762,0.342857143,0.66,0.491818182
23244,Beef Products,"BEEF,LOIN,TOP SIRLOIN CAP STEK,BNLS,LN,1/8 FAT,ALL GRDS,RAW","Beef, loin, top sirloin cap steak, boneless, separable lean only, trimmed to 1/8 fat, all grades, raw",Biceps femoris,,,134,21.38,5.36,0.0,0.0,0.0,2.0,0.543,2.69,0.0,0.0,3,5.048,0.182,0.075,5,0.079,2.0,25,0.0,220,27.9,5.3,0.002222222,0.319411765,1.120833333,0.0,0.0,0.0075,0.3155,0.14,0.0625,0.004166667,8.77778e-05,0.05952381,0.314285714,0.507272727,0.481818182
23245,Beef Products,"BEEF,LOIN,TOP SIRLOIN CAP STEAK,BNLESS,LN,1/8 FAT,CHOIC,RAW","Beef, loin, top sirloin cap steak, boneless, separable lean only, trimmed to 1/8 fat, choice, raw","Biceps femoris, URMIS #2236",,,138,21.34,5.82,0.0,0.0,0.0,2.0,0.61,2.73,0.0,0.0,3,5.438,0.169,0.059,5,0.09,2.08,24,0.0,206,27.4,4.82,0.002222222,0.358823529,1.1375,0.0,0.0,0.0075,0.339875,0.13,0.049166667,0.004166667,0.0001,0.057142857,0.294285714,0.498181818,0.438181818
23246,Beef Products,"BEEF,LOIN,TOP SIRLOIN CAP STEAK,BNLESS,LN,1/8 FAT,SEL,RAW","Beef, loin, top sirloin cap steak, boneless, separable lean only, trimmed to 1/8 fat, select, raw","Biceps femoris, URMIS #1421",,,128,21.44,4.68,0.0,0.0,0.0,2.0,0.539,2.64,0.0,0.0,3,5.356,0.205,0.068,5,0.067,1.98,24,0.0,213,28.6,5.57,0.002222222,0.317058824,1.1,0.0,0.0,0.0075,0.33475,0.157692308,0.056666667,0.004166667,7.44444e-05,0.057142857,0.304285714,0.52,0.506363636
23247,Beef Products,"BEEF,TOP LOIN FILET,BNLESS,LN,1/8 FAT,ALL GRDS,CKD,GRILLED","Beef, top loin filet, boneless, separable lean only, trimmed to 1/8 fat, all grades, cooked, grilled",,,,195,29.33,8.54,0.3,0.0,0.0,2.0,0.61,3.92,0.0,0.0,7,8.654,0.15,0.078,17,0.096,2.06,26,0.0,235,33.9,5.69,0.002222222,0.358823529,1.633333333,0.0,0.0,0.0175,0.540875,0.115384615,0.065,0.014166667,0.000106667,0.061904762,0.335714286,0.616363636,0.517272727
23248,Beef Products,"BEEF,TOP LOIN FILET,BNLESS,LN,1/8 FAT,CHOIC,CKD,GRILLED","Beef, top loin filet, boneless, separable lean only, trimmed to 1/8 fat, choice, cooked, grilled",URMIS #2137,,,203,28.99,9.48,0.36,0.0,0.0,1.0,0.603,3.57,0.0,0.0,7,8.553,0.148,0.077,17,0.095,2.04,25,0.0,233,34.3,5.64,0.001111111,0.354705882,1.4875,0.0,0.0,0.0175,0.5345625,0.113846154,0.064166667,0.014166667,0.000105556,0.05952381,0.332857143,0.623636364,0.512727273
23249,Beef Products,"BEEF,TOP LOIN FILET,BNLESS,LN,1/8 FAT,SEL,CKD,GRILLED","Beef, top loin filet, boneless, separable lean only, trimmed to 1/8 fat, select, cooked, grilled",URMIS #1322,,,184,29.85,7.12,0.2,0.0,0.0,2.0,0.66,4.46,0.0,0.0,7,8.724,0.158,0.085,22,0.084,1.91,27,0.0,251,33.3,5.67,0.002222222,0.388235294,1.858333333,0.0,0.0,0.0175,0.54525,0.121538462,0.070833333,0.018333333,9.33333e-05,0.064285714,0.358571429,0.605454545,0.515454545
23250,Beef Products,"BEEF,TOP LOIN PETITE RST,BNLSS,LN,1/8 FAT,ALL GRDS,CKD,RSTD","Beef, top loin petite roast, boneless, separable lean only, trimmed to 1/8 fat, all grades, cooked, roasted",Longissimus dorsi,,,195,28.33,8.76,0.82,0.0,0.0,2.0,0.59,4.09,0.0,0.0,7,8.359,0.145,0.075,17,0.094,2.02,25,0.0,232,34.2,5.61,0.002222222,0.347058824,1.704166667,0.0,0.0,0.0175,0.5224375,0.111538462,0.0625,0.014166667,0.000104444,0.05952381,0.331428571,0.621818182,0.51
23251,Beef Products,"BEEF,TOP LOIN PETITE RST,BNLESS,LN,1/8 FAT,CHOIC,CKD,RSTD","Beef, top loin petite roast, boneless, separable lean only, trimmed to 1/8 fat, choice, cooked, roasted","Longissimus dorsi, URMIS #2135",,,206,28.24,9.97,0.88,0.0,0.0,1.0,0.588,3.72,0.0,0.0,7,8.33,0.145,0.075,17,0.094,2.02,25,0.0,231,34.6,5.6,0.001111111,0.345882353,1.55,0.0,0.0,0.0175,0.520625,0.111538462,0.0625,0.014166667,0.000104444,0.05952381,0.33,0.629090909,0.509090909
23252,Beef Products,"BEEF,TOP LOIN PETITE RST,BNLESS,LN,1/8 FAT,SEL,CKD,RSTD","Beef, top loin petite roast, boneless, separable lean only, trimmed to 1/8 fat, select, cooked, roasted","Longissimus dorsi, URMIS #1320",,,179,28.48,6.95,0.74,0.0,0.0,2.0,0.629,4.65,0.0,0.0,7,8.324,0.151,0.081,22,0.082,1.85,26,0.0,245,33.7,5.52,0.002222222,0.37,1.9375,0.0,0.0,0.0175,0.52025,0.116153846,0.0675,0.018333333,9.11111e-05,0.061904762,0.35,0.612727273,0.501818182
23253,Beef Products,"BEEF,TOP LOIN PETITE RST/FILET,BNLS,LN,1/8 FAT,ALL GRDS,RAW","Beef, top loin petite roast/filet, boneless, separable lean only, trimmed to 1/8 fat, all grades, raw",Longissimus dorsi,,,143,22.61,5.84,0.0,0.0,0.0,2.0,0.574,2.87,0.0,0.0,4,5.337,0.192,0.08,5,0.086,2.17,27,0.0,239,25.5,5.76,0.002222222,0.337647059,1.195833333,0.0,0.0,0.01,0.3335625,0.147692308,0.066666667,0.004166667,9.55556e-05,0.064285714,0.341428571,0.463636364,0.523636364
23254,Beef Products,"BEEF,TOP LOIN PETITE ROAST/FILET,BNLESS,LN,1/8 FAT,CHOC,RAW","Beef, top loin petite roast/filet, boneless, separable lean only, trimmed to 1/8 fat, choice, raw","URMIS #2135, Longissimus dorsi, URMIS #2137",,,149,22.5,6.48,0.23,0.0,0.0,2.0,0.644,2.9,0.0,0.0,4,5.733,0.179,0.062,5,0.099,2.27,26,0.0,226,26.7,5.28,0.002222222,0.378823529,1.208333333,0.0,0.0,0.01,0.3583125,0.137692308,0.051666667,0.004166667,0.00011,0.061904762,0.322857143,0.485454545,0.48
23255,Beef Products,"BEEF,TOP LOIN PETITE ROAST/FILET,BNLESS,LN,1/8 FAT,SEL,RAW","Beef, top loin petite roast/filet, boneless, separable lean only, trimmed to 1/8 fat, select, raw","URMIS #1320, Longissimus dorsi, URMIS #1322",,,135,22.77,4.88,0.0,0.0,0.0,2.0,0.645,2.82,0.0,0.0,4,5.973,0.211,0.083,5,0.098,2.39,25,0.0,220,23.6,5.76,0.002222222,0.379411765,1.175,0.0,0.0,0.01,0.3733125,0.162307692,0.069166667,0.004166667,0.000108889,0.05952381,0.314285714,0.429090909,0.523636364
23256,Beef Products,"BEEF,LOIN,TOP SIRLOIN FILET,BNLS,LN,0 FAT,ALL GRDS,CKD,GRLD","Beef, loin, top sirloin filet, boneless, separable lean only, trimmed to 0 fat, all grades, cooked, grilled",,,,171,30.58,5.37,0.0,0.0,0.0,2.0,0.613,3.65,0.0,0.0,7,6.176,0.204,0.071,6,0.106,2.9,28,0.0,256,33.2,7.44,0.002222222,0.360588235,1.520833333,0.0,0.0,0.0175,0.386,0.156923077,0.059166667,0.005,0.000117778,0.066666667,0.365714286,0.603636364,0.676363636
23257,Beef Products,"BEEF,LOIN,TOP SIRLOIN FILET,BNLESS,LN,0 FAT,CHOIC,CKD,GRILD","Beef, loin, top sirloin filet, boneless, separable lean only, trimmed to 0 fat, choice, cooked, grilled",URMIS #2138,,,174,30.45,5.83,0.0,0.0,0.0,1.0,0.61,3.8,0.0,0.0,7,6.149,0.203,0.071,6,0.106,2.89,28,0.0,255,34.5,7.41,0.001111111,0.358823529,1.583333333,0.0,0.0,0.0175,0.3843125,0.156153846,0.059166667,0.005,0.000117778,0.066666667,0.364285714,0.627272727,0.673636364
23258,Beef Products,"BEEF,LOIN,TOP SIRLOIN FILET,BNLESS,LN,0 FAT,SEL,CKD,GRILLED","Beef, loin, top sirloin filet, boneless, separable lean only, trimmed to 0 fat, select, cooked, grilled",URMIS #1323,,,165,30.78,4.68,0.0,0.0,0.0,2.0,0.551,3.42,0.0,0.0,7,6.305,0.221,0.068,6,0.152,3.19,28,0.0,262,31.3,8.62,0.002222222,0.324117647,1.425,0.0,0.0,0.0175,0.3940625,0.17,0.056666667,0.005,0.000168889,0.066666667,0.374285714,0.569090909,0.783636364
23259,Beef Products,"BEEF,LOIN,TOP SIRLON PTIT RST,BLS,LN,0 FAT,AL GRDS,CKD,RSTD","Beef, loin, top sirloin petite roast, boneless, separable lean only, trimmed to 0 fat, all grades, cooked, roasted",Gluteus medius,,,170,29.12,5.92,0.0,0.0,0.0,2.0,0.584,3.78,0.0,0.0,7,5.882,0.194,0.068,5,0.101,2.75,27,0.0,243,34.8,7.07,0.002222222,0.343529412,1.575,0.0,0.0,0.0175,0.367625,0.149230769,0.056666667,0.004166667,0.000112222,0.064285714,0.347142857,0.632727273,0.642727273
23260,Beef Products,"BEEF,LOIN,TOP SIRLOIN PETITE RST,BNLS,LN,0 FAT,SEL,CKD,RSTD","Beef, loin, top sirloin petite roast, boneless, separable lean only, trimmed to 0 fat, select, cooked, roasted","Gluteus medius, URMIS #1321",,,165,29.35,5.25,0.0,0.0,0.0,2.0,0.487,4.4,0.0,0.0,7,4.969,0.24,0.071,6,0.097,2.75,29,0.0,268,34.5,8.17,0.002222222,0.286470588,1.833333333,0.0,0.0,0.0175,0.3105625,0.184615385,0.059166667,0.005,0.000107778,0.069047619,0.382857143,0.627272727,0.742727273
23261,Beef Products,"BEEF,LOIN,TOP SRLN PETIT RST/FILT,BNLS,LN,0 FAT,AL GRDS,RAW","Beef, loin, top sirloin petite roast/filet, boneless, separable lean only, trimmed to 0 fat, all grades, raw",Gluteus medius,,,128,23.04,3.98,0.0,0.0,0.0,2.0,0.659,2.9,0.0,0.0,4,5.869,0.183,0.064,5,0.097,2.24,25,0.0,222,26.3,5.2,0.002222222,0.387647059,1.208333333,0.0,0.0,0.01,0.3668125,0.140769231,0.053333333,0.004166667,0.000107778,0.05952381,0.317142857,0.478181818,0.472727273
23262,Beef Products,"BEEF,LOIN,TOP SIRLON PETITE RST/FILET,BNLS,LN,0 FAT,SEL,RAW","Beef, loin, top sirloin petite roast/filet, boneless, separable lean only, trimmed to 0 fat, select, raw","URMIS #1323, Gluteus medius, URMIS #1321",,,122,23.05,3.35,0.0,0.0,0.0,2.0,0.653,2.38,0.0,0.0,4,6.046,0.214,0.084,5,0.099,2.39,25,0.0,220,23.0,5.78,0.002222222,0.384117647,0.991666667,0.0,0.0,0.01,0.377875,0.164615385,0.07,0.004166667,0.00011,0.05952381,0.314285714,0.418181818,0.525454545
23263,Beef Products,"BEEF,RIBEYE PETITE ROAST/FILET,BNLESS,LN,0 FAT,ALL GRDS,RAW","Beef, ribeye  petite roast/filet, boneless, separable lean only, trimmed to 0 fat, all grades, raw",Longissimus dorsi,,,133,22.66,4.66,0.04,0.0,0.0,2.0,0.648,2.98,0.0,0.0,4,5.774,0.18,0.063,5,0.099,2.28,26,0.0,226,23.9,5.29,0.002222222,0.381176471,1.241666667,0.0,0.0,0.01,0.360875,0.138461538,0.0525,0.004166667,0.00011,0.061904762,0.322857143,0.434545455,0.480909091
23264,Beef Products,"BEEF,RIBEYE PETITE ROAST/FILET,BNLESS,LN,0 FAT,CHOIC,RAW","Beef, ribeye  petite roast/filet, boneless, separable lean only, trimmed to 0 fat, choice, raw","Longissimus dorsi, URMIS #2065",,,138,22.52,5.29,0.18,0.0,0.0,2.0,0.644,3.17,0.0,0.0,4,5.736,0.179,0.063,5,0.099,2.27,26,0.0,226,24.1,5.28,0.002222222,0.378823529,1.320833333,0.0,0.0,0.01,0.3585,0.137692308,0.0525,0.004166667,0.00011,0.061904762,0.322857143,0.438181818,0.48
23265,Beef Products,"BEEF,RIBEYE PETITE ROAST/FILET,BNLESS,LN,0 FAT,SEL,RAW","Beef, ribeye  petite roast/filet, boneless, separable lean only, trimmed to 0 fat, select, raw","Longissimus dorsi, URMIS #1250",,,125,22.89,3.72,0.0,0.0,0.0,2.0,0.575,2.69,0.0,0.0,4,5.717,0.219,0.073,5,0.073,2.17,26,0.0,233,23.5,6.1,0.002222222,0.338235294,1.120833333,0.0,0.0,0.01,0.3573125,0.168461538,0.060833333,0.004166667,8.11111e-05,0.061904762,0.332857143,0.427272727,0.554545455
23266,Beef Products,"BEEF,RIBEYE CAP STEAK,BNLESS,LN,0 FAT,ALL GRDS,CKD,GRILLED","Beef, ribeye cap steak, boneless, separable lean only, trimmed to 0 fat, all grades, cooked, grilled",Spinalis dorsi,,,246,24.66,15.7,1.53,0.0,0.0,2.0,0.375,3.15,0.0,0.0,6,3.714,0.246,0.07,7,0.154,3.07,25,0.0,220,32.0,9.71,0.002222222,0.220588235,1.3125,0.0,0.0,0.015,0.232125,0.189230769,0.058333333,0.005833333,0.000171111,0.05952381,0.314285714,0.581818182,0.882727273
23267,Beef Products,"BEEF,RIBEYE CAP STEAK,BNLESS,LN,0 FAT,CHOIC,CKD,GRILLED","Beef, ribeye cap steak, boneless, separable lean only, trimmed to 0 fat, choice, cooked, grilled","Spinalis dorsi, URMIS #2069",,,259,24.24,17.21,1.81,0.0,0.0,2.0,0.369,3.02,0.0,0.0,6,3.651,0.242,0.069,7,0.154,3.06,25,0.0,219,32.0,9.67,0.002222222,0.217058824,1.258333333,0.0,0.0,0.015,0.2281875,0.186153846,0.0575,0.005833333,0.000171111,0.05952381,0.312857143,0.581818182,0.879090909
23268,Beef Products,"BEEF,RIBEYE CAP STEAK,BNLESS,LN,0 FAT,SEL,CKD,GRILLED","Beef, ribeye cap steak, boneless, separable lean only, trimmed to 0 fat, select, cooked, grilled","Spinalis dorsi, URMIS #1254",,,226,25.28,13.43,1.1,0.0,0.0,2.0,0.41,3.36,0.0,0.0,6,4.057,0.382,0.079,6,0.127,3.22,24,0.0,219,32.2,9.99,0.002222222,0.241176471,1.4,0.0,0.0,0.015,0.2535625,0.293846154,0.065833333,0.005,0.000141111,0.057142857,0.312857143,0.585454545,0.908181818
23269,Beef Products,"BEEF,RIBEYE CAP STEAK,BNLESS,LN,0 FAT,ALL GRDS,RAW","Beef, ribeye cap steak, boneless, separable lean only, trimmed to 0 fat, all grades, raw",Spinalis dorsi,,,180,19.7,10.6,1.51,0.0,0.0,2.0,0.394,2.96,0.0,0.0,3,3.551,0.222,0.083,6,0.143,2.64,24,0.0,210,25.4,7.79,0.002222222,0.231764706,1.233333333,0.0,0.0,0.0075,0.2219375,0.170769231,0.069166667,0.005,0.000158889,0.057142857,0.3,0.461818182,0.708181818
23270,Beef Products,"BEEF,RIBEYE CAP STEAK,BNLESS,LN,0 FAT,CHOIC,RAW","Beef, ribeye cap steak, boneless, separable lean only, trimmed to 0 fat, choice, raw","Spinalis dorsi, URMIS #2069",,,187,19.46,11.4,1.75,0.0,0.0,2.0,0.39,3.21,0.0,0.0,3,3.509,0.219,0.082,6,0.143,2.64,24,0.0,210,25.5,7.8,0.002222222,0.229411765,1.3375,0.0,0.0,0.0075,0.2193125,0.168461538,0.068333333,0.005,0.000158889,0.057142857,0.3,0.463636364,0.709090909
23271,Beef Products,"BEEF,RIBEYE CAP STEAK,BNLESS,LN,0 FAT,SEL,RAW","Beef, ribeye cap steak, boneless, separable lean only, trimmed to 0 fat, select, raw","Spinalis dorsi, URMIS #1254",,,169,20.05,9.39,1.15,0.0,0.0,2.0,0.37,2.57,0.0,0.0,3,3.62,0.267,0.145,7,0.131,2.95,25,0.0,223,25.2,8.42,0.002222222,0.217647059,1.070833333,0.0,0.0,0.0075,0.22625,0.205384615,0.120833333,0.005833333,0.000145556,0.05952381,0.318571429,0.458181818,0.765454545
23272,Beef Products,"BEEF,RIBEYE FILET,BNLESS,LN,0 FAT,ALL GRDS,CKD,GRILLED","Beef, ribeye filet, boneless, separable lean only, trimmed to 0 fat, all grades, cooked, grilled",,,,199,28.77,9.2,0.17,0.0,0.0,2.0,0.551,3.25,0.0,0.0,7,5.816,0.228,0.058,6,0.099,2.77,28,0.0,262,34.5,7.21,0.002222222,0.324117647,1.354166667,0.0,0.0,0.0175,0.3635,0.175384615,0.048333333,0.005,0.00011,0.066666667,0.374285714,0.627272727,0.655454545
23273,Beef Products,"BEEF,RIBEYE FILET,BNLESS,LN,0 FAT,CHOIC,CKD,GRILLED","Beef, ribeye filet, boneless, separable lean only, trimmed to 0 fat, choice, cooked, grilled",URMIS #2068,,,208,28.35,10.26,0.51,0.0,0.0,1.0,0.543,3.15,0.0,0.0,7,5.732,0.225,0.057,6,0.099,2.76,28,0.0,261,33.3,7.19,0.001111111,0.319411765,1.3125,0.0,0.0,0.0175,0.35825,0.173076923,0.0475,0.005,0.00011,0.066666667,0.372857143,0.605454545,0.653636364
23274,Beef Products,"BEEF,RIBEYE FILET,BNLESS,LN,0 FAT,SEL,CKD,GRILLED","Beef, ribeye filet, boneless, separable lean only, trimmed to 0 fat, select, cooked, grilled",URMIS #1253,,,186,29.39,7.61,0.0,0.0,0.0,2.0,0.476,3.41,0.0,0.0,7,4.718,0.444,0.092,6,0.14,3.56,27,0.0,242,36.2,11.04,0.002222222,0.28,1.420833333,0.0,0.0,0.0175,0.294875,0.341538462,0.076666667,0.005,0.000155556,0.064285714,0.345714286,0.658181818,1.003636364
23275,Beef Products,"BEEF,RIBEYE PETITE RST,BNLESS,LN,0 FAT,ALL GRDS,CKD,RSTD","Beef, ribeye petite roast, boneless, separable lean only, trimmed to 0 fat, all grades, cooked, roasted",Longissimus dorsi,,,178,28.15,7.31,0.0,0.0,0.0,2.0,0.539,4.01,0.0,0.0,7,5.691,0.224,0.057,6,0.096,2.68,28,0.0,254,35.6,7.0,0.002222222,0.317058824,1.670833333,0.0,0.0,0.0175,0.3556875,0.172307692,0.0475,0.005,0.000106667,0.066666667,0.362857143,0.647272727,0.636363636
23276,Beef Products,"BEEF,RIBEYE PETITE RST,BNLESS,LN,0 FAT,CHOIC,CKD,RSTD","Beef, ribeye petite roast, boneless, separable lean only, trimmed to 0 fat, choice, cooked, roasted","Longissimus dorsi, URMIS #2065",,,188,28.0,8.42,0.0,0.0,0.0,1.0,0.561,3.72,0.0,0.0,7,5.655,0.187,0.065,5,0.097,2.65,26,0.0,234,33.6,6.81,0.001111111,0.33,1.55,0.0,0.0,0.0175,0.3534375,0.143846154,0.054166667,0.004166667,0.000107778,0.061904762,0.334285714,0.610909091,0.619090909
23277,Beef Products,"BEEF,RIBEYE PETITE RST,BNLESS,LN,0 FAT,SEL,CKD,RSTD","Beef, ribeye petite roast, boneless, separable lean only, trimmed to 0 fat, select, cooked, roasted","Longissimus dorsi, URMIS #1250",,,164,28.37,5.65,0.0,0.0,0.0,2.0,0.46,4.43,0.0,0.0,7,4.554,0.428,0.089,6,0.136,3.46,26,0.0,236,38.5,10.73,0.002222222,0.270588235,1.845833333,0.0,0.0,0.0175,0.284625,0.329230769,0.074166667,0.005,0.000151111,0.061904762,0.337142857,0.7,0.975454545
23278,Beef Products,"BEEF,LOIN,TOP SRL CP STK,BNLS,LN & FT,1/8 FT,ALGDS,CKD,GRLD","Beef, loin, top sirloin cap steak, boneless, separable lean and fat, trimmed to 1/8 fat, all grades, cooked, grilled",Biceps femoris,,,242,26.0,15.0,0.8,0.0,0.0,7.0,0.396,2.77,0.0,0.0,6,3.916,0.26,0.074,7,0.159,3.16,26,0.0,226,35.6,9.99,0.007777778,0.232941176,1.154166667,0.0,0.0,0.015,0.24475,0.2,0.061666667,0.005833333,0.000176667,0.061904762,0.322857143,0.647272727,0.908181818
23279,Beef Products,"BEEF,LOIN,TOP SRLN CAP STK,BLS,LN & FAT,1/8 FAT,CHC,CKD,GLD","Beef, loin, top sirloin cap steak, boneless, separable lean and fat, trimmed to 1/8 fat, choice, cooked, grilled","Biceps femoris, URMIS #2236",,,238,26.3,14.3,1.1,0.0,0.0,7.0,0.4,2.81,0.0,0.0,6,3.961,0.263,0.074,7,0.162,3.23,26,0.0,231,35.0,10.21,0.007777778,0.235294118,1.170833333,0.0,0.0,0.015,0.2475625,0.202307692,0.061666667,0.005833333,0.00018,0.061904762,0.33,0.636363636,0.928181818
23280,Beef Products,"BEEF,LOIN,TOP SRLN CAP STK,BLS,LN & FAT,1/8 FAT,SEL,CKD,GLD","Beef, loin, top sirloin cap steak, boneless, separable lean and fat, trimmed to 1/8 fat, select, cooked, grilled","Biceps femoris, URMIS #1421",,,249,25.5,16.1,0.4,0.0,0.0,8.0,0.413,2.71,0.0,0.0,6,4.093,0.385,0.08,6,0.125,3.19,24,0.0,217,36.5,9.88,0.008888889,0.242941176,1.129166667,0.0,0.0,0.015,0.2558125,0.296153846,0.066666667,0.005,0.000138889,0.057142857,0.31,0.663636364,0.898181818
23281,Beef Products,"BEEF,LOIN,TOP SIRLN CAP STK,BNLS,LN & FAT,1/8 FAT,AL GDS,RW","Beef, loin, top sirloin cap steak, boneless, separable lean and fat, trimmed to 1/8 fat, all grades, raw",Biceps femoris,,,191,19.9,12.4,0.0,0.0,0.0,4.0,0.399,2.64,0.0,0.0,3,3.588,0.224,0.084,6,0.131,2.41,22,0.0,192,28.1,7.12,0.004444444,0.234705882,1.1,0.0,0.0,0.0075,0.22425,0.172307692,0.07,0.005,0.000145556,0.052380952,0.274285714,0.510909091,0.647272727
23282,Beef Products,"BEEF,LOIN,TOP SIRLOIN CAP STK,BNLS,LN & FAT,1/8 FAT,CHC,RAW","Beef, loin, top sirloin cap steak, boneless, separable lean and fat, trimmed to 1/8 fat, choice, raw","Biceps femoris, URMIS #2236",,,199,19.7,13.4,0.0,0.0,0.0,4.0,0.395,2.67,0.0,0.0,3,3.552,0.222,0.083,6,0.13,2.4,22,0.0,191,27.7,7.09,0.004444444,0.232352941,1.1125,0.0,0.0,0.0075,0.222,0.170769231,0.069166667,0.005,0.000144444,0.052380952,0.272857143,0.503636364,0.644545455
23283,Beef Products,"BEEF,LOIN,TOP SIRLOIN CAP STK,BNLS,LN & FAT,1/8 FAT,SEL,RAW","Beef, loin, top sirloin cap steak, boneless, separable lean and fat, trimmed to 1/8 fat, select, raw","Biceps femoris, URMIS #1421",,,179,20.1,10.9,0.0,0.0,0.0,4.0,0.371,2.6,0.0,0.0,3,3.63,0.267,0.145,7,0.121,2.74,24,0.0,207,28.7,7.82,0.004444444,0.218235294,1.083333333,0.0,0.0,0.0075,0.226875,0.205384615,0.120833333,0.005833333,0.000134444,0.057142857,0.295714286,0.521818182,0.710909091
23284,Beef Products,"BEEF,TOP LOIN FILET,BNLS,LN & FAT,1/8 FAT,ALL GRDS,CKD,GRLD","Beef, top loin filet, boneless, separable lean and fat, trimmed to 1/8 fat, all grades, cooked, grilled",,,,239,27.4,14.1,0.6,0.0,0.0,7.0,0.417,3.96,0.0,0.0,7,4.127,0.273,0.078,7,0.166,3.3,27,0.0,236,33.9,10.42,0.007777778,0.245294118,1.65,0.0,0.0,0.0175,0.2579375,0.21,0.065,0.005833333,0.000184444,0.064285714,0.337142857,0.616363636,0.947272727
23285,Beef Products,"BEEF,TOP LOIN FILET,BNLESS,LN & FAT,1/8 FAT,CHOIC,CKD,GRILD","Beef, top loin filet, boneless, separable lean and fat, trimmed to 1/8 fat, choice, cooked, grilled",URMIS #2137,,,253,26.8,15.9,0.6,0.0,0.0,7.0,0.408,3.63,0.0,0.0,7,4.037,0.267,0.076,7,0.162,3.23,26,0.0,231,34.3,10.21,0.007777778,0.24,1.5125,0.0,0.0,0.0175,0.2523125,0.205384615,0.063333333,0.005833333,0.00018,0.061904762,0.33,0.623636364,0.928181818
23286,Beef Products,"BEEF,TOP LOIN FILET,BNLESS,LN & FAT,1/8 FAT,SEL,CKD,GRILLED","Beef, top loin filet, boneless, separable lean and fat, trimmed to 1/8 fat, select, cooked, grilled",URMIS #1322,,,219,28.3,11.6,0.4,0.0,0.0,7.0,0.459,4.44,0.0,0.0,7,4.542,0.427,0.088,6,0.138,3.52,27,0.0,239,33.4,10.9,0.007777778,0.27,1.85,0.0,0.0,0.0175,0.283875,0.328461538,0.073333333,0.005,0.000153333,0.064285714,0.341428571,0.607272727,0.990909091
23287,Beef Products,"BEEF,TOP LOIN PET RST,BNLS,LN & FAT,1/8 FAT,AL GDS,CKD,RSTD","Beef, top loin petite roast, boneless, separable lean and fat, trimmed to 1/8 fat, all grades, cooked, roasted",Longissimus dorsi,,,228,27.0,12.9,1.0,0.0,0.0,7.0,0.411,4.11,0.0,0.0,6,4.067,0.269,0.076,7,0.166,3.3,27,0.0,236,34.3,10.42,0.007777778,0.241764706,1.7125,0.0,0.0,0.015,0.2541875,0.206923077,0.063333333,0.005833333,0.000184444,0.064285714,0.337142857,0.623636364,0.947272727
23288,Beef Products,"BEEF,TOP LOIN PETI RST,BNLS,LN & FAT,1/8 FAT,CHOIC,CKD,RSTD","Beef, top loin petite roast, boneless, separable lean and fat, trimmed to 1/8 fat, choice, cooked, roasted","Longissimus dorsi, URMIS #2135",,,239,26.8,14.1,1.1,0.0,0.0,7.0,0.408,3.77,0.0,0.0,7,4.037,0.267,0.076,7,0.165,3.29,27,0.0,235,34.6,10.39,0.007777778,0.24,1.570833333,0.0,0.0,0.0175,0.2523125,0.205384615,0.063333333,0.005833333,0.000183333,0.064285714,0.335714286,0.629090909,0.944545455
23289,Beef Products,"BEEF,TOP LOIN PETITE RST,BNLS,LN & FAT,1/8 FAT,SEL,CKD,RSTD","Beef, top loin petite roast, boneless, separable lean and fat, trimmed to 1/8 fat, select, cooked, roasted","Longissimus dorsi, URMIS #1320",,,213,27.1,11.2,0.9,0.0,0.0,7.0,0.439,4.62,0.0,0.0,6,4.35,0.409,0.085,6,0.135,3.43,26,0.0,234,33.8,10.65,0.007777778,0.258235294,1.925,0.0,0.0,0.015,0.271875,0.314615385,0.070833333,0.005,0.00015,0.061904762,0.334285714,0.614545455,0.968181818
23290,Beef Products,"BEEF,TOP LOIN PETIT RST/FILT,BNS,LN & FAT,1/8 FAT,AL GRD,RW","Beef, top loin petite roast/filet, boneless, separable lean and fat, trimmed to 1/8 fat, all grades, raw",Longissimus dorsi,,,187,21.1,11.3,0.3,0.0,0.0,4.0,0.423,2.82,0.0,0.0,3,3.804,0.237,0.089,6,0.144,2.66,24,0.0,212,25.3,7.87,0.004444444,0.248823529,1.175,0.0,0.0,0.0075,0.23775,0.182307692,0.074166667,0.005,0.00016,0.057142857,0.302857143,0.46,0.715454545
23291,Beef Products,"BEEF,TOP LOIN PETITE RST/FILET,BNLS,LN & FAT,1/8 FAT,CHC,RW","Beef, top loin petite roast/filet, boneless, separable lean and fat, trimmed to 1/8 fat, choice, raw","URMIS #2135, Longissimus dorsi, URMIS #2137",,,199,20.8,12.6,0.6,0.0,0.0,4.0,0.417,2.85,0.0,0.0,3,3.75,0.234,0.088,6,0.144,2.66,24,0.0,212,26.4,7.87,0.004444444,0.245294118,1.1875,0.0,0.0,0.0075,0.234375,0.18,0.073333333,0.005,0.00016,0.057142857,0.302857143,0.48,0.715454545
23292,Beef Products,"BEEF,TOP LOIN PETITE RST/FILET,BNLS,LN & FAT,1/8 FAT,SEL,RW","Beef, top loin petite roast/filet, boneless, separable lean and fat, trimmed to 1/8 fat, select, raw","URMIS #1320, Longissimus dorsi, URMIS #1322",,,170,21.6,9.3,0.0,0.0,0.0,4.0,0.399,2.79,0.0,0.0,3,3.901,0.287,0.156,7,0.132,2.98,26,0.0,225,23.7,8.5,0.004444444,0.234705882,1.1625,0.0,0.0,0.0075,0.2438125,0.220769231,0.13,0.005833333,0.000146667,0.061904762,0.321428571,0.430909091,0.772727273
23293,Beef Products,"BEEF,AUSTRALIAN,GRASS-FED,GROUND,85% LN / 15% FAT,RAW","Beef, Australian, grass-fed,  ground,  85% lean / 15% fat, raw",,,,234,17.72,18.12,0.0,0.0,0.0,0.0,0.0,0.0,0.0,0.0,0,0.0,0.0,0.0,6,0.0,1.79,0,0.0,0,0.0,0.0,0.0,0.0,0.0,0.0,0.0,0.0,0.0,0.0,0.0,0.005,0.0,0.0,0.0,0.0,0.0
23294,Beef Products,"BEEF,AUSTRALIAN,GRSSFD,LOIN,TNDRLN STEAK/ROAST,BNLESS,LN,RAW","Beef, Australian, grass-fed, loin, tenderloin steak/roast, boneless, separable lean only, raw","URMIS #1388, URMIS #1386",,,138,20.85,6.11,0.0,0.0,0.0,0.0,0.0,0.0,0.0,0.0,0,0.0,0.0,0.0,4,0.0,2.25,0,0.0,0,0.0,0.0,0.0,0.0,0.0,0.0,0.0,0.0,0.0,0.0,0.0,0.003333333,0.0,0.0,0.0,0.0,0.0
23295,Beef Products,"BEEF,ASTRLN,WAGYU,LN,TNDRLN STK/RST,BNLS,LN,MRB SCR 4/5,RAW","Beef, Australian, Wagyu, loin, tenderloin steak/roast, boneless, separable lean only, Aust. marble score 4/5, raw","URMIS #1388, URMIS #1386",,,191,20.19,12.3,0.0,0.0,0.0,0.0,0.0,0.0,0.0,0.0,0,0.0,0.0,0.0,4,0.0,2.24,0,0.0,0,0.0,0.0,0.0,0.0,0.0,0.0,0.0,0.0,0.0,0.0,0.0,0.003333333,0.0,0.0,0.0,0.0,0.0
23296,Beef Products,"BEEF,AUSTRALIAN,GRASS-FED,EXTERNAL FAT,RAW","Beef, Australian, grass-fed,  external fat, raw",,,,509,11.32,51.36,0.39,0.0,0.0,36.0,0.0,0.0,0.0,0.0,0,0.0,0.0,0.0,6,0.0,0.95,0,0.0,0,0.0,0.0,0.04,0.0,0.0,0.0,0.0,0.0,0.0,0.0,0.0,0.005,0.0,0.0,0.0,0.0,0.0
23297,Beef Products,"BEEF,AUSTRALIAN,GRASS-FED,SEAM FAT,RAW","Beef, Australian, grass-fed,  seam fat, raw",,,,562,9.58,57.73,1.06,0.0,0.0,36.0,0.0,0.0,0.0,0.0,0,0.0,0.0,0.0,3,0.0,0.89,0,0.0,0,0.0,0.0,0.04,0.0,0.0,0.0,0.0,0.0,0.0,0.0,0.0,0.0025,0.0,0.0,0.0,0.0,0.0
23298,Beef Products,"BEEF,AUSTRALIAN,WAGYU,EXTERNAL FAT,MRBL SCR 4/5,RAW","Beef, Australian, Wagyu,  external fat, Aust. marble score 4/5, raw",,,,596,6.54,63.27,0.0,0.0,0.0,22.0,0.0,0.0,0.0,0.0,0,0.0,0.0,0.0,2,0.0,1.0,0,0.0,0,0.0,0.0,0.024444444,0.0,0.0,0.0,0.0,0.0,0.0,0.0,0.0,0.001666667,0.0,0.0,0.0,0.0,0.0
23299,Beef Products,"BEEF,AUSTRALIAN,WAGYU,SEAM FAT,MRBL SCR 4/5,RAW","Beef, Australian, Wagyu,  seam fat, Aust. marble score 4/5, raw",,,,594,6.0,63.3,0.0,0.0,0.0,22.0,0.0,0.0,0.0,0.0,0,0.0,0.0,0.0,2,0.0,0.97,0,0.0,0,0.0,0.0,0.024444444,0.0,0.0,0.0,0.0,0.0,0.0,0.0,0.0,0.001666667,0.0,0.0,0.0,0.0,0.0
23300,Beef Products,"BEEF,AUSTRALIAN,WAGYU,EXTERNAL FAT,AUST. MARBLE SCORE 9,RAW","Beef, Australian, Wagyu,  external fat, Aust. marble score 9, raw",,,,639,5.54,68.07,0.97,0.0,0.0,22.0,0.0,0.0,0.0,0.0,0,0.0,0.0,0.0,4,0.0,0.81,0,0.0,0,0.0,0.0,0.024444444,0.0,0.0,0.0,0.0,0.0,0.0,0.0,0.0,0.003333333,0.0,0.0,0.0,0.0,0.0
23301,Beef Products,"BEEF,AUSTRALIAN,WAGYU,SEAM FAT,AUST. MARBLE SCORE 9,RAW","Beef, Australian, Wagyu,  seam fat, Aust. marble score 9, raw",,,,627,5.16,67.33,0.0,0.0,0.0,22.0,0.0,0.0,0.0,0.0,0,0.0,0.0,0.0,2,0.0,0.91,0,0.0,0,0.0,0.0,0.024444444,0.0,0.0,0.0,0.0,0.0,0.0,0.0,0.0,0.001666667,0.0,0.0,0.0,0.0,0.0
23302,Beef Products,"BEEF,AUSTRALN,GRS-FED,LOIN,TENDRLN STK/RST,BNLS,LN & FAT,RAW","Beef, Australian, grass-fed, loin, tenderloin steak/roast, boneless, separable lean and fat, raw","URMIS #1386, URMIS #1388",,,151,20.53,7.63,0.01,0.0,0.0,1.0,0.0,0.0,0.0,0.0,0,0.0,0.0,0.0,4,0.0,2.21,0,0.0,0,0.0,0.0,0.001111111,0.0,0.0,0.0,0.0,0.0,0.0,0.0,0.0,0.003333333,0.0,0.0,0.0,0.0,0.0
23303,Beef Products,"BEEF,ASTRLIAN,GRSSFD,LOIN,TOP LOIN STEAK/ROAST,BNLESS,LN,RAW","Beef, Australian, grass-fed, loin, top loin steak/roast, boneless, separable lean only, raw","URMIS #1404, URMIS #1397",,,131,21.79,4.87,0.0,0.0,0.0,0.0,0.0,0.0,0.0,0.0,0,0.0,0.0,0.0,5,0.0,1.57,0,0.0,0,0.0,0.0,0.0,0.0,0.0,0.0,0.0,0.0,0.0,0.0,0.0,0.004166667,0.0,0.0,0.0,0.0,0.0
23304,Beef Products,"BEEF,AUST,WAGYU,LN,TDRLN STK/RST,BNLS,LN&FAT,MRBLSCR 4/5,RAW","Beef, Australian, Wagyu, loin, tenderloin steak/roast, boneless, separable lean and fat, Aust. marble score 4/5, raw","URMIS #1386, URMIS #1388",,,206,19.71,14.09,0.0,0.0,0.0,1.0,0.0,0.0,0.0,0.0,0,0.0,0.0,0.0,4,0.0,2.2,0,0.0,0,0.0,0.0,0.001111111,0.0,0.0,0.0,0.0,0.0,0.0,0.0,0.0,0.003333333,0.0,0.0,0.0,0.0,0.0
23305,Beef Products,"BEEF,AUSTRALN,GRS-FED,LOIN,TOP LOIN STK/RST,BNLS,LN & FAT,RW","Beef, Australian, grass-fed, loin, top loin steak/roast, boneless, separable lean and fat, raw","URMIS #1397, URMIS #1404",,,199,19.9,13.17,0.11,0.0,0.0,6.0,0.0,0.0,0.0,0.0,0,0.0,0.0,0.0,5,0.0,1.46,0,0.0,0,0.0,0.0,0.006666667,0.0,0.0,0.0,0.0,0.0,0.0,0.0,0.0,0.004166667,0.0,0.0,0.0,0.0,0.0
23307,Beef Products,"BEEF,AUSTRALIAN,GRSSFD,RIB,RIBEYE STK/RST LIP-ON,BNLS,LN,RAW","Beef, Australian, grass-fed, rib, ribeye steak/roast lip-on, boneless, separable lean only, raw","URMIS #1194, URMIS# 1203",,,160,21.47,8.2,0.0,0.0,0.0,0.0,0.0,0.0,0.0,0.0,0,0.0,0.0,0.0,5,0.0,1.88,0,0.0,0,0.0,0.0,0.0,0.0,0.0,0.0,0.0,0.0,0.0,0.0,0.0,0.004166667,0.0,0.0,0.0,0.0,0.0
23308,Beef Products,"BEEF,AUSTRALIAN,GRSSFD,RND,BTTM RND STEAK/ROAST,BNLSS,LN,RAW","Beef, Australian, grass-fed, round, bottom round steak/roast, boneless, separable lean only, raw","URMIS #1466, URMIS #1464",,,130,21.4,4.93,0.0,0.0,0.0,0.0,0.0,0.0,0.0,0.0,0,0.0,0.0,0.0,4,0.0,2.11,0,0.0,0,0.0,0.0,0.0,0.0,0.0,0.0,0.0,0.0,0.0,0.0,0.0,0.003333333,0.0,0.0,0.0,0.0,0.0
23309,Beef Products,"BEEF,ASTRLN,GRSFD,RND,TOP RND CAP-OFF STEAK/RST,BNLSS,LN,RAW","Beef, Australian, grass-fed, round, top round cap-off steak/roast, boneless, separable lean only, raw","URMIS #1553, URMIS #1454",,,129,22.41,4.43,0.0,0.0,0.0,0.0,0.0,0.0,0.0,0.0,0,0.0,0.0,0.0,5,0.0,2.3,0,0.0,0,0.0,0.0,0.0,0.0,0.0,0.0,0.0,0.0,0.0,0.0,0.0,0.004166667,0.0,0.0,0.0,0.0,0.0
23310,Beef Products,"BEEF,ASTRLN,WAGYU,LN,TNDRLN STK/RST,BNLESS,LN,MRBL SCR 9,RAW","Beef, Australian, Wagyu, loin, tenderloin steak/roast, boneless, separable lean only, Aust. marble score 9, raw","URMIS #1388, URMIS #1386",,,237,18.87,17.73,0.57,0.0,0.0,0.0,0.0,0.0,0.0,0.0,0,0.0,0.0,0.0,4,0.0,2.41,0,0.0,0,0.0,0.0,0.0,0.0,0.0,0.0,0.0,0.0,0.0,0.0,0.0,0.003333333,0.0,0.0,0.0,0.0,0.0
23311,Beef Products,"BEEF,ASTRL,WGYU,LN,TP LN STK/RST,BNLS LN, AUS MRBL SC 4/5 RW","Beef, Australian, Wagyu, loin, top loin steak/roast, boneless, separable lean only, Aust. marble score 4/5, raw","URMIS #1404, URMIS #1397",,,223,20.15,15.69,0.2,0.0,0.0,0.0,0.0,0.0,0.0,0.0,0,0.0,0.0,0.0,4,0.0,1.85,0,0.0,0,0.0,0.0,0.0,0.0,0.0,0.0,0.0,0.0,0.0,0.0,0.0,0.003333333,0.0,0.0,0.0,0.0,0.0
23312,Beef Products,"BEEF,ASTRLN,WGYU,LOIN,TOP LN STK/RST,BNLS,LN, MRBL SCR 9,RAW","Beef, Australian, Wagyu, loin, top loin steak/roast, boneless, separable lean only, Aust. marble score 9, raw","URMIS #1404, URMIS #1397",,,331,16.92,29.15,0.13,0.0,0.0,0.0,0.0,0.0,0.0,0.0,0,0.0,0.0,0.0,4,0.0,1.71,0,0.0,0,0.0,0.0,0.0,0.0,0.0,0.0,0.0,0.0,0.0,0.0,0.0,0.003333333,0.0,0.0,0.0,0.0,0.0
23313,Beef Products,"BEE,ASTRLN,WGYU,RB,SML END RB STK/RST,BLS,LN,MRBLSCR 4/5,RAW","Beef, Australian, Wagyu, rib, small end rib steak/roast, boneless, separable lean only, Aust. marble score 4/5, raw","URMIS #1238, URMIS #1245",,,234,20.35,16.93,0.0,0.0,0.0,0.0,0.0,0.0,0.0,0.0,0,0.0,0.0,0.0,4,0.0,1.89,0,0.0,0,0.0,0.0,0.0,0.0,0.0,0.0,0.0,0.0,0.0,0.0,0.0,0.003333333,0.0,0.0,0.0,0.0,0.0
23314,Beef Products,"BEE,ASTRLN,WAGYU,RB,SMLEND RB STK/RST,BNLS,LN,MRBL SCR 9,RAW","Beef, Australian, Wagyu, rib, small end rib steak/roast, boneless, separable lean only, Aust. marble score 9, raw","URMIS #1238, URMIS #1245",,,330,17.61,28.61,0.46,0.0,0.0,0.0,0.0,0.0,0.0,0.0,0,0.0,0.0,0.0,4,0.0,2.14,0,0.0,0,0.0,0.0,0.0,0.0,0.0,0.0,0.0,0.0,0.0,0.0,0.0,0.003333333,0.0,0.0,0.0,0.0,0.0
23315,Beef Products,"BEEF,ASTRLN,GRSSFD,LN,TPSRLN CAPOFF STK/RST,BNLS,LN & FT,RAW","Beef, Australian, grass-fed, loin, top sirloin cap-off steak/roast, boneless, separable lean and fat, raw","URMIS #1426, URMIS #1419",,,127,21.77,4.45,0.01,0.0,0.0,0.0,0.0,0.0,0.0,0.0,0,0.0,0.0,0.0,5,0.0,2.51,0,0.0,0,0.0,0.0,0.0,0.0,0.0,0.0,0.0,0.0,0.0,0.0,0.0,0.004166667,0.0,0.0,0.0,0.0,0.0
23316,Beef Products,"BEEF,ASTRLN,GRSFD,RIB,RBEYE STK/RST LIP-ON,BNLS,LN & FAT,RAW","Beef, Australian, grass-fed, rib, ribeye steak/roast lip-on, boneless, separable lean and fat, raw","URMIS #1194, URMIS #1203",,,217,19.8,15.21,0.11,0.0,0.0,5.0,0.0,0.0,0.0,0.0,0,0.0,0.0,0.0,5,0.0,1.74,0,0.0,0,0.0,0.0,0.005555556,0.0,0.0,0.0,0.0,0.0,0.0,0.0,0.0,0.004166667,0.0,0.0,0.0,0.0,0.0
23317,Beef Products,"BEEF,ASTRLN,GRSSFD,RND,BTTM RND STEAK/RST,BNLS,LN & FAT,RAW","Beef, Australian, grass-fed, round, bottom round steak/roast, boneless, separable lean and fat, raw","URMIS #1466, URMIS #1464",,,140,21.13,6.16,0.01,0.0,0.0,1.0,0.0,0.0,0.0,0.0,0,0.0,0.0,0.0,5,0.0,2.08,0,0.0,0,0.0,0.0,0.001111111,0.0,0.0,0.0,0.0,0.0,0.0,0.0,0.0,0.004166667,0.0,0.0,0.0,0.0,0.0
23318,Beef Products,"BEEF,ASTRLN,GRSFD,RND,TOPRND CAPOFF STK/RST,BNLS,LN & FT,RAW","Beef, Australian, grass-fed, round, top round cap-off steak/roast, boneless, separable lean and fat, raw","URMIS #1553, URMIS #1454",,,129,22.24,4.4,0.0,0.0,0.0,0.0,0.0,0.0,0.0,0.0,0,0.0,0.0,0.0,5,0.0,2.28,0,0.0,0,0.0,0.0,0.0,0.0,0.0,0.0,0.0,0.0,0.0,0.0,0.0,0.004166667,0.0,0.0,0.0,0.0,0.0
23319,Beef Products,"BEEF,ASTRLN,WGYU,LN,TOPLN STK/RST,BLS,LN&FAT,MRBL SCR 4/5,RW","Beef, Australian, Wagyu, loin, top loin steak/roast, boneless, separable lean and fat, Aust. marble score 4/5, raw","URMIS #1404, URMIS #1397",,,289,17.67,24.2,0.17,0.0,0.0,4.0,0.0,0.0,0.0,0.0,0,0.0,0.0,0.0,4,0.0,1.69,0,0.0,0,0.0,0.0,0.004444444,0.0,0.0,0.0,0.0,0.0,0.0,0.0,0.0,0.003333333,0.0,0.0,0.0,0.0,0.0
23320,Beef Products,"BEEF,AUSTRALIAN,WAGYU,LOIN,TOP LN STK/RST,LN & FAT,MRBL SCR","Beef, Australian, Wagyu, loin, top loin steak/roast, separable lean and fat, Aust. marble score 9, raw","URMIS #1397, URMIS #1404",,,392,14.58,36.98,0.22,0.0,0.0,4.0,0.0,0.0,0.0,0.0,0,0.0,0.0,0.0,4,0.0,1.54,0,0.0,0,0.0,0.0,0.004444444,0.0,0.0,0.0,0.0,0.0,0.0,0.0,0.0,0.003333333,0.0,0.0,0.0,0.0,0.0
23321,Beef Products,"BEEF,ASTRLN,WAGYU,RIB,SMLND RB STK/RST,BNLS,LN &FAT,MRBL SCR","Beef, Australian, Wagyu, rib, small end rib steak/roast, boneless, separable lean and fat, Aust. marble score 4/5, raw","URMIS #1245, URMIS #1238",,,317,17.07,27.64,0.0,0.0,0.0,5.0,0.0,0.0,0.0,0.0,0,0.0,0.0,0.0,4,0.0,1.68,0,0.0,0,0.0,0.0,0.005555556,0.0,0.0,0.0,0.0,0.0,0.0,0.0,0.0,0.003333333,0.0,0.0,0.0,0.0,0.0
23322,Beef Products,"BEEF,ASTRLN,WGYU,RB,SML END RB STK/RST,BNLS,LN &FAT,MRBL SCR","Beef, Australian, Wagyu, rib, small end rib steak/roast, boneless, separable lean and fat, Aust. marble score 9, raw","URMIS #1245, URMIS #1238",,,405,14.54,38.3,0.42,0.0,0.0,6.0,0.0,0.0,0.0,0.0,0,0.0,0.0,0.0,3,0.0,1.82,0,0.0,0,0.0,0.0,0.006666667,0.0,0.0,0.0,0.0,0.0,0.0,0.0,0.0,0.0025,0.0,0.0,0.0,0.0,0.0
23323,Beef Products,"BEEF,ASTRLN,WGYU,LN,TNDRLN STK/RST,BNLS,LN&FT,MRBL SCR 9,RAW","Beef, Australian, Wagyu, loin, tenderloin steak/roast, boneless, separable lean and fat, Aust. marble score 9, raw","URMIS #1388, URMIS #1386",,,248,18.5,19.11,0.58,0.0,0.0,1.0,0.0,0.0,0.0,0.0,0,0.0,0.0,0.0,4,0.0,2.37,0,0.0,0,0.0,0.0,0.001111111,0.0,0.0,0.0,0.0,0.0,0.0,0.0,0.0,0.003333333,0.0,0.0,0.0,0.0,0.0
23324,Beef Products,"BEEF,RND,TOP RND STEAK,BNLESS,LN & FAT,0 FAT,ALL GRDS,RAW","Beef, round, top round steak, boneless, separable lean and fat, trimmed to 0 fat, all grades, raw",Top Round Steak,,,124,23.49,3.34,0.0,0.0,0.0,3.0,0.632,1.64,0.0,0.23,4,6.433,0.235,0.064,13,0.048,2.33,12,0.004,219,22.1,3.68,0.003333333,0.371764706,0.683333333,0.0,0.015333333,0.01,0.4020625,0.180769231,0.053333333,0.010833333,5.33333e-05,0.028571429,0.312857143,0.401818182,0.334545455
23325,Beef Products,"BEEF,RND,TOP RND STEAK,BNLESS,LN & FAT,0 FAT,CHOIC,RAW","Beef, round, top round steak, boneless, separable lean and fat, trimmed to 0 fat, choice, raw","URMIS # 2368, Top Round Steak",,,127,23.49,3.66,0.0,0.0,0.0,3.0,0.639,1.65,0.0,0.24,4,6.635,0.225,0.064,13,0.048,2.35,12,0.004,220,21.8,3.76,0.003333333,0.375882353,0.6875,0.0,0.016,0.01,0.4146875,0.173076923,0.053333333,0.010833333,5.33333e-05,0.028571429,0.314285714,0.396363636,0.341818182
23326,Beef Products,"BEEF,RND,TOP RND STEAK,BNLESS,LN & FAT,0 FAT,SEL,RAW","Beef, round, top round steak, boneless, separable lean and fat, trimmed to 0 fat, select, raw","URMIS # 1553, Top Round Steak",,,120,23.49,2.85,0.0,0.0,0.0,3.0,0.623,1.62,0.0,0.21,4,6.13,0.249,0.064,13,0.047,2.34,12,0.003,219,22.6,3.52,0.003333333,0.366470588,0.675,0.0,0.014,0.01,0.383125,0.191538462,0.053333333,0.010833333,5.22222e-05,0.028571429,0.312857143,0.410909091,0.32
23327,Beef Products,"BEEF,RND,TOP RND RST,BNLESS,LN & FAT,0 FAT,ALL GRDS,RAW","Beef, round, top round roast, boneless, separable lean and fat, trimmed to 0 fat, all grades, raw",Top Round Roast,,,125,23.45,3.5,0.0,0.0,0.0,3.0,0.631,1.64,0.0,0.23,4,6.422,0.234,0.063,13,0.048,2.33,12,0.004,219,22.1,3.67,0.003333333,0.371176471,0.683333333,0.0,0.015333333,0.01,0.401375,0.18,0.0525,0.010833333,5.33333e-05,0.028571429,0.312857143,0.401818182,0.333636364
23328,Beef Products,"BEEF,RND,TOP RND RST,BNLESS,LN & FAT,0 FAT,CHOIC,RAW","Beef, round, top round roast, boneless, separable lean and fat, trimmed to 0 fat, choice, raw","URMIS # 2366, Top Round Roast",,,128,23.46,3.81,0.0,0.0,0.0,3.0,0.638,1.65,0.0,0.24,4,6.624,0.225,0.064,13,0.048,2.35,12,0.004,219,21.8,3.75,0.003333333,0.375294118,0.6875,0.0,0.016,0.01,0.414,0.173076923,0.053333333,0.010833333,5.33333e-05,0.028571429,0.312857143,0.396363636,0.340909091
23329,Beef Products,"BEEF,RND,TOP RND RST,BNLESS,LN & FAT,0 FAT,SEL,RAW","Beef, round, top round roast, boneless, separable lean and fat, trimmed to 0 fat, select, raw","Top Round Roast, URMIS # 1551",,,121,23.44,3.04,0.0,0.0,0.0,3.0,0.622,1.62,0.0,0.21,4,6.12,0.248,0.063,13,0.047,2.34,12,0.003,218,22.6,3.52,0.003333333,0.365882353,0.675,0.0,0.014,0.01,0.3825,0.190769231,0.0525,0.010833333,5.22222e-05,0.028571429,0.311428571,0.410909091,0.32
23330,Beef Products,"BEEF,RND,EYE OF RND RST,BNLESS,LN & FAT,0 FAT,ALL GRDS,RAW","Beef, round, eye of round roast, boneless, separable lean and fat, trimmed to 0 fat, all grades, raw",Eye of Round Roast,,,124,23.27,3.44,0.0,0.0,0.0,3.0,0.641,1.83,0.0,0.24,4,6.687,0.183,0.063,13,0.042,1.45,12,0.001,221,22.4,3.4,0.003333333,0.377058824,0.7625,0.0,0.016,0.01,0.4179375,0.140769231,0.0525,0.010833333,4.66667e-05,0.028571429,0.315714286,0.407272727,0.309090909
23331,Beef Products,"BEEF,RND,EYE OF RND RST,BNLESS,LN & FAT,0 FAT,CHOIC,RAW","Beef, round, eye of round roast, boneless, separable lean and fat, trimmed to 0 fat, choice, raw","URMIS # 2295, Eye of Round Roast",,,127,23.26,3.74,0.0,0.0,0.0,3.0,0.645,1.68,0.0,0.25,4,6.779,0.183,0.063,13,0.049,1.47,12,0.001,220,22.7,3.41,0.003333333,0.379411765,0.7,0.0,0.016666667,0.01,0.4236875,0.140769231,0.0525,0.010833333,5.44444e-05,0.028571429,0.314285714,0.412727273,0.31
23332,Beef Products,"BEEF,RND,EYE OF RND RST,BNLESS,LN & FAT,0 FAT,SEL,RAW","Beef, round, eye of round roast, boneless, separable lean and fat, trimmed to 0 fat, select, raw","Eye of Round Roast, URMIS # 1480",,,120,23.28,3.0,0.0,0.0,0.0,5.0,0.634,2.06,0.0,0.22,4,6.548,0.184,0.063,13,0.035,1.37,11,0.002,221,22.1,3.36,0.005555556,0.372941176,0.858333333,0.0,0.014666667,0.01,0.40925,0.141538462,0.0525,0.010833333,3.88889e-05,0.026190476,0.315714286,0.401818182,0.305454545
23333,Beef Products,"BEEF,RND,EYE OF RND STEAK,BNLESS,LN & FT,0 FAT,ALL GRDS,RAW","Beef, round, eye of round steak, boneless, separable lean and fat, trimmed to 0 fat, all grades, raw",Eye of Round Steak,,,124,23.26,3.48,0.0,0.0,0.0,3.0,0.641,1.83,0.0,0.24,4,6.685,0.183,0.063,13,0.042,1.45,12,0.001,220,22.4,3.39,0.003333333,0.377058824,0.7625,0.0,0.016,0.01,0.4178125,0.140769231,0.0525,0.010833333,4.66667e-05,0.028571429,0.314285714,0.407272727,0.308181818
23334,Beef Products,"BEEF,RND,EYE OF RND STEAK,BNLESS LN & FAT,0 FAT,CHOIC,RAW","Beef, round, eye of round steak, boneless separable lean and fat, trimmed to 0 fat, choice, raw","URMIS # 2296, Eye of Round Steak",,,127,23.24,3.83,0.0,0.0,0.0,3.0,0.645,1.68,0.0,0.25,4,6.773,0.182,0.063,13,0.049,1.47,12,0.001,220,22.6,3.41,0.003333333,0.379411765,0.7,0.0,0.016666667,0.01,0.4233125,0.14,0.0525,0.010833333,5.44444e-05,0.028571429,0.314285714,0.410909091,0.31
23335,Beef Products,"BEEF,RND,EYE OF RND STEAK,BNLESS,LN & FAT,0 FAT,SEL,RAW","Beef, round, eye of round steak, boneless, separable lean and fat, trimmed to 0 fat, select, raw","Eye of Round Steak, URMIS # 1481",,,120,23.3,2.95,0.0,0.0,0.0,5.0,0.635,2.06,0.0,0.22,4,6.552,0.184,0.063,13,0.035,1.37,11,0.002,221,22.1,3.36,0.005555556,0.373529412,0.858333333,0.0,0.014666667,0.01,0.4095,0.141538462,0.0525,0.010833333,3.88889e-05,0.026190476,0.315714286,0.401818182,0.305454545
23336,Beef Products,"BEEF,LOIN,TENDERLOIN RST,BNLESS,LN & FAT,0 FAT,ALL GRDS,RAW","Beef, loin, tenderloin roast, boneless, separable lean and fat, trimmed to 0 fat, all grades, raw",Tenderloin Roast,,,149,21.67,6.93,0.0,0.0,0.0,5.0,0.607,3.47,0.0,0.19,3,4.705,0.312,0.053,14,0.062,2.48,12,0.007,211,20.1,3.2,0.005555556,0.357058824,1.445833333,0.0,0.012666667,0.0075,0.2940625,0.24,0.044166667,0.011666667,6.88889e-05,0.028571429,0.301428571,0.365454545,0.290909091
23337,Beef Products,"BEEF,LOIN,TENDERLOIN RST,BNLESS,LN & FAT,0 FAT,CHOIC,RAW","Beef, loin, tenderloin roast, boneless, separable lean and fat, trimmed to 0 fat, choice, raw","Tenderloin Roast, URMIS # 2201",,,153,21.5,7.4,0.0,0.0,0.0,3.0,0.601,3.34,0.0,0.19,3,4.461,0.3,0.05,14,0.061,2.52,12,0.007,208,19.2,3.21,0.003333333,0.353529412,1.391666667,0.0,0.012666667,0.0075,0.2788125,0.230769231,0.041666667,0.011666667,6.77778e-05,0.028571429,0.297142857,0.349090909,0.291818182
23338,Beef Products,"BEEF,LOIN,TENDERLOIN RST,BNLESS,LN & FAT,0 FAT,SEL,RAW","Beef, loin, tenderloin roast, boneless, separable lean and fat, trimmed to 0 fat, select, raw","Tenderloin Roast, URMIS # 1386",,,144,21.91,6.21,0.0,0.0,0.0,4.0,0.614,3.67,0.0,0.18,4,5.072,0.329,0.056,14,0.067,2.46,12,0.008,219,21.2,3.32,0.004444444,0.361176471,1.529166667,0.0,0.012,0.01,0.317,0.253076923,0.046666667,0.011666667,7.44444e-05,0.028571429,0.312857143,0.385454545,0.301818182
23339,Beef Products,"BEEF,LOIN,TOP LOIN STK,BNLS,LIP OFF,LN & FAT,0 FT,ALLGRD,RW","Beef, loin, top loin steak, boneless, lip off, separable lean and fat, trimmed to 0 fat, all grades, raw","Boneless Strip Steak, Club Steak, New York Strip, Kansas City Strip",,,163,22.43,8.17,0.0,0.0,0.0,4.0,0.563,1.74,0.0,0.22,4,6.515,0.203,0.055,15,0.043,1.83,11,0.002,200,20.8,3.57,0.004444444,0.331176471,0.725,0.0,0.014666667,0.01,0.4071875,0.156153846,0.045833333,0.0125,4.77778e-05,0.026190476,0.285714286,0.378181818,0.324545455
23340,Beef Products,"BEEF,LOIN,TOP LOIN STK,BNLS,LIP OFF,LN & FAT,0 FT,CHOIC,RAW","Beef, loin, top loin steak, boneless, lip off, separable lean and fat, trimmed to 0 fat, choice, raw","URMIS # 2219, Boneless Strip Steak, Club Steak, New York Strip, Kansas City Strip",,,171,22.19,9.16,0.0,0.0,0.0,4.0,0.57,1.67,0.0,0.24,4,6.681,0.197,0.052,15,0.041,1.91,11,0.002,198,20.2,3.62,0.004444444,0.335294118,0.695833333,0.0,0.016,0.01,0.4175625,0.151538462,0.043333333,0.0125,4.55556e-05,0.026190476,0.282857143,0.367272727,0.329090909
23341,Beef Products,"BEEF,LOIN,TOP LOIN STEAK,BNLS,LIP OFF,LN & FAT,0 FAT,SEL,RW","Beef, loin, top loin steak, boneless, lip off, separable lean and fat, trimmed to 0 fat, select, raw","Boneless Strip Steak, URMIS # 1404",,,151,22.79,6.67,0.0,0.0,0.0,4.0,0.552,1.85,0.0,0.2,4,6.267,0.213,0.059,14,0.044,1.73,12,0.002,204,21.4,3.52,0.004444444,0.324705882,0.770833333,0.0,0.013333333,0.01,0.3916875,0.163846154,0.049166667,0.011666667,4.88889e-05,0.028571429,0.291428571,0.389090909,0.32
23342,Beef Products,"BEEF,LOIN,TENDERLOIN STEAK,BNLESS,L & F,0 FAT,ALL GRDS,RAW","Beef, loin, tenderloin steak, boneless, separable lean and fat, trimmed to 0 fat, all grades, raw","Filet Mignon, Tenderloin Steak, Beef Medallions",,,147,21.72,6.67,0.0,0.0,0.0,3.0,0.609,3.48,0.0,0.18,3,4.717,0.313,0.053,14,0.063,2.49,12,0.007,212,20.2,3.22,0.003333333,0.358235294,1.45,0.0,0.012,0.0075,0.2948125,0.240769231,0.044166667,0.011666667,7e-05,0.028571429,0.302857143,0.367272727,0.292727273
23343,Beef Products,"BEEF,LOIN,TENDERLOIN STEAK,BNLESS,LN & FAT,0 FAT,CHOIC,RAW","Beef, loin, tenderloin steak, boneless, separable lean and fat, trimmed to 0 fat, choice, raw","URMIS # 2203, Tenderloin Steak, Beef Medallions, Filet Mignon",,,150,21.57,7.1,0.0,0.0,0.0,3.0,0.603,3.36,0.0,0.18,3,4.473,0.302,0.05,14,0.061,2.53,12,0.007,209,19.3,3.22,0.003333333,0.354705882,1.4,0.0,0.012,0.0075,0.2795625,0.232307692,0.041666667,0.011666667,6.77778e-05,0.028571429,0.298571429,0.350909091,0.292727273
23344,Beef Products,"BEEF,LOIN,TENDERLOIN STEAK,BNLESS,LN & FAT,0 FAT,SEL,RAW","Beef, loin, tenderloin steak, boneless, separable lean and fat, trimmed to 0 fat, select, raw","URMIS # 1388, Tenderloin Steak, Beef Medallions, Filet Mignon",,,142,21.95,6.02,0.0,0.0,0.0,4.0,0.616,3.67,0.0,0.18,4,5.082,0.33,0.057,14,0.067,2.47,12,0.008,219,21.3,3.33,0.004444444,0.362352941,1.529166667,0.0,0.012,0.01,0.317625,0.253846154,0.0475,0.011666667,7.44444e-05,0.028571429,0.312857143,0.387272727,0.302727273
23345,Beef Products,"BEEF,LOIN,TNDRLN RST,BNLESS,L & F,0 FAT,ALL GRDS,CKD,RSTD","Beef, loin, tenderloin roast, boneless, separable lean and fat, trimmed to 0 fat, all grades, cooked, roasted",Tenderloin Roast,,,183,27.31,8.14,0.0,0.0,0.0,6.0,0.681,4.06,0.0,0.1,7,5.556,0.391,0.061,13,0.091,3.2,18,0.009,254,24.9,4.16,0.006666667,0.400588235,1.691666667,0.0,0.006666667,0.0175,0.34725,0.300769231,0.050833333,0.010833333,0.000101111,0.042857143,0.362857143,0.452727273,0.378181818
23346,Beef Products,"BEEF,LOIN,TENDERLOIN RST,BNLESS,L & F,0 FAT,CHOIC,CKD,RSTD","Beef, loin, tenderloin roast, boneless, separable lean and fat, trimmed to 0 fat, choice, cooked, roasted","URMIS # 2201, Tenderloin roast",,,188,27.26,8.82,0.0,0.0,0.0,6.0,0.691,3.98,0.0,0.11,7,5.438,0.388,0.059,14,0.086,3.24,18,0.009,252,24.6,4.42,0.006666667,0.406470588,1.658333333,0.0,0.007333333,0.0175,0.339875,0.298461538,0.049166667,0.011666667,9.55556e-05,0.042857143,0.36,0.447272727,0.401818182
23347,Beef Products,"BEEF,LOIN,TENDERLOIN RST,BNLESS,LN & FAT,0 FAT,SEL,CKD,RSTD","Beef, loin, tenderloin roast, boneless, separable lean and fat, trimmed to 0 fat, select, cooked, roasted","URMIS # 1386, Tenderloin Roast",,,174,27.38,7.12,0.0,0.0,0.0,8.0,0.665,4.18,0.0,0.09,7,5.732,0.397,0.063,13,0.097,3.03,14,0.008,258,25.2,3.68,0.008888889,0.391176471,1.741666667,0.0,0.006,0.0175,0.35825,0.305384615,0.0525,0.010833333,0.000107778,0.033333333,0.368571429,0.458181818,0.334545455
23348,Beef Products,"BEEF,RND,TOP RND RST,BNLS,LN&FAT,0 FAT,ALLGRD,CKD,RSTD","Beef, round, top round roast, boneless, separable lean and fat, trimmed to 0 fat, all grades, cooked, roasted",Top Round Roast,,,160,29.9,4.49,0.0,0.0,0.0,4.0,0.779,2.02,0.0,0.28,5,7.929,0.289,0.078,16,0.059,2.88,15,0.005,270,27.2,4.54,0.004444444,0.458235294,0.841666667,0.0,0.018666667,0.0125,0.4955625,0.222307692,0.065,0.013333333,6.55556e-05,0.035714286,0.385714286,0.494545455,0.412727273
23349,Beef Products,"BEEF,RND,TOP RND RST,BNLESS,LN & FAT,0 FAT,CHOIC,CKD,RSTD","Beef, round, top round roast, boneless, separable lean and fat, trimmed to 0 fat, choice, cooked, roasted","URMIS # 2366, Top Round Roast",,,163,30.08,4.79,0.0,0.0,0.0,4.0,0.787,2.04,0.0,0.3,5,8.178,0.278,0.078,16,0.059,2.9,15,0.005,271,26.9,4.63,0.004444444,0.462941176,0.85,0.0,0.02,0.0125,0.511125,0.213846154,0.065,0.013333333,6.55556e-05,0.035714286,0.387142857,0.489090909,0.420909091
23350,Beef Products,"BEEF,RND,TOP RND RST,BNLESS,LN & FAT,0 FAT,SEL,CKD,RSTD","Beef, round, top round roast, boneless, separable lean and fat, trimmed to 0 fat, select, cooked, roasted","URMIS # 1551, Top Round Roast",,,157,30.97,3.72,0.0,0.0,0.0,4.0,0.768,2.0,0.0,0.26,5,7.555,0.306,0.078,17,0.058,2.88,15,0.003,269,27.8,4.34,0.004444444,0.451764706,0.833333333,0.0,0.017333333,0.0125,0.4721875,0.235384615,0.065,0.014166667,6.44444e-05,0.035714286,0.384285714,0.505454545,0.394545455
23351,Beef Products,"BEEF,RND,EYE OF RND STK,BNLESS,L & F,0 F,A GRDS,CKD,GRILLED","Beef, round, eye of round steak, boneless, separable lean and fat, trimmed to 0 fat, all grades, cooked, grilled",Eye of Round Steak,,,159,29.66,4.47,0.0,0.0,0.0,4.0,0.832,2.38,0.0,0.31,5,8.682,0.238,0.082,17,0.055,1.88,15,0.002,286,29.1,4.41,0.004444444,0.489411765,0.991666667,0.0,0.020666667,0.0125,0.542625,0.183076923,0.068333333,0.014166667,6.11111e-05,0.035714286,0.408571429,0.529090909,0.400909091
23352,Beef Products,"BEEF,RND,EYE OF RD STEAK,BNLESS,L & F,0 FT,CHOIC,CK,GRLLED","Beef, round, eye of round steak, boneless, separable lean and fat, trimmed to 0 fat, choice, cooked, grilled","URMIS # 2296, Eye of Round Steak",,,163,29.79,4.83,0.0,0.0,0.0,4.0,0.837,2.18,0.0,0.33,5,8.797,0.237,0.082,17,0.063,1.91,16,0.001,286,29.4,4.43,0.004444444,0.492352941,0.908333333,0.0,0.022,0.0125,0.5498125,0.182307692,0.068333333,0.014166667,7e-05,0.038095238,0.408571429,0.534545455,0.402727273
23353,Beef Products,"BEEF,RND,EYE OF RND STEAK,BNLS,LN & FAT,0 FAT,SEL,CKD,GRLD","Beef, round, eye of round steak, boneless, separable lean and fat, trimmed to 0 fat, select, cooked, grilled","Eye of Round Steak, URMIS # 1481",,,154,29.47,3.98,0.0,0.0,0.0,7.0,0.824,2.67,0.0,0.28,5,8.509,0.239,0.082,16,0.046,1.78,15,0.002,287,28.7,4.36,0.007777778,0.484705882,1.1125,0.0,0.018666667,0.0125,0.5318125,0.183846154,0.068333333,0.013333333,5.11111e-05,0.035714286,0.41,0.521818182,0.396363636
23354,Beef Products,"BEEF,RND,TOP RND STEAK,BNLESS,LN,0 FAT,ALL GRDS,RAW","Beef, round, top round steak, boneless, separable lean only, trimmed to 0 fat, all grades, raw",Top Round Steak,,,121,23.59,2.94,0.0,0.0,0.0,2.0,0.635,1.64,0.0,0.23,4,6.462,0.236,0.064,13,0.048,2.34,12,0.004,220,22.2,3.7,0.002222222,0.373529412,0.683333333,0.0,0.015333333,0.01,0.403875,0.181538462,0.053333333,0.010833333,5.33333e-05,0.028571429,0.314285714,0.403636364,0.336363636
23355,Beef Products,"BEEF,RND,TOP RND STEAK,BNLESS,LN,0 FAT,CHOIC,RAW","Beef, round, top round steak, boneless, separable lean only, trimmed to 0 fat, choice, raw","Top Round Steak, URMIS # 2368",,,124,23.59,3.26,0.0,0.0,0.0,2.0,0.641,1.66,0.0,0.24,4,6.667,0.227,0.064,13,0.048,2.35,12,0.004,221,21.9,3.78,0.002222222,0.377058824,0.691666667,0.0,0.016,0.01,0.4166875,0.174615385,0.053333333,0.010833333,5.33333e-05,0.028571429,0.315714286,0.398181818,0.343636364
23356,Beef Products,"BEEF,RND,TOP RND STEAK,BNLESS,LN,0 FAT,SEL,RAW","Beef, round, top round steak, boneless, separable lean only, trimmed to 0 fat, select, raw","Top Round Steak, URMIS # 1553",,,116,23.59,2.45,0.0,0.0,0.0,2.0,0.626,1.63,0.0,0.21,4,6.155,0.25,0.064,13,0.047,2.34,12,0.003,220,22.7,3.54,0.002222222,0.368235294,0.679166667,0.0,0.014,0.01,0.3846875,0.192307692,0.053333333,0.010833333,5.22222e-05,0.028571429,0.314285714,0.412727273,0.321818182
23357,Beef Products,"BEEF,RND,TOP RND RST,BNLESS,LN,0 FAT,ALL GRDS,RAW","Beef, round, top round roast, boneless, separable lean only, trimmed to 0 fat, all grades, raw",Top Round Roast,,,121,23.59,2.94,0.0,0.0,0.0,2.0,0.635,1.64,0.0,0.23,4,6.462,0.236,0.064,13,0.048,2.34,12,0.004,220,22.2,3.7,0.002222222,0.373529412,0.683333333,0.0,0.015333333,0.01,0.403875,0.181538462,0.053333333,0.010833333,5.33333e-05,0.028571429,0.314285714,0.403636364,0.336363636
23358,Beef Products,"BEEF,RND,TOP RND RST,BNLESS,LN,0 FAT,CHOIC,RAW","Beef, round, top round roast, boneless, separable lean only, trimmed to 0 fat, choice, raw","Top Round Roast, URMIS # 2366",,,124,23.59,3.26,0.0,0.0,0.0,2.0,0.641,1.66,0.0,0.24,4,6.667,0.227,0.064,13,0.048,2.35,12,0.004,221,21.9,3.78,0.002222222,0.377058824,0.691666667,0.0,0.016,0.01,0.4166875,0.174615385,0.053333333,0.010833333,5.33333e-05,0.028571429,0.315714286,0.398181818,0.343636364
23359,Beef Products,"BEEF,RND,TOP RND RST,BNLESS,LN,0 FAT,SEL,RAW","Beef, round, top round roast, boneless, separable lean only, trimmed to 0 fat, select, raw","Top Round Roast, URMIS # 1551",,,116,23.59,2.45,0.0,0.0,0.0,2.0,0.626,1.63,0.0,0.21,4,6.155,0.25,0.064,13,0.047,2.34,12,0.003,220,22.7,3.54,0.002222222,0.368235294,0.679166667,0.0,0.014,0.01,0.3846875,0.192307692,0.053333333,0.010833333,5.22222e-05,0.028571429,0.314285714,0.412727273,0.321818182
23360,Beef Products,"BEEF,RND,EYE OF RND RST,BNLESS,LN,0 FAT,ALL GRDS,RAW","Beef, round, eye of round roast, boneless, separable lean only, trimmed to 0 fat, all grades, raw",Eye of Round Roast,,,121,23.37,3.04,0.0,0.0,0.0,1.0,0.644,1.84,0.0,0.24,4,6.72,0.184,0.063,13,0.042,1.45,12,0.001,222,22.6,3.42,0.001111111,0.378823529,0.766666667,0.0,0.016,0.01,0.42,0.141538462,0.0525,0.010833333,4.66667e-05,0.028571429,0.317142857,0.410909091,0.310909091
23361,Beef Products,"BEEF,RND,EYE OF RND RST,BNLESS,LN,0 FAT,CHOIC,RAW","Beef, round, eye of round roast, boneless, separable lean only, trimmed to 0 fat, choice, raw","Eye of Round Roast, URMIS # 2295",,,124,23.35,3.38,0.0,0.0,0.0,2.0,0.648,1.68,0.0,0.27,4,6.81,0.183,0.063,13,0.049,1.47,12,0.001,221,22.8,3.43,0.002222222,0.381176471,0.7,0.0,0.018,0.01,0.425625,0.140769231,0.0525,0.010833333,5.44444e-05,0.028571429,0.315714286,0.414545455,0.311818182
23362,Beef Products,"BEEF,RND,EYE OF RND RST,BNLESS,LN,0 FAT,SEL,RAW","Beef, round, eye of round roast, boneless, separable lean only, trimmed to 0 fat, select, raw","Eye of Round Roast, URMIS # 1480",,,116,23.41,2.52,0.0,0.0,0.0,2.0,0.637,2.07,0.0,0.22,4,6.585,0.185,0.064,13,0.035,1.37,11,0.002,222,22.2,3.38,0.002222222,0.374705882,0.8625,0.0,0.014666667,0.01,0.4115625,0.142307692,0.053333333,0.010833333,3.88889e-05,0.026190476,0.317142857,0.403636364,0.307272727
23363,Beef Products,"BEEF,RND,EYE OF RND STEAK,BNLESS,LN,0 FAT,ALL GRDS,RAW","Beef, round, eye of round steak, boneless, separable lean only, trimmed to 0 fat, all grades, raw",Eye of Round Steak,,,121,23.37,3.04,0.0,0.0,0.0,2.0,0.644,1.84,0.0,0.24,4,6.72,0.184,0.063,13,0.042,1.45,12,0.001,222,22.6,3.42,0.002222222,0.378823529,0.766666667,0.0,0.016,0.01,0.42,0.141538462,0.0525,0.010833333,4.66667e-05,0.028571429,0.317142857,0.410909091,0.310909091
23364,Beef Products,"BEEF,RND,EYE OF RND STEAK,BNLESS,LN,0 FAT,CHOIC,RAW","Beef, round, eye of round steak, boneless, separable lean only, trimmed to 0 fat, choice, raw","Eye of Round Steak, URMIS # 2296",,,124,23.35,3.38,0.0,0.0,0.0,2.0,0.648,1.68,0.0,0.25,4,6.81,0.183,0.063,13,0.049,1.47,12,0.001,221,22.8,3.43,0.002222222,0.381176471,0.7,0.0,0.016666667,0.01,0.425625,0.140769231,0.0525,0.010833333,5.44444e-05,0.028571429,0.315714286,0.414545455,0.311818182
23365,Beef Products,"BEEF,RND,EYE OF RND STEAK,BNLESS,LN,0 FAT,SEL,RAW","Beef, round, eye of round steak, boneless, separable lean only, trimmed to 0 fat, select, raw","Eye of Round Steak, URMIS # 1481",,,116,23.41,2.52,0.0,0.0,0.0,2.0,0.637,2.07,0.0,0.22,4,6.585,0.185,0.064,13,0.035,1.37,11,0.002,222,22.2,3.38,0.002222222,0.374705882,0.8625,0.0,0.014666667,0.01,0.4115625,0.142307692,0.053333333,0.010833333,3.88889e-05,0.026190476,0.317142857,0.403636364,0.307272727
23366,Beef Products,"BEEF,LOIN,TENDERLOIN RST,BNLESS,LN,0 FAT,ALL GRDS,RAW","Beef, loin, tenderloin roast, boneless, separable lean only, trimmed to 0 fat, all grades, raw",Tenderloin Roast,,,139,21.94,5.74,0.0,0.0,0.0,2.0,0.615,3.53,0.0,0.23,4,4.755,0.318,0.053,13,0.063,2.5,12,0.007,215,20.4,3.26,0.002222222,0.361764706,1.470833333,0.0,0.015333333,0.01,0.2971875,0.244615385,0.044166667,0.010833333,7e-05,0.028571429,0.307142857,0.370909091,0.296363636
23367,Beef Products,"BEEF,LOIN,TENDERLOIN RST,BNLESS,LN,0 FAT,CHOIC,RAW","Beef, loin, tenderloin roast, boneless, separable lean only, trimmed to 0 fat, choice, raw","Tenderloin Roast, URMIS # 2201",,,143,21.78,6.16,0.0,0.0,0.0,2.0,0.61,3.4,0.0,0.24,3,4.508,0.307,0.053,13,0.062,2.55,12,0.007,212,19.5,3.27,0.002222222,0.358823529,1.416666667,0.0,0.016,0.0075,0.28175,0.236153846,0.044166667,0.010833333,6.88889e-05,0.028571429,0.302857143,0.354545455,0.297272727
23368,Beef Products,"BEEF,LOIN,TENDERLOIN RST,BNLESS,LN,0 FAT,SEL,RAW","Beef, loin, tenderloin roast, boneless, separable lean only, trimmed to 0 fat, select, raw","Tenderloin Roast, URMIS # 1386",,,135,22.16,5.1,0.0,0.0,0.0,2.0,0.622,3.72,0.0,0.18,4,5.125,0.335,0.057,14,0.068,2.48,13,0.008,222,21.5,3.37,0.002222222,0.365882353,1.55,0.0,0.012,0.01,0.3203125,0.257692308,0.0475,0.011666667,7.55556e-05,0.030952381,0.317142857,0.390909091,0.306363636
23369,Beef Products,"BEEF,LOIN,TOP LOIN STK,BNLS,LIP OFF,LN,0 FAT,ALL GRDS,RAW","Beef, loin, top loin steak, boneless, lip off, separable lean only, trimmed to 0 fat, all grades, raw","Kansas City Strip, Boneless Strip Steak, Club Steak, New York Strip",,,143,23.07,5.67,0.0,0.0,0.0,2.0,0.578,1.78,0.0,0.22,4,6.742,0.211,0.056,15,0.044,1.84,12,0.002,207,21.5,3.72,0.002222222,0.34,0.741666667,0.0,0.014666667,0.01,0.421375,0.162307692,0.046666667,0.0125,4.88889e-05,0.028571429,0.295714286,0.390909091,0.338181818
23370,Beef Products,"BEEF,LOIN,TOP LOIN STEAK,BNLESS,LIP OFF,LN,0 FAT,CHOIC,RAW","Beef, loin, top loin steak, boneless, lip off, separable lean only, trimmed to 0 fat, choice, raw","URMIS # 2219, Kansas City Strip, Boneless Strip Steak, Club Steak, New York Strip",,,149,22.93,6.34,0.0,0.0,0.0,2.0,0.589,1.71,0.0,0.24,4,6.947,0.205,0.053,15,0.042,1.93,11,0.002,205,21.0,3.79,0.002222222,0.346470588,0.7125,0.0,0.016,0.01,0.4341875,0.157692308,0.044166667,0.0125,4.66667e-05,0.026190476,0.292857143,0.381818182,0.344545455
23371,Beef Products,"BEEF,LOIN,TOP LOIN STEAK,BNLESS,LIP OFF,LN,0 FAT,SEL,RAW","Beef, loin, top loin steak, boneless, lip off, separable lean only, trimmed to 0 fat, select, raw","URMIS # 1404, Kansas City Strip, Boneless Strip Steak, Club Steak, New York Strip",,,135,23.3,4.66,0.0,0.0,0.0,2.0,0.563,1.88,0.0,0.2,4,6.435,0.22,0.06,14,0.045,1.73,12,0.002,210,22.0,3.64,0.002222222,0.331176471,0.783333333,0.0,0.013333333,0.01,0.4021875,0.169230769,0.05,0.011666667,5e-05,0.028571429,0.3,0.4,0.330909091
23372,Beef Products,"BEEF,LOIN,TENDERLOIN STEAK,BNLESS,LN,0 FAT,ALL GRDS,RAW","Beef, loin, tenderloin steak, boneless, separable lean only, trimmed to 0 fat, all grades, raw","Fillet Mignon, Tenderloin Steak, Beef Medallions",,,139,21.94,5.74,0.0,0.0,0.0,2.0,0.615,3.53,0.0,0.23,4,4.755,0.318,0.053,13,0.063,2.5,12,0.007,215,20.4,3.26,0.002222222,0.361764706,1.470833333,0.0,0.015333333,0.01,0.2971875,0.244615385,0.044166667,0.010833333,7e-05,0.028571429,0.307142857,0.370909091,0.296363636
23373,Beef Products,"BEEF,LOIN,TENDERLOIN STEAK,BNLESS,LN,0 FAT,CHOIC,RAW","Beef, loin, tenderloin steak, boneless, separable lean only, trimmed to 0 fat, choice, raw","URMIS # 2203, Tenderloin Steak, Beef Medallions, Filet Mignon",,,143,21.78,6.16,0.0,0.0,0.0,0.0,0.61,3.4,0.0,0.24,3,4.508,0.307,0.05,13,0.062,2.55,12,0.007,212,19.5,3.27,0.0,0.358823529,1.416666667,0.0,0.016,0.0075,0.28175,0.236153846,0.041666667,0.010833333,6.88889e-05,0.028571429,0.302857143,0.354545455,0.297272727
23374,Beef Products,"BEEF,LOIN,TENDERLOIN STEAK,BNLESS,LN,0 FAT,SEL,RAW","Beef, loin, tenderloin steak, boneless, separable lean only, trimmed to 0 fat, select, raw","URMIS # 1388, Tenderloin Steak, Beef Medallions, Filet Mignon",,,135,22.16,5.1,0.0,0.0,0.0,2.0,0.622,3.72,0.0,0.22,4,5.125,0.335,0.057,14,0.068,2.48,13,0.008,222,21.5,3.37,0.002222222,0.365882353,1.55,0.0,0.014666667,0.01,0.3203125,0.257692308,0.0475,0.011666667,7.55556e-05,0.030952381,0.317142857,0.390909091,0.306363636
23375,Beef Products,"BEEF,LOIN,TENDERLOIN RST,BNLESS,LN,0 FAT,ALL GRDS,CKD,RSTD","Beef, loin, tenderloin roast, boneless, separable lean only, trimmed to 0 fat, all grades, cooked, roasted",Tenderloin Roast,,,177,27.51,7.49,0.0,0.0,0.0,2.0,0.686,4.09,0.0,0.28,7,5.586,0.395,0.069,13,0.091,3.22,18,0.009,255,25.1,4.19,0.002222222,0.403529412,1.704166667,0.0,0.018666667,0.0175,0.349125,0.303846154,0.0575,0.010833333,0.000101111,0.042857143,0.364285714,0.456363636,0.380909091
23376,Beef Products,"BEEF,LOIN,TENDERLOIN RST,BNLESS,LN,0 FAT,CHOIC,CKD,RSTD","Beef, loin, tenderloin roast, boneless, separable lean only, trimmed to 0 fat, choice, cooked, roasted","Tenderloin Roast, URMIS # 2201",,,183,27.48,8.13,0.0,0.0,0.0,1.0,0.696,4.01,0.0,0.3,7,5.47,0.392,0.065,14,0.086,3.25,18,0.009,253,24.8,4.46,0.001111111,0.409411765,1.670833333,0.0,0.02,0.0175,0.341875,0.301538462,0.054166667,0.011666667,9.55556e-05,0.042857143,0.361428571,0.450909091,0.405454545
23377,Beef Products,"BEEF,LOIN,TENDERLOIN RST,LN,BNLESS,0 FAT,SEL,CKD,RSTD","Beef, loin, tenderloin roast, separable lean only, boneless, trimmed to 0 fat, select, cooked, roasted","Tenderloin Roast, URMIS # 1386",,,169,27.55,6.54,0.0,0.0,0.0,2.0,0.669,4.21,0.0,0.25,7,5.76,0.4,0.074,13,0.097,3.04,14,0.009,259,25.4,3.7,0.002222222,0.393529412,1.754166667,0.0,0.016666667,0.0175,0.36,0.307692308,0.061666667,0.010833333,0.000107778,0.033333333,0.37,0.461818182,0.336363636
23378,Beef Products,"BEEF,RND,TOP RND RST,BNLESS,LN,0 FAT,ALL GRDS,CKD,RSTD","Beef, round, top round roast, boneless, separable lean only, trimmed to 0 fat, all grades, cooked, roasted",Top Round Roast,,,162,30.09,3.77,0.0,0.0,0.0,2.0,0.784,2.03,0.0,0.28,5,7.978,0.291,0.079,16,0.059,2.89,15,0.005,272,27.4,4.57,0.002222222,0.461176471,0.845833333,0.0,0.018666667,0.0125,0.498625,0.223846154,0.065833333,0.013333333,6.55556e-05,0.035714286,0.388571429,0.498181818,0.415454545
23379,Beef Products,"BEEF,RND,TOP RND RST,BNLESS,LN,0 FAT,CHOIC,CKD,RSTD","Beef, round, top round roast, boneless, separable lean only, trimmed to 0 fat, choice, cooked, roasted","Top Round Roast, URMIS # 2366",,,158,30.24,4.11,0.06,0.0,0.0,2.0,0.792,2.05,0.0,0.3,5,8.23,0.28,0.079,16,0.059,2.91,15,0.005,272,27.0,4.67,0.002222222,0.465882353,0.854166667,0.0,0.02,0.0125,0.514375,0.215384615,0.065833333,0.013333333,6.55556e-05,0.035714286,0.388571429,0.490909091,0.424545455
23380,Beef Products,"BEEF,RND,TOP RND RST,BNLESS,LN,0 FAT,SEL,CKD,RSTD","Beef, round, top round roast, boneless, separable lean only, trimmed to 0 fat, select, cooked, roasted","Top Round Roast, URMIS # 1551",,,150,29.81,3.37,0.0,0.0,0.0,3.0,0.772,2.01,0.0,0.26,5,7.599,0.309,0.079,17,0.059,2.89,15,0.004,271,28.0,4.37,0.003333333,0.454117647,0.8375,0.0,0.017333333,0.0125,0.4749375,0.237692308,0.065833333,0.014166667,6.55556e-05,0.035714286,0.387142857,0.509090909,0.397272727
23381,Beef Products,"BEEF,RND,EYE OF RND STEAK,BNLESS,LN,0 FT,A GRDS,CKD,GRILLED","Beef, round, eye of round steak, boneless, separable lean only, trimmed to 0 fat, all grades, cooked, grilled",Eye of Round Steak,,,155,29.85,3.9,0.0,0.0,0.0,2.0,0.836,2.38,0.0,0.31,5,8.727,0.239,0.082,17,0.055,1.88,15,0.002,288,29.3,4.44,0.002222222,0.491764706,0.991666667,0.0,0.020666667,0.0125,0.5454375,0.183846154,0.068333333,0.014166667,6.11111e-05,0.035714286,0.411428571,0.532727273,0.403636364
23382,Beef Products,"BEEF,RND,EYE OF RND STEAK,BNLESS,LN,0 FAT,CHOIC,CKD,GRILLED","Beef, round, eye of round steak, boneless, separable lean only, trimmed to 0 fat, choice, cooked, grilled","Eye of Round Steak, URMIS # 2296",,,158,29.94,4.26,0.0,0.0,0.0,2.0,0.842,2.19,0.0,0.33,5,8.844,0.238,0.082,17,0.064,1.91,16,0.001,288,29.6,4.46,0.002222222,0.495294118,0.9125,0.0,0.022,0.0125,0.55275,0.183076923,0.068333333,0.014166667,7.11111e-05,0.038095238,0.411428571,0.538181818,0.405454545
23383,Beef Products,"BEEF,RND,EYE OF RND STEAK,BNLESS,LN,0 FAT,SEL,CKD,GRILLED","Beef, round, eye of round steak, boneless, separable lean only, trimmed to 0 fat, select, cooked, grilled","Eye of Round Steak, URMIS # 1481",,,149,29.52,3.43,0.0,0.0,0.0,3.0,0.828,2.68,0.0,0.28,5,8.552,0.24,0.082,16,0.046,1.78,15,0.002,289,28.8,4.39,0.003333333,0.487058824,1.116666667,0.0,0.018666667,0.0125,0.5345,0.184615385,0.068333333,0.013333333,5.11111e-05,0.035714286,0.412857143,0.523636364,0.399090909
23384,Beef Products,"BEEF,LOIN,TOP LOIN STEAK,BNLESS,LIP-ON,LN,1/8 FAT,SEL,RAW","Beef, loin, top loin steak, boneless, lip-on, separable lean only, trimmed to 1/8 fat, select, raw","URMIS # 1404, Kansas City Strip, Boneless Strip Steak, Club Steak, New York Strip",,,135,23.3,4.66,0.0,0.0,0.0,2.0,0.563,1.88,0.0,0.2,4,6.435,0.22,0.06,14,0.045,1.73,12,0.002,210,22.0,3.64,0.002222222,0.331176471,0.783333333,0.0,0.013333333,0.01,0.4021875,0.169230769,0.05,0.011666667,5e-05,0.028571429,0.3,0.4,0.330909091
23385,Beef Products,"BEEF,LOIN,TOP LOIN STEAK,BNLESS,LIP-ON,LN,1/8 FAT,CHOIC,RAW","Beef, loin, top loin steak, boneless, lip-on, separable lean only, trimmed to 1/8 fat, choice, raw","URMIS # 2219, Kansas City Strip, Boneless Strip Steak, Club Steak, New York Strip",,,149,22.93,6.34,0.0,0.0,0.0,2.0,0.589,1.71,0.0,0.24,4,6.947,0.205,0.053,15,0.042,1.93,11,0.002,205,21.0,3.79,0.002222222,0.346470588,0.7125,0.0,0.016,0.01,0.4341875,0.157692308,0.044166667,0.0125,4.66667e-05,0.026190476,0.292857143,0.381818182,0.344545455
23386,Beef Products,"Beef, ln, top ln stk, bneless lip-on, 1/8 fat all grdes raw","Beef, loin, top loin steak, boneless, lip-on, separable lean only, trimmed to 1/8 fat, all grades, raw","Kansas City Strip, Boneless Strip Steak, Club Steak, New York Strip",,,143,23.07,5.67,0.0,0.0,0.0,2.0,0.578,1.78,0.0,0.22,4,6.742,0.211,0.056,15,0.044,1.84,12,0.002,207,21.5,3.72,0.002222222,0.34,0.741666667,0.0,0.014666667,0.01,0.421375,0.162307692,0.046666667,0.0125,4.88889e-05,0.028571429,0.295714286,0.390909091,0.338181818
23387,Beef Products,"BEEF,LN,TP LN STEAK,BNLESS,LIP-ON,LN & FAT,1/8 FAT,SEL,RAW","Beef, loin, top loin steak, boneless, lip-on, separable lean and fat, trimmed to 1/8 fat, select, raw","URMIS # 1404, Kansa City Strip, Boneless Strip Steak, Club Steak, New York Strip",,,191,21.54,11.65,0.0,0.0,0.0,4.0,0.523,1.78,0.0,0.19,3,5.879,0.197,0.056,15,0.041,1.71,11,0.002,191,20.0,3.24,0.004444444,0.307647059,0.741666667,0.0,0.012666667,0.0075,0.3674375,0.151538462,0.046666667,0.0125,4.55556e-05,0.026190476,0.272857143,0.363636364,0.294545455
23388,Beef Products,"BEEF,LN,TP LN STK,BNLESS,LIPON,LN & FAT,1/8 FAT,ALL GRDS,RW","Beef, loin, top loin steak, boneless, lip-on, separable lean and fat, trimmed to 1/8 fat, all grades, raw","Kansas City Strip, Boneless Strip Steak, Club Steak, New York Strip",,,199,21.29,12.68,0.0,0.0,0.0,4.0,0.535,1.69,0.0,0.21,3,6.123,0.189,0.052,16,0.04,1.8,11,0.002,188,19.5,3.29,0.004444444,0.314705882,0.704166667,0.0,0.014,0.0075,0.3826875,0.145384615,0.043333333,0.013333333,4.44444e-05,0.026190476,0.268571429,0.354545455,0.299090909
23389,Beef Products,"BEEF,LN,TP LN STK,BNLESS,LIPON,L & F,1/8 FAT,CHOIC,GRILLED","Beef, loin, top loin steak, boneless, lip-on, separable lean and fat, trimmed to 1/8 fat, choice, cooked, grilled","URMIS # 2219, Kansas City Strip, Boneless Strip Steak, Club Steak, New York Strip",,,275,25.69,19.19,0.0,0.0,0.0,7.0,0.642,1.81,0.0,0.24,6,6.734,0.191,0.056,14,0.064,2.47,20,0.003,212,24.0,4.1,0.007777778,0.377647059,0.754166667,0.0,0.016,0.015,0.420875,0.146923077,0.046666667,0.011666667,7.11111e-05,0.047619048,0.302857143,0.436363636,0.372727273
23390,Beef Products,"BEEF,LN,TP LN STK,BNLESS,LIPON,L & F,1/8 FAT,SeL, CK GRLED","Beef, loin, top loin steak, boneless, lip-on, separable lean and fat, trimmed to 1/8 fat, select, cooked, grilled","URMIS # 1404, Kansas City Strip, Boneless Strip Steak, Club Steak, New York Strip",,,247,26.92,15.44,0.0,0.0,0.0,8.0,0.663,2.0,0.0,0.2,7,6.51,0.214,0.062,14,0.064,2.51,21,0.004,223,25.9,4.31,0.008888889,0.39,0.833333333,0.0,0.013333333,0.0175,0.406875,0.164615385,0.051666667,0.011666667,7.11111e-05,0.05,0.318571429,0.470909091,0.391818182
23391,Beef Products,"BEEF,LN,TP LN STK,BNLESS,LIPON,L & F,1/8 FAT,A GRDS, GRILLED","Beef, loin, top loin steak, boneless, lip-on, separable lean and fat, trimmed to 1/8 fat, all grades, cooked, grilled","Kansas City Strip, Boneless Strip Steak, Club Steak, New York Strip",,,264,26.18,17.69,0.0,0.0,0.0,0.0,0.65,1.88,0.0,0.23,6,6.644,0.2,0.058,14,0.067,2.48,20,0.003,216,24.8,4.16,0.0,0.382352941,0.783333333,0.0,0.015333333,0.015,0.41525,0.153846154,0.048333333,0.011666667,7.44444e-05,0.047619048,0.308571429,0.450909091,0.378181818
23392,Beef Products,"BEEF,LON,TP LON STK,BNLSS,LIP-ON,LN,1/8 FAT,CHC,CKD,GRILLD","Beef, loin, top loin steak, boneless, lip-on, separable lean only, trimmed to 1/8 fat, choice, cooked, grilled","URMIS # 2219, Kansas City Strip, Boneless Strip Steak, Club Steak, New York Strip",,,208,28.66,10.34,0.0,0.0,0.0,1.0,0.714,1.88,0.0,0.24,7,7.46,0.212,0.06,13,0.071,2.58,22,0.003,226,26.9,4.66,0.001111111,0.42,0.783333333,0.0,0.016,0.0175,0.46625,0.163076923,0.05,0.010833333,7.88889e-05,0.052380952,0.322857143,0.489090909,0.423636364
23393,Beef Products,"BEEF,LN,TOP LN STK,BNLESS,LIP-ON,LN,1/8 FAT,SEL,CKD,GRILLD","Beef, loin, top loin steak, boneless, lip-on, separable lean only, trimmed to 1/8 fat, select, cooked, grilled","URMIS # 1404, Kansas City Strip, Boneless Strip Steak, Club Steak, New York Strip",,,184,29.67,7.26,0.0,0.0,0.0,2.0,0.728,2.09,0.0,0.19,7,7.11,0.235,0.066,13,0.07,2.61,24,0.004,236,28.7,4.83,0.002222222,0.428235294,0.870833333,0.0,0.012666667,0.0175,0.444375,0.180769231,0.055,0.010833333,7.77778e-05,0.057142857,0.337142857,0.521818182,0.439090909
23394,Beef Products,"BEEF,LN,TOP LN STK,BNLSS,LIP-ON,LN,1/8 FAT,ALL GRDS,,GRLLD","Beef, loin, top loin steak, boneless, lip-on, separable lean only, trimmed to 1/8 fat, all grades, cooked, grilled","Kansas City Strip, Boneless Strip Steak, Club Steak, New York Strip",,,198,29.06,9.11,0.0,0.0,0.0,2.0,0.719,1.96,0.0,0.22,7,7.32,0.221,0.062,13,0.074,2.59,23,0.004,229,27.7,4.71,0.002222222,0.422941176,0.816666667,0.0,0.014666667,0.0175,0.4575,0.17,0.051666667,0.010833333,8.22222e-05,0.054761905,0.327142857,0.503636364,0.428181818
23395,Beef Products,"BEEF,LOIN,TP LN STK,BNLESS,LIP-ON,L&F,1/8 FAT,CHOIC,RAW","Beef, loin, top loin steak, boneless, lip-on, separable lean and fat, trimmed to 1/8 fat, choice, raw","URMIS # 2219, Kansas City Strip, Boneless Strip Steak, Club Steak, New York Strip",,,205,21.13,13.36,0.0,0.0,0.0,4.0,0.543,1.63,0.0,0.23,3,6.286,0.184,0.049,16,0.038,1.88,10,0.002,187,19.0,3.35,0.004444444,0.319411765,0.679166667,0.0,0.015333333,0.0075,0.392875,0.141538462,0.040833333,0.013333333,4.22222e-05,0.023809524,0.267142857,0.345454545,0.304545455
23397,Beef Products,"BEEF,NZ,IMP,BOLAR BLADE,LN,CKD,FAST RSTD","Beef, New Zealand, imported, bolar blade, separable lean only, cooked, fast roasted",,,,193,33.53,6.57,0.0,0.0,0.0,13.0,0.191,1.65,0.0,0.76,0,2.232,0.142,0.037,5,0.128,2.7,19,0.012,165,2.0,6.38,0.014444444,0.112352941,0.6875,0.0,0.050666667,0.0,0.1395,0.109230769,0.030833333,0.004166667,0.000142222,0.045238095,0.235714286,0.036363636,0.58
23398,Beef Products,"BEEF,NZ,IMP,BOLAR BLADE,LN,RAW","Beef, New Zealand, imported, bolar blade, separable lean only, raw",,,,129,22.09,4.49,0.0,0.0,0.0,6.0,0.331,1.8,0.0,0.4,0,3.142,0.109,0.048,4,0.145,2.06,22,0.013,190,1.0,3.63,0.006666667,0.194705882,0.75,0.0,0.026666667,0.0,0.196375,0.083846154,0.04,0.003333333,0.000161111,0.052380952,0.271428571,0.018181818,0.33
23399,Beef Products,"BEEF,NZ,IMP,BRISKET NAVAL END,LN,CKD,BRSD","Beef, New Zealand, imported, brisket naval end, separable lean only, cooked, braised",,,,265,29.35,16.37,0.0,0.0,0.0,16.0,0.102,1.34,0.0,0.71,0,2.45,0.093,0.017,7,0.068,1.84,14,0.004,113,3.6,5.76,0.017777778,0.06,0.558333333,0.0,0.047333333,0.0,0.153125,0.071538462,0.014166667,0.005833333,7.55556e-05,0.033333333,0.161428571,0.065454545,0.523636364
23401,Beef Products,"BEEF,NZ,IMP,BRISKET NAVAL END,LN,RAW","Beef, New Zealand, imported, brisket naval end, separable lean only, raw",,,,194,19.74,12.75,0.0,0.0,0.0,13.0,0.237,1.97,0.0,0.43,0,3.578,0.1,0.034,5,0.048,1.4,17,0.004,148,2.6,3.64,0.014444444,0.139411765,0.820833333,0.0,0.028666667,0.0,0.223625,0.076923077,0.028333333,0.004166667,5.33333e-05,0.04047619,0.211428571,0.047272727,0.330909091
23402,Beef Products,"BEEF,NZ,IMP,BRISKET POINT END,LN,CKD,BRSD","Beef, New Zealand, imported, brisket point end, separable lean only, cooked, braised",,,,202,34.51,7.05,0.0,0.0,0.0,12.0,0.195,1.18,0.0,0.85,0,3.485,0.117,0.015,6,0.113,2.78,20,0.013,167,5.3,5.16,0.013333333,0.114705882,0.491666667,0.0,0.056666667,0.0,0.2178125,0.09,0.0125,0.005,0.000125556,0.047619048,0.238571429,0.096363636,0.469090909
23403,Beef Products,"BEEF,NZ,IMP,BRISKET POINT END,LN,RAW","Beef, New Zealand, imported, brisket point end, separable lean only, raw",,,,125,20.92,4.62,0.0,0.0,0.0,9.0,0.322,1.39,0.0,0.48,0,4.335,0.052,0.035,4,0.102,2.06,21,0.011,189,2.7,2.66,0.01,0.189411765,0.579166667,0.0,0.032,0.0,0.2709375,0.04,0.029166667,0.003333333,0.000113333,0.05,0.27,0.049090909,0.241818182
23404,Beef Products,"BEEF,NZ,IMP,CHUCK EYE ROLL,LN,RAW","Beef, New Zealand, imported, chuck eye roll, separable lean only, raw",,,,131,20.46,5.41,0.0,0.0,0.0,9.0,0.187,2.26,0.0,0.63,0,2.878,0.119,0.051,4,0.075,2.04,20,0.009,180,1.3,4.84,0.01,0.11,0.941666667,0.0,0.042,0.0,0.179875,0.091538462,0.0425,0.003333333,8.33333e-05,0.047619048,0.257142857,0.023636364,0.44
23405,Beef Products,"BEEF,NZ,IMP,CHUCK EYE ROLL,LN,CKD,BRSD","Beef, New Zealand, imported, chuck eye roll, separable lean only, cooked, braised",,,,208,32.08,8.89,0.0,0.0,0.0,12.0,0.147,1.97,0.0,0.9,0,2.035,0.142,0.028,6,0.098,2.71,19,0.01,157,2.1,7.81,0.013333333,0.086470588,0.820833333,0.0,0.06,0.0,0.1271875,0.109230769,0.023333333,0.005,0.000108889,0.045238095,0.224285714,0.038181818,0.71
23406,Beef Products,"BEEF,NZ,IMP,CUBE ROLL,LN,CKD,FAST RSTD","Beef, New Zealand, imported, cube roll, separable lean only, cooked, fast roasted",,,,239,30.09,13.22,0.0,0.0,0.0,12.0,0.305,1.4,0.0,0.4,0,4.177,0.148,0.067,5,0.074,2.38,23,0.004,209,6.6,4.99,0.013333333,0.179411765,0.583333333,0.0,0.026666667,0.0,0.2610625,0.113846154,0.055833333,0.004166667,8.22222e-05,0.054761905,0.298571429,0.12,0.453636364
23407,Beef Products,"BEEF,NZ,IMP,CUBE ROLL,LN,RAW","Beef, New Zealand, imported, cube roll, separable lean only, raw",,,,161,19.77,8.51,1.38,0.0,0.0,17.0,0.28,1.53,0.0,0.39,0,3.257,0.076,0.071,3,0.06,2.09,20,0.009,174,4.7,3.66,0.018888889,0.164705882,0.6375,0.0,0.026,0.0,0.2035625,0.058461538,0.059166667,0.0025,6.66667e-05,0.047619048,0.248571429,0.085454545,0.332727273
23408,Beef Products,"BEEF,NZ,IMP,EYE RND,LN,CKD,SLOW RSTD","Beef, New Zealand, imported, eye round, separable lean only, cooked, slow roasted",,,,164,29.68,4.98,0.0,0.0,0.0,7.0,0.337,1.25,0.0,0.6,0,3.983,0.112,0.041,4,0.063,1.89,24,0.004,222,1.8,3.95,0.007777778,0.198235294,0.520833333,0.0,0.04,0.0,0.2489375,0.086153846,0.034166667,0.003333333,7e-05,0.057142857,0.317142857,0.032727273,0.359090909
23409,Beef Products,"BEEF,NZ,IMP,EYE RND,LN,RAW","Beef, New Zealand, imported, eye round, separable lean only, raw",,,,116,20.15,3.35,1.35,0.0,0.0,7.0,0.329,1.14,0.0,0.46,0,3.494,0.07,0.037,3,0.048,1.39,22,0.004,192,1.1,2.78,0.007777778,0.193529412,0.475,0.0,0.030666667,0.0,0.218375,0.053846154,0.030833333,0.0025,5.33333e-05,0.052380952,0.274285714,0.02,0.252727273
23410,Beef Products,"BEEF,NZ,IMP,FLANK,LN,CKD,BRSD","Beef, New Zealand, imported, flank, separable lean only, cooked, braised",,,,194,30.75,7.92,0.0,0.0,0.0,11.0,0.12,1.4,0.0,0.95,0,3.467,0.086,0.021,5,0.066,2.41,18,0.011,141,5.5,6.89,0.012222222,0.070588235,0.583333333,0.0,0.063333333,0.0,0.2166875,0.066153846,0.0175,0.004166667,7.33333e-05,0.042857143,0.201428571,0.1,0.626363636
23411,Beef Products,"BEEF,NZ,IMP,FLANK,LN,RAW","Beef, New Zealand, imported, flank, separable lean only, raw",,,,142,20.53,6.67,0.0,0.0,0.0,8.0,0.205,1.56,0.0,0.34,0,4.73,0.082,0.032,4,0.046,1.57,20,0.006,175,3.5,4.33,0.008888889,0.120588235,0.65,0.0,0.022666667,0.0,0.295625,0.063076923,0.026666667,0.003333333,5.11111e-05,0.047619048,0.25,0.063636364,0.393636364
23412,Beef Products,"BEEF,NZ,IMP,FLAT,LN,CKD,BRSD","Beef, New Zealand, imported, flat, separable lean only, cooked, braised",,,,226,33.22,10.3,0.0,0.0,0.0,15.0,0.171,1.85,0.0,1.16,0,2.292,0.192,0.024,6,0.19,3.23,18,0.016,159,2.0,4.54,0.016666667,0.100588235,0.770833333,0.0,0.077333333,0.0,0.14325,0.147692308,0.02,0.005,0.000211111,0.042857143,0.227142857,0.036363636,0.412727273
23413,Beef Products,"BEEF,NZ,IMP,FLAT,LN,RAW","Beef, New Zealand, imported, flat, separable lean only, raw",,,,154,21.3,7.69,0.0,0.0,0.0,11.0,0.276,2.85,0.0,0.52,0,3.328,0.14,0.045,5,0.12,1.9,20,0.008,175,1.0,5.44,0.012222222,0.162352941,1.1875,0.0,0.034666667,0.0,0.208,0.107692308,0.0375,0.004166667,0.000133333,0.047619048,0.25,0.018181818,0.494545455
23414,Beef Products,"BEEF,NZ,IMP,HEART,CKD,BLD","Beef, New Zealand, imported, heart, cooked, boiled",,,,179,31.29,6.0,0.0,0.0,0.0,14.0,0.122,6.73,0.0,2.09,0,3.365,0.983,0.237,6,0.648,6.81,26,0.041,265,17.0,2.79,0.015555556,0.071764706,2.804166667,0.0,0.139333333,0.0,0.2103125,0.756153846,0.1975,0.005,0.00072,0.061904762,0.378571429,0.309090909,0.253636364
23415,Beef Products,"BEEF,NZ,IMP,HEART,RAW","Beef, New Zealand, imported, heart, raw",,,,105,18.52,3.4,0.0,0.0,0.0,10.0,0.16,10.81,0.0,1.22,0,4.444,0.682,0.252,4,0.373,4.38,22,0.034,209,9.0,1.51,0.011111111,0.094117647,4.504166667,0.0,0.081333333,0.0,0.27775,0.524615385,0.21,0.003333333,0.000414444,0.052380952,0.298571429,0.163636364,0.137272727
23416,Beef Products,"BEEF,NZ,IMP,HIND SHIN,LN,CKD,BRSD","Beef, New Zealand, imported, hind shin, separable lean only, cooked, braised",,,,167,31.23,4.64,0.0,0.0,0.0,8.0,0.144,1.26,0.0,0.74,0,2.698,0.118,0.019,6,0.111,2.72,20,0.012,155,2.0,6.15,0.008888889,0.084705882,0.525,0.0,0.049333333,0.0,0.168625,0.090769231,0.015833333,0.005,0.000123333,0.047619048,0.221428571,0.036363636,0.559090909
23417,Beef Products,"BEEF,NZ,IMP,HIND SHIN,LN,RAW","Beef, New Zealand, imported, hind shin, separable lean only, raw",,,,114,21.46,3.12,0.0,0.0,0.0,6.0,0.259,1.51,0.0,0.43,0,3.286,0.115,0.036,4,0.067,2.04,21,0.009,178,2.0,3.86,0.006666667,0.152352941,0.629166667,0.0,0.028666667,0.0,0.205375,0.088461538,0.03,0.003333333,7.44444e-05,0.05,0.254285714,0.036363636,0.350909091
23418,Beef Products,"BEEF,NZ,IMP,INSIDE,RAW","Beef, New Zealand, imported, inside, raw",,,,128,22.16,4.36,0.1,0.0,0.0,8.0,0.367,1.65,0.0,0.2,0,3.955,0.072,0.058,4,0.079,2.27,22,0.008,198,1.4,2.93,0.008888889,0.215882353,0.6875,0.0,0.013333333,0.0,0.2471875,0.055384615,0.048333333,0.003333333,8.77778e-05,0.052380952,0.282857143,0.025454545,0.266363636
23419,Beef Products,"BEEF,NZ,IMP,INTERMUSCULAR FAT,CKD","Beef, New Zealand, imported, intermuscular fat, cooked",,,,560,7.9,57.22,3.39,0.0,0.0,0.0,0.084,0.4,0.0,0.0,0,1.07,0.056,0.046,16,0.033,1.18,9,0.005,75,4.0,1.88,0.0,0.049411765,0.166666667,0.0,0.0,0.0,0.066875,0.043076923,0.038333333,0.013333333,3.66667e-05,0.021428571,0.107142857,0.072727273,0.170909091
23420,Beef Products,"BEEF,NZ,IMP,INTERMUSCULAR FAT,RAW","Beef, New Zealand, imported, intermuscular fat, raw",,,,602,6.97,63.78,0.01,0.0,0.0,0.0,0.063,0.21,0.0,0.0,0,1.05,0.032,0.06,11,0.019,0.76,7,0.002,68,2.9,1.09,0.0,0.037058824,0.0875,0.0,0.0,0.0,0.065625,0.024615385,0.05,0.009166667,2.11111e-05,0.016666667,0.097142857,0.052727273,0.099090909
23421,Beef Products,"BEEF,NZ,IMP,KIDNEY,CKD,BLD","Beef, New Zealand, imported, kidney, cooked, boiled",,,,157,27.28,5.27,0.0,0.0,0.0,104.0,0.254,21.35,0.0,1.53,0,3.903,2.945,0.403,14,0.563,5.7,18,0.155,338,105.2,2.6,0.115555556,0.149411765,8.895833333,0.0,0.102,0.0,0.2439375,2.265384615,0.335833333,0.011666667,0.000625556,0.042857143,0.482857143,1.912727273,0.236363636
23422,Beef Products,"BEEF,NZ,IMP,KNUCKLE,CKD,FAST FRIED","Beef, New Zealand, imported, knuckle, cooked, fast fried",,,,178,27.51,7.58,0.0,0.0,0.0,13.0,0.319,1.88,0.0,0.38,0,3.229,0.09,0.058,5,0.093,2.25,26,0.008,232,1.8,4.66,0.014444444,0.187647059,0.783333333,0.0,0.025333333,0.0,0.2018125,0.069230769,0.048333333,0.004166667,0.000103333,0.061904762,0.331428571,0.032727273,0.423636364
23423,Beef Products,"BEEF,NZ,IMP,KIDNEY,RAW","Beef, New Zealand, imported, kidney, raw",,,,87,15.68,2.64,0.0,0.0,0.0,89.0,0.316,27.66,0.0,0.82,0,4.878,2.116,0.559,9,0.409,3.83,15,0.109,234,103.3,1.53,0.098888889,0.185882353,11.525,0.0,0.054666667,0.0,0.304875,1.627692308,0.465833333,0.0075,0.000454444,0.035714286,0.334285714,1.878181818,0.139090909
23424,Beef Products,"BEEF,NZ,IMP,LIVER,CKD,BLD","Beef, New Zealand, imported, liver, cooked, boiled",,,,150,23.3,4.68,3.78,0.0,0.0,21014.0,0.452,96.0,0.0,1.28,0,13.8,3.04,0.376,4,5.73,7.17,21,328.0,397,16.2,3.4,23.34888889,0.265882353,40.0,0.0,0.085333333,0.0,0.8625,2.338461538,0.313333333,0.003333333,0.006366667,0.05,0.567142857,0.294545455,0.309090909
23425,Beef Products,"BEEF,NZ,IMP,LIVER,RAW","Beef, New Zealand, imported, liver, raw",,,,133,20.5,4.05,3.6,0.0,0.0,28319.0,0.428,84.5,0.0,1.84,0,15.4,2.347,0.371,4,5.3,8.44,19,299.0,362,16.5,3.0,31.46555556,0.251764706,35.20833333,0.0,0.122666667,0.0,0.9625,1.805384615,0.309166667,0.003333333,0.005888889,0.045238095,0.517142857,0.3,0.272727273
23426,Beef Products,"BEEF,NZ,IMP,MANUFACTURING BF,CKD,BLD","Beef, New Zealand, imported, manufacturing beef, cooked, boiled",,,,126,24.21,3.26,0.0,0.0,0.0,8.0,0.16,1.02,0.0,0.57,0,1.759,0.096,0.042,6,0.108,1.78,16,0.007,129,1.1,5.02,0.008888889,0.094117647,0.425,0.0,0.038,0.0,0.1099375,0.073846154,0.035,0.005,0.00012,0.038095238,0.184285714,0.02,0.456363636
23427,Beef Products,"BEEF,NZ,IMP,MANUFACTURING BF,RAW","Beef, New Zealand, imported, manufacturing beef, raw",,,,119,21.23,3.68,0.23,0.0,0.0,10.0,0.194,1.41,0.0,0.49,0,2.908,0.107,0.055,6,0.074,1.95,21,0.008,182,1.1,4.28,0.011111111,0.114117647,0.5875,0.0,0.032666667,0.0,0.18175,0.082307692,0.045833333,0.005,8.22222e-05,0.05,0.26,0.02,0.389090909
23428,Beef Products,"BEEF,NZ,IMP,OYSTER BLADE,LN,CKD,BRSD","Beef, New Zealand, imported, oyster blade, separable lean only, cooked, braised",,,,196,29.87,8.46,0.0,0.0,0.0,11.0,0.099,1.86,0.0,0.76,0,1.647,0.148,0.023,5,0.09,2.78,17,0.011,144,2.0,5.28,0.012222222,0.058235294,0.775,0.0,0.050666667,0.0,0.1029375,0.113846154,0.019166667,0.004166667,0.0001,0.04047619,0.205714286,0.036363636,0.48
23429,Beef Products,"BEEF,NZ,IMP,OYSTER BLADE,LN,RAW","Beef, New Zealand, imported, oyster blade, separable lean only, raw",,,,155,21.83,7.56,0.0,0.0,0.0,12.0,0.156,2.33,0.0,0.38,0,2.361,0.121,0.054,4,0.06,1.95,18,0.008,158,2.0,4.64,0.013333333,0.091764706,0.970833333,0.0,0.025333333,0.0,0.1475625,0.093076923,0.045,0.003333333,6.66667e-05,0.042857143,0.225714286,0.036363636,0.421818182
23430,Beef Products,"BEEF,NZ,IMP,RIBS PREP,CKD,FAST RSTD","Beef, New Zealand, imported, ribs prepared, cooked, fast roasted",,,,197,27.23,9.74,0.09,0.0,0.0,9.0,0.266,1.15,0.0,0.93,0,5.053,0.117,0.026,18,0.058,2.21,22,0.008,204,3.5,4.9,0.01,0.156470588,0.479166667,0.0,0.062,0.0,0.3158125,0.09,0.021666667,0.015,6.44444e-05,0.052380952,0.291428571,0.063636364,0.445454545
23431,Beef Products,"BEEF,NZ,IMP,RIBS PREP,RAW","Beef, New Zealand, imported, ribs prepared, raw",,,,146,21.31,6.78,0.0,0.0,0.0,8.0,0.255,1.17,0.0,0.74,0,4.306,0.09,0.03,15,0.047,1.82,20,0.006,184,2.9,3.95,0.008888889,0.15,0.4875,0.0,0.049333333,0.0,0.269125,0.069230769,0.025,0.0125,5.22222e-05,0.047619048,0.262857143,0.052727273,0.359090909
23432,Beef Products,"BEEF,NZ,IMP,RUMP CENTRE,LN,CKD,FAST FRIED","Beef, New Zealand, imported, rump centre, separable lean only, cooked, fast fried",,,,188,30.17,7.48,0.0,0.0,0.0,12.0,0.276,2.21,0.0,0.56,0,3.922,0.199,0.081,5,0.145,2.96,29,0.012,254,1.9,4.08,0.013333333,0.162352941,0.920833333,0.0,0.037333333,0.0,0.245125,0.153076923,0.0675,0.004166667,0.000161111,0.069047619,0.362857143,0.034545455,0.370909091
23433,Beef Products,"BEEF,NZ,IMP,STRIPLOIN,LN,CKD,FAST FRIED","Beef, New Zealand, imported, striploin, separable lean only, cooked, fast fried",,,,217,28.53,11.4,0.0,0.0,0.0,19.0,0.323,0.94,0.0,0.53,0,4.842,0.086,0.053,6,0.078,1.96,24,0.004,217,4.0,3.41,0.021111111,0.19,0.391666667,0.0,0.035333333,0.0,0.302625,0.066153846,0.044166667,0.005,8.66667e-05,0.057142857,0.31,0.072727273,0.31
23434,Beef Products,"BEEF,NZ,IMP,STRIPLOIN,LN,RAW","Beef, New Zealand, imported, striploin, separable lean only, raw",,,,150,20.93,7.0,0.74,0.0,0.0,12.0,0.316,0.71,0.0,0.35,0,4.243,0.086,0.048,4,0.055,1.61,20,0.006,177,3.0,2.76,0.013333333,0.185882353,0.295833333,0.0,0.023333333,0.0,0.2651875,0.066153846,0.04,0.003333333,6.11111e-05,0.047619048,0.252857143,0.054545455,0.250909091
23435,Beef Products,"BEEF,NZ,IMP,SUBCUTANEOUS FAT,CKD","Beef, New Zealand, imported, subcutaneous fat, cooked",,,,731,6.5,78.3,0.0,0.0,0.0,0.0,0.057,0.34,0.0,0.0,0,1.27,0.034,0.063,17,0.015,0.47,7,0.002,66,2.2,0.43,0.0,0.033529412,0.141666667,0.0,0.0,0.0,0.079375,0.026153846,0.0525,0.014166667,1.66667e-05,0.016666667,0.094285714,0.04,0.039090909
23436,Beef Products,"BEEF,NZ,IMP,SUBCUTANEOUS FAT,RAW","Beef, New Zealand, imported, subcutaneous fat, raw",,,,685,8.5,72.38,0.0,0.0,0.0,0.0,0.052,0.16,0.0,0.0,0,0.74,0.027,0.132,20,0.013,0.38,5,0.002,51,1.8,0.36,0.0,0.030588235,0.066666667,0.0,0.0,0.0,0.04625,0.020769231,0.11,0.016666667,1.44444e-05,0.011904762,0.072857143,0.032727273,0.032727273
23437,Beef Products,"BEEF,NZ,IMP,SWEETBREAD,CKD,BLD","Beef, New Zealand, imported, sweetbread, cooked, boiled",,,,318,12.53,29.79,0.0,0.0,0.0,19.0,0.041,1.5,0.0,0.79,0,1.6,0.114,0.077,4,5.1,1.12,16,0.012,356,11.0,1.2,0.021111111,0.024117647,0.625,0.0,0.052666667,0.0,0.1,0.087692308,0.064166667,0.003333333,0.005666667,0.038095238,0.508571429,0.2,0.109090909
23438,Beef Products,"BEEF,NZ,IMP,SWEETBREAD,RAW","Beef, New Zealand, imported, sweetbread, raw",,,,303,11.51,28.6,0.0,0.0,0.0,19.0,0.041,2.1,0.0,0.69,0,2.0,0.122,0.087,4,5.1,1.15,15,0.012,331,9.0,1.0,0.021111111,0.024117647,0.875,0.0,0.046,0.0,0.125,0.093846154,0.0725,0.003333333,0.005666667,0.035714286,0.472857143,0.163636364,0.090909091
23439,Beef Products,"BEEF,NZ,IMP,TENDERLOIN,LN,CKD,FAST FRIED","Beef, New Zealand, imported, tenderloin, separable lean only, cooked, fast fried",,,,200,29.37,9.01,0.27,0.0,0.0,13.0,0.23,1.97,0.0,0.81,0,5.003,0.21,0.058,4,0.18,3.01,31,0.015,259,5.7,3.34,0.014444444,0.135294118,0.820833333,0.0,0.054,0.0,0.3126875,0.161538462,0.048333333,0.003333333,0.0002,0.073809524,0.37,0.103636364,0.303636364
23440,Beef Products,"BEEF,NZ,IMP,OYSTER BLADE,LN & FAT,RAW","Beef, New Zealand, imported, oyster blade, separable lean and fat, raw",,,,178,21.27,10.31,0.0,0.0,0.0,12.0,0.152,2.24,0.0,0.36,0,2.293,0.117,0.057,4,0.058,1.89,18,0.008,153,2.0,4.46,0.013333333,0.089411765,0.933333333,0.0,0.024,0.0,0.1433125,0.09,0.0475,0.003333333,6.44444e-05,0.042857143,0.218571429,0.036363636,0.405454545
23441,Beef Products,"BEEF,NZ,IMP,TENDERLOIN,LN,RAW","Beef, New Zealand, imported, tenderloin, separable lean only, raw",,,,140,21.19,6.1,0.0,0.0,0.0,9.0,0.267,1.78,0.0,0.6,0,4.054,0.119,0.054,4,0.104,2.21,24,0.012,204,4.3,2.34,0.01,0.157058824,0.741666667,0.0,0.04,0.0,0.253375,0.091538462,0.045,0.003333333,0.000115556,0.057142857,0.291428571,0.078181818,0.212727273
23442,Beef Products,"BEEF,NZ,IMP,TONGUE,CKD,BLD","Beef, New Zealand, imported, tongue, cooked, boiled",,,,271,18.31,20.34,3.68,0.0,0.0,12.0,0.072,3.95,0.0,0.95,0,2.58,0.227,0.059,5,0.163,2.52,17,0.013,157,3.9,4.2,0.013333333,0.042352941,1.645833333,0.0,0.063333333,0.0,0.16125,0.174615385,0.049166667,0.004166667,0.000181111,0.04047619,0.224285714,0.070909091,0.381818182
23443,Beef Products,"BEEF,NZ,IMP,TONGUE,RAW","Beef, New Zealand, imported, tongue, raw",,,,243,17.77,19.09,0.0,0.0,0.0,12.0,0.094,5.18,0.0,0.95,0,2.996,0.212,0.065,4,0.12,1.81,16,0.013,150,2.5,2.7,0.013333333,0.055294118,2.158333333,0.0,0.063333333,0.0,0.18725,0.163076923,0.054166667,0.003333333,0.000133333,0.038095238,0.214285714,0.045454545,0.245454545
23444,Beef Products,"BEEF,NZ,IMP,TRIPE UNCKD,CKD,BLD","Beef, New Zealand, imported, tripe uncooked, cooked, boiled",,,,103,19.0,2.98,0.0,0.0,0.0,6.0,0.013,2.29,0.0,0.51,0,2.616,0.103,0.022,158,0.106,3.72,24,6.066,168,4.3,2.39,0.006666667,0.007647059,0.954166667,0.0,0.034,0.0,0.1635,0.079230769,0.018333333,0.131666667,0.000117778,0.057142857,0.24,0.078181818,0.217272727
23445,Beef Products,"BEEF,NZ,IMP,TRIPE UNCKD,RAW","Beef, New Zealand, imported, tripe uncooked, raw",,,,77,14.86,1.98,0.0,0.0,0.0,6.0,0.035,7.12,0.0,0.45,0,7.943,0.191,0.051,112,0.094,4.44,19,4.055,159,3.1,1.72,0.006666667,0.020588235,2.966666667,0.0,0.03,0.0,0.4964375,0.146923077,0.0425,0.093333333,0.000104444,0.045238095,0.227142857,0.056363636,0.156363636
23446,Beef Products,"BEEF,NZ,IMP,BOLAR BLADE,LN & FAT,CKD,FAST RSTD","Beef, New Zealand, imported, bolar blade, separable lean and fat, cooked, fast roasted",,,,228,31.3,11.37,0.0,0.0,0.0,12.0,0.18,1.53,0.0,0.7,0,2.132,0.133,0.039,6,0.119,2.54,18,0.011,157,2.1,5.93,0.013333333,0.105882353,0.6375,0.0,0.046666667,0.0,0.13325,0.102307692,0.0325,0.005,0.000132222,0.042857143,0.224285714,0.038181818,0.539090909
23447,Beef Products,"BEEF,NZ,IMP,BOLAR BLADE,LN & FAT,RAW","Beef, New Zealand, imported, bolar blade, separable lean and fat, raw",,,,159,21.29,8.22,0.0,0.0,0.0,6.0,0.315,1.71,0.0,0.37,0,3.01,0.105,0.051,4,0.138,1.97,22,0.013,183,1.1,3.46,0.006666667,0.185294118,0.7125,0.0,0.024666667,0.0,0.188125,0.080769231,0.0425,0.003333333,0.000153333,0.052380952,0.261428571,0.02,0.314545455
23448,Beef Products,"BEEF,NZ,IMP,BRISKET NAVAL END,LN & FAT,CKD,BRSD","Beef, New Zealand, imported, brisket naval end, separable lean and fat, cooked, braised",,,,453,20.14,41.33,0.0,0.0,0.0,10.0,0.084,0.94,0.0,0.43,0,1.974,0.069,0.035,11,0.047,1.29,11,0.003,94,3.1,3.61,0.011111111,0.049411765,0.391666667,0.0,0.028666667,0.0,0.123375,0.053076923,0.029166667,0.009166667,5.22222e-05,0.026190476,0.134285714,0.056363636,0.328181818
23449,Beef Products,"BEEF,NZ,IMP,BRISKET NAVAL END,LN & FAT,RAW","Beef, New Zealand, imported, brisket naval end, separable lean and fat, raw",,,,345,15.81,31.27,0.0,0.0,0.0,9.0,0.177,1.38,0.0,0.29,0,2.683,0.076,0.056,9,0.037,1.11,13,0.003,118,2.5,2.66,0.01,0.104117647,0.575,0.0,0.019333333,0.0,0.1676875,0.058461538,0.046666667,0.0075,4.11111e-05,0.030952381,0.168571429,0.045454545,0.241818182
23450,Beef Products,"BEEF,NZ,IMP,BRISKET POINT END,LN & FAT,CKD,BRSD","Beef, New Zealand, imported, brisket point end, separable lean and fat, cooked, braised",,,,250,31.94,13.6,0.0,0.0,0.0,11.0,0.182,1.1,0.0,0.77,0,3.282,0.109,0.02,7,0.104,2.57,18,0.012,158,5.0,4.73,0.012222222,0.107058824,0.458333333,0.0,0.051333333,0.0,0.205125,0.083846154,0.016666667,0.005833333,0.000115556,0.042857143,0.225714286,0.090909091,0.43
23451,Beef Products,"BEEF,NZ,IMP,BRISKET POINT END,LN & FAT,RAW","Beef, New Zealand, imported, brisket point end, separable lean and fat, raw",,,,163,20.05,9.23,0.0,0.0,0.0,8.0,0.303,1.31,0.0,0.44,0,4.089,0.05,0.041,5,0.095,1.94,20,0.01,179,2.6,2.51,0.008888889,0.178235294,0.545833333,0.0,0.029333333,0.0,0.2555625,0.038461538,0.034166667,0.004166667,0.000105556,0.047619048,0.255714286,0.047272727,0.228181818
23452,Beef Products,"BEEF,NZ,IMP,CHUCK EYE ROLL,LN & FAT,CKD,BRSD","Beef, New Zealand, imported, chuck eye roll, separable lean and fat, cooked, braised",,,,252,29.92,14.74,0.0,0.0,0.0,11.0,0.139,1.83,0.0,0.82,0,1.97,0.133,0.031,7,0.091,2.52,18,0.01,149,2.1,7.18,0.012222222,0.081764706,0.7625,0.0,0.054666667,0.0,0.123125,0.102307692,0.025833333,0.005833333,0.000101111,0.042857143,0.212857143,0.038181818,0.652727273
23453,Beef Products,"BEEF,NZ,IMP,CHUCK EYE ROLL,LN & FAT,RAW","Beef, New Zealand, imported, chuck eye roll, separable lean and fat, raw",,,,181,19.38,11.45,0.0,0.0,0.0,8.0,0.175,2.07,0.0,0.57,0,2.685,0.111,0.058,6,0.069,1.89,19,0.008,169,1.4,4.44,0.008888889,0.102941176,0.8625,0.0,0.038,0.0,0.1678125,0.085384615,0.048333333,0.005,7.66667e-05,0.045238095,0.241428571,0.025454545,0.403636364
23454,Beef Products,"BEEF,NZ,IMP,CUBE ROLL,LN & FAT,CKD,FAST RSTD","Beef, New Zealand, imported, cube roll, separable lean and fat, cooked, fast roasted",,,,286,27.79,19.45,0.03,0.0,0.0,11.0,0.281,1.3,0.0,0.36,0,3.889,0.137,0.066,6,0.069,2.2,22,0.004,195,6.2,4.56,0.012222222,0.165294118,0.541666667,0.0,0.024,0.0,0.2430625,0.105384615,0.055,0.005,7.66667e-05,0.052380952,0.278571429,0.112727273,0.414545455
23455,Beef Products,"BEEF,NZ,IMP,CUBE ROLL,LN & FAT,RAW","Beef, New Zealand, imported, cube roll, separable lean and fat, raw",,,,225,18.22,16.31,1.31,0.0,0.0,15.0,0.254,1.39,0.0,0.34,0,3.015,0.072,0.07,5,0.055,1.91,18,0.009,161,4.4,3.32,0.016666667,0.149411765,0.579166667,0.0,0.022666667,0.0,0.1884375,0.055384615,0.058333333,0.004166667,6.11111e-05,0.042857143,0.23,0.08,0.301818182
23456,Beef Products,"BEEF,NZ,IMP,EYE RND,LN & FAT,CKD,SLOW RSTD","Beef, New Zealand, imported, eye round, separable lean and fat, cooked, slow roasted",,,,168,29.49,5.57,0.0,0.0,0.0,7.0,0.335,1.24,0.0,0.59,0,3.962,0.111,0.041,4,0.063,1.88,24,0.004,221,1.8,3.92,0.007777778,0.197058824,0.516666667,0.0,0.039333333,0.0,0.247625,0.085384615,0.034166667,0.003333333,7e-05,0.057142857,0.315714286,0.032727273,0.356363636
23457,Beef Products,"BEEF,NZ,IMP,EYE RND,LN & FAT,RAW","Beef, New Zealand, imported, eye round, separable lean and fat, raw",,,,129,19.88,4.92,1.32,0.0,0.0,7.0,0.323,1.12,0.0,0.45,0,3.431,0.069,0.039,4,0.047,1.37,21,0.004,189,1.1,2.72,0.007777778,0.19,0.466666667,0.0,0.03,0.0,0.2144375,0.053076923,0.0325,0.003333333,5.22222e-05,0.05,0.27,0.02,0.247272727
23458,Beef Products,"BEEF,NZ,IMP,FLANK,LN & FAT,CKD,BRSD","Beef, New Zealand, imported, flank, separable lean and fat, cooked, braised",,,,208,30.13,9.73,0.0,0.0,0.0,11.0,0.118,1.38,0.0,0.93,0,3.41,0.085,0.022,5,0.065,2.36,18,0.011,139,5.4,6.73,0.012222222,0.069411765,0.575,0.0,0.062,0.0,0.213125,0.065384615,0.018333333,0.004166667,7.22222e-05,0.042857143,0.198571429,0.098181818,0.611818182
23459,Beef Products,"BEEF,NZ,IMP,FLANK,LN & FAT,RAW","Beef, New Zealand, imported, flank, separable lean and fat, raw",,,,161,20.12,8.9,0.0,0.0,0.0,8.0,0.2,1.51,0.0,0.33,0,4.594,0.08,0.035,4,0.044,1.53,19,0.006,171,3.4,4.19,0.008888889,0.117647059,0.629166667,0.0,0.022,0.0,0.287125,0.061538462,0.029166667,0.003333333,4.88889e-05,0.045238095,0.244285714,0.061818182,0.380909091
23460,Beef Products,"BEEF,NZ,IMP,FLAT,LN & FAT,CKD,BRSD","Beef, New Zealand, imported, flat, separable lean and fat, cooked, braised",,,,252,31.86,13.79,0.0,0.0,0.0,14.0,0.165,1.77,0.0,1.1,0,2.24,0.184,0.026,6,0.181,3.09,17,0.015,154,2.0,4.33,0.015555556,0.097058824,0.7375,0.0,0.073333333,0.0,0.14,0.141538462,0.021666667,0.005,0.000201111,0.04047619,0.22,0.036363636,0.393636364
23461,Beef Products,"BEEF,NZ,IMP,FLAT,LN & FAT,RAW","Beef, New Zealand, imported, flat, separable lean and fat, raw",,,,177,20.57,10.55,0.0,0.0,0.0,10.0,0.265,2.72,0.0,0.49,0,3.212,0.135,0.046,5,0.115,1.84,19,0.008,170,1.1,5.22,0.011111111,0.155882353,1.133333333,0.0,0.032666667,0.0,0.20075,0.103846154,0.038333333,0.004166667,0.000127778,0.045238095,0.242857143,0.02,0.474545455
23462,Beef Products,"BEEF,NZ,IMP,HIND SHIN,LN & FAT,CKD,BRSD","Beef, New Zealand, imported, hind shin, separable lean and fat, cooked, braised",,,,196,29.82,8.5,0.07,0.0,0.0,8.0,0.139,1.21,0.0,0.7,0,2.611,0.113,0.021,7,0.106,2.6,19,0.011,150,2.1,5.85,0.008888889,0.081764706,0.504166667,0.0,0.046666667,0.0,0.1631875,0.086923077,0.0175,0.005833333,0.000117778,0.045238095,0.214285714,0.038181818,0.531818182
23463,Beef Products,"BEEF,NZ,IMP,HIND SHIN,LN & FAT,RAW","Beef, New Zealand, imported, hind shin, separable lean and fat, raw",,,,147,20.61,7.2,0.0,0.0,0.0,6.0,0.246,1.43,0.0,0.41,0,3.136,0.109,0.04,5,0.063,1.95,20,0.009,170,2.0,3.66,0.006666667,0.144705882,0.595833333,0.0,0.027333333,0.0,0.196,0.083846154,0.033333333,0.004166667,7e-05,0.047619048,0.242857143,0.036363636,0.332727273
23464,Beef Products,"BEEF,NZ,IMP,OYSTER BLADE,LN & FAT,CKD,BRSD","Beef, New Zealand, imported, oyster blade, separable lean and fat, cooked, braised",,,,197,29.79,8.68,0.0,0.0,0.0,10.0,0.099,1.85,0.0,0.75,0,1.645,0.147,0.023,5,0.09,2.77,17,0.011,144,2.0,5.27,0.011111111,0.058235294,0.770833333,0.0,0.05,0.0,0.1028125,0.113076923,0.019166667,0.004166667,0.0001,0.04047619,0.205714286,0.036363636,0.479090909
23465,Beef Products,"BEEF,NZ,IMP,RUMP CENTRE,LN & FAT,CKD,FAST FRIED","Beef, New Zealand, imported, rump centre, separable lean and fat, cooked, fast fried",,,,192,30.01,7.96,0.0,0.0,0.0,12.0,0.274,2.2,0.0,0.56,0,3.904,0.198,0.081,5,0.144,2.95,29,0.012,253,1.9,4.05,0.013333333,0.161176471,0.916666667,0.0,0.037333333,0.0,0.244,0.152307692,0.0675,0.004166667,0.00016,0.069047619,0.361428571,0.034545455,0.368181818
23466,Beef Products,"BEEF,NZ,IMP,RUMP CENTRE,LN,RAW","Beef, New Zealand, imported, rump centre, separable lean only, raw",,,,141,21.74,6.05,0.0,0.0,0.0,7.0,0.276,2.15,0.0,0.32,0,2.729,0.118,0.066,4,0.107,2.3,22,0.01,191,1.5,3.46,0.007777778,0.162352941,0.895833333,0.0,0.021333333,0.0,0.1705625,0.090769231,0.055,0.003333333,0.000118889,0.052380952,0.272857143,0.027272727,0.314545455
23467,Beef Products,"BEEF,NZ,IMP,RUMP CENTRE,LN & FAT,RAW","Beef, New Zealand, imported, rump centre, separable lean and fat, raw",,,,145,21.65,6.5,0.0,0.0,0.0,7.0,0.274,2.13,0.0,0.31,0,2.716,0.117,0.067,4,0.106,2.29,22,0.009,190,1.5,3.43,0.007777778,0.161176471,0.8875,0.0,0.020666667,0.0,0.16975,0.09,0.055833333,0.003333333,0.000117778,0.052380952,0.271428571,0.027272727,0.311818182
23468,Beef Products,"BEEF,NZ,IMP,STRIPLOIN,LN & FAT,CKD,FAST FRIED","Beef, New Zealand, imported, striploin, separable lean and fat, cooked, fast fried",,,,301,24.89,22.33,0.02,0.0,0.0,16.0,0.279,0.84,0.0,0.44,0,4.25,0.077,0.054,8,0.068,1.72,21,0.003,192,3.7,2.92,0.017777778,0.164117647,0.35,0.0,0.029333333,0.0,0.265625,0.059230769,0.045,0.006666667,7.55556e-05,0.05,0.274285714,0.067272727,0.265454545
23469,Beef Products,"BEEF,NZ,IMP,STRIPLOIN,LN & FAT,RAW","Beef, New Zealand, imported, striploin, separable lean and fat, raw",,,,252,18.49,19.53,0.6,0.0,0.0,10.0,0.265,0.61,0.0,0.28,0,3.569,0.075,0.063,7,0.046,1.38,17,0.005,153,2.8,2.31,0.011111111,0.155882353,0.254166667,0.0,0.018666667,0.0,0.2230625,0.057692308,0.0525,0.005833333,5.11111e-05,0.04047619,0.218571429,0.050909091,0.21
23470,Beef Products,"BEEF,NZ,IMP,TENDERLOIN,LN & FAT,CKD,FAST FRIED","Beef, New Zealand, imported, tenderloin, separable lean and fat, cooked, fast fried",,,,202,29.26,9.35,0.27,0.0,0.0,13.0,0.229,1.96,0.0,0.81,0,4.985,0.209,0.058,4,0.18,2.99,30,0.015,258,5.7,3.33,0.014444444,0.134705882,0.816666667,0.0,0.054,0.0,0.3115625,0.160769231,0.048333333,0.003333333,0.0002,0.071428571,0.368571429,0.103636364,0.302727273
23471,Beef Products,"BEEF,NZ,IMP,TENDERLOIN,LN & FAT,RAW","Beef, New Zealand, imported, tenderloin, separable lean and fat, raw",,,,146,21.04,6.88,0.0,0.0,0.0,9.0,0.264,1.76,0.0,0.59,0,4.015,0.118,0.055,4,0.102,2.18,24,0.012,203,4.3,2.32,0.01,0.155294118,0.733333333,0.0,0.039333333,0.0,0.2509375,0.090769231,0.045833333,0.003333333,0.000113333,0.057142857,0.29,0.078181818,0.210909091
23472,Beef Products,"BEEF,GROUND,93% LN MEAT / 7% FAT","Beef, ground, 93% lean meat / 7% fat, raw",hamburger,,,146,20.85,7.0,0.0,0.0,0.0,4.0,0.383,2.23,0.0,0.17,5,5.325,0.151,0.041,10,0.075,2.33,21,0.01,192,17.1,4.97,0.004444444,0.225294118,0.929166667,0.0,0.011333333,0.0125,0.3328125,0.116153846,0.034166667,0.008333333,8.33333e-05,0.05,0.274285714,0.310909091,0.451818182
23473,Beef Products,"BEEF,GROUND,93% LN MEAT / 7% FAT,PATTY,CKD,BRLD","Beef, ground, 93% lean meat / 7% fat, patty, cooked, broiled",hamburger,,,185,26.22,8.94,0.0,0.0,0.0,3.0,0.406,2.51,0.0,0.12,7,5.827,0.176,0.043,9,0.094,2.78,22,0.014,205,21.5,6.41,0.003333333,0.238823529,1.045833333,0.0,0.008,0.0175,0.3641875,0.135384615,0.035833333,0.0075,0.000104444,0.052380952,0.292857143,0.390909091,0.582727273
23474,Beef Products,"BEEF,GROUND,93% LN MEAT /7% FAT,PATTY,CKD,PAN-BROILED","Beef, ground, 93% lean meat /7% fat, patty, cooked, pan-broiled",hamburger,,,175,25.56,8.01,0.06,0.0,0.0,3.0,0.386,2.79,0.0,0.13,7,6.175,0.177,0.043,11,0.089,2.82,24,0.012,220,20.9,6.4,0.003333333,0.227058824,1.1625,0.0,0.008666667,0.0175,0.3859375,0.136153846,0.035833333,0.009166667,9.88889e-05,0.057142857,0.314285714,0.38,0.581818182
23475,Beef Products,"BEEF,GROUND,93% LN MEAT / 7% FAT,LOAF,CKD,BKD","Beef, ground, 93% lean meat / 7% fat, loaf, cooked, baked",hamburger,,,184,27.03,8.43,0.0,0.0,0.0,3.0,0.353,2.49,0.0,0.12,6,5.408,0.171,0.035,10,0.079,2.99,21,0.01,197,22.0,6.78,0.003333333,0.207647059,1.0375,0.0,0.008,0.015,0.338,0.131538462,0.029166667,0.008333333,8.77778e-05,0.05,0.281428571,0.4,0.616363636
23476,Beef Products,"BEEF,GROUND,93% LN MEAT / 7% FAT,CRUMBLES,CKD,PAN-BROWNED","Beef, ground, 93% lean meat / 7% fat, crumbles, cooked, pan-browned",hamburger,,,201,28.88,9.51,0.0,0.0,0.0,3.0,0.428,2.8,0.0,0.12,8,7.096,0.191,0.042,12,0.103,3.17,28,0.013,258,21.6,6.97,0.003333333,0.251764706,1.166666667,0.0,0.008,0.02,0.4435,0.146923077,0.035,0.01,0.000114444,0.066666667,0.368571429,0.392727273,0.633636364
23477,Beef Products,"BEEF,GROUND,97% LN MEAT / 3% FAT,RAW","Beef, ground, 97% lean meat / 3% fat, raw",hamburger,,,115,21.98,3.0,0.0,0.0,0.0,4.0,0.401,2.26,0.0,0.17,4,5.663,0.151,0.041,8,0.08,2.44,22,0.01,203,17.7,5.21,0.004444444,0.235882353,0.941666667,0.0,0.011333333,0.01,0.3539375,0.116153846,0.034166667,0.006666667,8.88889e-05,0.052380952,0.29,0.321818182,0.473636364
23478,Beef Products,"BEEF,GROUND,97% LN MEAT / 3% FAT,PATTY,CKD,BRLD","Beef, ground, 97% lean meat / 3% fat, patty, cooked, broiled",hamburger,,,146,26.36,4.46,0.0,0.0,0.0,3.0,0.418,2.44,0.0,0.12,7,6.051,0.176,0.041,5,0.098,2.88,23,0.015,208,21.5,6.45,0.003333333,0.245882353,1.016666667,0.0,0.008,0.0175,0.3781875,0.135384615,0.034166667,0.004166667,0.000108889,0.054761905,0.297142857,0.390909091,0.586363636
23479,Beef Products,"BEEF,GROUND,97% LN MEAT /3% FAT,PATTY,CKD,PAN-BROILED","Beef, ground, 97% lean meat /3% fat, patty, cooked, pan-broiled",hamburger,,,137,26.03,3.65,0.0,0.0,0.0,3.0,0.396,2.79,0.0,0.13,7,6.374,0.177,0.043,7,0.093,2.89,24,0.012,224,21.2,6.5,0.003333333,0.232941176,1.1625,0.0,0.008666667,0.0175,0.398375,0.136153846,0.035833333,0.005833333,0.000103333,0.057142857,0.32,0.385454545,0.590909091
23480,Beef Products,"BEEF,GROUND,97% LN MEAT / 3% FAT,LOAF,CKD,BKD","Beef, ground, 97% lean meat / 3% fat, loaf, cooked, baked",hamburger,,,147,27.58,4.06,0.0,0.0,0.0,3.0,0.36,2.49,0.0,0.12,6,5.648,0.171,0.032,6,0.079,3.11,22,0.011,202,22.5,6.94,0.003333333,0.211764706,1.0375,0.0,0.008,0.015,0.353,0.131538462,0.026666667,0.005,8.77778e-05,0.052380952,0.288571429,0.409090909,0.630909091
23481,Beef Products,"BEEF,GROUND,97% LN MEAT / 3% FAT,CRUMBLES,CKD,PAN-BROWNED","Beef, ground, 97% lean meat / 3% fat, crumbles, cooked, pan-browned",hamburger,,,167,29.46,5.46,0.0,0.0,0.0,3.0,0.428,2.8,0.0,0.12,7,7.485,0.191,0.041,7,0.108,3.29,29,0.013,267,21.6,7.15,0.003333333,0.251764706,1.166666667,0.0,0.008,0.0175,0.4678125,0.146923077,0.034166667,0.005833333,0.00012,0.069047619,0.381428571,0.392727273,0.65
23501,Beef Products,"USDA COMMODITY,BF PATTIES W/VPP,FRZ,CKD","USDA Commodity, beef patties with VPP, frozen, cooked",,,,247,15.64,16.94,7.89,0.0,1.4,16.0,0.264,2.87,0.0,0.0,17,3.853,0.209,0.253,39,0.251,3.64,49,0.35,235,14.6,8.32,0.017777778,0.155294118,1.195833333,0.0,0.0,0.0425,0.2408125,0.160769231,0.210833333,0.0325,0.000278889,0.116666667,0.335714286,0.265454545,0.756363636
23502,Beef Products,"USDA COMMODITY,BF,GROUND BULK/COARSE GROUND,FRZ,CKD","USDA Commodity, beef, ground bulk/coarse ground, frozen, cooked",,,,259,26.06,16.34,0.0,0.0,0.0,12.0,0.132,3.06,0.0,0.0,9,3.376,0.12,0.071,9,0.14,3.01,24,0.016,221,15.9,6.28,0.013333333,0.077647059,1.275,0.0,0.0,0.0225,0.211,0.092307692,0.059166667,0.0075,0.000155556,0.057142857,0.315714286,0.289090909,0.570909091
23503,Beef Products,"USDA COMMODITY,BF,PATTIES (100%),FRZ,CKD","USDA Commodity, beef, patties (100%), frozen, cooked",,,,249,22.98,16.37,0.91,0.0,0.0,11.0,0.167,3.5,0.0,0.0,8,2.94,0.186,0.051,8,0.064,2.55,19,0.016,183,21.5,5.26,0.012222222,0.098235294,1.458333333,0.0,0.0,0.02,0.18375,0.143076923,0.0425,0.006666667,7.11111e-05,0.045238095,0.261428571,0.390909091,0.478181818
23506,Beef Products,"USDA COMMODITY,BF PATTIES W/VPP,FRZ,RAW","USDA Commodity, beef patties with VPP, frozen, raw",,,,225,15.21,16.48,3.84,0.0,1.3,17.0,0.44,3.59,0.0,0.0,0,4.281,0.22,0.316,29,0.163,2.66,36,0.252,190,11.7,5.44,0.018888889,0.258823529,1.495833333,0.0,0.0,0.0,0.2675625,0.169230769,0.263333333,0.024166667,0.000181111,0.085714286,0.271428571,0.212727273,0.494545455
23507,Beef Products,"USDA COMMODITY,BF,PATTIES (100%),FRZ,RAW","USDA Commodity, beef, patties (100%), frozen, raw",,,,204,14.63,15.69,0.0,0.0,0.0,0.0,0.214,2.05,0.0,0.0,6,3.846,0.16,0.043,7,0.073,1.93,18,0.017,145,14.8,4.12,0.0,0.125882353,0.854166667,0.0,0.0,0.015,0.240375,0.123076923,0.035833333,0.005833333,8.11111e-05,0.042857143,0.207142857,0.269090909,0.374545455
23508,Beef Products,"USDA COMMODITY,BF,GROUND,BULK/COARSE GROUND,FRZ,RAW","USDA Commodity, beef, ground, bulk/coarse ground, frozen, raw",,,,228,17.37,17.07,0.0,0.0,0.0,0.0,0.241,1.91,0.0,0.0,7,4.207,0.232,0.056,7,0.062,1.69,17,0.015,122,12.1,3.59,0.0,0.141764706,0.795833333,0.0,0.0,0.0175,0.2629375,0.178461538,0.046666667,0.005833333,6.88889e-05,0.04047619,0.174285714,0.22,0.326363636
23509,Beef Products,"BEEF,CHUCK,MOCK TENDER STK,LN,0 FAT,ALL GRDS,CKD,BRLD","Beef, chuck, mock tender steak, separable lean only, trimmed to 0 fat, all grades, cooked, broiled",Mock Tender Steak,,,159,25.9,5.42,0.0,0.0,0.0,0.0,0.322,3.39,0.0,0.16,8,3.635,0.23,0.111,8,0.118,2.93,23,0.0,227,25.3,7.83,0.0,0.189411765,1.4125,0.0,0.010666667,0.02,0.2271875,0.176923077,0.0925,0.006666667,0.000131111,0.054761905,0.324285714,0.46,0.711818182
23511,Beef Products,"BEEF,CHUCK,TOP BLADE,LN ONLY,TO 0 FAT,ALL GRDS,CKD,BRLD","Beef, chuck, top blade, separable lean only, trimmed to 0 fat, all grades, cooked, broiled","Top Blade Roast, Boneless",,,203,26.13,10.16,0.0,0.0,0.0,0.0,0.387,3.57,0.0,0.17,8,3.821,0.23,0.124,7,0.112,2.81,24,0.0,217,20.0,8.92,0.0,0.227647059,1.4875,0.0,0.011333333,0.02,0.2388125,0.176923077,0.103333333,0.005833333,0.000124444,0.057142857,0.31,0.363636364,0.810909091
23513,Beef Products,"BEEF,CHUCK,CLOD RST,LN,1/4 FAT,ALL GRDS,RAW","Beef, chuck, clod roast, separable lean only, trimmed to 1/4 fat, all grades, raw",,,,129,19.63,5.02,0.0,0.0,0.0,0.0,0.406,3.21,0.0,0.13,7,3.444,0.194,0.12,6,0.09,2.35,22,0.0,192,30.0,4.83,0.0,0.238823529,1.3375,0.0,0.008666667,0.0175,0.21525,0.149230769,0.1,0.005,0.0001,0.052380952,0.274285714,0.545454545,0.439090909
23514,Beef Products,"BEEF,CHUCK,CLOD RST,LN,0 FAT,ALL GRDS,CKD,RSTD","Beef, chuck, clod roast, separable lean only, trimmed to 0 fat, all grades, cooked, roasted",,,,172,26.82,6.34,0.0,0.0,0.0,0.0,0.278,3.07,0.0,0.17,10,3.529,0.252,0.09,7,0.1,3.2,22,0.0,222,30.0,6.39,0.0,0.163529412,1.279166667,0.0,0.011333333,0.025,0.2205625,0.193846154,0.075,0.005833333,0.000111111,0.052380952,0.317142857,0.545454545,0.580909091
23515,Beef Products,"BEEF,CHUCK,CLOD RST,LN ONLY,TO 1/4 FAT,ALL GRDS,CKD,RSTD","Beef, chuck, clod roast, separable lean only, trimmed to 1/4 fat, all grades, cooked, roasted",,,,173,26.36,6.75,0.0,0.0,0.0,0.0,0.273,3.02,0.0,0.17,9,3.469,0.247,0.089,7,0.1,3.09,22,0.0,215,30.0,6.39,0.0,0.160588235,1.258333333,0.0,0.011333333,0.0225,0.2168125,0.19,0.074166667,0.005833333,0.000111111,0.052380952,0.307142857,0.545454545,0.580909091
23516,Beef Products,"BEEF,SHLDR STEAK,BNLESS,LN,0 FAT,ALL GRDS,CKD,GRILLED","Beef, shoulder steak, boneless, separable lean only, trimmed to 0 fat, all grades, cooked, grilled",URMIS #1133,,,175,28.6,5.82,0.0,0.0,0.0,2.0,0.678,3.43,0.0,0.1,7,5.542,0.225,0.09,12,0.105,2.94,26,0.013,249,32.0,8.19,0.002222222,0.398823529,1.429166667,0.0,0.006666667,0.0175,0.346375,0.173076923,0.075,0.01,0.000116667,0.061904762,0.355714286,0.581818182,0.744545455
23517,Beef Products,"BEEF,CHUCK,CLOD STEAK,LN ONLY,TO 1/4 FAT,ALL GRDS,CKD,BRSD","Beef, chuck, clod steak, separable lean only, trimmed to 1/4 fat, all grades, cooked, braised",,,,189,29.34,7.04,0.0,0.0,0.0,0.0,0.261,2.97,0.0,0.13,9,3.121,0.254,0.075,8,0.148,3.79,22,0.0,233,30.0,7.87,0.0,0.153529412,1.2375,0.0,0.008666667,0.0225,0.1950625,0.195384615,0.0625,0.006666667,0.000164444,0.052380952,0.332857143,0.545454545,0.715454545
23519,Beef Products,"BEEF,CHCK,MCK TENDER STK,LN & FAT,0 FAT,USDA CHOIC,CKD,BRLD","Beef, chuck, mock tender steak, separable lean and fat, trimmed to 0 fat, USDA choice, cooked, broiled","URMIS #1931, Mock Tender Steak",,,161,25.73,5.72,0.0,0.0,0.0,0.0,0.32,3.37,0.0,0.16,8,3.612,0.229,0.11,8,0.121,3.02,23,0.0,234,25.2,7.83,0.0,0.188235294,1.404166667,0.0,0.010666667,0.02,0.22575,0.176153846,0.091666667,0.006666667,0.000134444,0.054761905,0.334285714,0.458181818,0.711818182
23521,Beef Products,"BEEF,CHUCK,MOCK TENDER STK,LN & FAT,0 FAT,USDA SEL,CKD,BRLD","Beef, chuck, mock tender steak, separable lean and fat, trimmed to 0 fat, USDA select, cooked, broiled","URMIS #1116, Mock Tender  Steak",,,159,26.08,5.24,0.0,0.0,0.0,0.0,0.324,3.42,0.0,0.15,8,3.66,0.232,0.112,7,0.112,2.8,23,0.0,217,25.3,7.81,0.0,0.190588235,1.425,0.0,0.01,0.02,0.22875,0.178461538,0.093333333,0.005833333,0.000124444,0.054761905,0.31,0.46,0.71
23523,Beef Products,"BEEF,CHUCK,TOP BLADE,LN & FAT,0 FAT,CHOIC,CKD,BRLD","Beef, chuck, top blade, separable lean and fat, trimmed to 0 fat, choice, cooked, broiled","URMIS #1959, Top Blade Roast, Boneless",,,227,25.77,12.93,0.0,0.0,0.0,0.0,0.32,3.38,0.0,0.18,8,3.619,0.229,0.11,7,0.111,2.77,24,0.0,215,19.9,8.76,0.0,0.188235294,1.408333333,0.0,0.012,0.02,0.2261875,0.176153846,0.091666667,0.005833333,0.000123333,0.057142857,0.307142857,0.361818182,0.796363636
23525,Beef Products,"BEEF,CHUCK,TOP BLADE,LN & FAT,0 FAT,SEL,CKD,BRLD","Beef, chuck, top blade, separable lean and fat, trimmed to 0 fat, select, cooked, broiled","URMIS #1144, Top Blade Roast, Boneless",,,200,25.67,9.99,0.0,0.0,0.0,0.0,0.467,3.71,0.0,0.16,9,3.97,0.224,0.138,7,0.11,2.74,24,0.0,212,19.9,8.68,0.0,0.274705882,1.545833333,0.0,0.010666667,0.0225,0.248125,0.172307692,0.115,0.005833333,0.000122222,0.057142857,0.302857143,0.361818182,0.789090909
23528,Beef Products,"BEEF,CHUCK,CLOD RST,LN & FAT,0 FAT,CHOIC,CKD,RSTD","Beef, chuck, clod roast, separable lean and fat, trimmed to 0 fat, choice, cooked, roasted",URMIS #1947,,,216,24.61,12.26,0.0,0.0,0.0,0.0,0.257,2.85,0.0,0.15,9,3.251,0.23,0.082,8,0.095,3.02,20,0.001,210,28.9,5.95,0.0,0.151176471,1.1875,0.0,0.01,0.0225,0.2031875,0.176923077,0.068333333,0.006666667,0.000105556,0.047619048,0.3,0.525454545,0.540909091
23531,Beef Products,"BEEF,CHUCK,CLOD RST,LN & FAT,0 FAT,SEL,CKD,RSTD","Beef, chuck, clod roast, separable lean and fat, trimmed to 0 fat, select, cooked, roasted",URMIS #1132,,,196,27.3,8.76,0.0,0.0,0.0,0.0,0.284,3.15,0.0,0.16,10,3.599,0.256,0.092,7,0.097,3.09,21,0.0,215,29.4,6.16,0.0,0.167058824,1.3125,0.0,0.010666667,0.025,0.2249375,0.196923077,0.076666667,0.005833333,0.000107778,0.05,0.307142857,0.534545455,0.56
23533,Beef Products,"BEEF,SHLDR STEAK,BNLESS,LN & FAT,0 FAT,CHOIC,CKD,GRILLED","Beef, shoulder steak, boneless, separable lean and fat, trimmed to 0 fat, choice, cooked, grilled",URMIS #1133,,,186,28.22,7.25,0.0,0.0,0.0,6.0,0.673,3.27,0.0,0.11,7,5.553,0.216,0.079,12,0.106,2.9,26,0.013,245,32.2,7.89,0.006666667,0.395882353,1.3625,0.0,0.007333333,0.0175,0.3470625,0.166153846,0.065833333,0.01,0.000117778,0.061904762,0.35,0.585454545,0.717272727
23536,Beef Products,"BEEF,SHLDR STEAK,BNLESS,LN & FAT,0 FAT,SEL,CKD,GRILLED","Beef, shoulder steak, boneless, separable lean and fat, trimmed to 0 fat, select, cooked, grilled",URMIS #1133,,,177,28.41,6.14,0.0,0.0,0.0,6.0,0.664,3.57,0.0,0.07,7,5.375,0.232,0.099,12,0.101,2.89,24,0.013,245,30.9,8.27,0.006666667,0.390588235,1.4875,0.0,0.004666667,0.0175,0.3359375,0.178461538,0.0825,0.01,0.000112222,0.057142857,0.35,0.561818182,0.751818182
23540,Beef Products,"BEEF,PLATE,SKIRT STEAK,LN & FAT,0 FAT,ALL GRDS,CKD,BRLD","Beef, plate, inside skirt steak, separable lean and fat, trimmed to 0 fat, all grades, cooked, broiled",Plate Skirt Steak,,,220,26.13,12.05,0.0,0.0,0.0,0.0,0.321,3.72,0.0,0.1,7,3.745,0.191,0.09,11,0.093,2.77,24,0.0,230,19.8,7.23,0.0,0.188823529,1.55,0.0,0.006666667,0.0175,0.2340625,0.146923077,0.075,0.009166667,0.000103333,0.057142857,0.328571429,0.36,0.657272727
23541,Beef Products,"BEEF,PLATE,OUTSIDE SKIRT,LN & FAT,0 FAT,ALL GRDS,CKD,BRLD","Beef, plate, outside skirt steak, separable lean and fat, trimmed to 0 fat, all grades, cooked, broiled",Plate Skirt Steak,,,255,23.51,17.13,0.0,0.0,0.0,0.0,0.477,4.17,0.0,0.11,7,4.193,0.19,0.115,11,0.087,2.58,24,0.0,214,18.6,5.51,0.0,0.280588235,1.7375,0.0,0.007333333,0.0175,0.2620625,0.146153846,0.095833333,0.009166667,9.66667e-05,0.057142857,0.305714286,0.338181818,0.500909091
23545,Beef Products,"BEEF,SIRLOIN,TRI-TIP STK,LN & FAT,0 FAT,ALL GRDS,CKD,BRLD","Beef, loin, bottom sirloin butt, tri-tip steak, separable lean and fat, trimmed to 0 fat, all grades, cooked, broiled",,,,265,29.97,15.18,0.0,0.0,0.0,0.0,0.443,2.83,0.0,0.17,10,4.225,0.286,0.128,12,0.158,3.64,26,0.0,265,10.3,7.05,0.0,0.260588235,1.179166667,0.0,0.011333333,0.025,0.2640625,0.22,0.106666667,0.01,0.000175556,0.061904762,0.378571429,0.187272727,0.640909091
23547,Beef Products,"BEEF,CHUCK,MOCK TENDER STK,LN & FAT,0 FAT,ALL GRDS,CKD,BRLD","Beef, chuck, mock tender steak, separable lean and fat, trimmed to 0 fat, all grades, cooked, broiled",Mock Tender Steak,,,160,25.87,5.52,0.0,0.0,0.0,0.0,0.321,3.39,0.0,0.16,8,3.632,0.23,0.111,8,0.117,2.93,23,0.0,227,25.2,7.82,0.0,0.188823529,1.4125,0.0,0.010666667,0.02,0.227,0.176923077,0.0925,0.006666667,0.00013,0.054761905,0.324285714,0.458181818,0.710909091
23549,Beef Products,"BEEF,CHUCK,TOP BLADE,LN & FAT,0 FAT,ALL GRDS,CKD,BRLD","Beef, chuck, top blade, separable lean and fat, trimmed to 0 fat, all grades, cooked, broiled","Top Blade Roast, Boneless",,,216,25.73,11.73,0.0,0.0,0.0,0.0,0.38,3.51,0.0,0.17,8,3.761,0.227,0.121,7,0.111,2.76,24,0.0,214,19.9,8.73,0.0,0.223529412,1.4625,0.0,0.011333333,0.02,0.2350625,0.174615385,0.100833333,0.005833333,0.000123333,0.057142857,0.305714286,0.361818182,0.793636364
23552,Beef Products,"BEEF,CHUCK,CLOD RST,LN & FAT,0 FAT,ALL GRDS,CKD,RSTD","Beef, chuck, clod roast, separable lean and fat, trimmed to 0 fat, all grades, cooked, roasted",,,,207,25.7,10.84,0.0,0.0,0.0,0.0,0.268,2.97,0.0,0.16,9,3.393,0.24,0.086,7,0.096,3.05,21,0.0,212,29.1,6.04,0.0,0.157647059,1.2375,0.0,0.010666667,0.0225,0.2120625,0.184615385,0.071666667,0.005833333,0.000106667,0.05,0.302857143,0.529090909,0.549090909
23554,Beef Products,"BEEF,SHLDR STEAK,BNLESS,LN & FAT,0 FAT,ALL GRDS,CKD,GRILLED","Beef, shoulder steak, boneless, separable lean and fat, trimmed to 0 fat, all grades, cooked, grilled",URMIS #1133,,,182,28.29,6.8,0.0,0.0,0.0,6.0,0.669,3.39,0.0,0.1,7,5.481,0.222,0.089,12,0.104,2.9,25,0.013,245,31.7,8.04,0.006666667,0.393529412,1.4125,0.0,0.006666667,0.0175,0.3425625,0.170769231,0.074166667,0.01,0.000115556,0.05952381,0.35,0.576363636,0.730909091
23557,Beef Products,"BEEF,GROUND,95% LN MEAT / 5% FAT,RAW","Beef, ground, 95% lean meat / 5% fat, raw",hamburger,,,131,21.41,5.0,0.0,0.0,0.0,4.0,0.392,2.24,0.0,0.17,5,5.494,0.151,0.041,9,0.078,2.38,22,0.01,198,17.4,5.09,0.004444444,0.230588235,0.933333333,0.0,0.011333333,0.0125,0.343375,0.116153846,0.034166667,0.0075,8.66667e-05,0.052380952,0.282857143,0.316363636,0.462727273
23558,Beef Products,"BEEF,GROUND,95% LN MEAT / 5% FAT,PATTY,CKD,BRLD","Beef, ground, 95% lean meat / 5% fat, patty, cooked, broiled",hamburger,,,174,26.29,6.8,0.0,0.0,0.0,3.0,0.412,2.47,0.0,0.12,7,5.939,0.176,0.042,7,0.096,2.83,22,0.014,206,21.5,6.43,0.003333333,0.242352941,1.029166667,0.0,0.008,0.0175,0.3711875,0.135384615,0.035,0.005833333,0.000106667,0.052380952,0.294285714,0.390909091,0.584545455
23559,Beef Products,"BEEF,GROUND,95% LN MEAT / 5% FAT,PATTY,CKD,PAN-BROILED","Beef, ground, 95% lean meat / 5% fat, patty, cooked, pan-broiled",hamburger,,,164,25.8,5.94,0.0,0.0,0.0,3.0,0.391,2.79,0.0,0.13,7,6.275,0.177,0.043,9,0.091,2.85,24,0.012,222,21.1,6.45,0.003333333,0.23,1.1625,0.0,0.008666667,0.0175,0.3921875,0.136153846,0.035833333,0.0075,0.000101111,0.057142857,0.317142857,0.383636364,0.586363636
23560,Beef Products,"BEEF,GROUND,95% LN MEAT / 5% FAT,CRUMBLES,CKD,PAN-BROWNED","Beef, ground, 95% lean meat / 5% fat, crumbles, cooked, pan-browned",hamburger,,,193,29.17,7.58,0.0,0.0,0.0,3.0,0.428,2.8,0.0,0.12,7,7.29,0.191,0.042,9,0.106,3.23,28,0.013,263,21.6,7.06,0.003333333,0.251764706,1.166666667,0.0,0.008,0.0175,0.455625,0.146923077,0.035,0.0075,0.000117778,0.066666667,0.375714286,0.392727273,0.641818182
23561,Beef Products,"BEEF,GROUND,95% LN MEAT / 5% FAT,LOAF,CKD,BKD","Beef, ground, 95% lean meat / 5% fat, loaf, cooked, baked",hamburger,,,174,27.31,6.37,0.0,0.0,0.0,3.0,0.357,2.49,0.0,0.12,6,5.528,0.171,0.034,8,0.079,3.05,22,0.01,199,22.3,6.86,0.003333333,0.21,1.0375,0.0,0.008,0.015,0.3455,0.131538462,0.028333333,0.006666667,8.77778e-05,0.052380952,0.284285714,0.405454545,0.623636364
23562,Beef Products,"BEEF,GROUND,90% LN MEAT / 10% FAT,RAW","Beef, ground, 90% lean meat / 10% fat, raw",hamburger,,,176,20.0,10.0,0.0,0.0,0.0,4.0,0.369,2.21,0.0,0.17,6,5.072,0.151,0.042,12,0.072,2.24,20,0.01,184,16.6,4.79,0.004444444,0.217058824,0.920833333,0.0,0.011333333,0.015,0.317,0.116153846,0.035,0.01,8e-05,0.047619048,0.262857143,0.301818182,0.435454545
23563,Beef Products,"BEEF,GROUND,90% LN MEAT / 10% FAT,PATTY,CKD,BRLD","Beef, ground, 90% lean meat / 10% fat, patty, cooked, broiled","ground sirloin, hamburger",,,217,26.11,11.75,0.0,0.0,0.0,3.0,0.397,2.56,0.0,0.12,8,5.659,0.176,0.044,13,0.09,2.71,22,0.013,202,21.5,6.37,0.003333333,0.233529412,1.066666667,0.0,0.008,0.02,0.3536875,0.135384615,0.036666667,0.010833333,0.0001,0.052380952,0.288571429,0.390909091,0.579090909
23564,Beef Products,"BEEF,GROUND,90% LN MEAT / 10% FAT,PATTY,CKD,PAN-BROILED","Beef, ground, 90% lean meat / 10% fat, patty, cooked, pan-broiled","ground sirloin, hamburger",,,204,25.21,10.68,0.0,0.0,0.0,3.0,0.379,2.79,0.0,0.13,8,6.027,0.177,0.043,15,0.086,2.77,23,0.012,216,20.7,6.33,0.003333333,0.222941176,1.1625,0.0,0.008666667,0.02,0.3766875,0.136153846,0.035833333,0.0125,9.55556e-05,0.054761905,0.308571429,0.376363636,0.575454545
23565,Beef Products,"BEEF,GROUND,90% LN MEAT / 10% FAT,CRUMBLES,CKD,PAN-BROWNED","Beef, ground, 90% lean meat / 10% fat, crumbles, cooked, pan-browned","ground sirloin, hamburger",,,230,28.45,12.04,0.0,0.0,0.0,3.0,0.428,2.8,0.0,0.12,8,6.804,0.191,0.043,16,0.099,3.08,27,0.013,250,21.6,6.84,0.003333333,0.251764706,1.166666667,0.0,0.008,0.02,0.42525,0.146923077,0.035833333,0.013333333,0.00011,0.064285714,0.357142857,0.392727273,0.621818182
23566,Beef Products,"BEEF,GROUND,90% LN MEAT / 10% FAT,LOAF,CKD,BKD","Beef, ground, 90% lean meat / 10% fat, loaf, cooked, baked","ground sirloin, hamburger",,,214,26.62,11.1,0.0,0.0,0.0,3.0,0.347,2.49,0.0,0.12,6,5.228,0.171,0.037,13,0.079,2.89,21,0.01,193,21.6,6.65,0.003333333,0.204117647,1.0375,0.0,0.008,0.015,0.32675,0.131538462,0.030833333,0.010833333,8.77778e-05,0.05,0.275714286,0.392727273,0.604545455
23567,Beef Products,"BEEF,GROUND,85% LN MEAT / 15% FAT,RAW","Beef, ground, 85% lean meat / 15% fat, raw",hamburger,,,215,18.59,15.0,0.0,0.0,0.0,4.0,0.346,2.17,0.0,0.17,6,4.649,0.151,0.042,15,0.067,2.09,18,0.01,171,15.8,4.48,0.004444444,0.203529412,0.904166667,0.0,0.011333333,0.015,0.2905625,0.116153846,0.035,0.0125,7.44444e-05,0.042857143,0.244285714,0.287272727,0.407272727
23568,Beef Products,"BEEF,GROUND,85% LN MEAT / 15% FAT,PATTY,CKD,BRLD","Beef, ground, 85% lean meat / 15% fat, patty, cooked, broiled","ground round, hamburger",,,250,25.93,15.41,0.0,0.0,0.0,3.0,0.382,2.64,0.0,0.12,9,5.378,0.176,0.046,18,0.085,2.6,21,0.012,198,21.5,6.31,0.003333333,0.224705882,1.1,0.0,0.008,0.0225,0.336125,0.135384615,0.038333333,0.015,9.44444e-05,0.05,0.282857143,0.390909091,0.573636364
23569,Beef Products,"BEEF,GROUND,85% LN MEAT / 15% FAT,PATTY,CKD,PAN-BROILED","Beef, ground, 85% lean meat / 15% fat, patty, cooked, pan-broiled",hamburger,,,232,24.62,14.02,0.0,0.0,0.0,3.0,0.367,2.79,0.0,0.13,8,5.778,0.177,0.043,20,0.081,2.68,22,0.012,211,20.3,6.2,0.003333333,0.215882353,1.1625,0.0,0.008666667,0.02,0.361125,0.136153846,0.035833333,0.016666667,9e-05,0.052380952,0.301428571,0.369090909,0.563636364
23570,Beef Products,"BEEF,GROUND,85% LN MEAT / 15% FAT,CRUMBLES,CKD,PAN-BROWNED","Beef, ground, 85% lean meat / 15% fat, crumbles, cooked, pan-browned","ground round, hamburger",,,256,27.73,15.3,0.0,0.0,0.0,3.0,0.428,2.8,0.0,0.12,10,6.318,0.191,0.044,22,0.093,2.93,25,0.012,238,21.6,6.62,0.003333333,0.251764706,1.166666667,0.0,0.008,0.025,0.394875,0.146923077,0.036666667,0.018333333,0.000103333,0.05952381,0.34,0.392727273,0.601818182
23571,Beef Products,"BEEF,GROUND,85% LN MEAT / 15% FAT,LOAF,CKD,BKD","Beef, ground, 85% lean meat / 15% fat, loaf, cooked, baked","ground round, hamburger",,,233,25.93,14.36,0.0,0.0,0.0,3.0,0.338,2.49,0.0,0.12,6,4.927,0.171,0.04,18,0.079,2.74,20,0.01,186,21.0,6.45,0.003333333,0.198823529,1.0375,0.0,0.008,0.015,0.3079375,0.131538462,0.033333333,0.015,8.77778e-05,0.047619048,0.265714286,0.381818182,0.586363636
23572,Beef Products,"BEEF,GROUND,80% LN MEAT / 20% FAT,RAW","Beef, ground, 80% lean meat / 20% fat, raw",hamburger,,,254,17.17,20.0,0.0,0.0,0.0,4.0,0.323,2.14,0.0,0.17,7,4.227,0.151,0.043,18,0.061,1.94,17,0.01,158,15.0,4.18,0.004444444,0.19,0.891666667,0.0,0.011333333,0.0175,0.2641875,0.116153846,0.035833333,0.015,6.77778e-05,0.04047619,0.225714286,0.272727273,0.38
23573,Beef Products,"BEEF,GROUND,80% LN MEAT / 20% FAT,PATTY,CKD,BRLD","Beef, ground, 80% lean meat / 20% fat, patty, cooked, broiled","ground chuck, hamburger",,,270,25.75,17.78,0.0,0.0,0.0,3.0,0.366,2.73,0.0,0.12,10,5.098,0.176,0.047,24,0.08,2.48,20,0.011,194,21.5,6.25,0.003333333,0.215294118,1.1375,0.0,0.008,0.025,0.318625,0.135384615,0.039166667,0.02,8.88889e-05,0.047619048,0.277142857,0.390909091,0.568181818
23574,Beef Products,"BEEF,GROUND,80% LN MEAT / 20% FAT,PATTY,CKD,PAN-BROILED","Beef, ground, 80% lean meat / 20% fat, patty, cooked, pan-broiled","ground chuck, hamburger",,,246,24.04,15.94,0.0,0.0,0.0,3.0,0.356,2.79,0.0,0.13,9,5.53,0.177,0.043,26,0.076,2.59,21,0.012,205,19.9,6.07,0.003333333,0.209411765,1.1625,0.0,0.008666667,0.0225,0.345625,0.136153846,0.035833333,0.021666667,8.44444e-05,0.05,0.292857143,0.361818182,0.551818182
23575,Beef Products,"BEEF,GROUND,80% LN MEAT / 20% FAT,CRUMBLES,CKD,PAN-BROWNED","Beef, ground, 80% lean meat / 20% fat, crumbles, cooked, pan-browned","ground chuck, hamburger",,,272,27.0,17.36,0.0,0.0,0.0,3.0,0.428,2.8,0.0,0.12,11,5.831,0.191,0.045,28,0.087,2.78,23,0.012,226,21.6,6.4,0.003333333,0.251764706,1.166666667,0.0,0.008,0.0275,0.3644375,0.146923077,0.0375,0.023333333,9.66667e-05,0.054761905,0.322857143,0.392727273,0.581818182
23576,Beef Products,"BEEF,GROUND,80% LN MEAT / 20% FAT,LOAF,CKD,BKD","Beef, ground, 80% lean meat / 20% fat, loaf, cooked, baked","ground chuck, hamburger",,,254,25.25,16.17,0.0,0.0,0.0,3.0,0.329,2.49,0.0,0.12,7,4.627,0.171,0.044,23,0.079,2.58,19,0.009,179,20.3,6.24,0.003333333,0.193529412,1.0375,0.0,0.008,0.0175,0.2891875,0.131538462,0.036666667,0.019166667,8.77778e-05,0.045238095,0.255714286,0.369090909,0.567272727
23577,Beef Products,"BEEF,GROUND,75% LN MEAT / 25% FAT,RAW","Beef, ground, 75% lean meat / 25% fat, raw",hamburger,,,293,15.76,25.0,0.0,0.0,0.0,4.0,0.301,2.11,0.0,0.17,8,3.804,0.151,0.044,21,0.056,1.79,15,0.009,145,14.3,3.87,0.004444444,0.177058824,0.879166667,0.0,0.011333333,0.02,0.23775,0.116153846,0.036666667,0.0175,6.22222e-05,0.035714286,0.207142857,0.26,0.351818182
23578,Beef Products,"BEEF,GROUND,75% LN MEAT / 25% FAT,PATTY,CKD,BRLD","Beef, ground, 75% lean meat / 25% fat, patty, cooked, broiled",hamburger,,,279,25.56,18.87,0.0,0.0,0.0,3.0,0.351,2.81,0.0,0.12,11,4.818,0.176,0.049,30,0.075,2.37,20,0.01,189,21.5,6.19,0.003333333,0.206470588,1.170833333,0.0,0.008,0.0275,0.301125,0.135384615,0.040833333,0.025,8.33333e-05,0.047619048,0.27,0.390909091,0.562727273
23579,Beef Products,"BEEF,GROUND,75% LN MEAT / 25% FAT,PATTY,CKD,PAN-BROILED","Beef, ground, 75% lean meat / 25% fat, patty, cooked, pan-broiled",hamburger,,,248,23.45,16.44,0.0,0.0,0.0,3.0,0.344,2.79,0.0,0.13,10,5.282,0.177,0.043,32,0.071,2.5,20,0.012,199,19.6,5.95,0.003333333,0.202352941,1.1625,0.0,0.008666667,0.025,0.330125,0.136153846,0.035833333,0.026666667,7.88889e-05,0.047619048,0.284285714,0.356363636,0.540909091
23580,Beef Products,"BEEF,GROUND,75% LN MEAT / 25% FAT,CRUMBLES,CKD,PAN-BROWNED","Beef, ground, 75% lean meat / 25% fat, crumbles, cooked, pan-browned",hamburger,,,277,26.28,18.21,0.0,0.0,0.0,3.0,0.428,2.8,0.0,0.12,12,5.345,0.191,0.046,34,0.08,2.63,22,0.012,214,21.6,6.17,0.003333333,0.251764706,1.166666667,0.0,0.008,0.03,0.3340625,0.146923077,0.038333333,0.028333333,8.88889e-05,0.052380952,0.305714286,0.392727273,0.560909091
23581,Beef Products,"BEEF,GROUND,75% LN MEAT / 25% FAT,LOAF,CKD,BKD","Beef, ground, 75% lean meat / 25% fat, loaf, cooked, baked",hamburger,,,254,24.56,16.5,0.0,0.0,0.0,3.0,0.32,2.49,0.0,0.12,7,4.327,0.171,0.047,28,0.079,2.43,18,0.009,172,19.7,6.04,0.003333333,0.188235294,1.0375,0.0,0.008,0.0175,0.2704375,0.131538462,0.039166667,0.023333333,8.77778e-05,0.042857143,0.245714286,0.358181818,0.549090909
23582,Beef Products,"BEEF,RIB,SML END (RIBS 10-12),LN,1/8 FAT,SEL,RAW","Beef, rib, small end (ribs 10-12), separable lean only, trimmed to 1/8 fat, select, raw",,,,134,22.53,4.2,0.0,0.0,0.0,0.0,0.635,0.95,0.0,0.29,13,6.544,0.121,0.076,22,0.076,1.59,23,0.011,209,30.4,3.96,0.0,0.373529412,0.395833333,0.0,0.019333333,0.0325,0.409,0.093076923,0.063333333,0.018333333,8.44444e-05,0.054761905,0.298571429,0.552727273,0.36
23583,Beef Products,"BEEF,TENDERLOIN,STEAK,LN,1/8 FAT,SEL,RAW","Beef, tenderloin, steak, separable lean only, trimmed to 1/8 fat, select, raw","URMIS #1388, Beef Medallions, Filet Mignon",,,148,22.06,5.93,0.0,0.0,0.0,0.0,0.622,0.93,0.0,0.31,13,6.408,0.118,0.074,22,0.076,1.6,23,0.011,209,30.5,3.97,0.0,0.365882353,0.3875,0.0,0.020666667,0.0325,0.4005,0.090769231,0.061666667,0.018333333,8.44444e-05,0.054761905,0.298571429,0.554545455,0.360909091
23584,Beef Products,"BEEF,TOP SIRLOIN,STEAK,LN,1/8 FAT,SEL,RAW","Beef, top sirloin, steak, separable lean only, trimmed to 1/8 fat, select, raw",URMIS #1422,,,127,22.27,3.54,0.0,0.0,0.0,0.0,0.628,0.94,0.0,0.28,13,6.469,0.12,0.075,22,0.077,1.61,23,0.011,211,30.8,4.0,0.0,0.369411765,0.391666667,0.0,0.018666667,0.0325,0.4043125,0.092307692,0.0625,0.018333333,8.55556e-05,0.054761905,0.301428571,0.56,0.363636364
23585,Beef Products,"BEEF,SHRT LOIN,TOP LOIN,STEAK,LN,1/8 FAT,SEL,RAW","Beef, short loin, top loin, steak, separable lean only, trimmed to 1/8 fat, select, raw","URMIS # 1404, Boneless Strip Steak, Club Steak, Kansas City Strip, New York Strip",,,133,23.07,3.88,0.0,0.0,0.0,0.0,0.651,0.98,0.0,0.29,13,6.703,0.124,0.078,23,0.078,1.63,24,0.011,214,31.2,4.05,0.0,0.382941176,0.408333333,0.0,0.019333333,0.0325,0.4189375,0.095384615,0.065,0.019166667,8.66667e-05,0.057142857,0.305714286,0.567272727,0.368181818
23586,Beef Products,"BEEF,RIB,SML END (RIBS 10-12),LN,1/8 FAT,SEL,CKD,BRLD","Beef, rib, small end (ribs 10-12), separable lean only, trimmed to 1/8 fat, select, cooked, broiled",,,,188,30.87,6.22,0.0,0.0,0.0,0.0,0.682,1.47,0.0,0.4,10,9.02,0.164,0.088,22,0.085,1.91,27,0.011,253,38.8,5.69,0.0,0.401176471,0.6125,0.0,0.026666667,0.025,0.56375,0.126153846,0.073333333,0.018333333,9.44444e-05,0.064285714,0.361428571,0.705454545,0.517272727
23587,Beef Products,"BEEF,TENDERLOIN,STEAK,LN,1/8 FAT,SEL,CKD,BRLD","Beef, tenderloin, steak, separable lean only, trimmed to 1/8 fat, select, cooked, broiled",URMIS #1388,,,194,29.07,7.76,0.0,0.0,0.0,0.0,0.642,1.39,0.0,0.4,10,8.494,0.154,0.083,21,0.08,1.81,25,0.011,238,36.6,5.37,0.0,0.377647059,0.579166667,0.0,0.026666667,0.025,0.530875,0.118461538,0.069166667,0.0175,8.88889e-05,0.05952381,0.34,0.665454545,0.488181818
23588,Beef Products,"BEEF,TOP SIRLOIN,STEAK,LN,1/8 FAT,SEL,CKD,BRLD","Beef, top sirloin, steak, separable lean only, trimmed to 1/8 fat, select, cooked, broiled",URMIS #1422,,,170,29.34,4.96,0.0,0.0,0.0,0.0,0.648,1.4,0.0,0.37,10,8.574,0.155,0.084,21,0.08,1.81,25,0.011,238,36.6,5.37,0.0,0.381176471,0.583333333,0.0,0.024666667,0.025,0.535875,0.119230769,0.07,0.0175,8.88889e-05,0.05952381,0.34,0.665454545,0.488181818
23589,Beef Products,"BEEF,SHRT LOIN,TOP LOIN,STEAK,LN,1/8 FAT,SEL,CKD,GRILLED","Beef, short loin, top loin, steak, separable lean only, trimmed to 1/8 fat, select, cooked, grilled","URMIS # 1404, Boneless Strip Steak, Club Steak, Kansas City Strip, New York Strip",,,177,29.44,5.73,0.0,0.0,0.0,0.0,0.65,1.41,0.0,0.38,10,8.603,0.156,0.084,21,0.08,1.81,25,0.011,239,36.7,5.38,0.0,0.382352941,0.5875,0.0,0.025333333,0.025,0.5376875,0.12,0.07,0.0175,8.88889e-05,0.05952381,0.341428571,0.667272727,0.489090909
23590,Beef Products,"BEEF,RND,BTTM RND RST,LN,1/8 FAT,SEL,CKD,RSTD","Beef, round, bottom round , roast, separable lean only, trimmed to 1/8 fat, select, cooked, roasted",URMIS #1464,,,164,28.45,4.67,0.0,0.0,0.0,0.0,0.375,1.46,0.0,0.36,10,4.893,0.154,0.068,6,0.079,2.35,19,0.01,183,35.6,4.92,0.0,0.220588235,0.608333333,0.0,0.024,0.025,0.3058125,0.118461538,0.056666667,0.005,8.77778e-05,0.045238095,0.261428571,0.647272727,0.447272727
23591,Beef Products,"BEEF,RND,EYE OF RND,RST,LN,1/8 FAT,SEL,CKD,RSTD","Beef, round, eye of round, roast, separable lean only, trimmed to 1/8 fat, select, cooked, roasted",URMIS #1480,,,163,29.59,4.11,0.0,0.0,0.0,0.0,0.39,1.52,0.0,0.36,10,5.089,0.16,0.071,6,0.082,2.42,20,0.011,188,36.7,5.06,0.0,0.229411765,0.633333333,0.0,0.024,0.025,0.3180625,0.123076923,0.059166667,0.005,9.11111e-05,0.047619048,0.268571429,0.667272727,0.46
23592,Beef Products,"BEEF,RND,TOP RND,STEAK,LN,1/8 FAT,SEL,CKD,BRLD","Beef, round, top round, steak, separable lean only, trimmed to 1/8 fat, select, cooked, broiled",URMIS #1553,,,177,31.61,4.65,0.0,0.0,0.0,0.0,0.417,1.62,0.0,0.34,11,5.436,0.171,0.076,7,0.09,2.66,22,0.012,207,40.4,5.57,0.0,0.245294118,0.675,0.0,0.022666667,0.0275,0.33975,0.131538462,0.063333333,0.005833333,0.0001,0.052380952,0.295714286,0.734545455,0.506363636
23593,Beef Products,"BEEF,RND,BTTM RND,STEAK,LN,1/8 FAT,SEL,CKD,BRSD","Beef, round, bottom round, steak, separable lean only, trimmed to 1/8 fat, select, cooked, braised",URMIS #1464,,,205,34.46,6.43,0.0,0.0,0.0,0.0,0.455,1.77,0.0,0.44,12,5.927,0.187,0.082,7,0.096,2.85,23,0.013,222,43.3,5.98,0.0,0.267647059,0.7375,0.0,0.029333333,0.03,0.3704375,0.143846154,0.068333333,0.005833333,0.000106667,0.054761905,0.317142857,0.787272727,0.543636364
23594,Beef Products,"BEEF,RND,BTTM RND,RST,LN,1/8 FAT,ALL GRDS,RAW","Beef, round, bottom round, roast, separable lean only, trimmed to 1/8 fat, all grades, raw",,,,128,22.19,4.31,0.0,0.0,0.0,0.0,0.656,1.57,0.0,0.29,13,6.661,0.144,0.09,20,0.099,1.92,24,0.014,214,28.2,4.22,0.0,0.385882353,0.654166667,0.0,0.019333333,0.0325,0.4163125,0.110769231,0.075,0.016666667,0.00011,0.057142857,0.305714286,0.512727273,0.383636364
23595,Beef Products,"BEEF,BRISKET,FLAT HALF,LN,1/8 FAT,ALL GRDS,CKD,BRSD","Beef, brisket, flat half, separable lean only, trimmed to 1/8 fat, all grades, cooked, braised",,,,196,33.15,6.0,0.0,0.0,0.0,0.0,0.317,2.42,0.0,0.47,11,4.825,0.208,0.067,16,0.115,2.81,22,0.012,204,34.0,7.98,0.0,0.186470588,1.008333333,0.0,0.031333333,0.0275,0.3015625,0.16,0.055833333,0.013333333,0.000127778,0.052380952,0.291428571,0.618181818,0.725454545
23596,Beef Products,"BEEF,BRISKET,FLAT HALF,LN,1/8 FAT,ALL GRDS,RAW","Beef, brisket, flat half, separable lean only, trimmed to 1/8 fat, all grades, raw",,,,127,21.57,3.84,0.0,0.0,0.0,0.0,0.519,1.84,0.0,0.29,13,4.947,0.156,0.079,16,0.093,1.92,23,0.014,202,25.1,5.52,0.0,0.305294118,0.766666667,0.0,0.019333333,0.0325,0.3091875,0.12,0.065833333,0.013333333,0.000103333,0.054761905,0.288571429,0.456363636,0.501818182
23597,Beef Products,"BEEF,RND,EYE OF RND,RST,LN,1/8 FAT,ALL GRDS,RAW","Beef, round, eye of round, roast, separable lean only, trimmed to 1/8 fat, all grades, raw",,,,124,22.6,3.0,0.0,0.0,0.0,0.0,0.667,1.6,0.0,0.28,13,6.78,0.147,0.091,20,0.101,1.96,25,0.014,219,28.8,4.3,0.0,0.392352941,0.666666667,0.0,0.018666667,0.0325,0.42375,0.113076923,0.075833333,0.016666667,0.000112222,0.05952381,0.312857143,0.523636364,0.390909091
23598,Beef Products,"BEEF,RND,EYE OF RND,RST,LN,1/8 FAT,ALL GRDS,CKD,RSTD","Beef, round, eye of round, roast, separable lean only, trimmed to 1/8 fat, all grades, cooked, roasted",,,,169,29.73,4.71,0.0,0.0,0.0,0.0,0.399,1.64,0.0,0.37,10,5.341,0.168,0.067,6,0.073,2.46,20,0.011,186,33.3,5.06,0.0,0.234705882,0.683333333,0.0,0.024666667,0.025,0.3338125,0.129230769,0.055833333,0.005,8.11111e-05,0.047619048,0.265714286,0.605454545,0.46
23599,Beef Products,"BEEF,RIB,SML END (RIBS 10-12),LN,1/8 FAT,ALL GRDS,RAW","Beef, rib, small end (ribs 10-12), separable lean only, trimmed to 1/8 fat, all grades, raw",,,,141,22.33,5.04,0.0,0.0,0.0,0.0,0.625,1.1,0.0,0.32,13,6.916,0.112,0.069,24,0.074,1.6,23,0.013,206,26.9,4.01,0.0,0.367647059,0.458333333,0.0,0.021333333,0.0325,0.43225,0.086153846,0.0575,0.02,8.22222e-05,0.054761905,0.294285714,0.489090909,0.364545455
23600,Beef Products,"BEEF,TENDERLOIN,STEAK,LN,1/8 FAT,ALL GRDS,CKD,BRLD","Beef, tenderloin, steak, separable lean only, trimmed to 1/8 fat, all grades, cooked, broiled","Filet Mignon, Beef Medallions",,,200,29.04,8.39,0.0,0.0,0.0,0.0,0.623,1.66,0.0,0.4,10,8.31,0.147,0.079,19,0.086,1.84,25,0.011,230,33.7,5.38,0.0,0.366470588,0.691666667,0.0,0.026666667,0.025,0.519375,0.113076923,0.065833333,0.015833333,9.55556e-05,0.05952381,0.328571429,0.612727273,0.489090909
23601,Beef Products,"BEEF,TENDERLOIN,STEAK,LN,1/8 FAT,ALL GRDS,RAW","Beef, tenderloin, steak, separable lean only, trimmed to 1/8 fat, all grades, raw","Filet Mignon, Beef Medallions",,,153,22.12,6.52,0.0,0.0,0.0,0.0,0.619,1.09,0.0,0.32,13,6.851,0.111,0.068,24,0.074,1.6,23,0.013,206,26.9,4.01,0.0,0.364117647,0.454166667,0.0,0.021333333,0.0325,0.4281875,0.085384615,0.056666667,0.02,8.22222e-05,0.054761905,0.294285714,0.489090909,0.364545455
23602,Beef Products,"BEEF,CHUCK,ARM POT RST,LN,1/8 FAT,ALL GRDS,CKD,BRSD","Beef, chuck, arm pot roast, separable lean only, trimmed to 1/8 fat, all grades, cooked, braised",,,,214,34.66,7.36,0.0,0.0,0.0,0.0,0.332,2.53,0.0,0.45,12,5.044,0.217,0.07,16,0.12,2.93,23,0.012,213,35.4,8.32,0.0,0.195294118,1.054166667,0.0,0.03,0.03,0.31525,0.166923077,0.058333333,0.013333333,0.000133333,0.054761905,0.304285714,0.643636364,0.756363636
23603,Beef Products,"BEEF,CHUCK,ARM POT RST,LN,1/8 FAT,ALL GRDS,RAW","Beef, chuck, arm pot roast, separable lean only, trimmed to 1/8 fat, all grades, raw",,,,132,22.11,4.19,0.0,0.0,0.0,0.0,0.532,1.88,0.0,0.28,13,5.069,0.16,0.081,16,0.093,1.93,23,0.014,203,25.2,5.55,0.0,0.312941176,0.783333333,0.0,0.018666667,0.0325,0.3168125,0.123076923,0.0675,0.013333333,0.000103333,0.054761905,0.29,0.458181818,0.504545455
23604,Beef Products,"BEEF,RND,BTTM RND,RST,LN,1/8 FAT,ALL GRDS,CKD","Beef, round, bottom round, roast, separable lean only, trimmed to 1/8 fat, all grades, cooked",,,,163,28.0,5.72,0.0,0.0,0.0,0.0,0.376,1.54,0.0,0.36,9,5.03,0.158,0.063,6,0.07,2.35,19,0.01,177,31.7,4.82,0.0,0.221176471,0.641666667,0.0,0.024,0.0225,0.314375,0.121538462,0.0525,0.005,7.77778e-05,0.045238095,0.252857143,0.576363636,0.438181818
23605,Beef Products,"BEEF,RND,BTTM RND,STEAK,LN,1/8 FAT,ALL GRDS,CKD,BRSD","Beef, round, bottom round, steak, separable lean only, trimmed to 1/8 fat, all grades, cooked, braised",,,,216,34.34,7.73,0.0,0.0,0.0,0.0,0.461,1.89,0.0,0.45,11,6.169,0.194,0.078,7,0.085,2.87,23,0.012,217,38.8,5.9,0.0,0.271176471,0.7875,0.0,0.03,0.0275,0.3855625,0.149230769,0.065,0.005833333,9.44444e-05,0.054761905,0.31,0.705454545,0.536363636
23606,Beef Products,"BEEF,SHRT LOIN,TOP LOIN,STEAK,LN,1/8 FAT,ALL GRDS,CKD,BRLD","Beef, short loin, top loin, steak, separable lean only, trimmed to 1/8 fat, all grades, cooked, broiled","Kansas City Strip, Boneless Strip Steak, Club Steak, New York Strip",,,189,29.3,7.09,0.0,0.0,0.0,0.0,0.629,1.68,0.0,0.39,10,8.384,0.148,0.08,19,0.086,1.85,25,0.011,231,33.9,5.41,0.0,0.37,0.7,0.0,0.026,0.025,0.524,0.113846154,0.066666667,0.015833333,9.55556e-05,0.05952381,0.33,0.616363636,0.491818182
23607,Beef Products,"BEEF,SHRT LOIN,TOP LOIN STEAK,LN,1/8 FAT,ALL GRDS,RAW","Beef, short loin, top loin steak, separable lean only, trimmed to 1/8 fat, all grades, raw","Kansas City Strip, Boneless Strip Steak, Club Steak, New York Strip",,,138,22.93,5.15,0.0,0.0,0.0,0.0,0.642,1.13,0.0,0.3,13,7.101,0.115,0.07,25,0.076,1.64,24,0.013,211,27.5,4.1,0.0,0.377647059,0.470833333,0.0,0.02,0.0325,0.4438125,0.088461538,0.058333333,0.020833333,8.44444e-05,0.057142857,0.301428571,0.5,0.372727273
23608,Beef Products,"BEEF,RND,TOP RND,STEAK,LN,1/8 FAT,ALL GRDS,CKD,BRLD","Beef, round, top round, steak, separable lean only, trimmed to 1/8 fat, all grades, cooked, broiled",,,,185,31.82,5.45,0.0,0.0,0.0,0.0,0.427,1.75,0.0,0.49,11,5.717,0.18,0.072,7,0.08,2.7,21,0.011,204,36.4,5.54,0.0,0.251176471,0.729166667,0.0,0.032666667,0.0275,0.3573125,0.138461538,0.06,0.005833333,8.88889e-05,0.05,0.291428571,0.661818182,0.503636364
23609,Beef Products,"BEEF,RND,TOP RND,STEAK,LN,1/8 FAT,ALL GRDS,RAW","Beef, round, top round, steak, separable lean only, trimmed to 1/8 fat, all grades, raw",,,,135,22.91,4.09,0.0,0.0,0.0,0.0,0.677,1.62,0.0,0.27,13,6.873,0.149,0.093,20,0.102,1.99,25,0.014,222,29.2,4.36,0.0,0.398235294,0.675,0.0,0.018,0.0325,0.4295625,0.114615385,0.0775,0.016666667,0.000113333,0.05952381,0.317142857,0.530909091,0.396363636
23610,Beef Products,"BEEF,TOP SIRLOIN,STEAK,LN,1/8 FAT,ALL GRDS,CKD,BRLD","Beef, top sirloin, steak, separable lean only, trimmed to 1/8 fat, all grades, cooked, broiled",,,,178,29.42,5.84,0.0,0.0,0.0,0.0,0.631,1.68,0.0,0.38,11,8.42,0.149,0.08,19,0.087,1.87,25,0.011,233,34.3,5.46,0.0,0.371176471,0.7,0.0,0.025333333,0.0275,0.52625,0.114615385,0.066666667,0.015833333,9.66667e-05,0.05952381,0.332857143,0.623636364,0.496363636
23611,Beef Products,"BEEF,TOP SIRLOIN,STEAK,LN,1/8 FAT,ALL GRDS,RAW","Beef, top sirloin, steak, separable lean only, trimmed to 1/8 fat, all grades, raw",,,,131,22.09,4.08,0.0,0.0,0.0,0.0,0.619,1.09,0.0,0.32,13,6.843,0.111,0.068,25,0.075,1.61,23,0.013,207,27.1,4.04,0.0,0.364117647,0.454166667,0.0,0.021333333,0.0325,0.4276875,0.085384615,0.056666667,0.020833333,8.33333e-05,0.054761905,0.295714286,0.492727273,0.367272727
23612,Beef Products,"BEEF,CHUCK,ARM POT RST,LN,1/8 FAT,CHOIC,RAW","Beef, chuck, arm pot roast, separable lean only, trimmed to 1/8 fat, choice, raw",URMIS #1864,,,139,21.96,5.05,0.0,0.0,0.0,0.0,0.489,2.11,0.0,0.29,13,5.221,0.168,0.077,15,0.091,2.02,23,0.015,201,24.5,5.48,0.0,0.287647059,0.879166667,0.0,0.019333333,0.0325,0.3263125,0.129230769,0.064166667,0.0125,0.000101111,0.054761905,0.287142857,0.445454545,0.498181818
23613,Beef Products,"BEEF,BRISKET,FLAT HALF,LN,1/8 FAT,CHOIC,RAW","Beef, brisket, flat half, separable lean only, trimmed to 1/8 fat, choice, raw",URMIS #2438,,,129,21.69,4.06,0.0,0.0,0.0,0.0,0.483,2.09,0.0,0.29,13,5.158,0.166,0.076,15,0.092,2.04,23,0.015,203,24.7,5.53,0.0,0.284117647,0.870833333,0.0,0.019333333,0.0325,0.322375,0.127692308,0.063333333,0.0125,0.000102222,0.054761905,0.29,0.449090909,0.502727273
23614,Beef Products,"BEEF,CHUCK,ARM POT RST,LN,1/8 FAT,CHOIC,CKD,BRSD","Beef, chuck, arm pot roast, separable lean only, trimmed to 1/8 fat, choice, cooked, braised",URMIS #1864,,,224,34.72,8.37,0.0,0.0,0.0,0.0,0.344,2.69,0.0,0.46,12,5.243,0.231,0.07,15,0.129,3.04,23,0.012,213,34.7,8.2,0.0,0.202352941,1.120833333,0.0,0.030666667,0.03,0.3276875,0.177692308,0.058333333,0.0125,0.000143333,0.054761905,0.304285714,0.630909091,0.745454545
23615,Beef Products,"BEEF,BRISKET,FLAT HALF,LN,1/8 FAT,CHOIC,CKD,BRSD","Beef, brisket, flat half, separable lean only, trimmed to 1/8 fat, choice, cooked, braised",URMIS #2438,,,203,33.13,6.79,0.0,0.0,0.0,0.0,0.328,2.57,0.0,0.5,11,5.003,0.221,0.066,14,0.122,2.88,22,0.012,202,32.9,7.76,0.0,0.192941176,1.070833333,0.0,0.033333333,0.0275,0.3126875,0.17,0.055,0.011666667,0.000135556,0.052380952,0.288571429,0.598181818,0.705454545
23616,Beef Products,"BEEF,RND,EYE OF RND,RST,LN,1/8 FAT,CHOIC,RAW","Beef, round, eye of round, roast, separable lean only, trimmed to 1/8 fat, choice, raw",URMIS #2295,,,128,22.88,3.38,0.0,0.0,0.0,0.0,0.672,1.91,0.0,0.29,14,6.958,0.165,0.096,20,0.101,2.12,25,0.014,221,28.6,4.28,0.0,0.395294118,0.795833333,0.0,0.019333333,0.035,0.434875,0.126923077,0.08,0.016666667,0.000112222,0.05952381,0.315714286,0.52,0.389090909
23617,Beef Products,"BEEF,RND,TOP RND,STEAK,LN,1/8 FAT,CHOIC,RAW","Beef, round, top round, steak, separable lean only, trimmed to 1/8 fat, choice, raw",URMIS #2368,,,140,22.69,4.78,0.0,0.0,0.0,0.0,0.666,1.89,0.0,0.3,13,6.901,0.163,0.095,20,0.101,2.12,25,0.014,222,28.6,4.29,0.0,0.391764706,0.7875,0.0,0.02,0.0325,0.4313125,0.125384615,0.079166667,0.016666667,0.000112222,0.05952381,0.317142857,0.52,0.39
23618,Beef Products,"BEEF,RND,BTTM RND,RST,LN,1/8 FAT,CHOIC,RAW","Beef, round, bottom round, roast, separable lean only, trimmed to 1/8 fat, choice, raw",URMIS #2279,,,140,22.22,4.96,0.0,0.0,0.0,0.0,0.653,1.85,0.0,0.3,13,6.757,0.16,0.093,19,0.098,2.06,24,0.014,215,27.7,4.16,0.0,0.384117647,0.770833333,0.0,0.02,0.0325,0.4223125,0.123076923,0.0775,0.015833333,0.000108889,0.057142857,0.307142857,0.503636364,0.378181818
23619,Beef Products,"BEEF,RND,BTTM RND,RST,LN,1/8 FAT,CHOIC,CKD,RSTD","Beef, round, bottom round, roast, separable lean only, trimmed to 1/8 fat, choice, cooked, roasted",URMIS #2279,,,179,27.56,6.77,0.0,0.0,0.0,0.0,0.385,1.63,0.0,0.37,9,5.294,0.172,0.057,6,0.065,2.43,19,0.009,174,31.4,4.82,0.0,0.226470588,0.679166667,0.0,0.024666667,0.0225,0.330875,0.132307692,0.0475,0.005,7.22222e-05,0.045238095,0.248571429,0.570909091,0.438181818
23620,Beef Products,"BEEF,RND,EYE OF RND,RST,LN,1/8 FAT,CHOIC,CKD,RSTD","Beef, round, eye of round, roast, separable lean only, trimmed to 1/8 fat, choice, cooked, roasted",URMIS #2295,,,175,29.87,5.3,0.0,0.0,0.0,0.0,0.417,1.76,0.0,0.38,10,5.74,0.187,0.062,6,0.069,2.61,20,0.01,187,33.7,5.16,0.0,0.245294118,0.733333333,0.0,0.025333333,0.025,0.35875,0.143846154,0.051666667,0.005,7.66667e-05,0.047619048,0.267142857,0.612727273,0.469090909
23621,Beef Products,"BEEF,RND,TOP RND,STEAK,LN,1/8 FAT,CHOIC,CKD,BRLD","Beef, round, top round, steak, separable lean only, trimmed to 1/8 fat, choice, cooked, broiled",URMIS #2368,,,193,32.04,6.25,0.0,0.0,0.0,0.0,0.447,1.89,0.0,0.41,11,6.156,0.2,0.067,7,0.075,2.84,22,0.011,203,36.6,5.62,0.0,0.262941176,0.7875,0.0,0.027333333,0.0275,0.38475,0.153846154,0.055833333,0.005833333,8.33333e-05,0.052380952,0.29,0.665454545,0.510909091
23622,Beef Products,"BEEF,RND,BTTM RND,STEAK,LN,1/8 FAT,CHOIC,CKD,BRSD","Beef, round, bottom round, steak, separable lean only, trimmed to 1/8 fat, choice, cooked, braised",URMIS #2279,,,228,34.22,9.02,0.0,0.0,0.0,0.0,0.478,2.02,0.0,0.46,11,6.575,0.214,0.071,7,0.08,3.01,23,0.012,215,38.8,5.95,0.0,0.281176471,0.841666667,0.0,0.030666667,0.0275,0.4109375,0.164615385,0.059166667,0.005833333,8.88889e-05,0.054761905,0.307142857,0.705454545,0.540909091
23623,Beef Products,"BEEF,RIB,SML END (RIBS 10-12),LN,1/8 FAT,CHOIC,RAW","Beef, rib, small end (ribs 10-12), separable lean only, trimmed to 1/8 fat, choice, raw",,,,148,22.12,5.91,0.0,0.0,0.0,0.0,0.607,1.2,0.0,0.33,13,7.491,0.108,0.061,28,0.072,1.63,23,0.014,204,25.5,4.13,0.0,0.357058824,0.5,0.0,0.022,0.0325,0.4681875,0.083076923,0.050833333,0.023333333,8e-05,0.054761905,0.291428571,0.463636364,0.375454545
23624,Beef Products,"BEEF,TENDERLOIN,STEAK,LN,1/8 FAT,CHOIC,RAW","Beef, tenderloin, steak, separable lean only, trimmed to 1/8 fat, choice, raw","URMIS #1388, Beef Medallions, Filet Mignon",,,158,22.17,7.07,0.0,0.0,0.0,0.0,0.607,1.2,0.0,0.33,13,7.491,0.108,0.061,28,0.072,1.63,23,0.014,204,25.4,4.13,0.0,0.357058824,0.5,0.0,0.022,0.0325,0.4681875,0.083076923,0.050833333,0.023333333,8e-05,0.054761905,0.291428571,0.461818182,0.375454545
23625,Beef Products,"BEEF,TOP SIRLOIN,STEAK,LN,1/8 FAT,CHOIC,RAW","Beef, top sirloin, steak, separable lean only, trimmed to 1/8 fat, choice, raw",URMIS #2237,,,135,21.91,4.62,0.0,0.0,0.0,0.0,0.601,1.19,0.0,0.33,13,7.42,0.107,0.061,28,0.073,1.63,23,0.014,205,25.5,4.14,0.0,0.353529412,0.495833333,0.0,0.022,0.0325,0.46375,0.082307692,0.050833333,0.023333333,8.11111e-05,0.054761905,0.292857143,0.463636364,0.376363636
23626,Beef Products,"BEEF,RIB,SML END (RIBS 10-12),LN,1/8FAT,CHOIC,CKD,BRLD","Beef, rib, small end (ribs 10-12), separable lean only, trimmed to 1/8fat, choice, cooked, broiled",,,,202,28.29,9.05,0.0,0.0,0.0,0.0,0.589,1.77,0.0,0.42,9,8.347,0.145,0.075,16,0.089,1.92,24,0.011,219,32.5,5.31,0.0,0.346470588,0.7375,0.0,0.028,0.0225,0.5216875,0.111538462,0.0625,0.013333333,9.88889e-05,0.057142857,0.312857143,0.590909091,0.482727273
23627,Beef Products,"BEEF,SHRT LOIN,TOP LOIN,STEAK,LN,1/8 FAT,CHOIC,RAW","Beef, short loin, top loin, steak, separable lean only, trimmed to 1/8 fat, choice, raw","URMIS # 2219, Boneless Strip Steak, Club Steak, Kansas City Strip, New York Strip",,,155,22.78,6.43,0.0,0.0,0.0,0.0,0.625,1.24,0.0,0.41,13,7.713,0.112,0.063,29,0.074,1.66,24,0.015,208,26.0,4.22,0.0,0.367647059,0.516666667,0.0,0.027333333,0.0325,0.4820625,0.086153846,0.0525,0.024166667,8.22222e-05,0.057142857,0.297142857,0.472727273,0.383636364
23628,Beef Products,"BEEF,TENDERLOIN,STEAK,LN,1/8 FAT,CHOIC,CKD,BRLD","Beef, tenderloin, steak, separable lean only, trimmed to 1/8 fat, choice, cooked, broiled","URMIS #1388, Beef Medallions, Filet Mignon",,,206,29.01,9.1,0.0,0.0,0.0,0.0,0.604,1.81,0.0,0.41,10,8.559,0.149,0.077,16,0.091,1.95,24,0.011,223,33.0,5.4,0.0,0.355294118,0.754166667,0.0,0.027333333,0.025,0.5349375,0.114615385,0.064166667,0.013333333,0.000101111,0.057142857,0.318571429,0.6,0.490909091
23629,Beef Products,"BEEF,TOP SIRLOIN,STEAK,LN,1/8 FAT,CHOIC,CKD,BRLD","Beef, top sirloin, steak, separable lean only, trimmed to 1/8 fat, choice, cooked, broiled",URMIS #2237,,,187,29.51,6.72,0.0,0.0,0.0,0.0,0.548,1.64,0.0,0.39,9,7.77,0.135,0.07,17,0.094,2.01,25,0.011,231,34.1,5.58,0.0,0.322352941,0.683333333,0.0,0.026,0.0225,0.485625,0.103846154,0.058333333,0.014166667,0.000104444,0.05952381,0.33,0.62,0.507272727
23630,Beef Products,"BEEF,SHRT LOIN,TOP LOIN,STEAK,LN,1/8 FAT,CHOIC,CKD,BRLD","Beef, short loin, top loin, steak, separable lean only, trimmed to 1/8 fat, choice, cooked, broiled","URMIS # 2219, Boneless Strip Steak, Club Steak, Kansas City Strip, New York Strip",,,201,29.16,8.45,0.0,0.0,0.0,0.0,0.607,1.82,0.0,0.41,10,8.604,0.149,0.077,16,0.092,1.97,25,0.011,226,33.4,5.47,0.0,0.357058824,0.758333333,0.0,0.027333333,0.025,0.53775,0.114615385,0.064166667,0.013333333,0.000102222,0.05952381,0.322857143,0.607272727,0.497272727
23631,Beef Products,"BEEF,CHUCK,ARM POT RST,LN,1/8 FAT,SEL,RAW","Beef, chuck, arm pot roast, separable lean only, trimmed to 1/8 fat, select, raw",URMIS #1049,,,125,22.26,3.32,0.0,0.0,0.0,0.0,0.556,1.77,0.0,0.28,13,4.908,0.146,0.085,18,0.094,1.86,23,0.012,204,27.6,5.68,0.0,0.327058824,0.7375,0.0,0.018666667,0.0325,0.30675,0.112307692,0.070833333,0.015,0.000104444,0.054761905,0.291428571,0.501818182,0.516363636
23632,Beef Products,"BEEF,BRISKET,FLAT HALF,LN,1/8 FAT,SEL,RAW","Beef, brisket, flat half, separable lean only, trimmed to 1/8 fat, select, raw",URMIS #1623,,,124,21.45,3.61,0.0,0.0,0.0,0.0,0.536,1.71,0.0,0.27,13,4.731,0.14,0.082,18,0.092,1.83,22,0.012,200,27.1,5.57,0.0,0.315294118,0.7125,0.0,0.018,0.0325,0.2956875,0.107692308,0.068333333,0.015,0.000102222,0.052380952,0.285714286,0.492727273,0.506363636
23633,Beef Products,"BEEF,CHUCK,ARM POT RST,LN,1/8 FAT,SEL,CKD,BRSD","Beef, chuck, arm pot roast, separable lean only, trimmed to 1/8 fat, select, cooked, braised",URMIS #1049,,,205,34.6,6.35,0.0,0.0,0.0,0.0,0.321,2.33,0.0,0.43,12,5.007,0.213,0.073,17,0.113,2.89,23,0.012,215,39.4,8.43,0.0,0.188823529,0.970833333,0.0,0.028666667,0.03,0.3129375,0.163846154,0.060833333,0.014166667,0.000125556,0.054761905,0.307142857,0.716363636,0.766363636
23634,Beef Products,"BEEF,BRISKET,FLAT HALF,LN,1/8 FAT,SEL,CKD,BRSD","Beef, brisket, flat half, separable lean only, trimmed to 1/8 fat, select, cooked, braised",URMIS #1623,,,189,33.18,5.21,0.0,0.0,0.0,0.0,0.308,2.24,0.0,0.41,11,4.801,0.204,0.07,17,0.109,2.81,22,0.012,209,38.3,8.19,0.0,0.181176471,0.933333333,0.0,0.027333333,0.0275,0.3000625,0.156923077,0.058333333,0.014166667,0.000121111,0.052380952,0.298571429,0.696363636,0.744545455
23635,Beef Products,"BEEF,RND,EYE OF RND,RST,LN,1/8 FAT,SEL,RAW","Beef, round, eye of round, roast, separable lean only, trimmed to 1/8 fat, select, raw",URMIS #1480,,,119,22.31,2.62,0.0,0.0,0.0,0.0,0.655,1.3,0.0,0.28,13,6.637,0.142,0.091,22,0.104,1.92,25,0.014,219,31.1,4.46,0.0,0.385294118,0.541666667,0.0,0.018666667,0.0325,0.4148125,0.109230769,0.075833333,0.018333333,0.000115556,0.05952381,0.312857143,0.565454545,0.405454545
23636,Beef Products,"BEEF,RND,TOP RND,STEAK,LN,1/8 FAT,SEL,RAW","Beef, round, top round, steak, separable lean only, trimmed to 1/8 fat, select, raw",URMIS #1553,,,129,23.13,3.37,0.0,0.0,0.0,0.0,0.679,1.35,0.0,0.29,14,6.879,0.147,0.095,22,0.107,1.97,25,0.014,224,31.9,4.57,0.0,0.399411765,0.5625,0.0,0.019333333,0.035,0.4299375,0.113076923,0.079166667,0.018333333,0.000118889,0.05952381,0.32,0.58,0.415454545
23637,Beef Products,"BEEF,RND,BTTM RND,RST,LN,1/8 FAT,SEL,RAW","Beef, round, bottom round, roast, separable lean only, trimmed to 1/8 fat, select, raw",URMIS #1464,,,128,22.18,3.66,0.0,0.0,0.0,0.0,0.652,1.3,0.0,0.29,13,6.598,0.141,0.091,21,0.103,1.9,24,0.014,217,30.8,4.42,0.0,0.383529412,0.541666667,0.0,0.019333333,0.0325,0.412375,0.108461538,0.075833333,0.0175,0.000114444,0.057142857,0.31,0.56,0.401818182
23638,Beef Products,"BEEF,RIB,SML END (RIBS 10-12),LN,1/8 FAT,ALL GRDS,CKD,BRLD","Beef, rib, small end (ribs 10-12), separable lean only, trimmed to 1/8 fat, all grades, cooked, broiled",,,,195,29.58,7.63,0.0,0.0,0.0,0.0,0.635,1.69,0.0,0.38,10,8.464,0.15,0.081,19,0.087,1.88,25,0.011,235,34.4,5.49,0.0,0.373529412,0.704166667,0.0,0.025333333,0.025,0.529,0.115384615,0.0675,0.015833333,9.66667e-05,0.05952381,0.335714286,0.625454545,0.499090909
23640,Beef Products,"BEEF,VAR MEATS & BY-PRODUCTS,TRIPE,CKD,SIMMRD","Beef, variety meats and by-products, tripe, cooked, simmered",,,,94,11.71,4.05,1.99,0.0,0.0,0.0,0.0,0.72,0.0,0.14,3,0.461,0.025,0.0,81,0.0,0.66,15,0.103,66,11.8,1.71,0.0,0.0,0.3,0.0,0.009333333,0.0075,0.0288125,0.019230769,0.0,0.0675,0.0,0.035714286,0.094285714,0.214545455,0.155454545
23646,Beef Products,"BEEF,BTTM SIRLOIN,TRI-TIP RST,LN,0 FAT,ALL GRDS,RAW","Beef, bottom sirloin, tri-tip roast, separable lean only, trimmed to 0 fat, all grades, raw",,,,142,21.26,5.63,0.0,0.0,0.0,0.0,0.595,1.04,0.0,0.29,13,6.585,0.107,0.065,23,0.072,1.54,22,0.012,198,25.9,3.85,0.0,0.35,0.433333333,0.0,0.019333333,0.0325,0.4115625,0.082307692,0.054166667,0.019166667,8e-05,0.052380952,0.282857143,0.470909091,0.35
23647,Beef Products,"BEEF,BTTM SIRLOIN,TRI-TIP RST,LN,0 FAT,CHOIC,CKD,RSTD","Beef, bottom sirloin, tri-tip roast, separable lean only, trimmed to 0 fat, choice, cooked, roasted",URMIS #2244,,,193,26.34,9.73,0.0,0.0,0.0,0.0,0.548,1.64,0.0,0.39,9,7.77,0.135,0.07,15,0.082,1.77,22,0.01,202,29.9,4.9,0.0,0.322352941,0.683333333,0.0,0.026,0.0225,0.485625,0.103846154,0.058333333,0.0125,9.11111e-05,0.052380952,0.288571429,0.543636364,0.445454545
23648,Beef Products,"BEEF,BTTM SIRLOIN,TRI-TIP RST,LN,0 FAT,CHOIC,RAW","Beef, bottom sirloin, tri-tip roast, separable lean only, trimmed to 0 fat, choice, raw",URMIS #2244,,,154,21.17,7.06,0.0,0.0,0.0,0.0,0.581,1.15,0.0,0.31,13,7.17,0.104,0.059,27,0.069,1.54,22,0.013,193,24.1,3.92,0.0,0.341764706,0.479166667,0.0,0.020666667,0.0325,0.448125,0.08,0.049166667,0.0225,7.66667e-05,0.052380952,0.275714286,0.438181818,0.356363636
23649,Beef Products,"BEEF,BTTM SIRLOIN,TRI-TIP RST,LN,0 FAT,SEL,CKD,RSTD","Beef, bottom sirloin, tri-tip roast, separable lean only, trimmed to 0 fat, select, cooked, roasted",URMIS #1429,,,179,27.17,6.95,0.0,0.0,0.0,0.0,0.6,1.3,0.0,0.37,9,7.939,0.144,0.078,20,0.074,1.68,24,0.01,222,34.1,5.0,0.0,0.352941176,0.541666667,0.0,0.024666667,0.0225,0.4961875,0.110769231,0.065,0.016666667,8.22222e-05,0.057142857,0.317142857,0.62,0.454545455
23650,Beef Products,"BEEF,BTTM SIRLOIN,TRI-TIP RST,LN,0 FAT,SEL,RAW","Beef, bottom sirloin, tri-tip roast, separable lean only, trimmed to 0 fat, select, raw",URMIS #1429,,,129,21.34,4.21,0.0,0.0,0.0,0.0,0.602,0.9,0.0,0.28,12,6.201,0.115,0.072,22,0.074,1.55,23,0.011,204,29.7,3.85,0.0,0.354117647,0.375,0.0,0.018666667,0.03,0.3875625,0.088461538,0.06,0.018333333,8.22222e-05,0.054761905,0.291428571,0.54,0.35
23651,Beef Products,"BEEF,RND,TIP RND,RST,LN,0 FAT,ALL GRDS,RAW","Beef, round, tip round, roast, separable lean only, trimmed to 0 fat, all grades, raw",,,,126,21.07,3.95,0.0,0.0,0.0,0.0,0.612,1.47,0.0,0.27,12,6.217,0.135,0.084,18,0.091,1.77,22,0.013,198,26.0,3.89,0.0,0.36,0.6125,0.0,0.018,0.03,0.3885625,0.103846154,0.07,0.015,0.000101111,0.052380952,0.282857143,0.472727273,0.353636364
23652,Beef Products,"BEEF,RND,TIP RND,RST,LN,0 FAT,CHOIC,RAW","Beef, round, tip round, roast, separable lean only, trimmed to 0 fat, choice, raw",URMIS # 2340,,,130,20.76,4.55,0.0,0.0,0.0,0.0,0.61,1.73,0.0,0.28,12,6.314,0.149,0.087,18,0.091,1.92,23,0.013,200,25.8,3.87,0.0,0.358823529,0.720833333,0.0,0.018666667,0.03,0.394625,0.114615385,0.0725,0.015,0.000101111,0.054761905,0.285714286,0.469090909,0.351818182
23653,Beef Products,"BEEF,RND,TIP RND,RST,LN,0 FAT,SEL,RAW","Beef, round, tip round, roast, separable lean only, trimmed to 0 fat, select, raw",URMIS # 1525,,,122,21.38,3.35,0.0,0.0,0.0,0.0,0.628,1.25,0.0,0.27,12,6.359,0.136,0.088,20,0.097,1.78,23,0.013,203,28.8,4.13,0.0,0.369411765,0.520833333,0.0,0.018,0.03,0.3974375,0.104615385,0.073333333,0.016666667,0.000107778,0.054761905,0.29,0.523636364,0.375454545
23654,Beef Products,"BEEF,FLANK,STEAK,LN,0 FAT,ALL GRDS,CKD,BRLD","Beef, flank, steak, separable lean only, trimmed to 0 fat, all grades, cooked, broiled",,,,186,27.89,7.4,0.0,0.0,0.0,0.0,0.599,1.6,0.0,0.38,9,7.981,0.141,0.076,18,0.081,1.74,23,0.01,217,31.9,5.09,0.0,0.352352941,0.666666667,0.0,0.025333333,0.0225,0.4988125,0.108461538,0.063333333,0.015,9e-05,0.054761905,0.31,0.58,0.462727273
23655,Beef Products,"BEEF,FLANK,STEAK,LN,0 FAT,SEL,CKD,BRLD","Beef, flank, steak, separable lean only, trimmed to 0 fat, select, cooked, broiled",URMIS #1584,,,178,27.96,6.48,0.0,0.0,0.0,0.0,0.618,1.34,0.0,0.37,9,8.171,0.148,0.08,20,0.076,1.71,24,0.01,226,34.7,5.09,0.0,0.363529412,0.558333333,0.0,0.024666667,0.0225,0.5106875,0.113846154,0.066666667,0.016666667,8.44444e-05,0.057142857,0.322857143,0.630909091,0.462727273
23656,Beef Products,"BEEF,FLANK,STEAK,LN,0 FAT,ALL GRDS,RAW","Beef, flank, steak, separable lean only, trimmed to 0 fat, all grades, raw",,,,141,21.57,5.47,0.0,0.0,0.0,0.0,0.604,1.06,0.0,0.3,13,6.683,0.108,0.066,24,0.073,1.57,23,0.013,202,26.4,3.94,0.0,0.355294118,0.441666667,0.0,0.02,0.0325,0.4176875,0.083076923,0.055,0.02,8.11111e-05,0.054761905,0.288571429,0.48,0.358181818
23657,Beef Products,"BEEF,FLANK,STEAK,LN,0 FAT,SEL,RAW","Beef, flank, steak, separable lean only, trimmed to 0 fat, select, raw",URMIS #1584,,,137,21.43,5.0,0.0,0.0,0.0,0.0,0.605,0.91,0.0,0.29,13,6.227,0.115,0.072,21,0.073,1.54,22,0.011,202,29.5,3.83,0.0,0.355882353,0.379166667,0.0,0.019333333,0.0325,0.3891875,0.088461538,0.06,0.0175,8.11111e-05,0.052380952,0.288571429,0.536363636,0.348181818
23658,Beef Products,"BEEF,BRISKET,FLAT HALF,LN & FAT,1/8 FAT,CHOIC,RAW","Beef, brisket, flat half, separable lean and fat, trimmed to 1/8 fat, choice, raw",URMIS #2438,,,278,18.12,22.15,0.12,0.0,0.0,0.0,0.403,1.69,0.0,0.44,10,4.098,0.135,0.06,15,0.079,1.68,19,0.012,166,19.3,4.42,0.0,0.237058824,0.704166667,0.0,0.029333333,0.025,0.256125,0.103846154,0.05,0.0125,8.77778e-05,0.045238095,0.237142857,0.350909091,0.401818182
23659,Beef Products,"BEEF,BRISKET,FLAT HALF,LN & FAT,1/8 FAT,SEL,RAW","Beef, brisket, flat half, separable lean and fat, trimmed to 1/8 fat, select, raw",URMIS #1623,,,276,17.77,22.21,0.0,0.0,0.0,0.0,0.446,1.38,0.0,0.43,9,3.984,0.124,0.07,17,0.075,1.5,18,0.009,164,19.4,4.23,0.0,0.262352941,0.575,0.0,0.028666667,0.0225,0.249,0.095384615,0.058333333,0.014166667,8.33333e-05,0.042857143,0.234285714,0.352727273,0.384545455
23660,Beef Products,"BEEF,BRISKET,FLAT HALF,LN & FAT,1/8 FAT,CHOIC,CKD,BRSD","Beef, brisket, flat half, separable lean and fat, trimmed to 1/8 fat, choice, cooked, braised",URMIS #2438,,,298,28.66,19.47,0.0,0.0,0.0,0.0,0.278,2.33,0.0,0.52,9,4.001,0.183,0.054,16,0.109,2.46,18,0.01,171,26.2,6.47,0.0,0.163529412,0.970833333,0.0,0.034666667,0.0225,0.2500625,0.140769231,0.045,0.013333333,0.000121111,0.042857143,0.244285714,0.476363636,0.588181818
25000,Snacks,"POPCORN,OIL-POPPED,LOFAT","Snacks, popcorn, microwave, 94% fat free",,,,402,10.72,6.1,76.04,0.65,13.6,13.0,0.21,0.0,0.0,0.41,18,2.099,0.151,0.07,14,0.262,2.87,124,1.085,304,6.9,2.8,0.014444444,0.123529412,0.0,0.0,0.027333333,0.045,0.1311875,0.116153846,0.058333333,0.011666667,0.000291111,0.295238095,0.434285714,0.125454545,0.254545455
25001,Snacks,"POPCORN,OIL-POPPED,LOFAT","Snacks, popcorn, microwave, low fat",,,,424,12.6,9.5,72.0,0.92,14.2,12.0,0.17,0.0,0.0,0.5,17,2.07,0.11,0.35,11,0.545,2.28,151,0.0,264,8.6,3.83,0.013333333,0.1,0.0,0.0,0.033333333,0.0425,0.129375,0.084615385,0.291666667,0.009166667,0.000605556,0.35952381,0.377142857,0.156363636,0.348181818
25003,Snacks,"SNACKS,CANDY ROLLS,YOGURT-COVERED,FRUIT FLAV W/ HI VIT C","Snacks, candy rolls, yogurt-covered, fruit flavored with high vitamin C",,,,359,0.46,6.53,74.64,39.15,3.3,0.0,0.026,0.0,260.8,0.41,2,0.1,0.025,0.015,430,0.114,0.56,9,0.082,18,1.2,0.19,0.0,0.015294118,0.0,2.897777778,0.027333333,0.005,0.00625,0.019230769,0.0125,0.358333333,0.000126667,0.021428571,0.025714286,0.021818182,0.017272727
25004,Snacks,"FORMULATE BAR,MAR SNACKFOO US,SNICKE MARATH CHE CHOC PNUT BA","Formulated bar, MARS SNACKFOOD US, SNICKERS MARATHON Chewy Chocolate Peanut Bar",,,,396,24.29,13.12,47.24,32.86,2.5,0.0,3.636,10.91,144.4,24.55,1236,36.364,3.091,2.727,965,0.0,0.0,255,0.0,455,0.0,9.55,0.0,2.138823529,4.545833333,1.604444444,1.636666667,3.09,2.27275,2.377692308,2.2725,0.804166667,0.0,0.607142857,0.65,0.0,0.868181818
25005,Snacks,"FORM BAR,MARS SNKF US,SNICKERS MARATHON MULTIGRNCRUNCH","Formulated bar, MARS SNACKFOOD US, SNICKERS MARATHON MULTIGRAIN CRUNCH BAR",,,,422,18.49,13.18,57.27,33.04,2.8,0.0,3.636,10.91,144.3,24.57,1236,36.364,3.091,2.727,953,0.0,14.67,255,0.0,455,0.0,9.55,0.0,2.138823529,4.545833333,1.603333333,1.638,3.09,2.27275,2.377692308,2.2725,0.794166667,0.0,0.607142857,0.65,0.0,0.868181818
25006,Snacks,"FORMULAT BAR,MARSNACKFOO US,SNICKE MARATHO DOUBL CHOC NUT BA","Formulated bar, MARS SNACKFOOD US, SNICKERS MARATHON Double Chocolate Nut Bar",,,,343,22.35,8.99,52.47,22.67,10.5,0.0,4.525,13.57,176.2,30.5,1538,45.249,0.0,0.0,1495,0.0,17.95,317,0.0,566,0.0,13.57,0.0,2.661764706,5.654166667,1.957777778,2.033333333,3.845,2.8280625,0.0,0.0,1.245833333,0.0,0.754761905,0.808571429,0.0,1.233636364
25007,Snacks,"SNACKS,M&M MARS,KUDOS WHL GRAIN BARS,PNUT BUTTER","Snacks, M&M MARS, KUDOS Whole Grain Bars, peanut butter",,,,463,5.88,20.78,64.69,44.29,2.6,0.0,0.0,0.0,0.3,0.0,0,0.0,0.0,0.0,871,0.0,0.89,0,0.0,0,0.0,0.0,0.0,0.0,0.0,0.003333333,0.0,0.0,0.0,0.0,0.0,0.725833333,0.0,0.0,0.0,0.0,0.0
25008,Snacks,"FORMULAT BAR,MAR SNACFOO US,SNICKER MARATHO HONE NUT OAT BAR","Formulated bar, MARS SNACKFOOD US, SNICKERS MARATHON Honey Nut Oat Bar",,,,378,22.5,7.87,54.3,26.26,11.0,0.0,4.525,13.57,176.4,30.5,1537,45.249,3.846,3.394,0,0.452,18.15,317,0.0,0,0.0,11.88,0.0,2.661764706,5.654166667,1.96,2.033333333,3.8425,2.8280625,2.958461538,2.828333333,0.0,0.000502222,0.754761905,0.0,0.0,1.08
25009,Snacks,"SNACKS,M&M MARS,KUDOS WHL GRAIN BAR,M&MS MILK CHOC","Snacks, M&M MARS, KUDOS Whole Grain Bar, M&Ms milk chocolate",,,,415,3.78,11.95,73.01,37.81,2.4,0.0,0.0,0.0,0.2,0.0,0,0.0,0.0,0.0,943,0.0,0.85,0,0.0,0,0.0,0.0,0.0,0.0,0.0,0.002222222,0.0,0.0,0.0,0.0,0.0,0.785833333,0.0,0.0,0.0,0.0,0.0
25010,Snacks,"FORM BAR,MARS SNACKFOOD US,COCOAVIA,CHOC ALMOND","Formulated bar, MARS SNACKFOOD US, COCOAVIA, Chocolate Almond Snack Bar",,,,347,7.72,14.19,51.68,27.03,5.2,0.0,0.909,2.73,42.5,0.0,309,0.0,0.0,0.0,1209,0.0,2.21,0,0.0,0,0.0,0.0,0.0,0.534705882,1.1375,0.472222222,0.0,0.7725,0.0,0.0,0.0,1.0075,0.0,0.0,0.0,0.0,0.0
25012,Snacks,"SNACKS,SWT POTATO CHIPS,UNSALTED","Snacks, sweet potato chips, unsalted",,,,532,2.94,32.35,56.82,8.82,8.8,1184.0,0.535,0.0,0.0,9.82,37,2.088,0.161,0.088,59,0.412,2.12,65,1.349,145,2.1,0.53,1.315555556,0.314705882,0.0,0.0,0.654666667,0.0925,0.1305,0.123846154,0.073333333,0.049166667,0.000457778,0.154761905,0.207142857,0.038181818,0.048181818
25013,Snacks,"SNACKS,FRITOLAY,SUNCHIPS,MULTIGRAIN SNACK,ORIGINAL FLAVOR","Snacks, FRITOLAY, SUNCHIPS, Multigrain Snack, original flavor",,,,491,7.95,21.11,67.26,7.2,8.8,3.0,0.2,0.0,0.0,7.04,31,2.1,0.02,0.14,20,0.227,1.74,76,1.31,222,12.2,1.65,0.003333333,0.117647059,0.0,0.0,0.469333333,0.0775,0.13125,0.015384615,0.116666667,0.016666667,0.000252222,0.180952381,0.317142857,0.221818182,0.15
25014,Snacks,"SNACKS,POPCORN,MICROWAVE,REG (BUTTER) FLAVOR, W/PARHYD OIL","Snacks, popcorn, microwave, regular (butter) flavor, made with partially hydrogenated oil",,,,557,7.5,34.02,55.16,0.55,10.0,22.0,0.282,0.0,0.1,2.62,15,1.432,0.046,0.032,20,0.188,1.85,94,0.771,251,4.1,2.16,0.024444444,0.165882353,0.0,0.001111111,0.174666667,0.0375,0.0895,0.035384615,0.026666667,0.016666667,0.000208889,0.223809524,0.358571429,0.074545455,0.196363636
25015,Snacks,"FORMBAR,MARSSNACK,SNICKERS MARATHONPROTPERFBAR,CARMELNUTRUSH","Formulated bar, MARS SNACKFOOD US, SNICKERS MARATHON Protein Performance Bar, Caramel Nut Rush",,,,415,25.0,12.5,50.5,28.75,12.5,652.0,2.5,7.5,75.0,16.88,850,25.0,2.125,1.875,625,0.977,10.13,175,1.322,375,3.9,6.56,0.724444444,1.470588235,3.125,0.833333333,1.125333333,2.125,1.5625,1.634615385,1.5625,0.520833333,0.001085556,0.416666667,0.535714286,0.070909091,0.596363636
25016,Snacks,"FORMUL BAR,MA SNACKFO US,SNICKE MARATH ENER BAR,ALL FLAVO","Formulated bar, MARS SNACKFOOD US, SNICKERS MARATHON Energy Bar, all flavors",,,,386,21.91,10.79,50.3,28.71,6.7,62.0,4.525,12.24,489.9,27.53,1102,45.249,3.343,2.949,754,0.452,16.31,317,1.058,455,4.5,11.88,0.068888889,2.661764706,5.1,5.443333333,1.835333333,2.755,2.8280625,2.571538462,2.4575,0.628333333,0.000502222,0.754761905,0.65,0.081818182,1.08
25017,Snacks,"FORMULATED BAR,POWER BAR,CHOC","Formulated bar, POWER BAR, chocolate",,,,363,14.15,3.11,69.63,30.07,5.7,0.0,2.2,5.6,92.3,8.28,1046,32.6,1.92,8.06,504,1.43,11.7,248,1.61,614,7.8,9.96,0.0,1.294117647,2.333333333,1.025555556,0.552,2.615,2.0375,1.476923077,6.716666667,0.42,0.001588889,0.59047619,0.877142857,0.141818182,0.905454545
25018,Snacks,"FORM BAR,MARS SNACKFOOD US,COCOAVIA,CHOC BLUEBERRY","Formulated bar, MARS SNACKFOOD US, COCOAVIA, Chocolate Blueberry Snack Bar",,,,325,6.21,9.27,57.87,33.4,4.6,0.0,1.364,4.09,42.4,0.0,464,0.0,0.0,0.0,1207,0.0,1.88,0,0.0,0,0.0,0.0,0.0,0.802352941,1.704166667,0.471111111,0.0,1.16,0.0,0.0,0.0,1.005833333,0.0,0.0,0.0,0.0,0.0
25020,Snacks,"FORMULATED BAR,SLIM-FAST OPTIMA MEAL BAR,MILK CHOC PNUT","Formulated bar, SLIM-FAST OPTIMA meal bar, milk chocolate peanut",,Slim-Fast Foods Company,,386,16.19,8.92,60.21,25.0,5.1,940.0,2.1,7.9,96.6,6.0,725,21.2,1.9,1.7,668,0.284,4.98,250,0.743,673,46.7,5.73,1.044444444,1.235294118,3.291666667,1.073333333,0.4,1.8125,1.325,1.461538462,1.416666667,0.556666667,0.000315556,0.595238095,0.961428571,0.849090909,0.520909091
25021,Snacks,"FORMULATED BAR,LUNA BAR,NUTZ OVER CHOC","Formulated bar, LUNA BAR, NUTZ OVER CHOCOLATE",,LUNA BAR,,403,20.75,12.19,52.49,16.9,4.3,374.0,2.4,6.4,68.0,8.4,1773,37.1,3.0,0.12,886,1.41,14.2,329,2.59,785,62.5,9.72,0.415555556,1.411764706,2.666666667,0.755555556,0.56,4.4325,2.31875,2.307692308,0.1,0.738333333,0.001566667,0.783333333,1.121428571,1.136363636,0.883636364
25022,Snacks,"SNACKS,FRITOLAY,SUNCHIPS,MULTIGRAIN,FRENCH ONION FLAVOR","Snacks, FRITOLAY, SUNCHIPS, multigrain, French onion flavor",,,,496,8.68,22.15,65.49,8.82,7.8,0.0,0.289,0.0,0.9,0.0,0,2.399,0.018,0.187,42,0.0,1.55,67,0.0,215,0.0,1.38,0.0,0.17,0.0,0.01,0.0,0.0,0.1499375,0.013846154,0.155833333,0.035,0.0,0.15952381,0.307142857,0.0,0.125454545
25023,Snacks,"SNACKS,FRITOLAY,SUNCHIPS,MULTIGRAIN,HARVEST CHEDDAR","Snacks, FRITOLAY, SUNCHIPS, Multigrain Snack, Harvest Cheddar flavor",,,,491,8.08,22.22,64.7,7.05,8.1,22.0,0.269,0.0,0.9,0.0,0,1.975,0.12,0.169,41,0.0,1.41,61,0.0,245,0.0,1.34,0.024444444,0.158235294,0.0,0.01,0.0,0.0,0.1234375,0.092307692,0.140833333,0.034166667,0.0,0.145238095,0.35,0.0,0.121818182
25024,Snacks,"PRETZELS,SOFT,UNSALTED","Pretzels, soft, unsalted",,,,345,8.2,3.1,71.04,0.25,1.7,0.0,0.02,0.0,0.0,0.54,24,4.27,0.29,0.41,23,0.126,3.92,21,0.0,79,17.2,0.94,0.0,0.011764706,0.0,0.0,0.036,0.06,0.266875,0.223076923,0.341666667,0.019166667,0.00014,0.05,0.112857143,0.312727273,0.085454545
25025,Snacks,"SNACKS,SOY CHIPS OR CRISPS,SALTED","Snacks, soy chips or crisps, salted",,,,385,26.5,7.35,53.15,1.8,3.5,0.0,0.513,0.0,0.0,1.01,240,2.978,0.349,0.333,171,2.456,5.2,170,2.039,7,12.1,1.5,0.0,0.301764706,0.0,0.0,0.067333333,0.6,0.186125,0.268461538,0.2775,0.1425,0.002728889,0.404761905,0.01,0.22,0.136363636
25026,Snacks,"Popcor, microwav, regula (butter) flavo, mad with pal oil","Popcorn, microwave, regular (butter) flavor, made with palm oil",,,,535,8.38,30.22,57.26,0.3,10.0,9.0,0.31,0.0,0.0,2.91,15,1.615,0.06,0.047,23,0.204,2.06,110,0.772,275,5.9,2.32,0.01,0.182352941,0.0,0.0,0.194,0.0375,0.1009375,0.046153846,0.039166667,0.019166667,0.000226667,0.261904762,0.392857143,0.107272727,0.210909091
25027,Snacks,"SNACKS,PLANTAIN CHIPS,SALTED","Snacks, plantain chips, salted",,,,531,2.28,29.59,63.84,0.92,3.5,69.0,0.46,0.0,32.1,5.04,35,0.802,0.04,0.065,9,0.198,0.97,71,0.276,78,0.4,0.37,0.076666667,0.270588235,0.0,0.356666667,0.336,0.0875,0.050125,0.030769231,0.054166667,0.0075,0.00022,0.169047619,0.111428571,0.007272727,0.033636364
25028,Snacks,"Tortilla chips, yellow, plain, salted","Tortilla chips, yellow, plain, salted",,,,497,6.62,22.33,67.38,1.21,4.7,8.0,0.202,0.0,0.0,2.97,22,1.498,0.043,0.13,104,0.105,1.32,84,0.357,234,8.4,1.46,0.008888889,0.118823529,0.0,0.0,0.198,0.055,0.093625,0.033076923,0.108333333,0.086666667,0.000116667,0.2,0.334285714,0.152727273,0.132727273
25030,Snacks,"SNACKS,VEG CHIPS,HAIN CELESTIAL GROUP,TERRA CHIPS","Snacks, vegetable chips, HAIN CELESTIAL GROUP, TERRA CHIPS",,,,517,4.13,29.81,57.97,9.75,10.9,97.0,0.53,0.0,12.1,8.16,87,1.768,0.131,0.227,79,0.433,1.64,86,1.205,198,3.2,1.15,0.107777778,0.311764706,0.0,0.134444444,0.544,0.2175,0.1105,0.100769231,0.189166667,0.065833333,0.000481111,0.204761905,0.282857143,0.058181818,0.104545455
25031,Snacks,"FORM BAR,ZONE PERFECT CLASSIC CRUNCH BAR,MXD FLAVORS","Formulated bar, ZONE PERFECT CLASSIC CRUNCH BAR, mixed flavors",,,,422,30.0,14.0,45.0,27.0,2.0,1050.0,2.0,4.2,120.0,24.0,272,20.0,1.7,0.75,200,0.774,3.6,80,0.846,300,3.9,7.5,1.166666667,1.176470588,1.75,1.333333333,1.6,0.68,1.25,1.307692308,0.625,0.166666667,0.00086,0.19047619,0.428571429,0.070909091,0.681818182
25032,Snacks,"SNACKS,GRANOLA BAR,KASHI GOLEAN,CHEWY,MXD FLAVORS","Snacks, granola bar, KASHI GOLEAN, chewy, mixed flavors",,,,390,16.67,7.69,63.42,42.31,7.7,17.0,0.095,0.16,0.4,0.81,39,0.68,0.151,0.135,103,0.382,1.62,321,0.562,255,11.3,1.4,0.018888889,0.055882353,0.066666667,0.004444444,0.054,0.0975,0.0425,0.116153846,0.1125,0.085833333,0.000424444,0.764285714,0.364285714,0.205454545,0.127272727
25033,Snacks,"SNACKS,GRANOLA BAR,KASHI TLC BAR,CHEWY,MXD FLAVORS","Snacks, granola bar, KASHI TLC Bar, chewy, mixed flavors",,,,429,18.57,15.71,53.26,17.14,11.4,2.0,0.063,0.0,0.0,7.14,46,1.158,0.289,0.115,0,0.506,3.39,107,0.779,271,9.1,1.6,0.002222222,0.037058824,0.0,0.0,0.476,0.115,0.072375,0.222307692,0.095833333,0.0,0.000562222,0.254761905,0.387142857,0.165454545,0.145454545
25034,Snacks,"SNACKS,GRANOLA BAR,KASHI GOLEAN,CRUNCHY,MXD FLAVORS","Snacks, granola bar, KASHI GOLEAN, crunchy, mixed flavors",,,,393,17.88,9.23,59.58,27.3,5.9,50.0,1.073,3.22,19.3,10.27,264,1.888,0.179,0.259,434,0.79,5.2,86,1.108,263,6.1,4.83,0.055555556,0.631176471,1.341666667,0.214444444,0.684666667,0.66,0.118,0.137692308,0.215833333,0.361666667,0.000877778,0.204761905,0.375714286,0.110909091,0.439090909
25035,Snacks,"SNACKS,GRANOLA BAR,CHEWY,RED SUGAR,ALL FLAVORS","Snacks, granola bar, chewy, reduced sugar, all flavors",,,,412,5.55,12.5,69.4,20.8,3.1,0.0,0.089,0.09,0.1,1.52,17,1.049,0.116,0.19,417,0.163,2.03,48,1.133,159,5.7,1.34,0.0,0.052352941,0.0375,0.001111111,0.101333333,0.0425,0.0655625,0.089230769,0.158333333,0.3475,0.000181111,0.114285714,0.227142857,0.103636364,0.121818182
25036,Snacks,"SNACKS,GRANOLA BITES,MXD FLAVORS","Snacks, granola bites, mixed flavors",,,,451,7.17,17.5,66.27,30.0,5.7,2.0,0.143,0.07,0.2,2.51,38,2.318,0.146,0.199,41,0.247,1.56,69,1.682,216,20.0,1.92,0.002222222,0.084117647,0.029166667,0.002222222,0.167333333,0.095,0.144875,0.112307692,0.165833333,0.034166667,0.000274444,0.164285714,0.308571429,0.363636364,0.174545455
25037,Snacks,"SNACKS,PITA CHIPS,SALTED","Snacks, pita chips, salted",,,,457,11.79,15.2,68.26,4.76,3.8,0.0,0.109,0.0,0.0,6.93,215,7.043,0.307,0.56,17,0.141,4.59,37,0.656,124,33.1,0.96,0.0,0.064117647,0.0,0.0,0.462,0.5375,0.4401875,0.236153846,0.466666667,0.014166667,0.000156667,0.088095238,0.177142857,0.601818182,0.087272727
25038,Snacks,"SNACKS,GRANOLA BARS,SOFT,ALMOND,CONFECTIONERS COATING","Snacks, granola bars, soft, almond, confectioners coating",,,,455,8.6,20.0,60.13,34.0,4.3,5.0,0.072,0.14,0.2,7.6,18,1.318,0.36,0.102,136,0.337,1.49,95,0.933,192,6.5,1.41,0.005555556,0.042352941,0.058333333,0.002222222,0.506666667,0.045,0.082375,0.276923077,0.085,0.113333333,0.000374444,0.226190476,0.274285714,0.118181818,0.128181818
25039,Snacks,"SNACKS,GRANOLA BARS,QUAKER OATMEAL TO GO,ALL FLAVORS","Snacks, granola bars, QUAKER OATMEAL TO GO, all flavors",,,,389,6.67,6.67,75.47,31.54,4.6,236.0,0.667,0.08,0.9,2.25,113,6.667,0.567,0.5,333,0.173,6.0,69,1.547,167,16.0,1.42,0.262222222,0.392352941,0.033333333,0.01,0.15,0.2825,0.4166875,0.436153846,0.416666667,0.2775,0.000192222,0.164285714,0.238571429,0.290909091,0.129090909
25040,Snacks,"SNACKS,VEG CHIPS,MADE FROM GARDEN VEG","Snacks, vegetable chips, made from garden vegetables",,,,473,5.32,23.3,60.43,4.04,4.7,9.0,0.545,0.0,4.9,4.84,16,2.767,0.059,0.133,52,0.232,1.55,53,0.275,130,1.0,0.5,0.01,0.320588235,0.0,0.054444444,0.322666667,0.04,0.1729375,0.045384615,0.110833333,0.043333333,0.000257778,0.126190476,0.185714286,0.018181818,0.045454545
25041,Snacks,"SNACKS,GRANOLA BAR,KASHI TLC BAR,CRUNCHY,MXD FLAVORS","Snacks, granola bar, KASHI TLC Bar, crunchy, mixed flavors",,,,446,15.0,15.0,62.78,20.0,10.0,1.0,0.536,0.0,0.0,2.3,81,2.403,0.163,0.486,0,0.678,2.7,97,3.137,333,18.9,2.86,0.001111111,0.315294118,0.0,0.0,0.153333333,0.2025,0.1501875,0.125384615,0.405,0.0,0.000753333,0.230952381,0.475714286,0.343636364,0.26
25043,Snacks,"SNACKS,CANDY BITS,YOGURT COVERED W/ VIT C","Snacks, candy bits, yogurt covered with vitamin C",,,,415,0.0,7.5,86.9,65.0,0.2,1.0,0.069,0.76,180.0,0.6,10,0.173,0.343,0.079,500,0.021,0.19,23,0.021,190,6.0,0.86,0.001111111,0.040588235,0.316666667,2.0,0.04,0.025,0.0108125,0.263846154,0.065833333,0.416666667,2.33333e-05,0.054761905,0.271428571,0.109090909,0.078181818
25045,Snacks,"Formulated bar, high fiber, chewy, oats and chocolate","Formulated bar, high fiber, chewy, oats and chocolate",,,,350,5.0,10.0,69.78,25.0,22.5,0.0,0.963,0.0,1.2,1.47,43,7.903,0.091,0.688,250,0.262,0.9,190,3.407,419,8.9,1.96,0.0,0.566470588,0.0,0.013333333,0.098,0.1075,0.4939375,0.07,0.573333333,0.208333333,0.000291111,0.452380952,0.598571429,0.161818182,0.178181818
25046,Snacks,"SNACKS,BAGEL CHIPS,PLN","Snacks, bagel chips, plain",,,,451,12.34,15.14,66.36,6.02,4.1,0.0,0.117,0.0,0.0,0.81,220,7.66,0.337,0.523,24,0.167,5.05,39,0.672,131,36.2,1.0,0.0,0.068823529,0.0,0.0,0.054,0.55,0.47875,0.259230769,0.435833333,0.02,0.000185556,0.092857143,0.187142857,0.658181818,0.090909091
25048,Snacks,"SNACKS,NUTRI-GRAIN FRUIT & NUT BAR","Snacks, NUTRI-GRAIN FRUIT AND NUT BAR",,,,403,9.38,10.93,66.72,32.45,7.5,267.0,0.612,1.16,0.2,3.72,203,6.442,0.616,0.465,65,0.436,5.65,105,1.441,290,11.3,3.28,0.296666667,0.36,0.483333333,0.002222222,0.248,0.5075,0.402625,0.473846154,0.3875,0.054166667,0.000484444,0.25,0.414285714,0.205454545,0.298181818
25050,Snacks,"SNACKS,YUCCA (CASSAVA) CHIPS,SALTED","Snacks, yucca (cassava) chips, salted",,,,515,1.34,25.91,69.23,3.36,3.7,0.0,0.13,0.0,0.0,2.78,0,1.197,0.027,0.05,52,0.115,0.72,46,0.282,99,4.9,0.85,0.0,0.076470588,0.0,0.0,0.185333333,0.0,0.0748125,0.020769231,0.041666667,0.043333333,0.000127778,0.10952381,0.141428571,0.089090909,0.077272727
25051,Snacks,"Snacks, CLIF BAR, mixed flavors","Snacks, CLIF BAR, mixed flavors",,,,346,14.71,5.88,65.44,31.62,7.4,1.0,0.588,1.32,88.2,0.24,118,4.412,0.375,0.551,368,0.441,6.62,147,2.146,294,20.6,4.41,0.001111111,0.345882353,0.55,0.98,0.016,0.295,0.27575,0.288461538,0.459166667,0.306666667,0.00049,0.35,0.42,0.374545455,0.400909091
25052,Snacks,"SNACKS,GRANOLA BAR,QUAKER,CHEWY,90 CAL BAR","Snacks, granola bar, QUAKER, chewy, 90 Calorie Bar",,,,408,4.17,8.33,79.17,29.17,4.2,3.0,0.122,0.03,0.5,2.23,17,1.064,0.076,0.189,333,0.307,1.5,71,1.389,152,10.1,1.23,0.003333333,0.071764706,0.0125,0.005555556,0.148666667,0.0425,0.0665,0.058461538,0.1575,0.2775,0.000341111,0.169047619,0.217142857,0.183636364,0.111818182
25053,Snacks,"Snac, grano bar, GENER MILLS NATURE VALL, SWE&SAL NUT, peanu","Snacks, granola bar, GENERAL MILLS NATURE VALLEY, SWEET&SALTY NUT, peanut",,,,487,9.14,22.86,61.14,33.14,2.9,142.0,0.32,0.25,0.3,6.89,78,3.413,0.528,0.357,57,0.339,1.44,102,1.157,272,10.0,1.77,0.157777778,0.188235294,0.104166667,0.003333333,0.459333333,0.195,0.2133125,0.406153846,0.2975,0.0475,0.000376667,0.242857143,0.388571429,0.181818182,0.160909091
25054,Snacks,"Snack,gran bar,GENERAL MILLS, NATURE VALLEY, w yogu coati","Snacks, granola bar, GENERAL MILLS, NATURE VALLEY, with yogurt coating",,,,423,5.71,11.43,74.29,40.0,4.4,475.0,0.708,0.01,0.0,1.7,205,7.302,0.542,0.905,286,0.173,1.03,62,1.297,191,12.3,1.58,0.527777778,0.416470588,0.004166667,0.0,0.113333333,0.5125,0.456375,0.416923077,0.754166667,0.238333333,0.000192222,0.147619048,0.272857143,0.223636364,0.143636364
25055,Snacks,"Snac, grano bar, GENER MILLS, NATUR VALLE, CHEWY TRAIL MIX","Snacks, granola bar, GENERAL MILLS, NATURE VALLEY, CHEWY TRAIL MIX",,,,415,5.71,11.43,72.27,42.86,3.8,302.0,0.52,0.0,0.1,2.66,142,5.443,0.391,0.64,116,0.226,8.71,63,1.057,168,10.5,1.35,0.335555556,0.305882353,0.0,0.001111111,0.177333333,0.355,0.3401875,0.300769231,0.533333333,0.096666667,0.000251111,0.15,0.24,0.190909091,0.122727273
25056,Snacks,"Snacks, granola bar, QUAKER, DIPPS, all flavors","Snacks, granola bar, QUAKER, DIPPS, all flavors",,,,480,7.52,20.42,64.96,37.61,3.2,4.0,0.115,0.06,0.3,4.19,12,1.007,0.097,0.132,65,0.217,1.16,55,1.138,162,14.6,1.2,0.004444444,0.067647059,0.025,0.003333333,0.279333333,0.03,0.0629375,0.074615385,0.11,0.054166667,0.000241111,0.130952381,0.231428571,0.265454545,0.109090909
25059,Snacks,"Snacks, brown rice chips","Snacks, brown rice chips",,,,384,8.2,2.8,81.5,0.6,4.2,0.0,0.15,0.0,0.0,6.54,21,7.806,0.165,0.061,11,0.445,1.49,131,3.73,360,24.6,3.0,0.0,0.088235294,0.0,0.0,0.436,0.0525,0.487875,0.126923077,0.050833333,0.009166667,0.000494444,0.311904762,0.514285714,0.447272727,0.272727273
25060,Snacks,"SNACK,PRETZEL,HARD CHOC COATD","Snack, Pretzel, hard chocolate coated",,,,467,7.05,17.64,70.07,38.8,3.5,25.0,0.031,0.32,0.0,0.62,114,2.398,0.317,0.36,141,0.262,2.54,35,0.452,128,14.5,1.33,0.027777778,0.018235294,0.133333333,0.0,0.041333333,0.285,0.149875,0.243846154,0.3,0.1175,0.000291111,0.083333333,0.182857143,0.263636364,0.120909091
25062,Snacks,"Snack, Mixed Berry Bar","Snack, Mixed Berry Bar",,,,383,13.16,10.53,58.84,26.32,7.9,27.0,0.116,0.51,0.6,0.29,28,0.858,0.285,0.283,105,0.244,1.89,91,1.963,343,19.8,2.64,0.03,0.068235294,0.2125,0.006666667,0.019333333,0.07,0.053625,0.219230769,0.235833333,0.0875,0.000271111,0.216666667,0.49,0.36,0.24
25063,Snacks,"Snacks, potato chips, fr dried potatoes, multigrain","Snacks, potato chips, made from dried potatoes (preformed), multigrain",,,,505,5.3,24.74,65.34,4.08,2.7,0.0,0.252,0.0,0.7,9.08,16,2.558,0.085,0.132,26,0.141,0.85,40,0.761,127,8.4,0.91,0.0,0.148235294,0.0,0.007777778,0.605333333,0.04,0.159875,0.065384615,0.11,0.021666667,0.000156667,0.095238095,0.181428571,0.152727273,0.082727273
25064,Snacks,"SNACKS,POTATO CHIPS,LIGHTLY SALTED","Snacks, potato chips, lightly salted",,,,560,6.72,35.39,53.54,0.34,4.2,0.0,0.651,0.0,27.3,7.72,58,5.476,0.173,0.158,24,0.299,1.43,62,0.478,148,7.8,1.51,0.0,0.382941176,0.0,0.303333333,0.514666667,0.145,0.34225,0.133076923,0.131666667,0.02,0.000332222,0.147619048,0.211428571,0.141818182,0.137272727
27000,"Soups, Sauces, and Gravies","SOUP,EGG DROP,CHINESE RESTAURANT","Soup, egg drop, Chinese restaurant",,,,27,1.16,0.61,4.29,0.09,0.4,20.0,0.02,0.03,6.5,0.13,7,0.156,0.019,0.019,7,0.019,0.26,2,0.011,15,0.4,0.09,0.022222222,0.011764706,0.0125,0.072222222,0.008666667,0.0175,0.00975,0.014615385,0.015833333,0.005833333,2.11111e-05,0.004761905,0.021428571,0.007272727,0.008181818
27001,"Soups, Sauces, and Gravies","SOUP,HOT & SOUR,CHINESE RESTAURANT","Soup, hot and sour, Chinese restaurant",,,,39,2.58,1.21,4.35,0.42,0.5,9.0,0.064,0.1,0.0,0.39,8,0.507,0.031,0.026,19,0.026,0.64,9,0.085,32,0.4,0.22,0.01,0.037647059,0.041666667,0.0,0.026,0.02,0.0316875,0.023846154,0.021666667,0.015833333,2.88889e-05,0.021428571,0.045714286,0.007272727,0.02
27002,"Soups, Sauces, and Gravies","SOUP,WONTON,CHINESE RESTAURANT","Soup, wonton, Chinese restaurant",,,,32,2.08,0.26,5.25,0.34,0.2,1.0,0.076,0.09,0.7,0.06,18,0.58,0.016,0.024,5,0.024,0.21,3,0.034,18,1.1,0.12,0.001111111,0.044705882,0.0375,0.007777778,0.004,0.045,0.03625,0.012307692,0.02,0.004166667,2.66667e-05,0.007142857,0.025714286,0.02,0.010909091
27007,"Soups, Sauces, and Gravies","CAMPBELLS CHNKY,HEALTHY REQUST MICROWAVBL ,CHICK NODLE SOUP","CAMPBELLS CHUNKY Soups, HEALTHY REQUEST Microwavable Bowls, Chicken Noodle Soup",,Campbell Soup Co.,,49,2.86,1.02,6.94,0.41,0.4,0.0,0.0,0.0,1.0,0.0,0,0.0,0.0,0.0,8,0.0,0.29,0,0.0,0,0.0,0.0,0.0,0.0,0.0,0.011111111,0.0,0.0,0.0,0.0,0.0,0.006666667,0.0,0.0,0.0,0.0,0.0
27008,"Soups, Sauces, and Gravies","HLTHY RQST MCRWVBL BWL,GRLL CHICK SSAGE GMB","CAMPBELLS CHUNKY Soups, HEALTHY REQUEST Microwavable Bowls, Grilled Chicken & Sausage Gumbo Soup",,Campbell Soup Co.,,53,2.86,1.22,7.35,1.63,0.8,0.0,0.0,0.0,2.4,0.0,0,0.0,0.0,0.0,16,0.0,0.29,0,0.0,0,0.0,0.0,0.0,0.0,0.0,0.026666667,0.0,0.0,0.0,0.0,0.0,0.013333333,0.0,0.0,0.0,0.0,0.0
27009,"Soups, Sauces, and Gravies","CAMPBELLS CHUNKY SOUPS,HEALTHY REQUES","CAMPBELLS CHUNKY Soups, HEALTHY REQUEST New England Clam Chowder",,Campbell Soup Co.,,53,2.04,1.22,8.16,0.82,0.8,0.0,0.0,0.0,0.0,0.0,0,0.0,0.0,0.0,41,0.0,0.29,0,0.0,0,0.0,0.0,0.0,0.0,0.0,0.0,0.0,0.0,0.0,0.0,0.0,0.034166667,0.0,0.0,0.0,0.0,0.0
27013,"Soups, Sauces, and Gravies","CAMPBELLS RED & WHITE,CHICK BARLEY W/","CAMPBELLS Red and White, Chicken Barley with Mushrooms Soup, condensed",,Campbell Soup Co.,,71,3.17,1.19,12.7,1.59,2.4,0.0,0.0,0.0,0.0,0.0,0,0.0,0.0,0.0,0,0.0,0.0,0,0.0,0,0.0,0.0,0.0,0.0,0.0,0.0,0.0,0.0,0.0,0.0,0.0,0.0,0.0,0.0,0.0,0.0,0.0
27014,"Soups, Sauces, and Gravies","CAMPBELLS RED & WHITE,ITALIAN STYLE W","CAMPBELLS Red and White, Italian Style Wedding Soup, condensed",,Campbell Soup Co.,,71,3.17,1.98,9.52,1.59,2.4,0.0,0.0,0.0,0.0,0.0,0,0.0,0.0,0.0,32,0.0,0.57,0,0.0,0,0.0,0.0,0.0,0.0,0.0,0.0,0.0,0.0,0.0,0.0,0.0,0.026666667,0.0,0.0,0.0,0.0,0.0
27015,"Soups, Sauces, and Gravies","CAMPBELLS RED & WHITE,PHINEAS & FERB SOUP,COND","CAMPBELLS Red and White, PHINEAS and FERB Soup, condensed",,Campbell Soup Co.,,56,2.38,1.59,8.73,0.79,0.8,0.0,0.0,0.0,0.0,0.0,0,0.0,0.0,0.0,16,0.0,0.57,0,0.0,0,0.0,0.0,0.0,0.0,0.0,0.0,0.0,0.0,0.0,0.0,0.0,0.013333333,0.0,0.0,0.0,0.0,0.0
27017,"Soups, Sauces, and Gravies","CAMPBELLS HOMESTYLE MICROWAVEABLE BOWLS,HEALTHY REQUEST ITA","CAMPBELLS Homestyle Microwaveable Bowls, HEALTHY REQUEST Italian Wedding Soup",,Campbell Soup Co.,,41,2.45,1.02,5.31,1.63,0.8,0.0,0.0,0.0,0.0,0.0,0,0.0,0.0,0.0,16,0.0,0.29,0,0.0,0,0.0,0.0,0.0,0.0,0.0,0.0,0.0,0.0,0.0,0.0,0.0,0.013333333,0.0,0.0,0.0,0.0,0.0
27018,"Soups, Sauces, and Gravies","CAMPBELLS HOMESTYLE MICROWAVEABLE BOWLS,HEALTHY REQUEST MEX","CAMPBELLS Homestyle Microwaveable Bowls, HEALTHY REQUEST Mexican Style Tortilla",,Campbell Soup Co.,,53,2.86,1.02,7.76,1.22,1.2,0.0,0.0,0.0,0.5,0.0,0,0.0,0.0,0.0,16,0.0,0.44,0,0.0,0,0.0,0.0,0.0,0.0,0.0,0.005555556,0.0,0.0,0.0,0.0,0.0,0.013333333,0.0,0.0,0.0,0.0,0.0
27019,"Soups, Sauces, and Gravies",CAMPBELLS HOMESTYLE HARVEST TOMATO W/ BASIL SOUP,CAMPBELLS Homestyle Harvest Tomato with Basil Soup,,Campbell Soup Co.,,45,0.82,0.41,9.39,6.53,0.8,0.0,0.0,0.0,7.3,0.0,0,0.0,0.0,0.0,8,0.0,0.29,0,0.0,0,0.0,0.0,0.0,0.0,0.0,0.081111111,0.0,0.0,0.0,0.0,0.0,0.006666667,0.0,0.0,0.0,0.0,0.0
27021,"Soups, Sauces, and Gravies",CAMPBELLS HOMESTYLE HR CHICK W/ WHL GRAIN PASTA SOUP,CAMPBELLS Homestyle HEALTHY REQUEST Chicken with Whole Grain Pasta Soup,,Campbell Soup Co.,,40,3.8,0.82,4.28,0.32,0.7,0.0,0.0,0.0,0.0,0.0,0,1.82,0.019,0.015,11,0.025,0.31,9,0.054,45,5.0,0.2,0.0,0.0,0.0,0.0,0.0,0.0,0.11375,0.014615385,0.0125,0.009166667,2.77778e-05,0.021428571,0.064285714,0.090909091,0.018181818
27022,"Soups, Sauces, and Gravies","CAMPBELLS SOUP ON THE GO,HR CHICK W/ MINI NOODLES SOUP","CAMPBELLS Soup on the GO, HEALTHY REQUEST Chicken with Mini Noodles Soup",,Campbell Soup Co.,,20,0.98,0.66,2.62,0.66,0.7,0.0,0.0,0.0,0.0,0.0,0,0.0,0.0,0.0,7,0.0,0.12,0,0.0,0,0.0,0.0,0.0,0.0,0.0,0.0,0.0,0.0,0.0,0.0,0.0,0.005833333,0.0,0.0,0.0,0.0,0.0
27023,"Soups, Sauces, and Gravies","CAMPBELLS SOUP ON THE GO,HEALTHY REQUEST CLASSIC TOMAT SOUP","CAMPBELLS Soup on the Go, HEALTHY REQUEST Classic Tomato Soup",,Campbell Soup Co.,,39,0.98,0.0,9.18,5.57,0.7,0.0,0.0,0.0,11.8,0.0,0,0.0,0.0,0.0,7,0.0,0.24,0,0.0,0,0.0,0.0,0.0,0.0,0.0,0.131111111,0.0,0.0,0.0,0.0,0.0,0.005833333,0.0,0.0,0.0,0.0,0.0
27027,"Soups, Sauces, and Gravies","PACE,PICO DE GALLO","PACE, Pico De Gallo",,Campbell Soup Co.,,31,0.0,0.0,9.38,6.25,0.0,0.0,0.0,0.0,3.8,0.0,0,0.0,0.0,0.0,0,0.0,0.0,0,0.0,0,0.0,0.0,0.0,0.0,0.0,0.042222222,0.0,0.0,0.0,0.0,0.0,0.0,0.0,0.0,0.0,0.0,0.0
27028,"Soups, Sauces, and Gravies","PACE,SALSA VERDE","PACE, Salsa Verde",,Campbell Soup Co.,,47,0.0,1.56,6.25,6.25,0.0,0.0,0.0,0.0,3.8,0.0,0,0.0,0.0,0.0,0,0.0,0.0,0,0.0,0,0.0,0.0,0.0,0.0,0.0,0.042222222,0.0,0.0,0.0,0.0,0.0,0.0,0.0,0.0,0.0,0.0,0.0
27029,"Soups, Sauces, and Gravies","PACE,TEQUILA LIME SALSA","PACE, Tequila Lime Salsa",,Campbell Soup Co.,,47,0.0,0.0,9.38,6.25,0.0,0.0,0.0,0.0,7.5,0.0,0,0.0,0.0,0.0,0,0.0,0.0,0,0.0,0,0.0,0.0,0.0,0.0,0.0,0.083333333,0.0,0.0,0.0,0.0,0.0,0.0,0.0,0.0,0.0,0.0,0.0
27030,"Soups, Sauces, and Gravies","PACE,TRIPLE PEPPER SALSA","PACE, Triple Pepper Salsa",,Campbell Soup Co.,,47,3.13,0.0,9.38,6.25,3.1,0.0,0.0,0.0,7.5,0.0,0,0.0,0.0,0.0,0,0.0,0.0,0,0.0,0,0.0,0.0,0.0,0.0,0.0,0.083333333,0.0,0.0,0.0,0.0,0.0,0.0,0.0,0.0,0.0,0.0,0.0
27032,"Soups, Sauces, and Gravies","CAMPBELLS RED & WHITE,LENTIL SOUP,COND","CAMPBELLS Red and White, Lentil Soup, condensed",,Campbell Soup Co.,,111,6.35,0.79,19.05,1.59,4.0,0.0,0.0,0.0,0.0,0.0,0,0.0,0.0,0.0,32,0.0,2.14,0,0.0,0,0.0,0.0,0.0,0.0,0.0,0.0,0.0,0.0,0.0,0.0,0.0,0.026666667,0.0,0.0,0.0,0.0,0.0
27033,"Soups, Sauces, and Gravies","PREGO PASTA,HEART SMART- TRADITIONAL S","PREGO Pasta, Heart Smart- Traditional Sauce, ready-to-serve",,Campbell Soup Co.,,54,1.54,1.15,10.0,7.7,2.3,0.0,0.0,0.0,1.8,0.0,0,0.0,0.0,0.0,15,0.0,0.55,0,0.0,0,0.0,0.0,0.0,0.0,0.0,0.02,0.0,0.0,0.0,0.0,0.0,0.0125,0.0,0.0,0.0,0.0,0.0
27034,"Soups, Sauces, and Gravies","CAMPBELLS,98% FAT FREE CRM OF MUSHROOM SOUP,COND","CAMPBELLS, 98% Fat Free Cream of Mushroom Soup, condensed",,Campbell Soup Co.,,53,1.1,1.98,7.63,0.25,1.2,0.0,0.0,0.0,0.1,0.0,0,0.0,0.0,0.0,8,0.0,0.31,21,0.0,27,0.0,0.18,0.0,0.0,0.0,0.001111111,0.0,0.0,0.0,0.0,0.0,0.006666667,0.0,0.05,0.038571429,0.0,0.016363636
27035,"Soups, Sauces, and Gravies","SOUP,RAMEN NOODLE,DRY,ANY FLAVOR,RED FAT,RED NA","Soup, ramen noodle, dry, any flavor, reduced fat, reduced sodium",,,,350,10.89,2.5,70.95,0.85,2.7,0.0,0.065,0.0,1.2,0.24,191,4.906,0.41,0.582,22,0.165,4.52,23,0.0,117,30.9,0.74,0.0,0.038235294,0.0,0.013333333,0.016,0.4775,0.306625,0.315384615,0.485,0.018333333,0.000183333,0.054761905,0.167142857,0.561818182,0.067272727
27042,"Soups, Sauces, and Gravies","SOUP,CLAM CHOWDER,NEW ENGLAND,CND,RTS","Soup, clam chowder, new england, canned, ready-to-serve",,,,79,2.61,3.94,8.28,0.23,1.0,0.0,0.0,0.0,0.0,0.0,0,0.497,0.015,0.015,15,0.033,0.48,10,0.06,65,3.0,0.23,0.0,0.0,0.0,0.0,0.0,0.0,0.0310625,0.011538462,0.0125,0.0125,3.66667e-05,0.023809524,0.092857143,0.054545455,0.020909091
27043,"Soups, Sauces, and Gravies","SOUP,CLAM CHOWDER,NEW ENGLAND,RED NA,CND,RTS","Soup, clam chowder, new england, reduced sodium, canned, ready-to-serve",,,,70,2.33,4.23,5.68,0.0,0.8,8.0,0.13,0.93,3.3,0.4,6,0.422,0.015,0.015,14,0.025,0.56,13,0.076,31,4.3,0.27,0.008888889,0.076470588,0.3875,0.036666667,0.026666667,0.015,0.026375,0.011538462,0.0125,0.011666667,2.77778e-05,0.030952381,0.044285714,0.078181818,0.024545455
27044,"Soups, Sauces, and Gravies","SOUP,CHICK NOODLE,RED NA,CND,RTS","Soup, chicken noodle, reduced sodium, canned, ready-to-serve",,,,41,3.29,1.34,3.84,0.34,0.8,49.0,0.06,0.15,0.4,0.1,10,1.396,0.022,0.032,11,0.025,0.33,8,0.053,42,4.5,0.18,0.054444444,0.035294118,0.0625,0.004444444,0.006666667,0.025,0.08725,0.016923077,0.026666667,0.009166667,2.77778e-05,0.019047619,0.06,0.081818182,0.016363636
27045,"Soups, Sauces, and Gravies","SOUP,BF & VEG,RED NA,CND,RTS","Soup, beef and vegetables, reduced sodium, canned, ready-to-serve",,,,42,3.26,0.95,4.99,1.22,0.8,0.0,0.0,0.0,0.0,0.0,0,0.907,0.015,0.015,17,0.026,0.45,9,0.048,43,3.0,0.41,0.0,0.0,0.0,0.0,0.0,0.0,0.0566875,0.011538462,0.0125,0.014166667,2.88889e-05,0.021428571,0.061428571,0.054545455,0.037272727
27046,"Soups, Sauces, and Gravies","SAUCE,DUCK,RTS","Sauce, duck, ready-to-serve",,,,245,0.36,0.13,60.61,30.54,0.6,8.0,0.032,0.0,0.9,0.2,2,0.239,0.014,0.023,11,0.037,0.39,5,0.429,9,1.3,0.21,0.008888889,0.018823529,0.0,0.01,0.013333333,0.005,0.0149375,0.010769231,0.019166667,0.009166667,4.11111e-05,0.011904762,0.012857143,0.023636364,0.019090909
27047,"Soups, Sauces, and Gravies","SAUCE,SALSA,VERDE,RTS","Sauce, salsa, verde, ready-to-serve",,,,38,1.13,0.89,6.36,3.5,1.9,11.0,0.083,0.0,12.3,0.43,8,1.615,0.036,0.046,9,0.081,0.65,19,0.156,41,0.8,0.25,0.012222222,0.048823529,0.0,0.136666667,0.028666667,0.02,0.1009375,0.027692308,0.038333333,0.0075,9e-05,0.045238095,0.058571429,0.014545455,0.022727273
27048,"Soups, Sauces, and Gravies","SAUCE,STEAK,TOMATO BSD","Sauce, steak, tomato based",,,,95,1.25,0.23,22.04,9.82,1.5,15.0,0.105,0.0,6.8,1.16,8,0.913,0.054,0.034,19,0.189,1.37,17,0.174,33,0.8,0.34,0.016666667,0.061764706,0.0,0.075555556,0.077333333,0.02,0.0570625,0.041538462,0.028333333,0.015833333,0.00021,0.04047619,0.047142857,0.014545455,0.030909091
27049,"Soups, Sauces, and Gravies","SAUCE,TARTAR,RTS","Sauce, tartar, ready-to-serve",,,,211,1.0,16.7,13.3,4.25,0.5,11.0,0.044,0.02,2.3,1.68,5,0.093,0.029,0.016,26,0.023,0.25,6,0.107,17,0.9,0.12,0.012222222,0.025882353,0.008333333,0.025555556,0.112,0.0125,0.0058125,0.022307692,0.013333333,0.021666667,2.55556e-05,0.014285714,0.024285714,0.016363636,0.010909091
27050,"Soups, Sauces, and Gravies","SAUCE,SWT & SOUR,RTS","Sauce, sweet and sour, ready-to-serve",,,,150,0.27,0.02,38.22,18.75,0.1,1.0,0.053,0.0,8.7,0.01,8,0.187,0.019,0.048,10,0.079,0.21,8,0.761,7,0.4,0.09,0.001111111,0.031176471,0.0,0.096666667,0.000666667,0.02,0.0116875,0.014615385,0.04,0.008333333,8.77778e-05,0.019047619,0.01,0.007272727,0.008181818
27051,"Soups, Sauces, and Gravies","SAUCE,COCKTAIL,RTS","Sauce, cocktail, ready-to-serve",,,,124,1.36,1.05,28.22,11.83,1.8,18.0,0.08,0.0,11.6,1.08,17,0.82,0.047,0.021,26,0.111,0.83,17,0.148,30,2.2,0.38,0.02,0.047058824,0.0,0.128888889,0.072,0.0425,0.05125,0.036153846,0.0175,0.021666667,0.000123333,0.04047619,0.042857143,0.04,0.034545455
27052,"Soups, Sauces, and Gravies","DIP,SALSA CON QUESO,CHS & SALSA- MED","Dip, salsa con queso, cheese and salsa- medium",,,,143,3.14,9.51,11.14,1.95,0.7,33.0,0.043,0.25,0.4,1.86,6,0.136,0.065,0.012,98,0.004,0.14,8,0.019,200,3.2,0.41,0.036666667,0.025294118,0.104166667,0.004444444,0.124,0.015,0.0085,0.05,0.01,0.081666667,4.44444e-06,0.019047619,0.285714286,0.058181818,0.037272727
27053,"Soups, Sauces, and Gravies","DIP,OLD EL PASO,CHS N SALSA,MED","Dip, OLD EL PASO, Cheese n Salsa, medium",,General Mills Inc.,,129,2.7,8.43,10.65,1.3,0.6,29.0,0.033,0.0,0.8,1.95,0,0.115,0.07,0.01,81,0.004,0.12,6,0.014,143,2.6,0.3,0.032222222,0.019411765,0.0,0.008888889,0.13,0.0,0.0071875,0.053846154,0.008333333,0.0675,4.44444e-06,0.014285714,0.204285714,0.047272727,0.027272727
27054,"Soups, Sauces, and Gravies","DIP,TOSTITOS,SALSA CON QUESO,MED","Dip, TOSTITOS, salsa con queso, medium",,,,133,2.92,8.26,11.72,1.4,0.6,33.0,0.043,0.0,0.6,1.92,0,0.15,0.05,0.01,90,0.004,0.14,7,0.019,177,3.0,0.44,0.036666667,0.025294118,0.0,0.006666667,0.128,0.0,0.009375,0.038461538,0.008333333,0.075,4.44444e-06,0.016666667,0.252857143,0.054545455,0.04
27055,"Soups, Sauces, and Gravies","SAUCE,BARBECUE,SWT BABY RAYS,ORIGINAL","Sauce, barbecue, SWEET BABY RAYS, original",,,,192,0.95,0.43,46.08,38.37,1.3,14.0,0.07,0.0,1.4,1.08,0,0.743,0.067,0.02,11,0.057,0.33,11,0.113,22,0.0,0.19,0.015555556,0.041176471,0.0,0.015555556,0.072,0.0,0.0464375,0.051538462,0.016666667,0.009166667,6.33333e-05,0.026190476,0.031428571,0.0,0.017272727
27056,"Soups, Sauces, and Gravies","SAUCE,BARBECUE,BULLS-EYE,ORIGINAL","Sauce, barbecue, BULLS-EYE, original",,"Kraft Foods, Inc.",,170,0.91,0.67,39.95,35.29,1.0,16.0,0.09,0.0,0.3,0.91,0,0.637,0.063,0.03,43,0.089,0.69,16,0.136,22,0.0,0.17,0.017777778,0.052941176,0.0,0.003333333,0.060666667,0.0,0.0398125,0.048461538,0.025,0.035833333,9.88889e-05,0.038095238,0.031428571,0.0,0.015454545
27057,"Soups, Sauces, and Gravies","SAUCE,BARBECUE,KC MASTERPIECE,ORIGINAL","Sauce, barbecue, KC MASTERPIECE, original",,,,160,1.0,0.52,37.92,30.95,1.4,14.0,0.093,0.0,0.2,0.96,0,0.787,0.073,0.027,40,0.072,1.09,16,0.178,24,0.0,0.22,0.015555556,0.054705882,0.0,0.002222222,0.064,0.0,0.0491875,0.056153846,0.0225,0.033333333,8e-05,0.038095238,0.034285714,0.0,0.02
27058,"Soups, Sauces, and Gravies","SAUCE,BARBECUE,OPEN PIT,ORIGINAL","Sauce, barbecue, OPEN PIT, original",,,,132,0.44,1.41,29.45,23.49,0.5,1.0,0.015,0.0,0.0,0.21,0,0.16,0.022,0.015,20,0.015,0.15,5,0.071,17,0.0,0.12,0.001111111,0.008823529,0.0,0.0,0.014,0.0,0.01,0.016923077,0.0125,0.016666667,1.66667e-05,0.011904762,0.024285714,0.0,0.010909091
27059,"Soups, Sauces, and Gravies","SAUCE,PNUT,MADE FROM PNUT BUTTER,H2O,SOY SAU","Sauce, peanut, made from peanut butter, water, soy sauce",,,,257,6.31,16.02,22.02,17.07,1.8,0.0,0.19,0.0,0.0,2.23,22,3.2,0.127,0.06,22,0.123,0.91,45,0.484,107,3.4,0.78,0.0,0.111764706,0.0,0.0,0.148666667,0.055,0.2,0.097692308,0.05,0.018333333,0.000136667,0.107142857,0.152857143,0.061818182,0.070909091
27060,"Soups, Sauces, and Gravies","SOUP,CHUNKY VEG,RED NA,CND,RTS","Soup, chunky vegetable, reduced sodium, canned, ready-to-serve",,,,50,1.16,0.51,10.28,2.78,1.1,56.0,0.07,0.0,0.7,0.18,0,0.61,0.1,0.05,25,0.046,0.4,12,0.089,28,0.0,0.24,0.062222222,0.041176471,0.0,0.007777778,0.012,0.0,0.038125,0.076923077,0.041666667,0.020833333,5.11111e-05,0.028571429,0.04,0.0,0.021818182
28000,Baked Products,"KELLOGGS,EGGO,MINI MUFFIN TOPS,CHOC CHIP","KELLOGGS, EGGO, Mini Muffin Tops, Chocolate Chip",,"Kellogg, Co.",,300,5.2,11.2,45.0,18.5,1.2,326.0,0.43,1.3,0.0,0.0,0,4.3,0.37,0.33,217,0.0,3.9,18,0.0,351,0.0,0.5,0.362222222,0.252941176,0.541666667,0.0,0.0,0.0,0.26875,0.284615385,0.275,0.180833333,0.0,0.042857143,0.501428571,0.0,0.045454545
28001,Baked Products,"KELLOGGS,EGGO,NUTRI-GRAIN FRZ FRUIT PIZZA,MXD BERRY GRANOLA","KELLOGGS, EGGO, NUTRI-GRAIN Frozen Fruit Pizza, Mixed Berry Granola",,"Kellogg, Co.",,259,6.4,8.4,41.4,11.5,3.0,0.0,0.01,0.0,0.0,0.0,0,0.8,0.08,0.14,47,0.0,1.1,14,0.0,51,0.0,0.4,0.0,0.005882353,0.0,0.0,0.0,0.0,0.05,0.061538462,0.116666667,0.039166667,0.0,0.033333333,0.072857143,0.0,0.036363636
28002,Baked Products,"KELLOGGS,EGGO,NUTRI-GRAIN FRZ FRUIT PIZZA,STRAWBERRY GRANOL","KELLOGGS, EGGO, NUTRI-GRAIN Frozen Fruit Pizza, Strawberry Granola",,"Kellogg, Co.",,266,6.5,8.1,43.7,11.9,2.7,0.0,0.01,0.0,0.0,0.0,0,0.8,0.07,0.14,46,0.0,1.1,13,0.0,49,0.0,0.4,0.0,0.005882353,0.0,0.0,0.0,0.0,0.05,0.053846154,0.116666667,0.038333333,0.0,0.030952381,0.07,0.0,0.036363636
28003,Baked Products,"KELLOGGS,EGGO,PANCAKES,BLUEBERRY","KELLOGGS, EGGO, Pancakes, Blueberry",,"Kellogg, Co.",,245,5.3,7.4,39.9,10.1,1.0,286.0,0.38,1.1,0.0,0.0,0,3.8,0.32,0.29,76,0.0,5.1,0,0.0,190,0.0,0.0,0.317777778,0.223529412,0.458333333,0.0,0.0,0.0,0.2375,0.246153846,0.241666667,0.063333333,0.0,0.0,0.271428571,0.0,0.0
28004,Baked Products,"KELLOGGS,EGGO,PANCAKES,CHOC CHIP","KELLOGGS, EGGO, Pancakes, Chocolate Chip",,"Kellogg, Co.",,253,5.5,8.2,39.9,11.2,1.3,286.0,0.38,1.1,0.0,0.0,0,3.8,0.32,0.29,76,0.0,4.3,5,0.0,190,0.0,0.1,0.317777778,0.223529412,0.458333333,0.0,0.0,0.0,0.2375,0.246153846,0.241666667,0.063333333,0.0,0.011904762,0.271428571,0.0,0.009090909
28005,Baked Products,"KELLOGGS,CINNABON,PANCAKES,CARAMEL","KELLOGGS, CINNABON, Pancakes, Caramel",,"Kellogg, Co.",,255,5.0,7.1,43.4,15.6,1.0,286.0,0.4,1.1,0.0,0.0,0,3.8,0.32,0.29,57,0.0,4.3,0,0.0,190,0.0,0.0,0.317777778,0.235294118,0.458333333,0.0,0.0,0.0,0.2375,0.246153846,0.241666667,0.0475,0.0,0.0,0.271428571,0.0,0.0
28006,Baked Products,"KELLOGGS,CINNABON,PANCAKES,ORIGINAL","KELLOGGS, CINNABON, Pancakes, Original",,"Kellogg, Co.",,258,5.0,7.7,43.1,14.9,1.1,286.0,0.4,1.1,0.0,0.0,0,3.8,0.32,0.29,76,0.0,4.3,0,0.0,190,0.0,0.0,0.317777778,0.235294118,0.458333333,0.0,0.0,0.0,0.2375,0.246153846,0.241666667,0.063333333,0.0,0.0,0.271428571,0.0,0.0
28007,Baked Products,"KELLOGGS,EGGO,WAFFLERS,BROWN SUGAR CINN ROLL","KELLOGGS, EGGO, Wafflers, Brown Sugar Cinnamon Roll",,"Kellogg, Co.",,331,4.8,11.6,52.2,21.0,1.3,395.0,0.53,1.6,0.0,0.0,0,5.3,0.45,0.39,293,0.0,5.9,13,0.0,263,0.0,0.4,0.438888889,0.311764706,0.666666667,0.0,0.0,0.0,0.33125,0.346153846,0.325,0.244166667,0.0,0.030952381,0.375714286,0.0,0.036363636
28008,Baked Products,"KELLOGGS,EGGO,WAFFLERS,STRAWBERRY STRUDEL","KELLOGGS, EGGO, Wafflers, Strawberry Strudel",,"Kellogg, Co.",,318,5.0,11.0,50.0,16.8,1.2,395.0,0.53,1.6,0.0,0.0,0,5.3,0.45,0.39,293,0.0,5.9,13,0.0,263,0.0,0.4,0.438888889,0.311764706,0.666666667,0.0,0.0,0.0,0.33125,0.346153846,0.325,0.244166667,0.0,0.030952381,0.375714286,0.0,0.036363636
28009,Baked Products,"KELLOGGS,EGGO,WAFFLES,BLUEBERRY","KELLOGGS, EGGO, Waffles, Blueberry",,"Kellogg, Co.",,265,5.5,8.7,41.7,9.1,1.1,429.0,0.57,1.7,0.0,0.0,0,5.7,0.49,0.43,357,0.0,6.4,15,0.0,279,0.0,0.4,0.476666667,0.335294118,0.708333333,0.0,0.0,0.0,0.35625,0.376923077,0.358333333,0.2975,0.0,0.035714286,0.398571429,0.0,0.036363636
28010,Baked Products,"KELLOGGS,EGGO,WAFFLES,BTTRMLK","KELLOGGS, EGGO, Waffles, Buttermilk",,"Kellogg, Co.",,278,6.6,10.9,39.0,2.9,1.2,429.0,0.57,1.7,0.0,0.0,0,5.7,0.49,0.43,357,0.0,6.4,18,0.0,286,0.0,0.5,0.476666667,0.335294118,0.708333333,0.0,0.0,0.0,0.35625,0.376923077,0.358333333,0.2975,0.0,0.042857143,0.408571429,0.0,0.045454545
28011,Baked Products,"KELLOGGS,EGGO,WAFFLES,CINN TOAST","KELLOGGS, EGGO, Waffles, Cinnamon Toast",,"Kellogg, Co.",,325,5.5,11.9,49.5,18.2,1.4,489.0,0.65,2.3,0.0,0.0,0,6.5,0.55,0.49,272,0.0,6.8,15,0.0,277,0.0,0.4,0.543333333,0.382352941,0.958333333,0.0,0.0,0.0,0.40625,0.423076923,0.408333333,0.226666667,0.0,0.035714286,0.395714286,0.0,0.036363636
28012,Baked Products,"KELLOGGS,EGGO,FIBERPLUS WAFFLES,BTTRMLK","KELLOGGS, EGGO, FIBERPLUS Waffles, Buttermilk",,"Kellogg, Co.",,227,4.7,7.9,41.8,4.7,13.2,429.0,0.6,1.7,0.0,0.0,0,5.7,0.49,0.43,500,0.0,6.4,14,0.0,311,0.0,0.4,0.476666667,0.352941176,0.708333333,0.0,0.0,0.0,0.35625,0.376923077,0.358333333,0.416666667,0.0,0.033333333,0.444285714,0.0,0.036363636
28013,Baked Products,"KELLOGGS,EGGO,FIBERPLUS WAFFLES,CHOC CHIP","KELLOGGS, EGGO, FIBERPLUS Waffles, Chocolate Chip",,"Kellogg, Co.",,259,4.3,10.5,44.4,10.9,12.9,429.0,0.6,1.7,0.0,4.05,0,5.7,0.49,0.43,357,0.0,6.4,18,0.0,256,0.0,4.3,0.476666667,0.352941176,0.708333333,0.0,0.27,0.0,0.35625,0.376923077,0.358333333,0.2975,0.0,0.042857143,0.365714286,0.0,0.390909091
28014,Baked Products,"KELLOGGS,EGGO,WAFFLES,FRENCH TOAST","KELLOGGS, EGGO, Waffles, French Toast",,"Kellogg, Co.",,305,5.8,12.2,43.4,11.5,1.2,667.0,0.44,2.0,0.0,0.0,0,4.4,0.38,0.67,222,0.0,8.0,15,0.0,290,0.0,0.4,0.741111111,0.258823529,0.833333333,0.0,0.0,0.0,0.275,0.292307692,0.558333333,0.185,0.0,0.035714286,0.414285714,0.0,0.036363636
28015,Baked Products,"KELLOGGS,EGGO,WAFFLES,HOMESTYLE","KELLOGGS, EGGO, Waffles, Homestyle",,"Kellogg, Co.",,278,6.6,10.55,39.8,2.7,1.2,457.0,0.61,1.8,0.0,0.0,0,6.1,0.52,0.455,232,0.0,6.6,17,0.0,313,0.0,0.5,0.507777778,0.358823529,0.75,0.0,0.0,0.0,0.38125,0.4,0.379166667,0.193333333,0.0,0.04047619,0.447142857,0.0,0.045454545
28016,Baked Products,"KELLOGGS,EGGO PROT,WAFFLES,HOMESTYLE","KELLOGGS, EGGO Protein, Waffles, Homestyle",,"Kellogg, Co.",,281,10.8,10.2,37.0,2.7,1.2,429.0,0.57,1.7,0.0,3.6,0,5.7,0.49,0.43,357,0.0,6.4,18,0.0,286,0.0,0.4,0.476666667,0.335294118,0.708333333,0.0,0.24,0.0,0.35625,0.376923077,0.358333333,0.2975,0.0,0.042857143,0.408571429,0.0,0.036363636
28017,Baked Products,"KASHI,TLC,PITA CRISPS,SEA SALT","KASHI, TLC, Pita Crisps, Sea Salt",,"Kellogg, Co.",,381,10.5,9.2,72.4,5.4,14.7,0.0,0.08,0.0,0.0,0.0,0,1.9,0.1,0.25,0,0.0,2.2,34,0.0,99,0.0,0.5,0.0,0.047058824,0.0,0.0,0.0,0.0,0.11875,0.076923077,0.208333333,0.0,0.0,0.080952381,0.141428571,0.0,0.045454545
28018,Baked Products,"KELLOGGS,EGGO,NUTRI-GRAIN,WAFFLES,BLUEBERRY","KELLOGGS, EGGO, NUTRI-GRAIN, Waffles, Blueberry",,"Kellogg, Co.",,257,6.2,7.8,43.6,10.0,3.9,429.0,0.57,1.7,0.0,0.0,0,5.7,0.49,0.43,143,0.0,6.4,50,0.0,319,0.0,0.9,0.476666667,0.335294118,0.708333333,0.0,0.0,0.0,0.35625,0.376923077,0.358333333,0.119166667,0.0,0.119047619,0.455714286,0.0,0.081818182
28019,Baked Products,"KELLOGGS,EGGO,NUTRI-GRAIN,WAFFLES,HONEY OAT","KELLOGGS, EGGO, NUTRI-GRAIN, Waffles, Honey Oat",,"Kellogg, Co.",,268,6.6,8.6,44.1,10.5,3.8,429.0,0.57,1.7,0.0,0.0,0,5.7,0.49,0.43,184,0.0,6.4,26,0.0,286,0.0,0.6,0.476666667,0.335294118,0.708333333,0.0,0.0,0.0,0.35625,0.376923077,0.358333333,0.153333333,0.0,0.061904762,0.408571429,0.0,0.054545455
28020,Baked Products,"KASHI,TLC,PITA CRISPS,ZESTY SALSA","KASHI, TLC, Pita Crisps, Zesty Salsa",,"Kellogg, Co.",,381,11.0,9.3,71.6,2.9,15.3,149.0,0.1,0.0,0.0,0.0,0,2.1,0.11,0.26,0,0.0,2.7,34,0.0,102,0.0,0.6,0.165555556,0.058823529,0.0,0.0,0.0,0.0,0.13125,0.084615385,0.216666667,0.0,0.0,0.080952381,0.145714286,0.0,0.054545455
28021,Baked Products,"KELLOGGS,EGGO,NUTRI-GRAIN,WAFFLES,ORIGINAL","KELLOGGS, EGGO, NUTRI-GRAIN, Waffles, Original",,"Kellogg, Co.",,239,6.6,8.3,37.6,3.6,3.9,429.0,0.57,1.7,0.0,0.0,0,5.7,0.49,0.43,143,0.0,6.4,51,0.0,286,0.0,0.9,0.476666667,0.335294118,0.708333333,0.0,0.0,0.0,0.35625,0.376923077,0.358333333,0.119166667,0.0,0.121428571,0.408571429,0.0,0.081818182
28022,Baked Products,"KELLOGGS,EGGO SEASONS,WAFFLES,PUMPKIN SPICE","KELLOGGS, EGGO Seasons, Waffles, Pumpkin Spice",,"Kellogg, Co.",,296,5.5,12.2,41.4,9.2,1.5,429.0,0.57,1.7,0.0,0.0,0,5.7,0.49,0.43,143,0.0,6.4,23,0.0,325,0.0,0.4,0.476666667,0.335294118,0.708333333,0.0,0.0,0.0,0.35625,0.376923077,0.358333333,0.119166667,0.0,0.054761905,0.464285714,0.0,0.036363636
28023,Baked Products,"KELLOGGS,SIMPLY EGGO,ORIGINAL","KELLOGGS, SIMPLY EGGO, Original",,"Kellogg, Co.",,294,6.2,10.9,43.3,5.9,1.3,429.0,0.57,1.7,0.0,0.0,0,5.7,0.49,0.43,0,0.0,6.4,14,0.0,286,0.0,0.4,0.476666667,0.335294118,0.708333333,0.0,0.0,0.0,0.35625,0.376923077,0.358333333,0.0,0.0,0.033333333,0.408571429,0.0,0.036363636
28024,Baked Products,"KELLOGGS,EGGO,WAFFLES,STRAWBERRY","KELLOGGS, EGGO, Waffles, Strawberry",,"Kellogg, Co.",,265,5.5,8.7,41.6,9.3,1.1,429.0,0.57,1.7,0.0,0.0,0,5.7,0.49,0.43,143,0.0,6.4,14,0.0,281,0.0,0.4,0.476666667,0.335294118,0.708333333,0.0,0.0,0.0,0.35625,0.376923077,0.358333333,0.119166667,0.0,0.033333333,0.401428571,0.0,0.036363636
28025,Baked Products,"KELLOGGS,EGGO,THICK & FLUFFY,WAFFLES,BROWN SUGAR","KELLOGGS, EGGO, Thick & Fluffy, Waffles, Brown Sugar",,"Kellogg, Co.",,307,5.8,11.9,44.5,15.8,1.1,546.0,0.73,2.2,0.0,0.0,0,7.3,0.62,0.55,455,0.0,8.2,16,0.0,342,0.0,0.3,0.606666667,0.429411765,0.916666667,0.0,0.0,0.0,0.45625,0.476923077,0.458333333,0.379166667,0.0,0.038095238,0.488571429,0.0,0.027272727
28026,Baked Products,"KELLOGGS,EGGO,THICK & FLUFFY,WAFFLES,ORIGINAL","KELLOGGS, EGGO, Thick & Fluffy, Waffles, Original",,"Kellogg, Co.",,295,6.5,13.6,37.4,4.7,1.1,546.0,0.73,2.2,0.0,0.0,0,7.3,0.62,0.55,455,0.0,8.2,16,0.0,368,0.0,0.4,0.606666667,0.429411765,0.916666667,0.0,0.0,0.0,0.45625,0.476923077,0.458333333,0.379166667,0.0,0.038095238,0.525714286,0.0,0.036363636
28027,Baked Products,"FAMOUS AMOS,CHOC CHIP COOKIES","FAMOUS AMOS, Chocolate Chip Cookies",,"Kellogg, Co.",,503,4.5,24.1,67.7,32.4,2.8,0.0,0.0,0.0,0.0,0.0,0,2.0,0.18,0.33,0,0.0,1.2,33,0.0,49,0.0,0.5,0.0,0.0,0.0,0.0,0.0,0.0,0.125,0.138461538,0.275,0.0,0.0,0.078571429,0.07,0.0,0.045454545
28028,Baked Products,"FAMOUS AMOS,CHOC CHIP PECAN COOKIES","FAMOUS AMOS, Chocolate Chip Pecan Cookies",,"Kellogg, Co.",,519,5.8,27.0,63.8,31.8,3.3,0.0,0.04,0.0,0.0,0.0,0,2.3,0.21,0.34,0,0.0,2.5,47,0.0,106,0.0,1.0,0.0,0.023529412,0.0,0.0,0.0,0.0,0.14375,0.161538462,0.283333333,0.0,0.0,0.111904762,0.151428571,0.0,0.090909091
28029,Baked Products,"GIRL SCOUTS,CARAMEL DULCE DE LECHE COOKIES","GIRL SCOUTS, Caramel Dulce De Leche Cookies",,"Kellogg, Co.",,520,5.1,27.1,64.8,29.6,1.3,0.0,0.02,0.0,0.0,0.0,0,2.8,0.25,0.37,0,0.0,2.3,11,0.0,58,0.0,0.4,0.0,0.011764706,0.0,0.0,0.0,0.0,0.175,0.192307692,0.308333333,0.0,0.0,0.026190476,0.082857143,0.0,0.036363636
28030,Baked Products,"GIRL SCOUTS,CHALET COOKIES","GIRL SCOUTS, Chalet Cookies",,"Kellogg, Co.",,478,4.2,19.1,72.3,35.4,1.5,0.0,0.02,0.0,0.0,0.0,0,2.2,0.19,0.28,0,0.0,3.3,10,0.0,43,0.0,0.5,0.0,0.011764706,0.0,0.0,0.0,0.0,0.1375,0.146153846,0.233333333,0.0,0.0,0.023809524,0.061428571,0.0,0.045454545
28031,Baked Products,"GIRL SCOUTS,DO-SI-DOS COOKIES","GIRL SCOUTS, Do-si-dos Cookies",,"Kellogg, Co.",,478,8.1,21.4,66.0,31.1,3.7,0.0,0.0,0.0,0.0,0.0,0,10.2,0.15,0.26,0,0.0,3.4,0,0.0,31,0.0,0.0,0.0,0.0,0.0,0.0,0.0,0.0,0.6375,0.115384615,0.216666667,0.0,0.0,0.0,0.044285714,0.0,0.0
28032,Baked Products,"GIRL SCOUTS,SAMOAS COOKIES","GIRL SCOUTS, Samoas Cookies",,"Kellogg, Co.",,489,3.5,25.8,64.1,35.8,4.4,0.0,0.05,0.0,0.0,0.0,0,1.2,0.12,0.14,0,0.0,3.2,30,0.0,76,0.0,0.5,0.0,0.029411765,0.0,0.0,0.0,0.0,0.075,0.092307692,0.116666667,0.0,0.0,0.071428571,0.108571429,0.0,0.045454545
28033,Baked Products,"GIRL SCOUTS,TAGALONGS COOKIES","GIRL SCOUTS, Tagalongs Cookies",,"Kellogg, Co.",,558,8.1,35.3,52.2,30.9,3.5,0.0,0.0,0.0,0.0,0.0,0,4.5,0.09,0.14,0,0.0,2.1,17,0.0,37,0.0,0.2,0.0,0.0,0.0,0.0,0.0,0.0,0.28125,0.069230769,0.116666667,0.0,0.0,0.04047619,0.052857143,0.0,0.018181818
28034,Baked Products,"GIRL SCOUTS,THANK U BERRY MUNCH COOKIES","GIRL SCOUTS, Thank U Berry Munch Cookies",,"Kellogg, Co.",,491,4.6,21.6,70.0,28.9,1.8,0.0,0.0,0.0,0.0,0.0,0,2.6,0.21,0.31,0,0.0,2.3,2,0.0,42,0.0,0.0,0.0,0.0,0.0,0.0,0.0,0.0,0.1625,0.161538462,0.258333333,0.0,0.0,0.004761905,0.06,0.0,0.0
28035,Baked Products,"GIRL SCOUTS,THIN MINTS COOKIES","GIRL SCOUTS, Thin Mints Cookies",,"Kellogg, Co.",,502,4.5,24.2,67.3,32.0,2.3,0.0,0.0,0.0,0.0,0.0,0,2.5,0.19,0.29,0,0.0,3.0,25,0.0,75,0.0,0.3,0.0,0.0,0.0,0.0,0.0,0.0,0.15625,0.146153846,0.241666667,0.0,0.0,0.05952381,0.107142857,0.0,0.027272727
28036,Baked Products,"GIRL SCOUTS,TREFOILS COOKIES","GIRL SCOUTS, Trefoils Cookies",,"Kellogg, Co.",,498,5.7,22.9,68.0,20.7,1.6,0.0,0.0,0.0,0.0,0.0,0,3.6,0.29,0.43,0,0.0,3.0,1,0.0,15,0.0,0.1,0.0,0.0,0.0,0.0,0.0,0.0,0.225,0.223076923,0.358333333,0.0,0.0,0.002380952,0.021428571,0.0,0.009090909
28037,Baked Products,"JACKSONS,OLD FASHIONED LEMON JUMBLE COOKIES","JACKSONS, Old Fashioned Lemon Jumble Cookies",,"Kellogg, Co.",,469,5.7,18.1,71.7,31.6,1.4,0.0,0.02,0.0,0.0,0.0,0,3.2,0.27,0.42,0,0.0,2.6,12,0.0,119,0.0,0.4,0.0,0.011764706,0.0,0.0,0.0,0.0,0.2,0.207692308,0.35,0.0,0.0,0.028571429,0.17,0.0,0.036363636
28038,Baked Products,"JACKSONS,OLD FASHIONED VANILLA WAFERS","JACKSONS, Old Fashioned Vanilla Wafers",,"Kellogg, Co.",,453,5.0,15.4,74.0,33.9,1.1,0.0,0.02,0.0,0.0,0.0,0,3.0,0.24,0.35,0,0.0,2.6,10,0.0,69,0.0,0.4,0.0,0.011764706,0.0,0.0,0.0,0.0,0.1875,0.184615385,0.291666667,0.0,0.0,0.023809524,0.098571429,0.0,0.036363636
28039,Baked Products,"KASHI,TLC,HAPPY TRAIL MIX COOKIES","KASHI, TLC, Happy Trail Mix Cookies",,"Kellogg, Co.",,453,8.1,18.1,69.4,26.6,13.7,0.0,0.06,0.0,0.0,0.0,0,1.4,0.07,0.2,0,0.0,0.0,60,0.0,186,0.0,1.1,0.0,0.035294118,0.0,0.0,0.0,0.0,0.0875,0.053846154,0.166666667,0.0,0.0,0.142857143,0.265714286,0.0,0.1
28040,Baked Products,"KASHI,TLC,OATMEAL DK CHOC COOKIES","KASHI, TLC, Oatmeal Dark Chocolate Cookies",,"Kellogg, Co.",,426,7.2,16.3,67.0,27.2,12.2,0.0,0.0,0.0,0.0,0.0,0,0.0,0.0,0.0,0,0.0,0.0,0,0.0,0,0.0,0.0,0.0,0.0,0.0,0.0,0.0,0.0,0.0,0.0,0.0,0.0,0.0,0.0,0.0,0.0,0.0
28041,Baked Products,"KASHI,TLC,OATMEAL RAISIN FLAX COOKIES","KASHI, TLC, Oatmeal Raisin Flax Cookies",,"Kellogg, Co.",,414,7.7,15.2,67.0,24.8,12.8,0.0,0.08,0.0,0.0,0.0,0,0.9,0.08,0.16,0,0.0,0.0,62,0.0,200,0.0,1.0,0.0,0.047058824,0.0,0.0,0.0,0.0,0.05625,0.061538462,0.133333333,0.0,0.0,0.147619048,0.285714286,0.0,0.090909091
28043,Baked Products,"KEEBLER,ANIMALS,COOKIES","KEEBLER, ANIMALS, Cookies",,"Kellogg, Co.",,450,5.6,14.2,75.3,25.4,1.4,0.0,0.02,0.0,0.0,0.0,0,3.3,0.26,0.42,375,0.0,3.3,13,0.0,92,0.0,0.4,0.0,0.011764706,0.0,0.0,0.0,0.0,0.20625,0.2,0.35,0.3125,0.0,0.030952381,0.131428571,0.0,0.036363636
28044,Baked Products,"KEEBLER,ANIMALS,FRSTD COOKIES","KEEBLER, ANIMALS, Frosted Cookies",,"Kellogg, Co.",,506,3.0,24.1,70.0,41.1,0.9,0.0,0.0,0.0,0.0,0.0,0,1.7,0.15,0.28,0,0.0,0.0,0,0.0,5,0.0,0.0,0.0,0.0,0.0,0.0,0.0,0.0,0.10625,0.115384615,0.233333333,0.0,0.0,0.0,0.007142857,0.0,0.0
28045,Baked Products,"KEEBLER,ANIMALS,ICED COOKIES","KEEBLER, ANIMALS, Iced Cookies",,"Kellogg, Co.",,459,5.6,15.6,74.2,26.7,1.6,0.0,0.02,0.0,0.0,0.0,0,3.6,0.27,0.42,0,0.0,3.1,12,0.0,61,0.0,0.4,0.0,0.011764706,0.0,0.0,0.0,0.0,0.225,0.207692308,0.35,0.0,0.0,0.028571429,0.087142857,0.0,0.036363636
28046,Baked Products,"KEEBLER,ANIMALS,CRACKERS","KEEBLER, ANIMALS, Crackers",,"Kellogg, Co.",,450,5.6,14.2,75.3,25.4,1.4,0.0,0.02,0.0,0.0,0.0,0,3.3,0.26,0.42,345,0.0,3.3,13,0.0,92,0.0,0.4,0.0,0.011764706,0.0,0.0,0.0,0.0,0.20625,0.2,0.35,0.2875,0.0,0.030952381,0.131428571,0.0,0.036363636
28047,Baked Products,"KEEBLER,BAKERS TREASURES,CHOC CHIP COOKIE,SOFT","KEEBLER, BAKERS TREASURES, Chocolate Chip Cookie, soft",,"Kellogg, Co.",,437,5.3,16.0,69.9,36.2,2.4,0.0,0.02,0.0,0.0,0.0,0,2.6,0.31,0.35,0,0.0,3.3,31,0.0,79,0.0,0.6,0.0,0.011764706,0.0,0.0,0.0,0.0,0.1625,0.238461538,0.291666667,0.0,0.0,0.073809524,0.112857143,0.0,0.054545455
28048,Baked Products,"KEEBLER,BAKERS TREASURES,OATMEAL RAISIN COOKIE,SOFT","KEEBLER, BAKERS TREASURES, Oatmeal Raisin Cookie, soft",,"Kellogg, Co.",,420,6.1,14.4,69.1,32.3,3.6,0.0,0.03,0.0,0.0,0.0,0,2.2,0.27,0.29,0,0.0,2.6,10,0.0,45,0.0,0.2,0.0,0.017647059,0.0,0.0,0.0,0.0,0.1375,0.207692308,0.241666667,0.0,0.0,0.023809524,0.064285714,0.0,0.018181818
28049,Baked Products,"KEEBLER,CHS & CHEDDAR SNDWCH CRACKERS","KEEBLER, Cheese & Cheddar Sandwich Crackers",,"Kellogg, Co.",,502,8.1,25.9,59.5,13.4,1.3,0.0,0.0,0.0,0.0,0.0,0,3.5,0.27,0.41,159,0.0,3.2,12,0.0,176,0.0,0.0,0.0,0.0,0.0,0.0,0.0,0.0,0.21875,0.207692308,0.341666667,0.1325,0.0,0.028571429,0.251428571,0.0,0.0
28050,Baked Products,"KEEBLER,CLUB & CHEDDAR SNDWCH CRACKERS","KEEBLER, Club & Cheddar Sandwich Crackers",,"Kellogg, Co.",,494,8.4,24.0,61.3,14.1,1.3,0.0,0.0,0.0,0.0,0.0,0,3.6,0.27,0.42,155,0.0,3.2,12,0.0,138,0.0,0.0,0.0,0.0,0.0,0.0,0.0,0.0,0.225,0.207692308,0.35,0.129166667,0.0,0.028571429,0.197142857,0.0,0.0
28051,Baked Products,"KEEBLER,CHS ON WHEAT SNDWCH CRACKERS","KEEBLER, Cheese on Wheat Sandwich Crackers",,"Kellogg, Co.",,499,8.4,25.4,59.8,14.2,1.8,0.0,0.0,0.0,0.0,0.0,0,3.5,0.25,0.39,151,0.0,3.0,10,0.0,195,0.0,0.0,0.0,0.0,0.0,0.0,0.0,0.0,0.21875,0.192307692,0.325,0.125833333,0.0,0.023809524,0.278571429,0.0,0.0
28052,Baked Products,"KEEBLER,CHIPS DELUXE,CHOC LOVERS COOKIES","KEEBLER, CHIPS DELUXE, Chocolate Lovers Cookies",,"Kellogg, Co.",,508,5.5,27.2,63.0,34.0,3.1,0.0,0.02,0.0,0.0,0.0,0,2.1,0.2,0.28,0,0.0,3.6,52,0.0,154,0.0,0.9,0.0,0.011764706,0.0,0.0,0.0,0.0,0.13125,0.153846154,0.233333333,0.0,0.0,0.123809524,0.22,0.0,0.081818182
28053,Baked Products,"KEEBLER,CHIPS DELUXE,CHOC MALT CHUNK COOKIES","KEEBLER, CHIPS DELUXE, Chocolate Malt Chunk Cookies",,"Kellogg, Co.",,537,4.7,30.4,61.8,31.6,1.7,0.0,0.02,0.0,0.0,0.0,0,2.2,0.2,0.3,0,0.0,2.5,24,0.0,61,0.0,0.5,0.0,0.011764706,0.0,0.0,0.0,0.0,0.1375,0.153846154,0.25,0.0,0.0,0.057142857,0.087142857,0.0,0.045454545
28054,Baked Products,"KEEBLER,CHIPS DELUXE,COCNT COOKIES","KEEBLER, CHIPS DELUXE, Coconut Cookies",,"Kellogg, Co.",,530,5.7,29.3,61.5,28.4,3.7,0.0,0.04,0.0,0.0,0.0,0,2.2,0.2,0.3,0,0.0,2.5,28,0.0,75,0.0,0.5,0.0,0.023529412,0.0,0.0,0.0,0.0,0.1375,0.153846154,0.25,0.0,0.0,0.066666667,0.107142857,0.0,0.045454545
28055,Baked Products,"KEEBLER,CHIPS DELUXE,DK CHOC CHUNK COOKIES","KEEBLER, CHIPS DELUXE, Dark Chocolate Chunk Cookies",,"Kellogg, Co.",,518,4.3,27.5,64.0,31.2,2.6,0.0,0.0,0.0,0.0,0.0,0,2.0,0.17,0.33,0,0.0,2.8,33,0.0,47,0.0,0.5,0.0,0.0,0.0,0.0,0.0,0.0,0.125,0.130769231,0.275,0.0,0.0,0.078571429,0.067142857,0.0,0.045454545
28056,Baked Products,"KEEBLER,CHIPS DELUXE,MINI CHOC CHIP COOKIES","KEEBLER, CHIPS DELUXE, Mini Chocolate Chip Cookies",,"Kellogg, Co.",,498,5.2,23.1,68.0,31.0,2.4,0.0,0.02,0.0,0.0,0.0,0,2.7,0.21,0.35,0,0.0,3.6,36,0.0,76,0.0,0.8,0.0,0.011764706,0.0,0.0,0.0,0.0,0.16875,0.161538462,0.291666667,0.0,0.0,0.085714286,0.108571429,0.0,0.072727273
28057,Baked Products,"KEEBLER,CHIPS DELUXE,OATMEAL CHOC CHIP COOKIES","KEEBLER, CHIPS DELUXE, Oatmeal Chocolate Chip Cookies",,"Kellogg, Co.",,500,6.4,24.1,65.3,32.3,4.4,0.0,0.0,0.0,0.0,0.0,0,1.8,0.16,0.27,0,0.0,3.2,39,0.0,76,0.0,0.6,0.0,0.0,0.0,0.0,0.0,0.0,0.1125,0.123076923,0.225,0.0,0.0,0.092857143,0.108571429,0.0,0.054545455
28058,Baked Products,"KEEBLER,CHIPS DELUXE,ORIGINAL CHOC CHIP COOKIES","KEEBLER, CHIPS DELUXE, Original Chocolate Chip Cookies",,"Kellogg, Co.",,517,5.5,28.3,62.7,30.1,2.9,0.0,0.02,0.0,0.0,0.0,0,2.4,0.21,0.32,0,0.0,3.6,47,0.0,95,0.0,0.8,0.0,0.011764706,0.0,0.0,0.0,0.0,0.15,0.161538462,0.266666667,0.0,0.0,0.111904762,0.135714286,0.0,0.072727273
28059,Baked Products,"KEEBLER,CHIPS DELUXE,PNUT BUTTER CUPS COOKIES","KEEBLER, CHIPS DELUXE, Peanut Butter Cups Cookies",,"Kellogg, Co.",,519,6.0,28.9,60.8,30.2,2.3,0.0,0.01,0.0,0.0,0.0,0,2.6,0.17,0.32,0,0.0,1.3,29,0.0,54,0.0,0.5,0.0,0.005882353,0.0,0.0,0.0,0.0,0.1625,0.130769231,0.266666667,0.0,0.0,0.069047619,0.077142857,0.0,0.045454545
28060,Baked Products,"KEEBLER,CHIPS DELUXE,RAINBOW CHOC CHIP COOKIES","KEEBLER, CHIPS DELUXE, Rainbow Chocolate Chip Cookies",,"Kellogg, Co.",,502,5.1,25.5,65.0,33.5,2.4,0.0,0.01,0.0,0.0,0.0,0,2.3,0.18,0.28,0,0.0,3.0,25,0.0,57,0.0,0.6,0.0,0.005882353,0.0,0.0,0.0,0.0,0.14375,0.138461538,0.233333333,0.0,0.0,0.05952381,0.081428571,0.0,0.054545455
28061,Baked Products,"KEEBLER,CHIPS DELUXE,RAINBOW CHOC CHIP COOKIES,BITE SIZE","KEEBLER, CHIPS DELUXE, Rainbow Chocolate Chip Cookies, bite size",,"Kellogg, Co.",,505,4.75,23.9,68.55,35.3,1.7,0.0,0.01,0.0,0.0,0.45,0,2.2,0.185,0.3,0,0.0,2.7,18,0.0,40,0.0,0.25,0.0,0.005882353,0.0,0.0,0.03,0.0,0.1375,0.142307692,0.25,0.0,0.0,0.042857143,0.057142857,0.0,0.022727273
28062,Baked Products,"KEEBLER,CHIPS DELUXE,SOFT N CHEWY CHOC CHIP COOKIES","KEEBLER, CHIPS DELUXE, Soft n Chewy Chocolate Chip Cookies",,"Kellogg, Co.",,464,4.2,20.7,67.4,29.9,2.5,0.0,0.0,0.0,0.0,0.0,0,2.0,0.18,0.33,0,0.0,1.2,25,0.0,37,0.0,0.2,0.0,0.0,0.0,0.0,0.0,0.0,0.125,0.138461538,0.275,0.0,0.0,0.05952381,0.052857143,0.0,0.018181818
28063,Baked Products,"KEEBLER,CLUB,BUTTERY GARLIC CRACKERS","KEEBLER, CLUB, Buttery Garlic Crackers",,"Kellogg, Co.",,488,5.5,22.5,65.7,8.6,1.8,0.0,0.0,0.0,0.0,0.0,0,3.46,0.3,0.57,0,0.0,0.0,0,0.0,145,0.0,0.0,0.0,0.0,0.0,0.0,0.0,0.0,0.21625,0.230769231,0.475,0.0,0.0,0.0,0.207142857,0.0,0.0
28064,Baked Products,"KEEBLER,CLUB,DASH OF SALT CRACKERS","KEEBLER, CLUB, Dash of Salt Crackers",,"Kellogg, Co.",,490,6.8,22.4,66.3,7.3,2.1,0.0,0.03,0.0,0.0,0.0,0,4.5,0.34,0.56,0,0.0,4.2,22,0.0,273,0.0,0.7,0.0,0.017647059,0.0,0.0,0.0,0.0,0.28125,0.261538462,0.466666667,0.0,0.0,0.052380952,0.39,0.0,0.063636364
28065,Baked Products,"KEEBLER,CLUB,MINIS ORIGINAL CRACKERS","KEEBLER, CLUB, Minis Original Crackers",,"Kellogg, Co.",,479,6.0,21.2,66.4,8.0,2.2,0.0,0.02,0.0,0.0,0.0,0,3.2,0.27,0.4,0,0.0,4.7,13,0.0,259,0.0,0.6,0.0,0.011764706,0.0,0.0,0.0,0.0,0.2,0.207692308,0.333333333,0.0,0.0,0.030952381,0.37,0.0,0.054545455
28066,Baked Products,"KEEBLER,CLUB,MINIS MULTIGRAIN CRACKERS","KEEBLER, CLUB, Minis Multigrain Crackers",,"Kellogg, Co.",,470,7.3,19.8,67.4,10.7,3.7,0.0,0.1,0.0,0.0,0.0,0,3.1,0.26,0.38,0,0.0,4.5,39,0.0,221,0.0,1.3,0.0,0.058823529,0.0,0.0,0.0,0.0,0.19375,0.2,0.316666667,0.0,0.0,0.092857143,0.315714286,0.0,0.118181818
28067,Baked Products,"KEEBLER,CLUB,MULTIGRAIN CRACKERS","KEEBLER, CLUB, Multigrain Crackers",,"Kellogg, Co.",,466,7.1,20.4,65.9,12.0,3.5,0.0,0.0,0.0,0.0,0.0,0,3.4,0.28,0.52,0,0.0,0.0,29,0.0,292,0.0,0.0,0.0,0.0,0.0,0.0,0.0,0.0,0.2125,0.215384615,0.433333333,0.0,0.0,0.069047619,0.417142857,0.0,0.0
28068,Baked Products,"KEEBLER,CLUB,ORIGINAL CRACKERS","KEEBLER, CLUB, Original Crackers",,"Kellogg, Co.",,486,5.5,22.1,66.2,8.9,1.9,0.0,0.0,0.0,0.0,0.0,0,3.5,0.3,0.58,0,0.0,0.0,0,0.0,221,0.0,0.0,0.0,0.0,0.0,0.0,0.0,0.0,0.21875,0.230769231,0.483333333,0.0,0.0,0.0,0.315714286,0.0,0.0
28069,Baked Products,"KEEBLER,CLUB,RED FAT CRACKERS","KEEBLER, CLUB, Reduced Fat Crackers",,"Kellogg, Co.",,441,6.1,13.9,73.1,10.1,2.0,0.0,0.0,0.0,0.0,0.0,0,3.85,0.34,0.64,0,0.0,0.0,0,0.0,254,0.0,0.0,0.0,0.0,0.0,0.0,0.0,0.0,0.240625,0.261538462,0.533333333,0.0,0.0,0.0,0.362857143,0.0,0.0
28070,Baked Products,"KEEBLER,CLUB CRACKERS,SNACK STKS,HONEY WHEAT","KEEBLER, CLUB Crackers, Snack Sticks, Honey Wheat",,"Kellogg, Co.",,471,6.5,21.3,66.0,14.0,3.1,0.0,0.0,0.0,0.0,0.0,0,3.4,0.3,0.4,0,0.0,0.0,0,0.0,0,0.0,0.0,0.0,0.0,0.0,0.0,0.0,0.0,0.2125,0.230769231,0.333333333,0.0,0.0,0.0,0.0,0.0,0.0
28071,Baked Products,"KEEBLER,CLUB CRACKERS,SNACK STKS,ORIGINAL","KEEBLER, CLUB Crackers, Snack Sticks, Original",,"Kellogg, Co.",,475,6.0,22.2,65.0,9.5,2.4,0.0,0.0,0.0,0.0,0.0,0,4.0,0.3,0.5,0,0.0,0.0,0,0.0,0,0.0,0.0,0.0,0.0,0.0,0.0,0.0,0.0,0.25,0.230769231,0.416666667,0.0,0.0,0.0,0.0,0.0,0.0
28072,Baked Products,"KEEBLER,COUNTRY STYLE OATMEAL COOKIES W/ RAISINS","KEEBLER, Country Style Oatmeal Cookies with Raisins",,"Kellogg, Co.",,482,6.5,21.3,67.0,29.9,3.6,0.0,0.02,0.0,0.0,0.0,0,2.0,0.19,0.31,0,0.0,2.2,9,0.0,41,0.0,0.2,0.0,0.011764706,0.0,0.0,0.0,0.0,0.125,0.146153846,0.258333333,0.0,0.0,0.021428571,0.058571429,0.0,0.018181818
28073,Baked Products,"KEEBLER,DANISH WEDDING COOKIES","KEEBLER, Danish Wedding Cookies",,"Kellogg, Co.",,504,3.9,24.1,68.3,37.9,2.6,0.0,0.02,0.0,0.0,0.0,0,1.8,0.14,0.23,0,0.0,2.1,17,0.0,55,0.0,0.2,0.0,0.011764706,0.0,0.0,0.0,0.0,0.1125,0.107692308,0.191666667,0.0,0.0,0.04047619,0.078571429,0.0,0.018181818
28074,Baked Products,"KEEBLER,E.L. FUDGE,BUTTER FLAV COOKIES","KEEBLER, E.L. FUDGE, Butter Flavored Cookies",,"Kellogg, Co.",,482,5.5,20.5,70.0,33.9,3.4,0.0,0.02,0.0,0.0,0.0,0,2.5,0.22,0.31,0,0.0,3.2,22,0.0,63,0.0,0.6,0.0,0.011764706,0.0,0.0,0.0,0.0,0.15625,0.169230769,0.258333333,0.0,0.0,0.052380952,0.09,0.0,0.054545455
28075,Baked Products,"KEEBLER,E.L. FUDGE,DOUBLE STUFFED COOKIES","KEEBLER, E.L. FUDGE, Double Stuffed Cookies",,"Kellogg, Co.",,512,4.6,24.8,67.6,38.5,4.1,0.0,0.0,0.0,0.0,0.0,0,2.14,0.18,0.28,0,0.0,2.6,0,0.0,64,0.0,0.0,0.0,0.0,0.0,0.0,0.0,0.0,0.13375,0.138461538,0.233333333,0.0,0.0,0.0,0.091428571,0.0,0.0
28076,Baked Products,"KEEBLER,FUDGE SHOPPE,CHEESECAKE MIDDLES,DK CHOC","KEEBLER, FUDGE SHOPPE, Cheesecake Middles, Dark Chocolate",,"Kellogg, Co.",,506,4.4,26.5,64.7,33.7,4.1,0.0,0.0,0.0,0.0,0.0,0,1.7,0.12,0.22,0,0.0,3.5,24,0.0,41,0.0,0.1,0.0,0.0,0.0,0.0,0.0,0.0,0.10625,0.092307692,0.183333333,0.0,0.0,0.057142857,0.058571429,0.0,0.009090909
28077,Baked Products,"KEEBLER,FUDGE SHOPPE,CHEESECAKE MIDDLES,ORIGINAL GRAHAM COOK","KEEBLER, FUDGE SHOPPE, Cheesecake Middles, Original Graham Cookies",,"Kellogg, Co.",,507,4.2,26.2,65.5,33.2,3.2,0.0,0.0,0.0,0.0,0.0,0,1.7,0.12,0.25,0,0.0,2.6,8,0.0,21,0.0,0.1,0.0,0.0,0.0,0.0,0.0,0.0,0.10625,0.092307692,0.208333333,0.0,0.0,0.019047619,0.03,0.0,0.009090909
28078,Baked Products,"KEEBLER,FUDGE SHOPPE,MINT CREME MIDDLES,CHOC GRAHAM COOKIES","KEEBLER, FUDGE SHOPPE, Mint Creme Middles, Chocolate Graham Cookies",,"Kellogg, Co.",,516,4.3,27.2,65.4,38.9,3.2,0.0,0.05,0.0,0.0,0.0,0,2.0,0.13,0.21,0,0.0,1.7,41,0.0,83,0.0,0.5,0.0,0.029411765,0.0,0.0,0.0,0.0,0.125,0.1,0.175,0.0,0.0,0.097619048,0.118571429,0.0,0.045454545
28079,Baked Products,"KEEBLER,FUDGE SHOPPE,COCNT DREAMS COOKIES","KEEBLER, FUDGE SHOPPE, Coconut Dreams Cookies",,"Kellogg, Co.",,499,3.5,28.0,61.4,34.5,3.3,0.0,0.05,0.0,0.0,0.0,0,1.3,0.12,0.16,0,0.0,1.9,23,0.0,67,0.0,0.6,0.0,0.029411765,0.0,0.0,0.0,0.0,0.08125,0.092307692,0.133333333,0.0,0.0,0.054761905,0.095714286,0.0,0.054545455
28080,Baked Products,"KEEBLER,FUDGE SHOPPE,DELUXE GRAHAMS COOKIES","KEEBLER, FUDGE SHOPPE, Deluxe Grahams Cookies",,"Kellogg, Co.",,511,4.0,25.8,66.6,37.3,2.2,0.0,0.0,0.0,0.0,0.0,0,1.7,0.15,0.27,0,0.0,0.0,16,0.0,87,0.0,0.2,0.0,0.0,0.0,0.0,0.0,0.0,0.10625,0.115384615,0.225,0.0,0.0,0.038095238,0.124285714,0.0,0.018181818
28081,Baked Products,"KEEBLER,FUDGE SHOPPE,CARAMEL FILLED COOKIES","KEEBLER, FUDGE SHOPPE, Caramel Filled Cookies",,"Kellogg, Co.",,506,2.9,25.4,66.7,42.0,1.6,0.0,0.0,0.0,0.0,0.0,0,0.9,0.1,0.11,0,0.0,1.5,23,0.0,61,0.0,0.4,0.0,0.0,0.0,0.0,0.0,0.0,0.05625,0.076923077,0.091666667,0.0,0.0,0.054761905,0.087142857,0.0,0.036363636
28082,Baked Products,"KEEBLER,FUDGE SHOPPE,PNUT CREME FILLED COOKIES","KEEBLER, FUDGE SHOPPE, Peanut Creme Filled Cookies",,"Kellogg, Co.",,537,7.2,31.1,57.6,30.3,3.3,0.0,0.0,0.0,0.0,0.0,0,1.8,0.13,0.19,0,0.0,2.7,25,0.0,62,0.0,0.3,0.0,0.0,0.0,0.0,0.0,0.0,0.1125,0.1,0.158333333,0.0,0.0,0.05952381,0.088571429,0.0,0.027272727
28083,Baked Products,"KEEBLER,FUDGE SHOPPE,TRIPLE FUDGE FILLED COOKIES","KEEBLER, FUDGE SHOPPE, Triple Fudge Filled Cookies",,"Kellogg, Co.",,533,3.6,29.4,64.2,42.7,3.0,0.0,0.0,0.0,0.0,0.0,0,1.2,0.1,0.15,0,0.0,3.2,45,0.0,91,0.0,0.5,0.0,0.0,0.0,0.0,0.0,0.0,0.075,0.076923077,0.125,0.0,0.0,0.107142857,0.13,0.0,0.045454545
28084,Baked Products,"KEEBLER,FUDGE SHOPPE,FUDGE-DIPPED ICE CRM CUPS","KEEBLER, FUDGE SHOPPE, Fudge-Dipped Ice Cream Cups",,"Kellogg, Co.",,485,6.0,18.8,73.1,25.7,2.2,0.0,0.0,0.0,0.0,0.0,0,3.52,0.26,0.44,0,0.0,0.0,0,0.0,55,0.0,0.0,0.0,0.0,0.0,0.0,0.0,0.0,0.22,0.2,0.366666667,0.0,0.0,0.0,0.078571429,0.0,0.0
28085,Baked Products,"KEEBLER,FUDGE SHOPPE,FUDGE GRAHAMS,1/2 DIPPED,RED FAT","KEEBLER, FUDGE SHOPPE, Fudge Grahams, 1/2 Dipped, Reduced Fat",,"Kellogg, Co.",,470,5.6,17.0,73.7,34.1,3.2,0.0,0.0,0.0,0.0,0.0,0,2.5,0.2,0.39,0,0.0,4.8,4,0.0,147,0.0,0.8,0.0,0.0,0.0,0.0,0.0,0.0,0.15625,0.153846154,0.325,0.0,0.0,0.00952381,0.21,0.0,0.072727273
28086,Baked Products,"KEEBLER,FUDGE SHOPPE,FUDGE STKS","KEEBLER, FUDGE SHOPPE, Fudge Sticks",,"Kellogg, Co.",,529,2.6,27.1,68.8,53.0,1.3,0.0,0.01,0.0,0.0,0.0,0,1.1,0.11,0.14,0,0.0,1.3,19,0.0,49,0.0,0.3,0.0,0.005882353,0.0,0.0,0.0,0.0,0.06875,0.084615385,0.116666667,0.0,0.0,0.045238095,0.07,0.0,0.027272727
28087,Baked Products,"KEEBLER,FUDGE SHOPPE,FUDGE STRIPES,DK CHOC","KEEBLER, FUDGE SHOPPE, Fudge Stripes, Dark Chocolate",,"Kellogg, Co.",,487,4.3,21.5,70.1,39.9,3.1,0.0,0.01,0.0,0.0,0.0,0,2.0,0.18,0.27,0,0.0,2.1,43,0.0,68,0.0,0.4,0.0,0.005882353,0.0,0.0,0.0,0.0,0.125,0.138461538,0.225,0.0,0.0,0.102380952,0.097142857,0.0,0.036363636
28088,Baked Products,"KEEBLER,FUDGE SHOPPE,FUDGE STRIPES,HOLIDAY/SPIDERMAN","KEEBLER, FUDGE SHOPPE, Fudge Stripes, Holiday/Spiderman",,"Kellogg, Co.",,498,4.1,23.6,68.8,33.8,1.9,0.0,0.0,0.0,0.0,0.0,0,2.1,0.2,0.34,0,0.0,0.0,13,0.0,74,0.0,0.2,0.0,0.0,0.0,0.0,0.0,0.0,0.13125,0.153846154,0.283333333,0.0,0.0,0.030952381,0.105714286,0.0,0.018181818
28089,Baked Products,"KEEBLER,FUDGE SHOPPE,FUDGE STRIPES,MINI","KEEBLER, FUDGE SHOPPE, Fudge Stripes, Mini",,"Kellogg, Co.",,497,4.2,23.1,68.7,31.8,1.8,0.0,0.0,0.0,0.0,0.0,0,2.2,0.21,0.36,0,0.0,1.0,12,0.0,75,0.0,0.2,0.0,0.0,0.0,0.0,0.0,0.0,0.1375,0.161538462,0.3,0.0,0.0,0.028571429,0.107142857,0.0,0.018181818
28091,Baked Products,"KEEBLER,FUDGE SHOPPE,FUDGE STRIPES,OATMEAL","KEEBLER, FUDGE SHOPPE, Fudge Stripes, Oatmeal",,"Kellogg, Co.",,478,5.5,23.8,66.4,33.1,7.1,0.0,0.0,0.0,0.0,0.0,0,1.2,0.12,0.22,0,0.0,1.3,13,0.0,72,0.0,0.2,0.0,0.0,0.0,0.0,0.0,0.0,0.075,0.092307692,0.183333333,0.0,0.0,0.030952381,0.102857143,0.0,0.018181818
28092,Baked Products,"KEEBLER,FUDGE SHOPPE,FUDGE STRIPES,ORIGINAL","KEEBLER, FUDGE SHOPPE, Fudge Stripes, Original",,"Kellogg, Co.",,500,4.1,23.5,68.6,33.8,1.9,0.0,0.0,0.0,0.0,0.0,0,2.1,0.19,0.34,0,0.0,0.0,13,0.0,74,0.0,0.2,0.0,0.0,0.0,0.0,0.0,0.0,0.13125,0.146153846,0.283333333,0.0,0.0,0.030952381,0.105714286,0.0,0.018181818
28093,Baked Products,"KEEBLER,FUDGE SHOPPE,GRASSHOPPER COOKIES,FUDGE MINT","KEEBLER, FUDGE SHOPPE, Grasshopper Cookies, Fudge Mint",,"Kellogg, Co.",,499,4.0,23.7,68.3,39.7,2.4,0.0,0.0,0.0,0.0,0.0,0,1.9,0.17,0.26,0,0.0,1.7,31,0.0,76,0.0,0.2,0.0,0.0,0.0,0.0,0.0,0.0,0.11875,0.130769231,0.216666667,0.0,0.0,0.073809524,0.108571429,0.0,0.018181818
28094,Baked Products,"KEEBLER,FUDGE SHOPPE,JUMBO FUDGE STKS,VANILLA","KEEBLER, FUDGE SHOPPE, Jumbo Fudge Sticks, Vanilla",,"Kellogg, Co.",,530,2.4,27.3,68.6,51.2,1.7,0.0,0.0,0.0,0.0,0.0,0,0.0,0.01,0.0,0,0.0,1.5,0,0.0,4,0.0,0.0,0.0,0.0,0.0,0.0,0.0,0.0,0.0,0.007692308,0.0,0.0,0.0,0.0,0.005714286,0.0,0.0
28095,Baked Products,"KEEBLER,FUDGE SHOPPE,JUMBO FUDGE STKS,PNUT BUTTER","KEEBLER, FUDGE SHOPPE, Jumbo Fudge Sticks, Peanut Butter",,"Kellogg, Co.",,537,7.1,30.2,60.6,40.8,3.2,0.0,0.05,0.0,0.0,0.0,0,2.4,0.02,0.08,0,0.0,1.9,31,0.0,69,0.0,0.6,0.0,0.029411765,0.0,0.0,0.0,0.0,0.15,0.015384615,0.066666667,0.0,0.0,0.073809524,0.098571429,0.0,0.054545455
28096,Baked Products,"KEEBLER,FUDGE SHOPPE,MAGIC MIDDLES FUDGE FILLED COOKIES,ORIG","KEEBLER, FUDGE SHOPPE, Magic Middles Fudge Filled Cookies, Original",,"Kellogg, Co.",,521,5.0,28.2,62.5,33.0,1.9,0.0,0.02,0.0,0.0,0.0,0,2.2,0.2,0.3,0,0.0,1.2,8,0.0,41,0.0,0.3,0.0,0.011764706,0.0,0.0,0.0,0.0,0.1375,0.153846154,0.25,0.0,0.0,0.019047619,0.058571429,0.0,0.027272727
28097,Baked Products,"KEEBLER,FUDGE SHOPPE,MERRY MINT PATTIES,HOLIDAY","KEEBLER, FUDGE SHOPPE, Merry Mint Patties, Holiday",,"Kellogg, Co.",,528,2.9,27.7,66.7,44.3,1.4,0.0,0.01,0.0,0.0,0.0,0,1.2,0.11,0.16,0,0.0,2.2,16,0.0,60,0.0,0.4,0.0,0.005882353,0.0,0.0,0.0,0.0,0.075,0.084615385,0.133333333,0.0,0.0,0.038095238,0.085714286,0.0,0.036363636
28098,Baked Products,"KEEBLER,FUDGE SHOPPE,MAGIC MIDDLES FUDGE FILLED COOKIES,PNUT","KEEBLER, FUDGE SHOPPE, Magic Middles Fudge Filled Cookies, Peanut Butter",,"Kellogg, Co.",,514,6.9,28.4,59.2,34.5,2.7,0.0,0.01,0.0,0.0,0.0,0,1.7,0.16,0.23,0,0.0,1.2,6,0.0,87,0.0,0.2,0.0,0.005882353,0.0,0.0,0.0,0.0,0.10625,0.123076923,0.191666667,0.0,0.0,0.014285714,0.124285714,0.0,0.018181818
28099,Baked Products,"KEEBLER,FUDGE SHOPPE,JUMBO FUDGE STKS,MINT","KEEBLER, FUDGE SHOPPE, Jumbo Fudge Sticks, Mint",,"Kellogg, Co.",,525,2.6,27.2,67.6,50.1,1.8,0.0,0.0,0.0,0.0,0.0,0,0.0,0.01,0.0,0,0.0,1.6,0,0.0,3,0.0,0.0,0.0,0.0,0.0,0.0,0.0,0.0,0.0,0.007692308,0.0,0.0,0.0,0.0,0.004285714,0.0,0.0
28100,Baked Products,"KEEBLER,FUDGE SHOPPE,FUDGE STKS,PNUT BUTTER","KEEBLER, FUDGE SHOPPE, Fudge Sticks, Peanut Butter",,"Kellogg, Co.",,544,6.8,31.4,60.0,41.4,2.7,0.0,0.05,0.0,0.0,0.0,0,3.3,0.12,0.21,0,0.0,1.8,47,0.0,106,0.0,0.9,0.0,0.029411765,0.0,0.0,0.0,0.0,0.20625,0.092307692,0.175,0.0,0.0,0.111904762,0.151428571,0.0,0.081818182
28101,Baked Products,"KEEBLER,CINN TOAST GRAHAMS","KEEBLER, Cinnamon Toast Grahams",,"Kellogg, Co.",,429,7.3,13.2,73.9,26.0,4.8,450.0,0.96,0.0,0.0,0.45,0,8.1,0.76,0.9,300,0.0,3.4,53,0.0,148,0.0,1.2,0.5,0.564705882,0.0,0.0,0.03,0.0,0.50625,0.584615385,0.75,0.25,0.0,0.126190476,0.211428571,0.0,0.109090909
28102,Baked Products,"KEEBLER,GRIPZ,CHIPS DELUXE,CHOC CHIP COOKIES,BITE-SIZE","KEEBLER, GRIPZ, CHIPS DELUXE, Chocolate Chip Cookies, bite-size",,"Kellogg, Co.",,473,5.3,19.3,71.3,31.4,2.5,0.0,0.02,0.0,0.0,0.0,0,3.0,0.23,0.367,0,0.0,3.7,36,0.0,83,0.0,0.8,0.0,0.011764706,0.0,0.0,0.0,0.0,0.1875,0.176923077,0.305833333,0.0,0.0,0.085714286,0.118571429,0.0,0.072727273
28103,Baked Products,"KEEBLER,GRIPZ,CHIPS DELUXE,RAINBOW CHOC CHIP COOKIES,BITE-SI","KEEBLER, GRIPZ, CHIPS DELUXE, Rainbow Chocolate Chip Cookies, bite-size",,"Kellogg, Co.",,470,4.7,17.7,74.3,33.5,1.8,0.0,0.02,0.0,0.0,0.0,0,2.9,0.22,0.36,0,0.0,3.1,23,0.0,63,0.0,0.6,0.0,0.011764706,0.0,0.0,0.0,0.0,0.18125,0.169230769,0.3,0.0,0.0,0.054761905,0.09,0.0,0.054545455
28104,Baked Products,"KEEBLER,GRIPZ,CHOC CHIP GRAHAMS,BITE-SIZE","KEEBLER, GRIPZ, Chocolate Chip Grahams, bite-size",,"Kellogg, Co.",,433,7.4,12.9,75.6,22.8,11.0,600.0,0.12,0.0,0.0,0.0,0,3.8,0.2,0.36,400,0.0,3.7,67,0.0,166,0.0,1.4,0.666666667,0.070588235,0.0,0.0,0.0,0.0,0.2375,0.153846154,0.3,0.333333333,0.0,0.15952381,0.237142857,0.0,0.127272727
28105,Baked Products,"KEEBLER,GRIPZ,CINN GRAHAMS,BITE-SIZE","KEEBLER, GRIPZ, Cinnamon Grahams, bite-size",,"Kellogg, Co.",,415,7.4,12.9,75.6,20.5,10.4,901.0,0.12,0.0,0.0,0.0,0,4.0,0.22,0.38,400,0.0,3.8,56,0.0,149,0.0,1.3,1.001111111,0.070588235,0.0,0.0,0.0,0.0,0.25,0.169230769,0.316666667,0.333333333,0.0,0.133333333,0.212857143,0.0,0.118181818
28106,Baked Products,"KEEBLER,ALMOND CRESCENTS COOKIES,HOLIDAY","KEEBLER, Almond Crescents Cookies, Holiday",,"Kellogg, Co.",,482,5.1,20.5,70.1,26.0,1.6,0.0,0.0,0.0,0.0,0.0,0,3.3,0.25,0.39,0,0.0,2.8,4,0.0,31,0.0,0.0,0.0,0.0,0.0,0.0,0.0,0.0,0.20625,0.192307692,0.325,0.0,0.0,0.00952381,0.044285714,0.0,0.0
28107,Baked Products,"KEEBLER,GINGERBREAD MEN COOKIES,HOLIDAY","KEEBLER, Gingerbread Men Cookies, Holiday",,"Kellogg, Co.",,444,4.9,12.8,77.9,32.9,2.1,0.0,0.0,0.0,0.0,0.0,0,3.3,0.25,0.4,0,0.0,3.5,6,0.0,5,0.0,0.0,0.0,0.0,0.0,0.0,0.0,0.0,0.20625,0.192307692,0.333333333,0.0,0.0,0.014285714,0.007142857,0.0,0.0
28108,Baked Products,"KEEBLER,HOLIDAY JINGLES COOKIES","KEEBLER, Holiday Jingles Cookies",,"Kellogg, Co.",,470,5.0,17.4,73.9,28.2,1.5,0.0,0.0,0.0,0.0,0.0,0,3.5,0.26,0.42,0,0.0,2.9,0,0.0,3,0.0,0.0,0.0,0.0,0.0,0.0,0.0,0.0,0.21875,0.2,0.35,0.0,0.0,0.0,0.004285714,0.0,0.0
28109,Baked Products,"KEEBLER,ICED OATMEAL COOKIES","KEEBLER, Iced Oatmeal Cookies",,"Kellogg, Co.",,467,6.5,18.3,69.5,35.6,4.1,0.0,0.01,0.0,0.0,0.0,0,1.6,0.15,0.26,0,0.0,1.9,5,0.0,26,0.0,0.2,0.0,0.005882353,0.0,0.0,0.0,0.0,0.1,0.115384615,0.216666667,0.0,0.0,0.011904762,0.037142857,0.0,0.018181818
28110,Baked Products,"KEEBLER,TOAST & PNUT BUTTER SNDWCH CRACKERS","KEEBLER, Toast & Peanut Butter Sandwich Crackers",,"Kellogg, Co.",,489,10.6,23.8,60.2,11.6,3.2,0.0,0.0,0.0,0.0,0.0,0,3.5,0.27,0.41,54,0.0,3.3,12,0.0,118,0.0,0.0,0.0,0.0,0.0,0.0,0.0,0.0,0.21875,0.207692308,0.341666667,0.045,0.0,0.028571429,0.168571429,0.0,0.0
28111,Baked Products,"KEEBLER,READY CRUST,CHOC PIE CRUST","KEEBLER, READY CRUST, Chocolate Pie Crust",,"Kellogg, Co.",,490,5.1,22.05,67.7,28.7,1.8,0.0,0.0,0.0,0.0,0.0,0,2.45,0.195,0.29,0,0.0,2.92,29,0.0,138,0.0,0.0,0.0,0.0,0.0,0.0,0.0,0.0,0.153125,0.15,0.241666667,0.0,0.0,0.069047619,0.197142857,0.0,0.0
28112,Baked Products,"KEEBLER,READY CRUST,SHORTBREAD PIE CRUST","KEEBLER, READY CRUST, Shortbread Pie Crust",,"Kellogg, Co.",,502,4.4,23.1,69.1,26.6,1.3,0.0,0.0,0.0,0.0,0.0,0,2.6,0.22,0.3,0,0.0,2.3,0,0.0,89,0.0,0.0,0.0,0.0,0.0,0.0,0.0,0.0,0.1625,0.169230769,0.25,0.0,0.0,0.0,0.127142857,0.0,0.0
28113,Baked Products,"KEEBLER,100 CAL RIGHT BITES,CHIPS DELUXE,CHOC CHIP COOKIES","KEEBLER, 100 Calorie RIGHT BITES, CHIPS DELUXE, Chocolate Chip Cookies",,"Kellogg, Co.",,452,4.7,13.3,77.7,40.3,3.1,0.0,0.02,0.0,0.0,0.0,0,2.8,0.21,0.34,0,0.0,3.2,29,0.0,75,0.0,0.7,0.0,0.011764706,0.0,0.0,0.0,0.0,0.175,0.161538462,0.283333333,0.0,0.0,0.069047619,0.107142857,0.0,0.063636364
28114,Baked Products,"KEEBLER,100 CAL RIGHT BITES,FUDGE SHOPPE,DK CHOC FUDGE STRIP","KEEBLER, 100 Calorie RIGHT BITES, FUDGE SHOPPE, Dark Chocolate Fudge Stripes Cookies",,"Kellogg, Co.",,479,4.5,20.1,71.2,39.3,3.2,0.0,0.01,0.0,0.0,0.0,0,2.1,0.19,0.29,0,0.0,1.7,43,0.0,70,0.0,0.4,0.0,0.005882353,0.0,0.0,0.0,0.0,0.13125,0.146153846,0.241666667,0.0,0.0,0.102380952,0.1,0.0,0.036363636
28115,Baked Products,"KEEBLER,100 CAL RIGHT BITES,FUDGE SHOPPE,FUDGE COVERED PRETZ","KEEBLER, 100 Calorie RIGHT BITES, FUDGE SHOPPE, Fudge Covered Pretzels",,"Kellogg, Co.",,455,7.5,17.0,71.3,32.9,3.9,0.0,0.04,0.0,0.0,0.0,0,3.6,0.42,0.34,106,0.0,5.5,47,0.0,89,0.0,0.1,0.0,0.023529412,0.0,0.0,0.0,0.0,0.225,0.323076923,0.283333333,0.088333333,0.0,0.111904762,0.127142857,0.0,0.009090909
28116,Baked Products,"KEEBLER,100 CAL RIGHT BITES,FUDGE SHOPPE,COOKIES N CREME","KEEBLER, 100 Calorie RIGHT BITES, FUDGE SHOPPE, Cookies N Creme",,"Kellogg, Co.",,471,4.0,19.1,72.2,39.7,2.4,0.0,0.0,0.0,0.0,0.0,0,2.3,0.18,0.29,0,0.0,2.1,32,0.0,82,0.0,0.0,0.0,0.0,0.0,0.0,0.0,0.0,0.14375,0.138461538,0.241666667,0.0,0.0,0.076190476,0.117142857,0.0,0.0
28117,Baked Products,"KEEBLER,100 CAL RIGHT BITES,FUDGE SHOPPE,MINI BROWNIES","KEEBLER, 100 Calorie RIGHT BITES, FUDGE SHOPPE, Mini Brownies",,"Kellogg, Co.",,455,4.5,20.1,65.1,31.5,2.8,0.0,0.01,0.0,0.0,0.0,0,2.1,0.16,0.26,0,0.0,3.3,41,0.0,81,0.0,0.6,0.0,0.005882353,0.0,0.0,0.0,0.0,0.13125,0.123076923,0.216666667,0.0,0.0,0.097619048,0.115714286,0.0,0.054545455
28118,Baked Products,"KEEBLER,100 CAL RIGHT BITES,FUDGE SHOPPE,MINI FUDGE GRAHAMS","KEEBLER, 100 Calorie RIGHT BITES, FUDGE SHOPPE, Mini Fudge Grahams Cookies",,"Kellogg, Co.",,467,4.5,17.9,73.2,34.8,2.3,0.0,0.0,0.0,0.0,0.0,0,2.4,0.19,0.37,0,0.0,0.0,10,0.0,75,0.0,0.1,0.0,0.0,0.0,0.0,0.0,0.0,0.15,0.146153846,0.308333333,0.0,0.0,0.023809524,0.107142857,0.0,0.009090909
28119,Baked Products,"KEEBLER,100 CAL RIGHT BITES,FUDGE SHOPPE,MINI FUDGE STRIPES","KEEBLER, 100 Calorie RIGHT BITES, FUDGE SHOPPE, Mini Fudge Stripes Cookies",,"Kellogg, Co.",,470,4.0,17.8,74.3,39.2,1.9,0.0,0.0,0.0,0.0,0.0,0,2.1,0.2,0.34,0,0.0,0.0,13,0.0,72,0.0,0.2,0.0,0.0,0.0,0.0,0.0,0.0,0.13125,0.153846154,0.283333333,0.0,0.0,0.030952381,0.102857143,0.0,0.018181818
28120,Baked Products,"KEEBLER,100 CAL RIGHT BITES,FUDGE SHOPPE,MINI MINTS GRASSHOP","KEEBLER, 100 Calorie RIGHT BITES, FUDGE SHOPPE, Mini Mints Grasshopper Cookies",,"Kellogg, Co.",,456,5.2,15.4,75.0,34.5,2.9,0.0,0.01,0.0,0.0,0.0,0,2.4,0.23,0.38,0,0.0,0.0,28,0.0,93,0.0,0.4,0.0,0.005882353,0.0,0.0,0.0,0.0,0.15,0.176923077,0.316666667,0.0,0.0,0.066666667,0.132857143,0.0,0.036363636
28121,Baked Products,"KEEBLER,100 CAL RIGHT BITES,SANDIES SHORTBREAD COOKIES,FUDGE","KEEBLER, 100 Calorie RIGHT BITES, Sandies Shortbread Cookies, Fudge Dipped",,"Kellogg, Co.",,462,4.1,20.1,72.4,27.0,13.2,0.0,0.02,0.0,0.0,0.0,0,1.9,0.17,0.24,0,0.0,3.1,17,0.0,80,0.0,0.5,0.0,0.011764706,0.0,0.0,0.0,0.0,0.11875,0.130769231,0.2,0.0,0.0,0.04047619,0.114285714,0.0,0.045454545
28122,Baked Products,"KEEBLER,100 CAL RIGHT BITES,SANDIES SHORTBREAD COOKIES","KEEBLER, 100 Calorie RIGHT BITES, Sandies Shortbread Cookies",,"Kellogg, Co.",,468,5.2,17.2,73.9,25.8,1.4,0.0,0.02,0.0,0.0,0.0,0,3.4,0.26,0.41,0,0.0,2.9,11,0.0,56,0.0,0.5,0.0,0.011764706,0.0,0.0,0.0,0.0,0.2125,0.2,0.341666667,0.0,0.0,0.026190476,0.08,0.0,0.045454545
28123,Baked Products,"KEEBLER,100 CAL RIGHT BITES,WHITE FUDGE DIPPED PRETZELS","KEEBLER, 100 Calorie RIGHT BITES, White Fudge Dipped Pretzels",,"Kellogg, Co.",,483,7.0,20.0,68.8,31.7,2.3,0.0,0.0,0.0,0.0,0.0,0,3.1,0.35,0.33,112,0.0,2.2,0,0.0,88,0.0,0.0,0.0,0.0,0.0,0.0,0.0,0.0,0.19375,0.269230769,0.275,0.093333333,0.0,0.0,0.125714286,0.0,0.0
28124,Baked Products,"KEEBLER,SANDIES,CASHEW SHORTBREAD COOKIES","KEEBLER, SANDIES, Cashew Shortbread Cookies",,"Kellogg, Co.",,535,6.3,30.6,59.3,23.2,1.5,0.0,0.04,0.0,0.0,0.0,0,2.8,0.25,0.37,0,0.0,2.7,33,0.0,93,0.0,0.8,0.0,0.023529412,0.0,0.0,0.0,0.0,0.175,0.192307692,0.308333333,0.0,0.0,0.078571429,0.132857143,0.0,0.072727273
28125,Baked Products,"KEEBLER,SANDIES,CHOC CHIP & PECAN SHORTBREAD COOKIES","KEEBLER, SANDIES, Chocolate Chip & Pecan Shortbread Cookies",,"Kellogg, Co.",,546,5.6,32.1,59.2,26.5,2.4,0.0,0.03,0.0,0.0,0.0,0,2.5,0.22,0.36,0,0.0,2.9,32,0.0,83,0.0,0.7,0.0,0.017647059,0.0,0.0,0.0,0.0,0.15625,0.169230769,0.3,0.0,0.0,0.076190476,0.118571429,0.0,0.063636364
28126,Baked Products,"KEEBLER,SANDIES,DK CHOC ALMOND SHORTBREAD COOKIES","KEEBLER, SANDIES, Dark Chocolate Almond Shortbread Cookies",,"Kellogg, Co.",,540,6.1,31.0,59.9,26.5,2.6,0.0,0.02,0.0,0.0,0.45,0,2.5,0.22,0.33,0,0.0,3.1,32,0.0,77,0.0,0.6,0.0,0.011764706,0.0,0.0,0.03,0.0,0.15625,0.169230769,0.275,0.0,0.0,0.076190476,0.11,0.0,0.054545455
28127,Baked Products,"KEEBLER,SANDIES,PECAN SHORTBREAD COOKIES","KEEBLER, SANDIES, Pecan Shortbread Cookies",,"Kellogg, Co.",,541,5.0,31.7,59.0,22.5,1.9,0.0,0.03,0.0,0.0,0.0,0,2.3,0.21,0.32,0,0.0,3.4,16,0.0,54,0.0,0.7,0.0,0.017647059,0.0,0.0,0.0,0.0,0.14375,0.161538462,0.266666667,0.0,0.0,0.038095238,0.077142857,0.0,0.063636364
28128,Baked Products,"KEEBLER,SANDIES,PECAN SHORTBREAD COOKIES,BITE SIZE","KEEBLER, SANDIES, Pecan Shortbread Cookies, bite size",,"Kellogg, Co.",,547,5.0,32.6,58.7,22.5,1.6,0.0,0.03,0.0,0.0,0.45,0,2.8,0.22,0.36,0,0.0,2.5,17,0.0,64,0.0,0.6,0.0,0.017647059,0.0,0.0,0.03,0.0,0.175,0.169230769,0.3,0.0,0.0,0.04047619,0.091428571,0.0,0.054545455
28129,Baked Products,"KEEBLER,SANDIES,PECAN SHORTBREAD COOKIES,RED FAT","KEEBLER, SANDIES, Pecan Shortbread Cookies, Reduced Fat",,"Kellogg, Co.",,488,6.7,21.8,67.1,23.9,2.1,0.0,0.03,0.0,0.0,0.0,0,3.4,0.29,0.46,0,0.0,2.8,16,0.0,70,0.0,0.5,0.0,0.017647059,0.0,0.0,0.0,0.0,0.2125,0.223076923,0.383333333,0.0,0.0,0.038095238,0.1,0.0,0.045454545
28130,Baked Products,"KEEBLER,SOFT BATCH,CHOC CHIP COOKIES","KEEBLER, SOFT BATCH, Chocolate Chip Cookies",,"Kellogg, Co.",,477,3.6,22.1,66.2,36.9,1.7,0.0,0.01,0.0,0.0,0.0,0,2.0,0.15,0.25,0,0.0,2.1,17,0.0,138,0.0,0.5,0.0,0.005882353,0.0,0.0,0.0,0.0,0.125,0.115384615,0.208333333,0.0,0.0,0.04047619,0.197142857,0.0,0.045454545
28131,Baked Products,"KEEBLER,SWT CREMES COOKIES","KEEBLER, Sweet Cremes Cookies",,"Kellogg, Co.",,469,4.5,19.3,71.0,32.0,1.3,0.0,0.02,0.0,0.0,0.0,0,2.9,0.22,0.36,0,0.0,2.5,10,0.0,43,0.0,0.5,0.0,0.011764706,0.0,0.0,0.0,0.0,0.18125,0.169230769,0.3,0.0,0.0,0.023809524,0.061428571,0.0,0.045454545
28132,Baked Products,"KEEBLER,TSTD COCNT COOKIES","KEEBLER, Toasted Coconut Cookies",,"Kellogg, Co.",,475,3.8,20.2,69.9,41.2,2.3,0.0,0.04,0.0,0.0,0.0,0,2.1,0.17,0.26,0,0.0,2.1,15,0.0,49,0.0,0.5,0.0,0.023529412,0.0,0.0,0.0,0.0,0.13125,0.130769231,0.216666667,0.0,0.0,0.035714286,0.07,0.0,0.045454545
28133,Baked Products,"KEEBLER,TOASTEDS,BUTTERCRISPS CRACKERS","KEEBLER, TOASTEDS, Buttercrisps Crackers",,"Kellogg, Co.",,495,5.5,23.7,65.0,8.4,1.8,0.0,0.0,0.0,0.0,0.0,0,3.53,0.3,0.57,0,0.0,0.0,0,0.0,18,0.0,0.0,0.0,0.0,0.0,0.0,0.0,0.0,0.220625,0.230769231,0.475,0.0,0.0,0.0,0.025714286,0.0,0.0
28134,Baked Products,"KEEBLER,TOASTEDS,PARTY PK CRACKER ASSORTMENT","KEEBLER, TOASTEDS, Party Pack Cracker Assortment",,"Kellogg, Co.",,483,6.5,23.0,64.4,7.2,2.9,0.0,0.05,0.0,0.0,0.0,0,3.7,0.3,0.57,0,0.0,0.0,13,0.0,261,0.0,0.5,0.0,0.029411765,0.0,0.0,0.0,0.0,0.23125,0.230769231,0.475,0.0,0.0,0.030952381,0.372857143,0.0,0.045454545
28135,Baked Products,"KEEBLER,TOASTEDS,ONION CRACKERS","KEEBLER, TOASTEDS, Onion Crackers",,"Kellogg, Co.",,479,5.7,20.6,67.7,9.7,2.2,0.0,0.0,0.0,0.0,0.0,0,3.47,0.3,0.56,0,0.0,0.0,0,0.0,243,0.0,0.0,0.0,0.0,0.0,0.0,0.0,0.0,0.216875,0.230769231,0.466666667,0.0,0.0,0.0,0.347142857,0.0,0.0
28136,Baked Products,"KEEBLER,TOASTEDS,SESAME CRACKERS","KEEBLER, TOASTEDS, Sesame Crackers",,"Kellogg, Co.",,496,6.6,24.3,62.6,4.1,2.8,0.0,0.0,0.0,0.0,0.0,0,3.7,0.31,0.61,0,0.0,0.0,0,0.0,281,0.0,0.0,0.0,0.0,0.0,0.0,0.0,0.0,0.23125,0.238461538,0.508333333,0.0,0.0,0.0,0.401428571,0.0,0.0
28137,Baked Products,"KEEBLER,TOASTEDS,WHEAT CRACKERS","KEEBLER, TOASTEDS, Wheat Crackers",,"Kellogg, Co.",,466,8.3,20.0,66.1,9.0,4.0,0.0,0.0,0.0,0.0,0.0,0,4.3,0.3,0.52,0,0.0,4.2,33,0.0,367,0.0,0.0,0.0,0.0,0.0,0.0,0.0,0.0,0.26875,0.230769231,0.433333333,0.0,0.0,0.078571429,0.524285714,0.0,0.0
28138,Baked Products,"KEEBLER,TOWN HOUSE,BISTRO MULTIGRAIN CRACKERS","KEEBLER, TOWN HOUSE, Bistro Multigrain Crackers",,"Kellogg, Co.",,460,7.3,19.5,67.0,8.6,3.4,0.0,0.0,0.0,0.0,0.0,0,3.4,0.26,0.42,0,0.0,3.0,0,0.0,0,0.0,0.0,0.0,0.0,0.0,0.0,0.0,0.0,0.2125,0.2,0.35,0.0,0.0,0.0,0.0,0.0,0.0
28139,Baked Products,"KEEBLER,TOWN HOUSE,FLIPSIDES,PRETZEL CRACKERS,CHS","KEEBLER, TOWN HOUSE, FLIPSIDES, Pretzel Crackers, Cheese",,"Kellogg, Co.",,476,8.0,22.5,61.3,5.4,2.1,0.0,0.0,0.0,0.0,0.0,0,4.2,0.31,0.51,0,0.0,3.7,14,0.0,265,0.0,0.0,0.0,0.0,0.0,0.0,0.0,0.0,0.2625,0.238461538,0.425,0.0,0.0,0.033333333,0.378571429,0.0,0.0
28140,Baked Products,"KEEBLER,TOWN HOUSE,FLIPSIDES,PRETZEL CRACKERS,GARLIC HERB","KEEBLER, TOWN HOUSE, FLIPSIDES, Pretzel Crackers, Garlic Herb",,"Kellogg, Co.",,486,6.5,23.6,63.0,6.6,2.2,0.0,0.0,0.0,0.0,0.0,0,4.3,0.32,0.53,0,0.0,4.0,15,0.0,260,0.0,0.0,0.0,0.0,0.0,0.0,0.0,0.0,0.26875,0.246153846,0.441666667,0.0,0.0,0.035714286,0.371428571,0.0,0.0
28141,Baked Products,"KEEBLER,TOWN HOUSE,FLIPSIDES,PRETZEL CRACKERS,ORIGINAL","KEEBLER, TOWN HOUSE, FLIPSIDES, Pretzel Crackers, Original",,"Kellogg, Co.",,487,6.6,23.1,64.3,6.8,2.1,0.0,0.03,0.0,0.0,0.0,0,4.4,0.33,0.55,0,0.0,3.9,15,0.0,268,0.0,0.7,0.0,0.017647059,0.0,0.0,0.0,0.0,0.275,0.253846154,0.458333333,0.0,0.0,0.035714286,0.382857143,0.0,0.063636364
28142,Baked Products,"KEEBLER,TOWN HOUSE,ORIGINAL CRACKERS","KEEBLER, TOWN HOUSE, Original Crackers",,"Kellogg, Co.",,526,5.1,29.6,59.8,6.5,1.7,0.0,0.0,0.0,0.0,0.0,0,3.25,0.28,0.54,0,0.0,0.0,0,0.0,202,0.0,0.0,0.0,0.0,0.0,0.0,0.0,0.0,0.203125,0.215384615,0.45,0.0,0.0,0.0,0.288571429,0.0,0.0
28143,Baked Products,"KEEBLER,TOWN HOUSE,RED FAT CRACKERS","KEEBLER, TOWN HOUSE, Reduced Fat Crackers",,"Kellogg, Co.",,431,6.6,11.3,77.1,8.4,2.2,0.0,0.0,0.0,0.0,0.0,0,4.2,0.36,0.69,0,0.0,0.0,0,0.0,220,0.0,0.0,0.0,0.0,0.0,0.0,0.0,0.0,0.2625,0.276923077,0.575,0.0,0.0,0.0,0.314285714,0.0,0.0
28144,Baked Products,"KEEBLER,TOWN HOUSE,FLIPSIDES,PRETZEL CRACKERS,RED FAT","KEEBLER, TOWN HOUSE, FLIPSIDES, Pretzel Crackers, Reduced Fat",,"Kellogg, Co.",,450,7.2,16.0,70.4,7.5,2.3,0.0,0.03,0.0,0.0,0.0,0,4.8,0.36,0.6,0,0.0,4.3,16,0.0,293,0.0,0.8,0.0,0.017647059,0.0,0.0,0.0,0.0,0.3,0.276923077,0.5,0.0,0.0,0.038095238,0.418571429,0.0,0.072727273
28145,Baked Products,"KEEBLER,TOWN HOUSE,TOPPERS,GARLIC HERB CRACKERS","KEEBLER, TOWN HOUSE, TOPPERS, Garlic Herb Crackers",,"Kellogg, Co.",,483,6.4,19.0,71.6,8.0,2.8,0.0,0.0,0.0,0.0,0.0,0,3.5,0.3,0.57,0,0.0,3.0,0,0.0,0,0.0,0.0,0.0,0.0,0.0,0.0,0.0,0.0,0.21875,0.230769231,0.475,0.0,0.0,0.0,0.0,0.0,0.0
28146,Baked Products,"KEEBLER,TOWN HOUSE,TOPPERS,MULTIGRAIN CRACKERS","KEEBLER, TOWN HOUSE, TOPPERS, Multigrain Crackers",,"Kellogg, Co.",,462,7.6,18.5,68.4,13.7,3.4,0.0,0.0,0.0,0.0,0.0,0,3.9,0.3,0.46,0,0.0,3.6,34,0.0,287,0.0,0.0,0.0,0.0,0.0,0.0,0.0,0.0,0.24375,0.230769231,0.383333333,0.0,0.0,0.080952381,0.41,0.0,0.0
28147,Baked Products,"KEEBLER,TOWN HOUSE,TOPPERS,ORIGINAL CRACKERS","KEEBLER, TOWN HOUSE, TOPPERS, Original Crackers",,"Kellogg, Co.",,483,7.6,20.5,66.8,8.0,2.6,0.0,0.0,0.0,0.0,0.0,0,3.5,0.3,0.58,0,0.0,3.8,0,0.0,227,0.0,0.0,0.0,0.0,0.0,0.0,0.0,0.0,0.21875,0.230769231,0.483333333,0.0,0.0,0.0,0.324285714,0.0,0.0
28148,Baked Products,"KEEBLER,TOWN HOUSE,WHEAT CRACKERS","KEEBLER, TOWN HOUSE, Wheat Crackers",,"Kellogg, Co.",,489,6.3,24.4,63.2,3.1,2.8,0.0,0.01,0.0,0.0,0.0,0,3.8,0.31,0.56,0,0.0,0.0,5,0.0,333,0.0,0.1,0.0,0.005882353,0.0,0.0,0.0,0.0,0.2375,0.238461538,0.466666667,0.0,0.0,0.011904762,0.475714286,0.0,0.009090909
28149,Baked Products,"KEEBLER,TOWN HOUSE,FLATBREAD CRISPS,SEA SALT & OLIVE OIL CRA","KEEBLER, TOWN HOUSE, FLATBREAD CRISPS, Sea Salt and Olive Oil Crackers",,"Kellogg, Co.",,443,8.0,14.0,72.8,5.2,3.6,0.0,0.05,0.0,0.0,0.0,0,3.3,0.25,0.44,0,0.0,0.0,16,0.0,53,0.0,0.3,0.0,0.029411765,0.0,0.0,0.0,0.0,0.20625,0.192307692,0.366666667,0.0,0.0,0.038095238,0.075714286,0.0,0.027272727
28150,Baked Products,"KEEBLER,TRADITIONS,ICED LEMONADE COOKIES","KEEBLER, TRADITIONS, Iced Lemonade Cookies",,"Kellogg, Co.",,502,4.5,24.4,66.3,29.9,1.0,0.0,0.01,0.0,0.0,0.0,0,2.8,0.22,0.32,0,0.0,2.4,9,0.0,60,0.0,0.3,0.0,0.005882353,0.0,0.0,0.0,0.0,0.175,0.169230769,0.266666667,0.0,0.0,0.021428571,0.085714286,0.0,0.027272727
28151,Baked Products,"KEEBLER,TRADITIONS,ICED OATMEAL COOKIES","KEEBLER, TRADITIONS, Iced Oatmeal Cookies",,"Kellogg, Co.",,463,5.4,18.0,71.0,36.3,2.7,0.0,0.01,0.0,0.0,0.0,0,2.1,0.17,0.27,0,0.0,2.3,6,0.0,33,0.0,0.2,0.0,0.005882353,0.0,0.0,0.0,0.0,0.13125,0.130769231,0.225,0.0,0.0,0.014285714,0.047142857,0.0,0.018181818
28152,Baked Products,"KEEBLER,VANILLA WAFERS MINIS,RAINBOW","KEEBLER, Vanilla Wafers Minis, Rainbow",,"Kellogg, Co.",,466,4.0,18.3,72.3,31.1,1.3,0.0,0.0,0.0,0.0,0.0,0,2.5,0.23,0.42,0,0.0,0.0,0,0.0,41,0.0,0.0,0.0,0.0,0.0,0.0,0.0,0.0,0.15625,0.176923077,0.35,0.0,0.0,0.0,0.058571429,0.0,0.0
28153,Baked Products,"KEEBLER,VIENNA FINGERS W/ CREME FILLING","KEEBLER, Vienna Fingers with Creme Filling",,"Kellogg, Co.",,492,4.5,20.1,73.2,33.6,1.5,0.0,0.0,0.0,0.0,0.0,0,2.2,0.2,0.3,0,0.0,3.35,0,0.0,54,0.0,0.0,0.0,0.0,0.0,0.0,0.0,0.0,0.1375,0.153846154,0.25,0.0,0.0,0.0,0.077142857,0.0,0.0
28154,Baked Products,"KEEBLER,VIENNA FINGERS W/ CREME FILLING,RED FAT","KEEBLER, Vienna Fingers with Creme Filling, Reduced Fat",,"Kellogg, Co.",,465,4.5,15.0,78.1,37.2,1.5,0.0,0.0,0.0,0.0,0.0,0,2.28,0.2,0.3,0,0.0,3.4,0,0.0,91,0.0,0.0,0.0,0.0,0.0,0.0,0.0,0.0,0.1425,0.153846154,0.25,0.0,0.0,0.0,0.13,0.0,0.0
28155,Baked Products,"KEEBLER,WAFFLE BOWLS","KEEBLER, Waffle Bowls",,"Kellogg, Co.",,424,6.5,5.3,87.7,31.6,1.8,0.0,0.03,0.0,0.0,0.05,0,4.34,0.33,0.54,0,0.0,3.0,15,0.0,80,0.0,0.7,0.0,0.017647059,0.0,0.0,0.003333333,0.0,0.27125,0.253846154,0.45,0.0,0.0,0.035714286,0.114285714,0.0,0.063636364
28156,Baked Products,"KEEBLER,WAFFLE CONES","KEEBLER, Waffle Cones",,"Kellogg, Co.",,424,6.5,5.3,87.7,31.6,1.8,0.0,0.03,0.0,0.0,0.05,0,4.34,0.33,0.54,0,0.0,3.0,15,0.0,80,0.0,0.7,0.0,0.017647059,0.0,0.0,0.003333333,0.0,0.27125,0.253846154,0.45,0.0,0.0,0.035714286,0.114285714,0.0,0.063636364
28157,Baked Products,"KEEBLER,WHEATABLES,HONEY WHEAT CRACKERS","KEEBLER, WHEATABLES, Honey Wheat Crackers",,"Kellogg, Co.",,482,7.6,20.4,67.0,15.0,3.3,0.0,0.0,0.0,0.0,0.0,0,3.71,0.24,0.42,0,0.0,2.9,0,0.0,0,0.0,0.0,0.0,0.0,0.0,0.0,0.0,0.0,0.231875,0.184615385,0.35,0.0,0.0,0.0,0.0,0.0,0.0
28158,Baked Products,"KEEBLER,WHEATABLES,NUT CRISP CRACKERS,RSTD ALMOND","KEEBLER, WHEATABLES, Nut Crisp Crackers, Roasted Almond",,"Kellogg, Co.",,472,8.4,20.4,66.5,11.7,3.9,0.0,0.07,0.0,0.0,0.45,0,4.5,0.33,0.51,0,0.0,2.9,43,0.0,185,0.0,1.1,0.0,0.041176471,0.0,0.0,0.03,0.0,0.28125,0.253846154,0.425,0.0,0.0,0.102380952,0.264285714,0.0,0.1
28159,Baked Products,"KEEBLER,WHEATABLES,NUT CRISP CRACKERS,TSTD PECAN","KEEBLER, WHEATABLES, Nut Crisp Crackers, Toasted Pecan",,"Kellogg, Co.",,483,7.6,22.0,65.7,11.6,3.8,0.0,0.07,0.0,0.0,0.0,0,3.6,0.26,0.45,0,0.0,4.6,34,0.0,172,0.0,1.2,0.0,0.041176471,0.0,0.0,0.0,0.0,0.225,0.2,0.375,0.0,0.0,0.080952381,0.245714286,0.0,0.109090909
28160,Baked Products,"KELLOGGS,ALL-BRAN,GARLIC & HERB CRACKERS","KELLOGGS, ALL-BRAN, Garlic and Herb Crackers",,"Kellogg, Co.",,467,8.6,19.9,63.5,10.0,16.3,0.0,0.0,0.0,0.0,0.0,0,4.3,0.22,0.3,67,0.0,3.5,21,0.0,364,0.0,0.87,0.0,0.0,0.0,0.0,0.0,0.0,0.26875,0.169230769,0.25,0.055833333,0.0,0.05,0.52,0.0,0.079090909
28161,Baked Products,"KELLOGGS,ALL-BRAN,MULTIGRAIN CRACKERS","KELLOGGS, ALL-BRAN, Multigrain Crackers",,"Kellogg, Co.",,415,8.6,20.0,65.7,12.9,16.4,0.0,0.23,0.1,0.0,0.45,0,3.7,0.2,0.24,0,0.0,2.5,71,0.0,363,0.0,2.0,0.0,0.135294118,0.041666667,0.0,0.03,0.0,0.23125,0.153846154,0.2,0.0,0.0,0.169047619,0.518571429,0.0,0.181818182
28162,Baked Products,"KELLOGGS,CORN FLAKES CRUMBS","KELLOGGS, Corn Flakes Crumbs",,"Kellogg, Co.",,367,7.5,0.4,84.4,9.3,1.2,64.0,0.6,0.0,0.0,0.0,0,4.8,2.6,2.02,0,0.0,13.3,40,0.0,87,0.0,1.0,0.071111111,0.352941176,0.0,0.0,0.0,0.0,0.3,2.0,1.683333333,0.0,0.0,0.095238095,0.124285714,0.0,0.090909091
28163,Baked Products,"KELLOGGS,POP-TARTS,FRSTD APPL STRUDEL TOASTER PASTRIES","KELLOGGS, POP-TARTS, Frosted Apple Strudel Toaster Pastries",,"Kellogg, Co.",,395,4.4,10.8,70.5,28.0,1.5,363.0,0.71,0.0,0.0,0.0,0,4.9,0.48,0.4,0,0.0,4.9,6,0.0,45,0.0,0.3,0.403333333,0.417647059,0.0,0.0,0.0,0.0,0.30625,0.369230769,0.333333333,0.0,0.0,0.014285714,0.064285714,0.0,0.027272727
28164,Baked Products,"KELLOGGS,POP-TARTS,FRSTD BLUEBERRY MUFFIN TOASTER PASTRIES","KELLOGGS, POP-TARTS, Frosted Blueberry Muffin Toaster Pastries",,"Kellogg, Co.",,397,4.0,10.9,70.9,27.6,1.1,300.0,0.4,0.0,0.0,0.0,0,4.0,0.34,0.3,0,0.0,3.6,6,0.0,45,0.0,0.3,0.333333333,0.235294118,0.0,0.0,0.0,0.0,0.25,0.261538462,0.25,0.0,0.0,0.014285714,0.064285714,0.0,0.027272727
28165,Baked Products,"KELLOGGS,POP-TARTS,CHOC CHIP COOKIE DOUGH TOASTER PASTRIES","KELLOGGS, POP-TARTS, Chocolate Chip Cookie Dough Toaster Pastries",,"Kellogg, Co.",,387,4.5,10.5,69.4,35.5,1.5,300.0,0.4,0.0,0.0,0.0,0,4.0,0.34,0.3,200,0.0,3.6,12,0.0,83,0.0,0.3,0.333333333,0.235294118,0.0,0.0,0.0,0.0,0.25,0.261538462,0.25,0.166666667,0.0,0.028571429,0.118571429,0.0,0.027272727
28167,Baked Products,"KELLOGGS,POP-TARTS,FRSTD CINN ROLL TOASTER PASTRIES","KELLOGGS, POP-TARTS, Frosted Cinnamon Roll Toaster Pastries",,"Kellogg, Co.",,416,4.7,14.1,67.8,26.2,1.4,300.0,0.4,0.0,0.0,0.0,0,4.0,0.34,0.3,0,0.0,3.6,7,0.0,43,0.0,0.3,0.333333333,0.235294118,0.0,0.0,0.0,0.0,0.25,0.261538462,0.25,0.0,0.0,0.016666667,0.061428571,0.0,0.027272727
28168,Baked Products,"KELLOGGS,POP-TARTS,FRSTD CONFETTI CAKE TOASTER PASTRIES","KELLOGGS, POP-TARTS, Frosted Confetti Cake Toaster Pastries",,"Kellogg, Co.",,375,4.4,7.4,73.0,29.3,1.3,355.0,0.58,0.0,0.0,0.0,0,5.0,0.49,0.44,209,0.0,5.1,8,0.0,120,0.0,0.3,0.394444444,0.341176471,0.0,0.0,0.0,0.0,0.3125,0.376923077,0.366666667,0.174166667,0.0,0.019047619,0.171428571,0.0,0.027272727
28169,Baked Products,"KELLOGGS,POP-TARTS,FRSTD COOKIES & CREME TOASTER PASTRIES","KELLOGGS, POP-TARTS, Frosted Cookies & Creme Toaster Pastries",,"Kellogg, Co.",,379,4.9,9.8,69.3,38.3,2.6,397.0,0.78,0.0,0.0,0.0,0,4.8,0.49,0.7,241,0.0,8.4,32,0.0,141,0.0,0.5,0.441111111,0.458823529,0.0,0.0,0.0,0.0,0.3,0.376923077,0.583333333,0.200833333,0.0,0.076190476,0.201428571,0.0,0.045454545
28170,Baked Products,"KELLOGGS,POP-TARTS,FRSTD ORANGE CRM TOASTER PASTRIES","KELLOGGS, POP-TARTS, Frosted Orange Cream Toaster Pastries",,"Kellogg, Co.",,401,3.9,11.5,70.6,31.8,1.1,300.0,0.4,0.0,0.0,0.0,0,4.0,0.34,0.3,0,0.0,4.6,0,0.0,44,0.0,0.0,0.333333333,0.235294118,0.0,0.0,0.0,0.0,0.25,0.261538462,0.25,0.0,0.0,0.0,0.062857143,0.0,0.0
28171,Baked Products,"KELLOGGS,POP-TARTS,FRSTD PUMPKIN PIE TOASTER PASTRIES","KELLOGGS, POP-TARTS, Frosted Pumpkin Pie Toaster Pastries",,"Kellogg, Co.",,394,4.7,10.5,70.6,28.6,1.5,300.0,0.4,0.0,0.0,0.0,0,4.0,0.34,0.3,0,0.0,3.6,30,0.0,58,0.0,0.3,0.333333333,0.235294118,0.0,0.0,0.0,0.0,0.25,0.261538462,0.25,0.0,0.0,0.071428571,0.082857143,0.0,0.027272727
28172,Baked Products,"KELLOGGS,POP-TARTS,FRSTD SPRING BERRY TOASTER PASTRIES","KELLOGGS, POP-TARTS, Frosted Spring Berry Toaster Pastries",,"Kellogg, Co.",,390,4.0,9.6,72.3,31.3,1.3,289.0,0.38,0.0,0.0,0.0,0,3.8,0.33,0.29,0,0.0,3.5,6,0.0,43,0.0,0.3,0.321111111,0.223529412,0.0,0.0,0.0,0.0,0.2375,0.253846154,0.241666667,0.0,0.0,0.014285714,0.061428571,0.0,0.027272727
28173,Baked Products,"KELLOGGS,POP-TARTS,FRSTD SUGAR COOKIE TOASTER PASTRIES","KELLOGGS, POP-TARTS, Frosted Sugar Cookie Toaster Pastries",,"Kellogg, Co.",,393,4.5,10.6,70.2,27.5,1.3,300.0,0.4,0.0,0.0,0.0,0,4.0,0.34,0.3,200,0.0,3.6,8,0.0,66,0.0,0.3,0.333333333,0.235294118,0.0,0.0,0.0,0.0,0.25,0.261538462,0.25,0.166666667,0.0,0.019047619,0.094285714,0.0,0.027272727
28174,Baked Products,"KELLOGGS,POP-TARTS,FRSTD WAFFLE CONE TOASTER PASTRIES","KELLOGGS, POP-TARTS, Frosted Waffle Cone Toaster Pastries",,"Kellogg, Co.",,373,3.9,6.8,74.3,32.4,1.2,300.0,0.4,0.0,0.0,0.0,0,4.0,0.34,0.3,200,0.0,3.6,10,0.0,45,0.0,0.3,0.333333333,0.235294118,0.0,0.0,0.0,0.0,0.25,0.261538462,0.25,0.166666667,0.0,0.023809524,0.064285714,0.0,0.027272727
28175,Baked Products,"KELLOGGS,POP-TARTS,FRSTD WILD FRUIT FUSION TOASTER PASTRIES","KELLOGGS, POP-TARTS, Frosted Wild Fruit Fusion Toaster Pastries",,"Kellogg, Co.",,391,3.9,9.7,72.3,30.8,1.3,300.0,0.4,0.0,0.0,0.0,0,4.0,0.34,0.3,0,0.0,3.6,6,0.0,47,0.0,0.3,0.333333333,0.235294118,0.0,0.0,0.0,0.0,0.25,0.261538462,0.25,0.0,0.0,0.014285714,0.067142857,0.0,0.027272727
28176,Baked Products,"KELLOGGS,POP-TARTS,FRSTD WILD GRAPE TOASTER PASTRIES","KELLOGGS, POP-TARTS, Frosted Wild Grape Toaster Pastries",,"Kellogg, Co.",,390,4.1,9.8,71.8,30.5,1.3,370.0,0.73,0.0,0.0,0.0,0,4.9,0.48,0.39,0,0.0,4.8,6,0.0,45,0.0,0.3,0.411111111,0.429411765,0.0,0.0,0.0,0.0,0.30625,0.369230769,0.325,0.0,0.0,0.014285714,0.064285714,0.0,0.027272727
28177,Baked Products,"KELLOGGS,POP-TARTS,FRSTD WILD STRAWBERRY TOASTER PASTRIES","KELLOGGS, POP-TARTS, Frosted Wild Strawberry Toaster Pastries",,"Kellogg, Co.",,391,3.9,9.7,72.1,30.6,1.3,300.0,0.4,0.0,0.0,0.0,0,4.0,0.34,0.3,0,0.0,3.6,6,0.0,47,0.0,0.3,0.333333333,0.235294118,0.0,0.0,0.0,0.0,0.25,0.261538462,0.25,0.0,0.0,0.014285714,0.067142857,0.0,0.027272727
28178,Baked Products,"KELLOGGS,POP-TARTS,ICE CRM SHOPPE FRSTD HOT FUDGE SUNDAE TO","KELLOGGS, POP-TARTS, Ice Cream Shoppe Frosted Hot Fudge Sundae Toaster Pastries",,"Kellogg, Co.",,391,4.4,10.8,69.8,24.7,3.3,300.0,0.4,0.0,0.0,0.0,0,4.2,0.34,0.3,200,0.0,3.6,0,0.0,45,0.0,0.0,0.333333333,0.235294118,0.0,0.0,0.0,0.0,0.2625,0.261538462,0.25,0.166666667,0.0,0.0,0.064285714,0.0,0.0
28179,Baked Products,"KELLOGGS,POP-TARTS,ICE CRM SHOPPE FRSTD ICE CREME SNDWCH TO","KELLOGGS, POP-TARTS, Ice Cream Shoppe Frosted Ice Creme Sandwich Toaster Pastries",,"Kellogg, Co.",,390,4.6,10.9,69.4,23.5,3.5,313.0,0.4,0.0,0.0,0.0,0,4.2,0.35,0.31,208,0.0,3.8,18,0.0,101,0.0,0.5,0.347777778,0.235294118,0.0,0.0,0.0,0.0,0.2625,0.269230769,0.258333333,0.173333333,0.0,0.042857143,0.144285714,0.0,0.045454545
28180,Baked Products,"KELLOGGS,POP-TARTS,ICE CRM SHOPPE FRSTD RAINBOW CHIP TOASTE","KELLOGGS, POP-TARTS, Ice Cream Shoppe Frosted Rainbow Chip Toaster Pastries",,"Kellogg, Co.",,400,4.0,11.2,70.8,30.3,1.1,300.0,0.4,0.0,0.0,0.0,0,4.0,0.34,0.3,200,0.0,3.6,8,0.0,87,0.0,0.3,0.333333333,0.235294118,0.0,0.0,0.0,0.0,0.25,0.261538462,0.25,0.166666667,0.0,0.019047619,0.124285714,0.0,0.027272727
28181,Baked Products,"KELLOGGS,POP-TARTS,ICE CRM SHOPPE FRSTD STRAWBERRY MILKSHAK","KELLOGGS, POP-TARTS, Ice Cream Shoppe Frosted Strawberry Milkshake Toaster Pastries",,"Kellogg, Co.",,397,4.0,11.3,70.0,23.9,2.7,313.0,0.4,0.0,0.0,0.0,0,4.2,0.35,0.31,208,0.0,3.8,7,0.0,45,0.0,0.3,0.347777778,0.235294118,0.0,0.0,0.0,0.0,0.2625,0.269230769,0.258333333,0.173333333,0.0,0.016666667,0.064285714,0.0,0.027272727
28182,Baked Products,"KELLOGGS,POP-TARTS,ICE CRM SHOPPE FRSTD VANILLA MILKSHAKE T","KELLOGGS, POP-TARTS, Ice Cream Shoppe Frosted Vanilla Milkshake Toaster Pastries",,"Kellogg, Co.",,398,4.0,11.3,70.1,23.9,2.7,313.0,0.4,0.0,0.0,0.0,0,4.2,0.35,0.31,208,0.0,3.8,7,0.0,45,0.0,0.3,0.347777778,0.235294118,0.0,0.0,0.0,0.0,0.2625,0.269230769,0.258333333,0.173333333,0.0,0.016666667,0.064285714,0.0,0.027272727
28183,Baked Products,"KELLOGGS,POP-TARTS MINI CRISPS,CINN BROWN SUGAR BKD BITES","KELLOGGS, POP-TARTS MINI CRISPS, Cinnamon Brown Sugar Baked Bites",,"Kellogg, Co.",,433,4.8,11.0,79.0,33.4,1.7,653.0,0.87,0.0,0.0,0.0,0,8.7,0.74,0.65,0,0.0,7.8,11,0.0,45,0.0,0.5,0.725555556,0.511764706,0.0,0.0,0.0,0.0,0.54375,0.569230769,0.541666667,0.0,0.0,0.026190476,0.064285714,0.0,0.045454545
28184,Baked Products,"KELLOGGS,POP-TARTS MINI CRISPS,FRSTD CHOC BKD BITES","KELLOGGS, POP-TARTS MINI CRISPS, Frosted Chocolate Baked Bites",,"Kellogg, Co.",,438,5.0,11.6,78.9,35.8,2.2,653.0,0.9,0.0,0.0,0.0,0,8.7,0.74,0.65,0,0.0,7.8,21,0.0,58,0.0,0.6,0.725555556,0.529411765,0.0,0.0,0.0,0.0,0.54375,0.569230769,0.541666667,0.0,0.0,0.05,0.082857143,0.0,0.054545455
28185,Baked Products,"KELLOGGS,POP-TARTS MINI CRISPS,FRSTD STRAWBERRY BKD BITES","KELLOGGS, POP-TARTS MINI CRISPS, Frosted Strawberry Baked Bites",,"Kellogg, Co.",,440,4.7,11.8,79.1,35.3,1.5,1026.0,0.99,0.0,0.0,0.0,0,10.9,1.12,1.11,0,0.0,9.4,10,0.0,44,0.0,0.5,1.14,0.582352941,0.0,0.0,0.0,0.0,0.68125,0.861538462,0.925,0.0,0.0,0.023809524,0.062857143,0.0,0.045454545
28186,Baked Products,"KELLOGGS,SPL K,CRACKER CHIPS,CHEDDAR","KELLOGGS, SPECIAL K, Cracker Chips, Cheddar",,"Kellogg, Co.",,382,6.4,9.4,73.7,4.3,9.2,129.0,0.36,0.0,0.0,0.0,0,4.1,0.08,0.57,81,0.0,1.8,52,0.0,120,0.0,0.4,0.143333333,0.211764706,0.0,0.0,0.0,0.0,0.25625,0.061538462,0.475,0.0675,0.0,0.123809524,0.171428571,0.0,0.036363636
28187,Baked Products,"KELLOGGS,SPL K,CRACKER CHIPS,SEA SALT","KELLOGGS, SPECIAL K, Cracker Chips, Sea Salt",,"Kellogg, Co.",,361,6.8,7.6,75.4,0.6,10.8,0.0,0.39,0.0,0.0,0.0,0,4.4,0.08,0.61,0,0.0,1.8,72,0.0,190,0.0,1.0,0.0,0.229411765,0.0,0.0,0.0,0.0,0.275,0.061538462,0.508333333,0.0,0.0,0.171428571,0.271428571,0.0,0.090909091
28188,Baked Products,"KELLOGGS,SPL K,CRACKER CHIPS,SOUR CRM & ONION","KELLOGGS, SPECIAL K, Cracker Chips, Sour Cream & Onion",,"Kellogg, Co.",,365,7.1,8.0,74.3,3.5,9.8,0.0,0.38,0.0,0.0,1.35,0,4.1,0.18,0.58,69,0.0,1.7,67,0.0,202,0.0,1.0,0.0,0.223529412,0.0,0.0,0.09,0.0,0.25625,0.138461538,0.483333333,0.0575,0.0,0.15952381,0.288571429,0.0,0.090909091
28189,Baked Products,"KELLOGGS,SPL K,CRACKER CHIPS,SOUTHWEST RANCH","KELLOGGS, SPECIAL K, Cracker Chips, Southwest Ranch",,"Kellogg, Co.",,380,6.2,8.7,74.8,4.3,9.3,0.0,0.36,0.0,0.0,0.0,0,4.1,0.08,0.56,74,0.0,2.0,52,0.0,119,0.0,0.4,0.0,0.211764706,0.0,0.0,0.0,0.0,0.25625,0.061538462,0.466666667,0.061666667,0.0,0.123809524,0.17,0.0,0.036363636
28190,Baked Products,"KELLOGGS,SPL K,MULTIGRAIN CRACKERS","KELLOGGS, SPECIAL K, Multigrain Crackers",,"Kellogg, Co.",,401,9.0,9.4,75.4,20.8,8.6,0.0,0.12,0.0,0.0,0.0,0,2.7,0.19,0.35,0,0.0,2.5,30,0.0,97,0.0,1.1,0.0,0.070588235,0.0,0.0,0.0,0.0,0.16875,0.146153846,0.291666667,0.0,0.0,0.071428571,0.138571429,0.0,0.1
28191,Baked Products,"KELLOGGS,SPL K,SAVORY HERB CRACKERS","KELLOGGS, SPECIAL K, Savory Herb Crackers",,"Kellogg, Co.",,406,10.9,10.0,73.8,10.6,9.8,0.0,0.25,0.1,0.0,0.0,0,3.8,0.25,0.37,0,0.0,3.9,80,0.0,264,0.0,2.3,0.0,0.147058824,0.041666667,0.0,0.0,0.0,0.2375,0.192307692,0.308333333,0.0,0.0,0.19047619,0.377142857,0.0,0.209090909
28192,Baked Products,"KELLOGGS,POP-TARTS,GINGERBREAD TOASTER PASTRIES","KELLOGGS, POP-TARTS, Gingerbread Toaster Pastries",,"Kellogg, Co.",,393,4.1,10.5,70.8,28.6,1.4,300.0,0.4,0.0,0.0,0.0,0,4.0,0.34,0.3,25,0.0,3.6,12,0.0,81,0.0,0.3,0.333333333,0.235294118,0.0,0.0,0.0,0.0,0.25,0.261538462,0.25,0.020833333,0.0,0.028571429,0.115714286,0.0,0.027272727
28193,Baked Products,"KELLOGGS,POP-TARTS,YUM-AZING VANILLA MILKSHAKE TOASTER PAST","KELLOGGS, POP-TARTS, Yum-azing Vanilla Milkshake Toaster Pastries",,"Kellogg, Co.",,398,4.1,11.3,70.2,23.4,2.7,300.0,0.4,0.0,0.0,0.0,0,4.0,0.34,0.3,200,0.0,3.6,7,0.0,45,0.0,0.3,0.333333333,0.235294118,0.0,0.0,0.0,0.0,0.25,0.261538462,0.25,0.166666667,0.0,0.016666667,0.064285714,0.0,0.027272727
28194,Baked Products,"MOTHERS,4TH OF JULY CIRCUS ANIMAL COOKIES","MOTHERS, 4th of July Circus Animal Cookies",,"Kellogg, Co.",,487,3.8,25.4,68.3,44.2,0.8,0.0,0.02,0.0,0.0,0.0,0,1.8,0.2,0.23,0,0.0,1.5,10,0.0,63,0.0,0.4,0.0,0.011764706,0.0,0.0,0.0,0.0,0.1125,0.153846154,0.191666667,0.0,0.0,0.023809524,0.09,0.0,0.036363636
28195,Baked Products,"MOTHERS,CHOC CHIP COOKIES","MOTHERS, Chocolate Chip Cookies",,"Kellogg, Co.",,490,5.7,22.0,67.6,32.9,1.7,0.0,0.01,0.0,0.0,0.0,0,2.5,0.22,0.3,0,0.0,2.7,8,0.0,42,0.0,0.3,0.0,0.005882353,0.0,0.0,0.0,0.0,0.15625,0.169230769,0.25,0.0,0.0,0.019047619,0.06,0.0,0.027272727
28196,Baked Products,"MOTHERS,CIRCUS ANIMAL COOKIES","MOTHERS, Circus Animal Cookies",,"Kellogg, Co.",,515,3.8,25.3,68.3,43.5,0.8,0.0,0.02,0.0,0.0,0.0,0,1.8,0.2,0.23,0,0.0,1.5,10,0.0,63,0.0,0.4,0.0,0.011764706,0.0,0.0,0.0,0.0,0.1125,0.153846154,0.191666667,0.0,0.0,0.023809524,0.09,0.0,0.036363636
28197,Baked Products,"MOTHERS,COCNT COCADAS COOKIES","MOTHERS, Coconut Cocadas Cookies",,"Kellogg, Co.",,500,5.7,25.1,65.1,27.8,3.0,0.0,0.06,0.0,0.0,0.45,0,2.8,0.25,0.33,0,0.0,2.8,21,0.0,81,0.0,0.6,0.0,0.035294118,0.0,0.0,0.03,0.0,0.175,0.192307692,0.275,0.0,0.0,0.05,0.115714286,0.0,0.054545455
28198,Baked Products,"MOTHERS,DOUBLE FUDGE CREME SNDWCH COOKIES","MOTHERS, Double Fudge Creme Sandwich Cookies",,"Kellogg, Co.",,457,5.3,20.4,70.0,33.1,3.3,0.0,0.02,0.0,0.0,0.0,0,2.5,0.19,0.31,0,0.0,3.8,45,0.0,84,0.0,0.4,0.0,0.011764706,0.0,0.0,0.0,0.0,0.15625,0.146153846,0.258333333,0.0,0.0,0.107142857,0.12,0.0,0.036363636
28199,Baked Products,"MOTHERS,ENG TEA SNDWCH COOKIES","MOTHERS, English Tea Sandwich Cookies",,"Kellogg, Co.",,469,4.5,19.3,71.0,32.0,1.3,0.0,0.02,0.0,0.0,0.0,0,2.9,0.22,0.36,0,0.0,2.5,10,0.0,43,0.0,0.5,0.0,0.011764706,0.0,0.0,0.0,0.0,0.18125,0.169230769,0.3,0.0,0.0,0.023809524,0.061428571,0.0,0.045454545
28200,Baked Products,"MOTHERS,HALLOWEEN CIRCUS ANIMALS COOKIES","MOTHERS, Halloween Circus Animals Cookies",,"Kellogg, Co.",,514,3.8,25.3,68.1,43.9,0.8,0.0,0.02,0.0,0.0,0.0,0,1.8,0.2,0.23,0,0.0,1.5,10,0.0,63,0.0,0.4,0.0,0.011764706,0.0,0.0,0.0,0.0,0.1125,0.153846154,0.191666667,0.0,0.0,0.023809524,0.09,0.0,0.036363636
28201,Baked Products,"MOTHERS,HOLIDAY CIRCUS ANIMAL COOKIES","MOTHERS, Holiday Circus Animal Cookies",,"Kellogg, Co.",,515,3.8,25.3,68.3,44.3,0.8,0.0,0.02,0.0,0.0,0.0,0,1.8,0.2,0.23,0,0.0,1.5,10,0.0,63,0.0,0.4,0.0,0.011764706,0.0,0.0,0.0,0.0,0.1125,0.153846154,0.191666667,0.0,0.0,0.023809524,0.09,0.0,0.036363636
28202,Baked Products,"MOTHERS,ICED LEMONADE COOKIES","MOTHERS, Iced Lemonade Cookies",,"Kellogg, Co.",,502,4.5,24.4,66.3,29.9,1.0,0.0,0.01,0.0,0.0,0.0,0,2.8,0.22,0.32,0,0.0,2.4,9,0.0,60,0.0,0.3,0.0,0.005882353,0.0,0.0,0.0,0.0,0.175,0.169230769,0.266666667,0.0,0.0,0.021428571,0.085714286,0.0,0.027272727
28203,Baked Products,"MOTHERS,ICED OATMEAL COOKIES","MOTHERS, Iced Oatmeal Cookies",,"Kellogg, Co.",,463,5.4,18.0,71.0,36.3,2.7,0.0,0.01,0.0,0.0,0.0,0,2.1,0.17,0.27,0,0.0,2.3,6,0.0,33,0.0,0.2,0.0,0.005882353,0.0,0.0,0.0,0.0,0.13125,0.130769231,0.225,0.0,0.0,0.014285714,0.047142857,0.0,0.018181818
28204,Baked Products,"MOTHERS,JUNGLE ANIMAL COOKIES","MOTHERS, Jungle Animal Cookies",,"Kellogg, Co.",,514,3.8,25.3,68.3,44.2,0.8,0.0,0.02,0.0,0.0,0.0,0,1.8,0.2,0.23,0,0.0,1.5,10,0.0,63,0.0,0.4,0.0,0.011764706,0.0,0.0,0.0,0.0,0.1125,0.153846154,0.191666667,0.0,0.0,0.023809524,0.09,0.0,0.036363636
28205,Baked Products,"MOTHERS,MACAROON COOKIES","MOTHERS, Macaroon Cookies",,"Kellogg, Co.",,552,6.1,34.1,55.7,25.4,4.1,0.0,0.21,0.1,0.0,0.0,0,2.3,0.24,0.3,0,0.0,2.4,26,0.0,116,0.0,0.7,0.0,0.123529412,0.041666667,0.0,0.0,0.0,0.14375,0.184615385,0.25,0.0,0.0,0.061904762,0.165714286,0.0,0.063636364
28206,Baked Products,"MOTHERS,OLD FASHIONED CHOC CHIP COOKIES","MOTHERS, Old Fashioned Chocolate Chip Cookies",,"Kellogg, Co.",,500,5.4,24.1,66.0,34.0,2.2,0.0,0.02,0.0,0.0,0.0,0,2.4,0.21,0.31,0,0.0,2.5,9,0.0,44,0.0,0.3,0.0,0.011764706,0.0,0.0,0.0,0.0,0.15,0.161538462,0.258333333,0.0,0.0,0.021428571,0.062857143,0.0,0.027272727
28207,Baked Products,"MOTHERS,OLD FASHIONED ICED OATMEAL COOKIES","MOTHERS, Old Fashioned Iced Oatmeal Cookies",,"Kellogg, Co.",,461,6.0,16.9,72.8,35.8,2.7,0.0,0.02,0.0,0.0,0.0,0,2.4,0.21,0.34,0,0.0,2.3,9,0.0,42,0.0,0.3,0.0,0.011764706,0.0,0.0,0.0,0.0,0.15,0.161538462,0.283333333,0.0,0.0,0.021428571,0.06,0.0,0.027272727
28208,Baked Products,"MOTHERS,PNUT BUTTER GAUCHOS COOKIES","MOTHERS, Peanut Butter Gauchos Cookies",,"Kellogg, Co.",,482,7.4,22.0,65.7,32.3,2.7,0.0,0.01,0.0,0.0,0.45,0,4.1,0.17,0.28,0,0.0,2.3,7,0.0,33,0.0,0.4,0.0,0.005882353,0.0,0.0,0.03,0.0,0.25625,0.130769231,0.233333333,0.0,0.0,0.016666667,0.047142857,0.0,0.036363636
28209,Baked Products,"MOTHERS,TAFFY SNDWCH COOKIES","MOTHERS, Taffy Sandwich Cookies",,"Kellogg, Co.",,475,3.8,20.2,69.9,41.2,2.3,0.0,0.04,0.0,0.0,0.0,0,2.1,0.17,0.26,0,0.0,2.1,15,0.0,49,0.0,0.5,0.0,0.023529412,0.0,0.0,0.0,0.0,0.13125,0.130769231,0.216666667,0.0,0.0,0.035714286,0.07,0.0,0.045454545
28210,Baked Products,"MURRAY,SUGAR FREE,VANILLA SUGAR WAFER","MURRAY, SUGAR FREE, Vanilla Sugar Wafer",,"Kellogg, Co.",,458,3.2,27.6,68.5,0.8,17.2,0.0,0.0,0.0,0.0,0.0,0,1.8,0.15,0.24,0,0.0,1.5,7,0.0,40,0.0,0.0,0.0,0.0,0.0,0.0,0.0,0.0,0.1125,0.115384615,0.2,0.0,0.0,0.016666667,0.057142857,0.0,0.0
28211,Baked Products,"MURRAY,CHOCOLATEY CHIP THINS COOKIES","MURRAY, Chocolatey Chip Thins Cookies",,"Kellogg, Co.",,466,7.1,16.4,73.6,23.2,2.0,0.0,0.03,0.0,0.0,0.0,0,4.0,0.33,0.52,0,0.0,3.3,19,0.0,80,0.0,0.5,0.0,0.017647059,0.0,0.0,0.0,0.0,0.25,0.253846154,0.433333333,0.0,0.0,0.045238095,0.114285714,0.0,0.045454545
28212,Baked Products,"MURRAY,COOKIE JAR CLASSICS,COCNT BARS COOKIES","MURRAY, COOKIE JAR CLASSICS, Coconut Bars Cookies",,"Kellogg, Co.",,461,7.1,15.7,73.9,22.6,2.0,0.0,0.03,0.0,0.0,0.0,0,4.0,0.34,0.53,0,0.0,3.3,16,0.0,79,0.0,0.5,0.0,0.017647059,0.0,0.0,0.0,0.0,0.25,0.261538462,0.441666667,0.0,0.0,0.038095238,0.112857143,0.0,0.045454545
28213,Baked Products,"MURRAY,DUPLEX CREME SNDWCH COOKIES","MURRAY, Duplex Creme Sandwich Cookies",,"Kellogg, Co.",,475,4.9,18.8,72.6,37.6,1.8,0.0,0.02,0.0,0.0,0.0,0,2.8,0.23,0.34,0,0.0,2.7,23,0.0,83,0.0,0.3,0.0,0.011764706,0.0,0.0,0.0,0.0,0.175,0.176923077,0.283333333,0.0,0.0,0.054761905,0.118571429,0.0,0.027272727
28214,Baked Products,"MURRAY,LEMON CREME SNDWCH COOKIES","MURRAY, Lemon Creme Sandwich Cookies",,"Kellogg, Co.",,479,4.7,18.8,73.7,37.8,1.2,0.0,0.02,0.0,0.0,0.0,0,2.7,0.23,0.35,0,0.0,2.2,10,0.0,51,0.0,0.3,0.0,0.011764706,0.0,0.0,0.0,0.0,0.16875,0.176923077,0.291666667,0.0,0.0,0.023809524,0.072857143,0.0,0.027272727
28215,Baked Products,"MURRAY,JACKS VANILLA WAFERS","MURRAY, JACKS Vanilla Wafers",,"Kellogg, Co.",,438,4.8,11.9,78.1,37.6,1.1,0.0,0.02,0.0,0.0,0.0,0,3.0,0.23,0.35,0,0.0,2.6,10,0.0,50,0.0,0.4,0.0,0.011764706,0.0,0.0,0.0,0.0,0.1875,0.176923077,0.291666667,0.0,0.0,0.023809524,0.071428571,0.0,0.036363636
28216,Baked Products,"MURRAY,OLD FASHIONED ICED OATMEAL COOKIES","MURRAY, Old Fashioned Iced Oatmeal Cookies",,"Kellogg, Co.",,459,5.0,17.5,71.0,32.5,1.7,0.0,0.01,0.0,0.0,0.0,0,2.7,0.0,0.33,0,0.0,2.5,9,0.0,48,0.0,0.3,0.0,0.005882353,0.0,0.0,0.0,0.0,0.16875,0.0,0.275,0.0,0.0,0.021428571,0.068571429,0.0,0.027272727
28217,Baked Products,"MURRAY,SOUTHERN KITCHEN,CHOC CHIP COOKIES","MURRAY, SOUTHERN KITCHEN, Chocolate Chip Cookies",,"Kellogg, Co.",,493,5.5,23.7,66.5,30.5,2.5,0.0,0.02,0.0,0.0,0.0,0,2.7,0.23,0.36,0,0.0,3.3,36,0.0,130,0.0,0.7,0.0,0.011764706,0.0,0.0,0.0,0.0,0.16875,0.176923077,0.3,0.0,0.0,0.085714286,0.185714286,0.0,0.063636364
28218,Baked Products,"MURRAY,SOUTHERN KITCHEN,COCNT COOKIES","MURRAY, SOUTHERN KITCHEN, Coconut Cookies",,"Kellogg, Co.",,511,5.7,25.5,65.5,30.4,3.0,0.0,0.04,0.0,0.0,0.0,0,2.6,0.23,0.35,0,0.0,2.4,17,0.0,65,0.0,0.5,0.0,0.023529412,0.0,0.0,0.0,0.0,0.1625,0.176923077,0.291666667,0.0,0.0,0.04047619,0.092857143,0.0,0.045454545
28219,Baked Products,"MURRAY,SOUTHERN KITCHEN,ICED OATMEAL COOKIES","MURRAY, SOUTHERN KITCHEN, Iced Oatmeal Cookies",,"Kellogg, Co.",,467,6.5,18.3,69.5,35.6,4.1,0.0,0.01,0.0,0.0,0.0,0,1.6,0.15,0.26,0,0.0,1.9,5,0.0,26,0.0,0.2,0.0,0.005882353,0.0,0.0,0.0,0.0,0.1,0.115384615,0.216666667,0.0,0.0,0.011904762,0.037142857,0.0,0.018181818
28220,Baked Products,"MURRAY,SUGAR FREE,CHOC BITES COOKIES","MURRAY, SUGAR FREE, Chocolate Bites Cookies",,"Kellogg, Co.",,363,8.1,12.7,74.9,0.6,19.6,0.0,0.0,0.0,0.0,0.0,0,3.9,0.28,0.39,0,0.0,5.2,55,0.0,133,0.0,1.1,0.0,0.0,0.0,0.0,0.0,0.0,0.24375,0.215384615,0.325,0.0,0.0,0.130952381,0.19,0.0,0.1
28221,Baked Products,"MURRAY,SUGAR FREE,CHOC CHIP & PECAN COOKIES","MURRAY, SUGAR FREE, Chocolate Chip & Pecan Cookies",,"Kellogg, Co.",,497,6.0,31.4,58.6,1.5,5.1,0.0,0.04,0.0,0.0,0.0,0,2.6,0.23,0.4,0,0.0,3.0,37,0.0,124,0.0,1.0,0.0,0.023529412,0.0,0.0,0.0,0.0,0.1625,0.176923077,0.333333333,0.0,0.0,0.088095238,0.177142857,0.0,0.090909091
28222,Baked Products,"MURRAY,SUGAR FREE,FUDGE DIPPED GRAHAMS","MURRAY, SUGAR FREE, Fudge Dipped Grahams",,"Kellogg, Co.",,483,5.7,27.5,63.3,0.4,3.8,0.0,0.04,0.0,0.0,0.0,0,1.9,0.16,0.23,0,0.0,3.1,24,0.0,117,0.0,0.6,0.0,0.023529412,0.0,0.0,0.0,0.0,0.11875,0.123076923,0.191666667,0.0,0.0,0.057142857,0.167142857,0.0,0.054545455
28223,Baked Products,"MURRAY,SUGAR FREE,FUDGE DIPPED MINT COOKIES","MURRAY, SUGAR FREE, Fudge Dipped Mint Cookies",,"Kellogg, Co.",,481,6.0,27.0,63.5,0.6,4.6,0.0,0.03,0.0,0.0,0.0,0,2.6,0.19,0.25,0,0.0,3.6,45,0.0,96,0.0,0.3,0.0,0.017647059,0.0,0.0,0.0,0.0,0.1625,0.146153846,0.208333333,0.0,0.0,0.107142857,0.137142857,0.0,0.027272727
28224,Baked Products,"MURRAY,SUGAR FREE,FUDGE DIPPED WAFERS","MURRAY, SUGAR FREE, Fudge Dipped Wafers",,"Kellogg, Co.",,486,3.4,33.5,61.2,0.4,13.3,0.0,0.0,0.0,0.0,0.0,0,1.0,0.08,0.11,0,0.0,1.4,17,0.0,45,0.0,0.3,0.0,0.0,0.0,0.0,0.0,0.0,0.0625,0.061538462,0.091666667,0.0,0.0,0.04047619,0.064285714,0.0,0.027272727
28225,Baked Products,"MURRAY,SUGAR FREE,PNUT BUTTER COOKIES","MURRAY, SUGAR FREE, Peanut Butter Cookies",,"Kellogg, Co.",,505,9.5,30.8,55.8,1.7,5.7,0.0,0.0,0.0,0.0,0.0,0,5.2,0.23,0.41,0,0.0,2.5,43,0.0,172,0.0,0.0,0.0,0.0,0.0,0.0,0.0,0.0,0.325,0.176923077,0.341666667,0.0,0.0,0.102380952,0.245714286,0.0,0.0
28226,Baked Products,"MURRAY,SUGAR FREE,PECAN SHORTBREAD COOKIES","MURRAY, SUGAR FREE, Pecan Shortbread Cookies",,"Kellogg, Co.",,514,5.9,33.5,57.3,1.1,4.6,0.0,0.03,0.0,0.0,0.0,0,3.0,0.26,0.42,0,0.0,2.5,17,0.0,99,0.0,0.6,0.0,0.017647059,0.0,0.0,0.0,0.0,0.1875,0.2,0.35,0.0,0.0,0.04047619,0.141428571,0.0,0.054545455
28227,Baked Products,"MURRAY,SUGAR FREE,LEMON CREME SNDWCH COOKIES","MURRAY, SUGAR FREE, Lemon Creme Sandwich Cookies",,"Kellogg, Co.",,469,4.9,23.9,68.3,1.2,3.3,0.0,0.04,0.0,0.0,0.0,0,2.7,0.23,0.35,0,0.0,2.2,10,0.0,53,0.0,0.3,0.0,0.023529412,0.0,0.0,0.0,0.0,0.16875,0.176923077,0.291666667,0.0,0.0,0.023809524,0.075714286,0.0,0.027272727
28228,Baked Products,"MURRAY,SUGAR FREE,VANILLA CREME SNDWCH COOKIES","MURRAY, SUGAR FREE, Vanilla Creme Sandwich Cookies",,"Kellogg, Co.",,467,4.9,23.1,70.0,1.2,3.4,0.0,0.04,0.0,0.0,0.0,0,2.7,0.23,0.36,0,0.0,2.2,11,0.0,54,0.0,0.3,0.0,0.023529412,0.0,0.0,0.0,0.0,0.16875,0.176923077,0.3,0.0,0.0,0.026190476,0.077142857,0.0,0.027272727
28229,Baked Products,"MURRAY,SUGAR FREE,SHORTBREAD COOKIES","MURRAY, SUGAR FREE, Shortbread Cookies",,"Kellogg, Co.",,431,7.0,17.8,71.6,1.3,5.7,0.0,0.06,0.0,0.0,0.0,0,3.8,0.33,0.51,0,0.0,3.1,15,0.0,98,0.0,0.5,0.0,0.035294118,0.0,0.0,0.0,0.0,0.2375,0.253846154,0.425,0.0,0.0,0.035714286,0.14,0.0,0.045454545
28230,Baked Products,"MURRAY,SUGAR FREE,SHORTBREAD BITES","MURRAY, SUGAR FREE, Shortbread Bites",,"Kellogg, Co.",,371,6.5,15.5,75.3,1.2,14.9,0.0,0.02,0.0,0.0,0.0,0,3.6,0.3,0.48,0,0.0,3.0,24,0.0,109,0.0,0.4,0.0,0.011764706,0.0,0.0,0.0,0.0,0.225,0.230769231,0.4,0.0,0.0,0.057142857,0.155714286,0.0,0.036363636
28231,Baked Products,"MURRAY,SUGAR FREE,VANILLA WAFER","MURRAY, SUGAR FREE, Vanilla Wafer",,"Kellogg, Co.",,412,5.9,16.8,74.0,1.4,5.6,0.0,0.08,0.0,0.0,0.0,0,3.0,0.27,0.39,0,0.0,2.4,12,0.0,59,0.0,0.4,0.0,0.047058824,0.0,0.0,0.0,0.0,0.1875,0.207692308,0.325,0.0,0.0,0.028571429,0.084285714,0.0,0.036363636
28232,Baked Products,"MURRAY,VANILLA SUGAR WAFER","MURRAY, Vanilla Sugar Wafer",,"Kellogg, Co.",,527,3.9,25.7,70.0,41.0,1.0,0.0,0.0,0.0,0.0,0.0,0,2.2,0.2,0.3,0,0.0,1.8,8,0.0,46,0.0,0.0,0.0,0.0,0.0,0.0,0.0,0.0,0.1375,0.153846154,0.25,0.0,0.0,0.019047619,0.065714286,0.0,0.0
28233,Baked Products,"MURRAY,VANILLA WAFER","MURRAY, Vanilla Wafer",,"Kellogg, Co.",,461,4.0,17.4,72.9,31.5,1.4,0.0,0.0,0.0,0.0,0.0,0,2.6,0.23,0.42,0,0.0,0.0,0,0.0,42,0.0,0.0,0.0,0.0,0.0,0.0,0.0,0.0,0.1625,0.176923077,0.35,0.0,0.0,0.0,0.06,0.0,0.0
28234,Baked Products,"SUNSHINE,CHEEZ-IT,ASIAGO CRACKERS","SUNSHINE, CHEEZ-IT, Asiago Crackers",,"Kellogg, Co.",,502,8.7,24.7,62.6,1.3,2.1,0.0,0.03,0.0,0.0,0.0,0,4.7,0.35,0.59,0,0.0,4.1,16,0.0,68,0.0,0.7,0.0,0.017647059,0.0,0.0,0.0,0.0,0.29375,0.269230769,0.491666667,0.0,0.0,0.038095238,0.097142857,0.0,0.063636364
28235,Baked Products,"SUNSHINE,CHEEZ-IT,BABY SWISS CRACKERS","SUNSHINE, CHEEZ-IT, Baby Swiss Crackers",,"Kellogg, Co.",,503,8.6,24.7,63.1,1.4,2.2,0.0,0.03,0.0,0.0,0.0,0,4.7,0.35,0.59,0,0.0,4.1,16,0.0,68,0.0,0.7,0.0,0.017647059,0.0,0.0,0.0,0.0,0.29375,0.269230769,0.491666667,0.0,0.0,0.038095238,0.097142857,0.0,0.063636364
28236,Baked Products,"SUNSHINE,CHEEZ-IT,BIG CRACKERS","SUNSHINE, CHEEZ-IT, BIG Crackers",,"Kellogg, Co.",,507,11.4,26.3,57.4,0.5,2.4,100.0,0.03,0.0,0.0,0.0,0,4.4,0.33,0.54,147,0.0,3.9,15,0.0,63,0.0,0.7,0.111111111,0.017647059,0.0,0.0,0.0,0.0,0.275,0.253846154,0.45,0.1225,0.0,0.035714286,0.09,0.0,0.063636364
28237,Baked Products,"SUNSHINE,CHEEZ-IT,CHEDDAR JACK CRACKERS","SUNSHINE, CHEEZ-IT, Cheddar Jack Crackers",,"Kellogg, Co.",,460,9.5,22.0,57.6,1.2,2.4,125.0,0.0,0.0,0.0,0.0,0,4.3,0.34,0.54,103,0.0,3.9,16,0.0,65,0.0,0.0,0.138888889,0.0,0.0,0.0,0.0,0.0,0.26875,0.261538462,0.45,0.085833333,0.0,0.038095238,0.092857143,0.0,0.0
28238,Baked Products,"SUNSHINE,CHEEZ-IT,COLBY CRACKERS","SUNSHINE, CHEEZ-IT, Colby Crackers",,"Kellogg, Co.",,512,9.55,26.85,59.25,1.2,2.2,101.0,0.03,0.0,0.0,0.0,0,4.4,0.33,0.545,104,0.0,3.9,15,0.0,63,0.0,0.7,0.112222222,0.017647059,0.0,0.0,0.0,0.0,0.275,0.253846154,0.454166667,0.086666667,0.0,0.035714286,0.09,0.0,0.063636364
28239,Baked Products,"SUNSHINE,CHEEZ-IT,DUOZ SHARP CHEDDAR PARMESAN CRACKERS","SUNSHINE, CHEEZ-IT, Duoz Sharp Cheddar Parmesan Crackers",,"Kellogg, Co.",,500,9.7,25.0,60.5,1.5,2.3,0.0,0.0,0.0,0.0,0.0,0,4.5,0.35,0.57,89,0.0,4.0,16,0.0,67,0.0,0.0,0.0,0.0,0.0,0.0,0.0,0.0,0.28125,0.269230769,0.475,0.074166667,0.0,0.038095238,0.095714286,0.0,0.0
28240,Baked Products,"SUNSHINE,CHEEZ-IT,DUOZ SMOKED CHEDDAR MONTEREY JACK CRACKERS","SUNSHINE, CHEEZ-IT, Duoz Smoked Cheddar Monterey Jack Crackers",,"Kellogg, Co.",,507,9.0,25.9,60.8,0.9,2.2,0.0,0.0,0.0,0.0,0.0,0,4.6,0.34,0.57,75,0.0,4.0,15,0.0,66,0.0,0.0,0.0,0.0,0.0,0.0,0.0,0.0,0.2875,0.261538462,0.475,0.0625,0.0,0.035714286,0.094285714,0.0,0.0
28241,Baked Products,"SUNSHINE,GRIPZ,CHEEZ-IT CRACKERS","SUNSHINE, GRIPZ, Cheez-It Crackers",,"Kellogg, Co.",,491,11.0,23.2,61.0,0.5,2.5,127.0,0.0,0.0,0.0,0.0,0,4.8,0.37,0.6,113,0.0,4.2,18,0.0,78,0.0,0.0,0.141111111,0.0,0.0,0.0,0.0,0.0,0.3,0.284615385,0.5,0.094166667,0.0,0.042857143,0.111428571,0.0,0.0
28242,Baked Products,"SUNSHINE,GRIPZ,CHEEZ-IT MIXX & CHEESY PIZZA CRACKERS","SUNSHINE, GRIPZ, Cheez-It Mixx and Cheesy Pizza Crackers",,"Kellogg, Co.",,484,10.8,21.3,63.7,1.0,2.5,0.0,0.0,0.0,0.0,0.0,0,5.0,0.37,0.6,0,0.0,4.3,18,0.0,77,0.0,0.0,0.0,0.0,0.0,0.0,0.0,0.0,0.3125,0.284615385,0.5,0.0,0.0,0.042857143,0.11,0.0,0.0
28243,Baked Products,"SUNSHINE,CHEEZ-IT,HOT & SPICY CRACKERS","SUNSHINE, CHEEZ-IT, Hot & Spicy Crackers",,"Kellogg, Co.",,513,8.3,26.1,61.2,1.0,2.9,384.0,0.0,0.0,0.0,0.0,0,4.55,0.36,0.58,0,0.0,4.26,0,0.0,72,0.0,0.0,0.426666667,0.0,0.0,0.0,0.0,0.0,0.284375,0.276923077,0.483333333,0.0,0.0,0.0,0.102857143,0.0,0.0
28244,Baked Products,"SUNSHINE,CHEEZ-IT,ITALIAN FOUR CHS CRACKERS","SUNSHINE, CHEEZ-IT, Italian Four Cheese Crackers",,"Kellogg, Co.",,500,8.4,24.6,62.4,0.7,2.2,0.0,0.03,0.0,0.0,0.0,0,4.7,0.35,0.59,0,0.0,4.1,16,0.0,68,0.0,0.7,0.0,0.017647059,0.0,0.0,0.0,0.0,0.29375,0.269230769,0.491666667,0.0,0.0,0.038095238,0.097142857,0.0,0.063636364
28245,Baked Products,"SUNSHINE,CHEEZ-IT,CRACKERS (MADE W/ WHL GRAIN)","SUNSHINE, CHEEZ-IT, Crackers (made with Whole Grain)",,"Kellogg, Co.",,511,10.7,26.5,58.2,0.5,4.3,119.0,0.0,0.0,0.0,0.0,0,3.4,0.26,0.42,116,0.0,3.9,13,0.0,51,0.0,0.0,0.132222222,0.0,0.0,0.0,0.0,0.0,0.2125,0.2,0.35,0.096666667,0.0,0.030952381,0.072857143,0.0,0.0
28246,Baked Products,"SUNSHINE,CHEEZ-IT,MOZZARELLA CRACKERS","SUNSHINE, CHEEZ-IT, Mozzarella Crackers",,"Kellogg, Co.",,500,8.6,23.8,64.1,1.4,2.2,0.0,0.03,0.0,0.0,0.0,0,4.8,0.36,0.6,0,0.0,4.1,16,0.0,69,0.0,0.8,0.0,0.017647059,0.0,0.0,0.0,0.0,0.3,0.276923077,0.5,0.0,0.0,0.038095238,0.098571429,0.0,0.072727273
28247,Baked Products,"SUNSHINE,CHEEZ-IT,PARMESAN GARLIC CRACKERS","SUNSHINE, CHEEZ-IT, Parmesan Garlic Crackers",,"Kellogg, Co.",,503,8.5,25.1,62.0,1.6,2.1,0.0,0.0,0.0,0.0,0.0,0,4.7,0.35,0.58,0,0.0,4.0,16,0.0,68,0.0,0.0,0.0,0.0,0.0,0.0,0.0,0.0,0.29375,0.269230769,0.483333333,0.0,0.0,0.038095238,0.097142857,0.0,0.0
28248,Baked Products,"SUNSHINE,CHEEZ-IT,PEPPER JACK CRACKERS","SUNSHINE, CHEEZ-IT, Pepper Jack Crackers",,"Kellogg, Co.",,503,8.8,25.0,61.9,0.8,2.6,197.0,0.0,0.0,0.0,0.0,0,4.8,0.37,0.59,0,0.0,4.1,18,0.0,74,0.0,0.0,0.218888889,0.0,0.0,0.0,0.0,0.0,0.3,0.284615385,0.491666667,0.0,0.0,0.042857143,0.105714286,0.0,0.0
28249,Baked Products,"SUNSHINE,CHEEZ-IT,WHITE CHEDDAR,RED FAT CRACKERS","SUNSHINE, CHEEZ-IT, White Cheddar, Reduced Fat Crackers",,"Kellogg, Co.",,443,9.7,13.6,72.0,1.2,2.5,0.0,0.0,0.0,0.0,0.0,0,5.5,0.41,0.67,0,0.0,4.7,18,0.0,79,0.0,0.0,0.0,0.0,0.0,0.0,0.0,0.0,0.34375,0.315384615,0.558333333,0.0,0.0,0.042857143,0.112857143,0.0,0.0
28250,Baked Products,"SUNSHINE,CHEEZ-IT,100 CAL RIGHT BITES,EX CHEESY PARTY MIX","SUNSHINE, CHEEZ-IT, 100 Calorie RIGHT BITES, Extra Cheesy Party Mix",,"Kellogg, Co.",,473,8.5,17.4,65.3,2.7,3.1,0.0,0.01,0.0,0.0,0.0,0,1.7,0.13,0.22,0,0.0,3.8,6,0.0,25,0.0,0.3,0.0,0.005882353,0.0,0.0,0.0,0.0,0.10625,0.1,0.183333333,0.0,0.0,0.014285714,0.035714286,0.0,0.027272727
28251,Baked Products,"SUNSHINE,CHEEZ-IT,100 CAL RIGHT BITES,RED FAT","SUNSHINE, CHEEZ-IT, 100 Calorie Right Bites, Reduced Fat",,"Kellogg, Co.",,452,13.3,14.6,67.0,0.8,2.2,0.0,0.07,0.0,0.0,0.0,0,5.7,0.41,0.64,137,0.0,4.4,19,0.0,104,0.0,0.6,0.0,0.041176471,0.0,0.0,0.0,0.0,0.35625,0.315384615,0.533333333,0.114166667,0.0,0.045238095,0.148571429,0.0,0.054545455
28252,Baked Products,"SUNSHINE,CHEEZ-IT,SCRABBLE JR. CRACKERS","SUNSHINE, CHEEZ-IT, Scrabble Jr. Crackers",,"Kellogg, Co.",,466,10.9,17.3,67.9,0.6,2.6,117.0,0.0,0.0,0.0,0.0,0,5.2,0.39,0.65,0,0.0,4.6,18,0.0,75,0.0,0.0,0.13,0.0,0.0,0.0,0.0,0.0,0.325,0.3,0.541666667,0.0,0.0,0.042857143,0.107142857,0.0,0.0
28253,Baked Products,"SUNSHINE,CHEEZ-IT,SNACK MIX","SUNSHINE, CHEEZ-IT, Snack Mix",,"Kellogg, Co.",,438,9.0,15.2,66.7,2.2,3.7,0.0,0.0,0.0,0.0,0.0,0,1.65,0.13,0.21,84,0.0,3.84,15,0.0,62,0.0,0.0,0.0,0.0,0.0,0.0,0.0,0.0,0.103125,0.1,0.175,0.07,0.0,0.035714286,0.088571429,0.0,0.0
28254,Baked Products,"SUNSHINE,CHEEZ-IT,SNACK MIX,WHITE CHEDDAR","SUNSHINE, CHEEZ-IT, Snack Mix, White Cheddar",,"Kellogg, Co.",,473,8.55,20.6,65.7,2.15,3.2,0.0,0.02,0.0,0.0,0.0,0,3.8,0.28,0.455,0,0.0,3.7,25,0.0,80,0.0,0.65,0.0,0.011764706,0.0,0.0,0.0,0.0,0.2375,0.215384615,0.379166667,0.0,0.0,0.05952381,0.114285714,0.0,0.059090909
28255,Baked Products,"KEEBLER,ZESTA,EXPORT SODAS CRACKERS","KEEBLER, ZESTA, Export Sodas Crackers",,"Kellogg, Co.",,414,5.6,11.5,74.0,2.3,3.3,0.0,0.0,0.0,0.0,0.0,0,5.1,0.39,0.62,0,0.0,4.3,0,0.0,0,0.0,0.0,0.0,0.0,0.0,0.0,0.0,0.0,0.31875,0.3,0.516666667,0.0,0.0,0.0,0.0,0.0,0.0
28256,Baked Products,"AUSTIN,PNUT BUTTER ON CHS CRACKERS,SANDWICH-TYPE","AUSTIN, Peanut Butter on Cheese Crackers, sandwich-type",,"Kellogg, Co.",,492,10.8,24.5,59.0,9.0,3.2,0.0,0.0,0.0,0.0,0.0,0,3.7,0.28,0.43,50,0.0,3.5,12,0.0,183,0.0,0.0,0.0,0.0,0.0,0.0,0.0,0.0,0.23125,0.215384615,0.358333333,0.041666667,0.0,0.028571429,0.261428571,0.0,0.0
28257,Baked Products,"AUSTIN,PNUT BUTTER ON TOASTY CRACKERS,SANDWICH-TYPE","AUSTIN, Peanut Butter on Toasty Crackers, sandwich-type",,"Kellogg, Co.",,489,10.6,23.8,60.2,11.6,3.2,0.0,0.0,0.0,0.0,0.0,0,3.5,0.27,0.41,54,0.0,3.3,12,0.0,118,0.0,0.0,0.0,0.0,0.0,0.0,0.0,0.0,0.21875,0.207692308,0.341666667,0.045,0.0,0.028571429,0.168571429,0.0,0.0
28258,Baked Products,"AUSTIN,CHEDDAR CHS ON WAFER CRACKERS,SANDWICH-TYPE","AUSTIN, Cheddar Cheese on Wafer Crackers, sandwich-type",,"Kellogg, Co.",,489,7.8,23.0,62.6,14.3,1.3,0.0,0.0,0.0,0.0,0.0,0,3.6,0.27,0.42,156,0.0,3.2,12,0.0,139,0.0,0.0,0.0,0.0,0.0,0.0,0.0,0.0,0.225,0.207692308,0.35,0.13,0.0,0.028571429,0.198571429,0.0,0.0
28259,Baked Products,"KELLOGGS,EGGO MINIS,PANCAKES,BTTRMLK","KELLOGGS, EGGO Minis, Pancakes, Buttermilk",,"Kellogg, Co.",,251,5.5,8.2,39.6,10.3,1.0,273.0,0.36,1.1,0.0,0.0,0,3.6,0.31,0.27,36,0.0,4.1,1,0.0,182,0.0,0.0,0.303333333,0.211764706,0.458333333,0.0,0.0,0.0,0.225,0.238461538,0.225,0.03,0.0,0.002380952,0.26,0.0,0.0
28260,Baked Products,"KELLOGGS,EGGO,WAFFLES,CHOC CHIP","KELLOGGS, EGGO, Waffles, Chocolate Chip",,"Kellogg, Co.",,291,5.8,10.1,44.8,13.1,1.5,429.0,0.57,1.7,0.0,0.0,0,5.7,0.49,0.43,357,0.0,6.4,16,0.0,272,0.0,0.4,0.476666667,0.335294118,0.708333333,0.0,0.0,0.0,0.35625,0.376923077,0.358333333,0.2975,0.0,0.038095238,0.388571429,0.0,0.036363636
28261,Baked Products,"FAMOUS AMOS,CHOC SNDWCH CREME COOKIES","FAMOUS AMOS, Chocolate Sandwich Creme Cookies",,"Kellogg, Co.",,474,4.3,19.1,72.3,40.4,2.2,0.0,0.01,0.0,0.0,0.0,0,2.6,0.19,0.25,0,0.0,3.4,39,0.0,114,0.0,0.2,0.0,0.005882353,0.0,0.0,0.0,0.0,0.1625,0.146153846,0.208333333,0.0,0.0,0.092857143,0.162857143,0.0,0.018181818
28262,Baked Products,"FAMOUS AMOS,VANILLA SNDWCH CREME COOKIES","FAMOUS AMOS, Vanilla Sandwich Creme Cookies",,"Kellogg, Co.",,485,4.9,19.3,73.8,37.2,1.3,0.0,0.02,0.0,0.0,0.0,0,2.8,0.24,0.37,0,0.0,2.3,10,0.0,67,0.0,0.3,0.0,0.011764706,0.0,0.0,0.0,0.0,0.175,0.184615385,0.308333333,0.0,0.0,0.023809524,0.095714286,0.0,0.027272727
28263,Baked Products,"KEEBLER,GRAHAMS,CINN CRISP","KEEBLER, Grahams, Cinnamon Crisp",,"Kellogg, Co.",,430,5.9,12.2,76.3,26.9,3.3,0.0,0.02,0.0,0.0,0.0,0,3.5,0.24,0.44,381,0.0,3.5,12,0.0,110,0.0,0.5,0.0,0.011764706,0.0,0.0,0.0,0.0,0.21875,0.184615385,0.366666667,0.3175,0.0,0.028571429,0.157142857,0.0,0.045454545
28264,Baked Products,"KEEBLER,OATMEAL COOKIES","KEEBLER, Oatmeal Cookies",,"Kellogg, Co.",,478,7.1,20.1,67.7,30.9,4.5,0.0,0.01,0.0,0.0,0.0,0,1.7,0.16,0.29,0,0.0,2.1,6,0.0,28,0.0,0.2,0.0,0.005882353,0.0,0.0,0.0,0.0,0.10625,0.123076923,0.241666667,0.0,0.0,0.014285714,0.04,0.0,0.018181818
28265,Baked Products,"KEEBLER,CHS & PNUT BUTTER SNDWCH CRACKERS","KEEBLER, Cheese & Peanut Butter Sandwich Crackers",,"Kellogg, Co.",,492,10.8,24.5,59.0,9.0,3.2,0.0,0.0,0.0,0.0,0.0,0,3.7,0.28,0.43,50,0.0,3.5,12,0.0,183,0.0,0.0,0.0,0.0,0.0,0.0,0.0,0.0,0.23125,0.215384615,0.358333333,0.041666667,0.0,0.028571429,0.261428571,0.0,0.0
28266,Baked Products,"KEEBLER,READY CRUST,GRAHAM PIE CRUST (10),RED FAT","KEEBLER, READY CRUST, Graham Pie Crust (10), Reduced Fat",,"Kellogg, Co.",,472,4.9,17.5,73.5,29.7,2.5,0.0,0.0,0.0,0.0,0.0,0,2.8,0.2,0.35,0,0.0,2.6,5,0.0,109,0.0,0.0,0.0,0.0,0.0,0.0,0.0,0.0,0.175,0.153846154,0.291666667,0.0,0.0,0.011904762,0.155714286,0.0,0.0
28267,Baked Products,"KEEBLER,SANDIES,SIMPLY SHORTBREAD COOKIES","KEEBLER, SANDIES, Simply Shortbread Cookies",,"Kellogg, Co.",,528,6.0,28.8,62.2,22.6,1.4,119.0,0.02,0.0,0.0,0.0,0,3.1,0.28,0.42,0,0.0,2.6,12,0.0,61,0.0,0.4,0.132222222,0.011764706,0.0,0.0,0.0,0.0,0.19375,0.215384615,0.35,0.0,0.0,0.028571429,0.087142857,0.0,0.036363636
28268,Baked Products,"KEEBLER,SUGAR CONES","KEEBLER, Sugar Cones",,"Kellogg, Co.",,375,7.3,3.7,78.0,26.4,2.1,0.0,0.0,0.0,0.0,0.0,0,3.7,0.28,0.42,0,0.0,3.2,9,0.0,2,0.0,0.0,0.0,0.0,0.0,0.0,0.0,0.0,0.23125,0.215384615,0.35,0.0,0.0,0.021428571,0.002857143,0.0,0.0
28269,Baked Products,"MOTHERS,OLD FASHIONED OATMEAL COOKIES","MOTHERS, Old Fashioned Oatmeal Cookies",,"Kellogg, Co.",,470,6.5,18.4,71.2,31.3,3.0,0.0,0.02,0.0,0.0,0.0,0,2.6,0.23,0.37,0,0.0,2.5,9,0.0,46,0.0,0.3,0.0,0.011764706,0.0,0.0,0.0,0.0,0.1625,0.176923077,0.308333333,0.0,0.0,0.021428571,0.065714286,0.0,0.027272727
28270,Baked Products,"MOTHERS,VANILLA SNDWCH COOKIES","MOTHERS, Vanilla Sandwich Cookies",,"Kellogg, Co.",,469,4.8,20.1,68.9,30.1,1.3,0.0,0.02,0.0,0.0,0.0,0,2.9,0.25,0.36,0,0.0,2.5,11,0.0,55,0.0,0.5,0.0,0.011764706,0.0,0.0,0.0,0.0,0.18125,0.192307692,0.3,0.0,0.0,0.026190476,0.078571429,0.0,0.045454545
28271,Baked Products,"MURRAY,COOKIE JAR CLASSICS,BUTTER COOKIES","MURRAY, COOKIE JAR CLASSICS, Butter Cookies",,"Kellogg, Co.",,463,7.2,15.7,74.3,22.3,1.9,0.0,0.03,0.0,0.0,0.0,0,4.1,0.34,0.54,0,0.0,3.3,15,0.0,75,0.0,0.5,0.0,0.017647059,0.0,0.0,0.0,0.0,0.25625,0.261538462,0.45,0.0,0.0,0.035714286,0.107142857,0.0,0.045454545
28272,Baked Products,"MURRAY,CHOC CREME SNDWCH COOKIES","MURRAY, Chocolate Creme Sandwich Cookies",,"Kellogg, Co.",,473,4.9,19.4,71.3,38.4,2.2,0.0,0.02,0.0,0.0,0.0,0,2.8,0.22,0.31,0,0.0,3.2,36,0.0,113,0.0,0.3,0.0,0.011764706,0.0,0.0,0.0,0.0,0.175,0.169230769,0.258333333,0.0,0.0,0.085714286,0.161428571,0.0,0.027272727
28273,Baked Products,"MURRAY,VANILLA CREME SNDWCH COOKIES","MURRAY, Vanilla Creme Sandwich Cookies",,"Kellogg, Co.",,477,4.9,18.3,73.9,36.9,1.3,0.0,0.02,0.0,0.0,0.0,0,2.8,0.24,0.37,0,0.0,2.2,10,0.0,53,0.0,0.3,0.0,0.011764706,0.0,0.0,0.0,0.0,0.175,0.184615385,0.308333333,0.0,0.0,0.023809524,0.075714286,0.0,0.027272727
28274,Baked Products,"MURRAY,HONEY GRAHAM","MURRAY, Honey Graham",,"Kellogg, Co.",,445,5.9,13.2,75.7,22.0,2.7,0.0,0.0,0.0,0.0,0.0,0,3.1,0.25,0.42,379,0.0,3.8,0,0.0,45,0.0,0.0,0.0,0.0,0.0,0.0,0.0,0.0,0.19375,0.192307692,0.35,0.315833333,0.0,0.0,0.064285714,0.0,0.0
28275,Baked Products,"MURRAY,OLD FASHIONED GINGERSNAPS COOKIES","MURRAY, Old Fashioned Gingersnaps Cookies",,"Kellogg, Co.",,463,5.1,16.4,73.9,31.4,1.3,0.0,0.02,0.0,0.0,0.0,0,3.2,0.24,0.37,0,0.0,3.2,12,0.0,55,0.0,0.4,0.0,0.011764706,0.0,0.0,0.0,0.0,0.2,0.184615385,0.308333333,0.0,0.0,0.028571429,0.078571429,0.0,0.036363636
28276,Baked Products,"MURRAY,SOUTHERN KITCHEN,OATMEAL COOKIES","MURRAY, SOUTHERN KITCHEN, Oatmeal Cookies",,"Kellogg, Co.",,478,7.1,20.1,67.7,30.9,4.5,0.0,0.01,0.0,0.0,0.0,0,1.7,0.16,0.29,0,0.0,2.1,6,0.0,28,0.0,0.2,0.0,0.005882353,0.0,0.0,0.0,0.0,0.10625,0.123076923,0.241666667,0.0,0.0,0.014285714,0.04,0.0,0.018181818
28277,Baked Products,"MURRAY,SUGAR FREE,CHOC CHIP COOKIES","MURRAY, SUGAR FREE, Chocolate Chip Cookies",,"Kellogg, Co.",,469,5.6,27.0,63.6,1.2,4.8,0.0,0.02,0.0,0.0,0.0,0,2.7,0.23,0.36,0,0.0,3.2,33,0.0,111,0.0,0.6,0.0,0.011764706,0.0,0.0,0.0,0.0,0.16875,0.176923077,0.3,0.0,0.0,0.078571429,0.158571429,0.0,0.054545455
28278,Baked Products,"MURRAY,SUGAR FREE,OATMEAL COOKIES","MURRAY, SUGAR FREE, Oatmeal Cookies",,"Kellogg, Co.",,451,6.7,22.7,66.6,1.2,8.5,0.0,0.02,0.0,0.0,0.0,0,2.6,0.23,0.37,0,0.0,2.8,10,0.0,85,0.0,0.3,0.0,0.011764706,0.0,0.0,0.0,0.0,0.1625,0.176923077,0.308333333,0.0,0.0,0.023809524,0.121428571,0.0,0.027272727
28279,Baked Products,"MURRAY,SUGAR FREE,CHOC CREME SNDWCH COOKIES","MURRAY, SUGAR FREE, Chocolate Creme Sandwich Cookies",,"Kellogg, Co.",,465,5.3,24.8,65.9,1.1,4.5,0.0,0.06,0.0,0.0,0.0,0,2.8,0.22,0.29,0,0.0,3.5,43,0.0,110,0.0,0.3,0.0,0.035294118,0.0,0.0,0.0,0.0,0.175,0.169230769,0.241666667,0.0,0.0,0.102380952,0.157142857,0.0,0.027272727
28280,Baked Products,"SUNSHINE,CHEEZ-IT,ORIGINAL CRACKERS","SUNSHINE, CHEEZ-IT, Original Crackers",,"Kellogg, Co.",,507,11.4,26.3,57.4,0.5,2.4,100.0,0.03,0.0,0.0,0.0,0,4.4,0.33,0.54,147,0.0,3.9,15,0.0,63,0.0,0.7,0.111111111,0.017647059,0.0,0.0,0.0,0.0,0.275,0.253846154,0.45,0.1225,0.0,0.035714286,0.09,0.0,0.063636364
28281,Baked Products,"SUNSHINE,CHEEZ-IT,RED FAT CRACKERS","SUNSHINE, CHEEZ-IT, Reduced Fat Crackers",,"Kellogg, Co.",,449,13.3,14.5,67.0,0.8,2.2,115.0,0.07,0.0,0.0,0.0,0,5.7,0.41,0.64,137,0.0,4.4,19,0.0,104,0.0,0.6,0.127777778,0.041176471,0.0,0.0,0.0,0.0,0.35625,0.315384615,0.533333333,0.114166667,0.0,0.045238095,0.148571429,0.0,0.054545455
28282,Baked Products,"SUNSHINE,KRISPY,SOUP & OYSTER CRACKERS (LARGE)","SUNSHINE, KRISPY, Soup & Oyster Crackers (large)",,"Kellogg, Co.",,416,8.6,9.3,76.1,2.4,2.6,0.0,0.0,0.0,0.0,0.0,0,6.0,0.45,0.71,0,0.0,4.9,19,0.0,81,0.0,0.0,0.0,0.0,0.0,0.0,0.0,0.0,0.375,0.346153846,0.591666667,0.0,0.0,0.045238095,0.115714286,0.0,0.0
28283,Baked Products,"KEEBLER,ZESTA,SALTINES,ORIGINAL","KEEBLER, ZESTA, Saltines, Original",,"Kellogg, Co.",,418,8.2,9.0,76.1,1.6,2.5,0.0,0.0,0.0,0.0,0.0,0,5.2,0.41,0.63,0,0.0,4.0,0,0.0,0,0.0,0.0,0.0,0.0,0.0,0.0,0.0,0.0,0.325,0.315384615,0.525,0.0,0.0,0.0,0.0,0.0,0.0
28284,Baked Products,"KEEBLER,ZESTA,SALTINES W/ WHL WHEAT","KEEBLER, ZESTA, Saltines with Whole Wheat",,"Kellogg, Co.",,416,8.4,9.6,75.1,2.1,3.2,0.0,0.0,0.0,0.0,0.0,0,5.2,0.39,0.61,0,0.0,3.89,0,0.0,0,0.0,0.0,0.0,0.0,0.0,0.0,0.0,0.0,0.325,0.3,0.508333333,0.0,0.0,0.0,0.0,0.0,0.0
28285,Baked Products,"BREAD,CHAPATI OR ROTI,WHL WHEAT,FRZ","Bread, chapati or roti, whole wheat, frozen",,,,299,7.85,9.2,46.13,2.93,9.7,0.0,0.28,0.0,0.0,0.55,45,4.61,0.18,0.45,36,0.229,2.2,56,1.747,158,26.6,1.54,0.0,0.164705882,0.0,0.0,0.036666667,0.1125,0.288125,0.138461538,0.375,0.03,0.000254444,0.133333333,0.225714286,0.483636364,0.14
28286,Baked Products,"BREAD,PARATHA (INDIAN BREAD),WHL WHEAT,FRZ","Bread, paratha (Indian bread), whole wheat, frozen",,,,326,6.36,13.2,45.35,4.15,9.6,2.0,0.08,0.0,0.0,1.35,10,1.83,0.076,0.11,25,0.146,1.61,37,1.054,120,7.1,0.82,0.002222222,0.047058824,0.0,0.0,0.09,0.025,0.114375,0.058461538,0.091666667,0.020833333,0.000162222,0.088095238,0.171428571,0.129090909,0.074545455
28287,Baked Products,"BREAD,NAAN (INDIAN BREAD),WHL WHEAT,REFR","Bread, naan (Indian bread), whole wheat, refrigerated",,,,286,10.2,6.7,46.21,3.4,4.8,2.0,0.128,0.0,0.0,1.32,16,3.58,0.18,0.176,59,0.158,1.73,68,1.4,188,11.4,1.24,0.002222222,0.075294118,0.0,0.0,0.088,0.04,0.22375,0.138461538,0.146666667,0.049166667,0.000175556,0.161904762,0.268571429,0.207272727,0.112727273
28288,Baked Products,"BREAD,ROLL,MEXICAN,BOLLILO","Bread, roll, Mexican, bollilo",,,,318,10.65,5.8,55.77,3.55,2.2,1.0,0.105,0.13,0.2,0.0,176,5.585,0.43,0.68,41,0.135,3.9,30,0.68,111,38.8,0.88,0.001111111,0.061764706,0.054166667,0.002222222,0.0,0.44,0.3490625,0.330769231,0.566666667,0.034166667,0.00015,0.071428571,0.158571429,0.705454545,0.08
28289,Baked Products,"COOKIE,VANILLA W/ CARAMEL,COCNT,& CHOC COATING","Cookie, vanilla with caramel, coconut, and chocolate coating",,,,489,3.5,25.8,64.1,35.8,4.4,6.0,0.05,0.04,0.2,2.42,42,1.2,0.12,0.14,40,0.38,3.2,30,0.227,76,9.4,0.5,0.006666667,0.029411765,0.016666667,0.002222222,0.161333333,0.105,0.075,0.092307692,0.116666667,0.033333333,0.000422222,0.071428571,0.108571429,0.170909091,0.045454545
28290,Baked Products,"COOKIE,W/ PNUT BUTTER FILLING,CHOCOLATE-COATED","Cookie, with peanut butter filling, chocolate-coated",,,,558,8.1,35.3,52.2,30.9,3.5,0.0,0.102,0.01,0.0,4.32,74,4.5,0.09,0.14,35,0.585,2.1,17,0.682,37,7.3,0.2,0.0,0.06,0.004166667,0.0,0.288,0.185,0.28125,0.069230769,0.116666667,0.029166667,0.00065,0.04047619,0.052857143,0.132727273,0.018181818
28291,Baked Products,"COOKIES,ANIMAL,W/ FRSTNG OR ICING","Cookies, animal, with frosting or icing",,,,509,3.0,24.1,70.09,41.1,0.9,0.0,0.014,0.0,0.0,0.93,94,1.7,0.15,0.28,6,0.052,1.57,7,0.0,5,11.3,0.24,0.0,0.008235294,0.0,0.0,0.062,0.235,0.10625,0.115384615,0.233333333,0.005,5.77778e-05,0.016666667,0.007142857,0.205454545,0.021818182
28292,Baked Products,"CRACKERS,MULTIGRAIN","Crackers, multigrain",,,,482,7.1,20.4,67.6,12.0,3.5,0.0,0.117,0.0,0.0,1.75,143,3.4,0.28,0.52,14,0.151,2.59,29,0.0,292,26.1,0.98,0.0,0.068823529,0.0,0.0,0.116666667,0.3575,0.2125,0.215384615,0.433333333,0.011666667,0.000167778,0.069047619,0.417142857,0.474545455,0.089090909
28293,Baked Products,"COOKIE,BUTTER OR SUGAR,W/ CHOC ICING OR FILLING","Cookie, butter or sugar, with chocolate icing or filling",,,,503,4.1,23.5,68.83,33.8,1.9,0.0,0.026,0.03,0.0,1.81,94,2.1,0.19,0.34,19,0.365,2.44,13,0.0,74,9.0,0.2,0.0,0.015294118,0.0125,0.0,0.120666667,0.235,0.13125,0.146153846,0.283333333,0.015833333,0.000405556,0.030952381,0.105714286,0.163636364,0.018181818
28294,Baked Products,"COOKIE,CHOC,W/ ICING OR COATING","Cookie, chocolate, with icing or coating",,,,507,4.5,24.2,67.87,32.0,2.3,0.0,0.023,0.02,0.0,2.79,92,2.5,0.19,0.29,15,0.267,3.0,25,0.0,75,11.8,0.3,0.0,0.013529412,0.008333333,0.0,0.186,0.23,0.15625,0.146153846,0.241666667,0.0125,0.000296667,0.05952381,0.107142857,0.214545455,0.027272727
28295,Baked Products,"TORTILLAS,RTB OR -FRY,WHL WHEAT","Tortillas, ready-to-bake or -fry, whole wheat",,,,310,9.76,9.76,45.89,2.44,9.8,0.0,0.312,0.0,0.0,0.9,138,4.858,0.289,0.823,244,0.266,2.63,85,0.0,346,37.0,1.92,0.0,0.183529412,0.0,0.0,0.06,0.345,0.303625,0.222307692,0.685833333,0.203333333,0.000295556,0.202380952,0.494285714,0.672727273,0.174545455
28296,Baked Products,"CAKE,SNACK CAKES,CREME-FILLED,CHOC W/ FRSTNG,LOW-FAT","Cake, snack cakes, creme-filled, chocolate with frosting, low-fat",,,,409,3.71,13.0,69.37,33.42,14.9,1.0,0.046,0.18,0.0,1.13,105,2.102,0.296,0.276,149,0.243,4.01,34,0.0,146,20.5,0.73,0.001111111,0.027058824,0.075,0.0,0.075333333,0.2625,0.131375,0.227692308,0.23,0.124166667,0.00027,0.080952381,0.208571429,0.372727273,0.066363636
28297,Baked Products,"CAKE,SNACK CAKES,NOT CHOC,W/ ICING OR FILLING,LOW-FAT","Cake, snack cakes, not chocolate, with icing or filling, low-fat",,,,405,3.71,11.14,72.49,29.71,14.9,5.0,0.331,0.24,0.0,1.15,90,4.317,0.372,0.301,223,0.267,1.34,142,0.0,302,35.2,2.0,0.005555556,0.194705882,0.1,0.0,0.076666667,0.225,0.2698125,0.286153846,0.250833333,0.185833333,0.000296667,0.338095238,0.431428571,0.64,0.181818182
28298,Baked Products,"COOKIES,BROWNIES,COMMLY PREP,RED FAT","Cookies, brownies, commercially prepared, reduced fat",,,,345,2.77,9.68,61.58,38.73,11.1,0.0,0.019,0.02,0.0,0.59,66,1.441,0.247,0.178,0,0.178,1.99,31,0.0,59,12.9,0.46,0.0,0.011176471,0.008333333,0.0,0.039333333,0.165,0.0900625,0.19,0.148333333,0.0,0.000197778,0.073809524,0.084285714,0.234545455,0.041818182
28299,Baked Products,"COOKIES,CHOC SNDWCH,W/ CREME FILLING,RED FAT","Cookies, chocolate sandwich, with creme filling, reduced fat",,,,436,2.94,13.24,76.17,41.18,2.9,0.0,0.02,0.0,0.0,1.68,107,2.235,0.204,0.29,0,0.188,3.18,25,0.0,66,13.2,0.49,0.0,0.011764706,0.0,0.0,0.112,0.2675,0.1396875,0.156923077,0.241666667,0.0,0.000208889,0.05952381,0.094285714,0.24,0.044545455
28300,Baked Products,"COOKIES,OATMEAL SNDWCH,W/ CREME FILLING","Cookies, oatmeal sandwich, with creme filling",,,,398,2.61,18.29,55.62,31.36,2.6,1.0,0.046,0.01,0.0,2.21,56,1.146,0.111,0.236,0,0.137,1.88,35,0.824,94,6.8,0.67,0.001111111,0.027058824,0.004166667,0.0,0.147333333,0.14,0.071625,0.085384615,0.196666667,0.0,0.000152222,0.083333333,0.134285714,0.123636364,0.060909091
28301,Baked Products,"COOKIES,PNUT BUTTER,COMMLY PREP,SUGAR FREE","Cookies, peanut butter, commercially prepared, sugar free",,,,523,10.34,31.03,50.52,0.0,3.4,0.0,0.112,0.0,0.0,3.51,117,5.538,0.222,0.34,0,0.199,2.48,49,0.0,132,16.6,1.05,0.0,0.065882353,0.0,0.0,0.234,0.2925,0.346125,0.170769231,0.283333333,0.0,0.000221111,0.116666667,0.188571429,0.301818182,0.095454545
28302,Baked Products,"COOKIES,GRAHAM CRACKERS,PLN OR HONEY,LOWFAT","Cookies, graham crackers, plain or honey, lowfat",,,,386,5.71,5.71,77.96,22.86,5.7,0.0,0.158,0.0,0.0,0.86,118,3.818,0.236,0.453,429,0.197,3.09,56,0.0,163,33.7,1.16,0.0,0.092941176,0.0,0.0,0.057333333,0.295,0.238625,0.181538462,0.3775,0.3575,0.000218889,0.133333333,0.232857143,0.612727273,0.105454545
28303,Baked Products,"CRACKERS,CHS,WHL GRAIN","Crackers, cheese, whole grain",,,,412,9.62,16.03,57.29,0.0,6.4,12.0,0.203,0.06,0.0,1.08,146,5.13,0.545,0.289,128,0.231,3.46,68,0.0,264,40.3,1.84,0.013333333,0.119411765,0.025,0.0,0.072,0.365,0.320625,0.419230769,0.240833333,0.106666667,0.000256667,0.161904762,0.377142857,0.732727273,0.167272727
28304,Baked Products,"WAFFLES,WHL WHEAT,LOWFAT,FRZ,RTH","Waffles, whole wheat, lowfat, frozen, ready-to-heat",,,,257,7.14,3.57,49.16,4.29,4.3,155.0,0.571,1.71,0.0,0.41,88,5.714,0.486,0.429,143,0.193,6.43,65,1.711,286,30.5,1.17,0.172222222,0.335882353,0.7125,0.0,0.027333333,0.22,0.357125,0.373846154,0.3575,0.119166667,0.000214444,0.154761905,0.408571429,0.554545455,0.106363636
28305,Baked Products,"PANCAKES,PLN,RED FAT","Pancakes, plain, reduced fat",,,,269,5.71,1.9,57.32,8.57,1.0,7.0,0.039,0.1,0.0,0.25,177,2.857,0.243,0.357,57,0.093,1.71,16,0.0,190,22.0,0.52,0.007777778,0.022941176,0.041666667,0.0,0.016666667,0.4425,0.1785625,0.186923077,0.2975,0.0475,0.000103333,0.038095238,0.271428571,0.4,0.047272727
28306,Baked Products,"BREAD,CHAPATI OR ROTI,PLN,COMMLY PREP","Bread, chapati or roti, plain, commercially prepared",,,,297,11.25,7.45,46.36,2.72,4.9,0.0,0.27,0.0,0.0,0.88,0,6.78,0.2,0.55,93,0.252,3.01,62,1.251,184,53.7,1.57,0.0,0.158823529,0.0,0.0,0.058666667,0.0,0.42375,0.153846154,0.458333333,0.0775,0.00028,0.147619048,0.262857143,0.976363636,0.142727273
28307,Baked Products,"BREAD,NAAN (INDIAN BREAD),PLN,COMMLY PREP,REFR","Bread, naan (Indian bread), plain, commercially prepared, refrigerated",,,,291,9.62,5.65,50.43,3.55,2.2,0.0,0.095,0.0,0.0,0.79,0,5.84,0.51,0.78,84,0.129,3.25,27,0.514,100,27.9,0.81,0.0,0.055882353,0.0,0.0,0.052666667,0.0,0.365,0.392307692,0.65,0.07,0.000143333,0.064285714,0.142857143,0.507272727,0.073636364
28308,Baked Products,"CRACKERS,STD SNACK-TYPE,W/ WHL WHEAT","Crackers, standard snack-type, with whole wheat",,,,463,7.29,17.84,68.37,10.43,4.9,0.0,0.18,0.0,0.0,2.9,0,4.453,0.243,0.32,167,0.197,3.65,47,0.916,356,8.7,1.11,0.0,0.105882353,0.0,0.0,0.193333333,0.0,0.2783125,0.186923077,0.266666667,0.139166667,0.000218889,0.111904762,0.508571429,0.158181818,0.100909091
28309,Baked Products,"COOKIES,COCNT MACAROON","Cookies, coconut macaroon",,,,460,3.02,22.55,61.22,45.16,5.1,0.0,0.096,0.0,0.0,0.19,3,0.22,0.06,0.02,5,0.269,0.82,29,0.0,68,6.8,0.73,0.0,0.056470588,0.0,0.0,0.012666667,0.0075,0.01375,0.046153846,0.016666667,0.004166667,0.000298889,0.069047619,0.097142857,0.123636364,0.066363636
31001,Vegetables and Vegetable Products,"CAMPBELLS,TOMATO JUC","CAMPBELLS, Tomato juice",,Campbell Soup Co.,,21,0.82,0.0,4.12,2.88,0.8,0.0,0.0,0.0,29.6,0.0,0,0.0,0.0,0.0,8,0.0,0.15,0,0.0,0,0.0,0.0,0.0,0.0,0.0,0.328888889,0.0,0.0,0.0,0.0,0.0,0.006666667,0.0,0.0,0.0,0.0,0.0
31002,Vegetables and Vegetable Products,"CAMPBELLS, TOMATO JUC,LO NA","CAMPBELLS, Tomato juice, low sodium",,Campbell Soup Co.,,21,0.82,0.0,4.12,2.88,0.8,0.0,0.0,0.0,29.6,0.0,0,0.0,0.0,0.0,8,0.0,0.15,0,0.0,0,0.0,0.0,0.0,0.0,0.0,0.328888889,0.0,0.0,0.0,0.0,0.0,0.006666667,0.0,0.0,0.0,0.0,0.0
31005,Vegetables and Vegetable Products,"V8 VEG JUC,ORGANIC V8","CAMPBELLS, V8 Vegetable Juice, Organic V8",,Campbell Soup Co.,,20,0.41,0.0,4.53,3.29,0.8,0.0,0.0,0.0,29.6,0.0,0,0.0,0.0,0.0,8,0.0,0.3,0,0.0,0,0.0,0.0,0.0,0.0,0.0,0.328888889,0.0,0.0,0.0,0.0,0.0,0.006666667,0.0,0.0,0.0,0.0,0.0
31006,Vegetables and Vegetable Products,"CAMPBELLS,ORGANIC TOMATO JUC","CAMPBELLS, Organic Tomato juice",,Campbell Soup Co.,,21,0.82,0.0,4.12,2.88,0.8,0.0,0.0,0.0,29.6,0.0,0,0.0,0.0,0.0,8,0.0,0.15,0,0.0,0,0.0,0.0,0.0,0.0,0.0,0.328888889,0.0,0.0,0.0,0.0,0.0,0.006666667,0.0,0.0,0.0,0.0,0.0
31007,Vegetables and Vegetable Products,HEALTHY REQUEST TOMATO JUC,HEALTHY REQUEST Tomato juice,,Campbell Soup Co.,,21,0.82,0.0,4.53,3.7,0.8,0.0,0.0,0.0,29.6,5.56,0,0.0,0.0,0.0,8,0.0,0.0,0,0.0,0,0.0,0.0,0.0,0.0,0.0,0.328888889,0.370666667,0.0,0.0,0.0,0.0,0.006666667,0.0,0.0,0.0,0.0,0.0
31008,Vegetables and Vegetable Products,CAMPBELLS V8 100% VEG JUC,"CAMPBELLS, V8 100% Vegetable Juice",,Campbell Soup Co.,,21,0.82,0.0,4.12,3.29,0.8,0.0,0.0,0.0,29.6,0.0,0,0.0,0.0,0.0,16,0.0,0.3,0,0.0,0,0.0,0.0,0.0,0.0,0.0,0.328888889,0.0,0.0,0.0,0.0,0.0,0.013333333,0.0,0.0,0.0,0.0,0.0
31010,Vegetables and Vegetable Products,"V8 VEG JUC,ESSENTIAL ANTIOXIDANTS V8","CAMPBELLS, V8 Vegetable Juice, Essential Antioxidants V8",,Campbell Soup Co.,,21,0.82,0.0,4.53,3.29,0.8,0.0,0.0,0.0,49.4,0.0,0,0.0,0.0,0.0,16,0.0,0.3,0,0.0,0,0.0,0.62,0.0,0.0,0.0,0.548888889,0.0,0.0,0.0,0.0,0.0,0.013333333,0.0,0.0,0.0,0.0,0.056363636
31011,Vegetables and Vegetable Products,"V8 VEG JUC,CA ENR V8","CAMPBELLS, V8 Vegetable Juice, Calcium Enriched V8",,Campbell Soup Co.,,21,0.82,0.0,4.53,3.29,0.8,0.0,0.0,0.0,29.6,0.0,0,0.0,0.0,0.0,123,0.0,0.3,0,0.0,0,0.0,0.0,0.0,0.0,0.0,0.328888889,0.0,0.0,0.0,0.0,0.0,0.1025,0.0,0.0,0.0,0.0,0.0
31012,Vegetables and Vegetable Products,"V8 VEG JUC,LO NA V8","CAMPBELLS, V8 Vegetable Juice, Low Sodium V8",,Campbell Soup Co.,,21,0.82,0.0,4.12,3.29,0.8,41.0,0.0,0.0,29.6,0.0,0,0.0,0.0,0.0,8,0.0,0.15,0,0.0,0,0.0,0.0,0.045555556,0.0,0.0,0.328888889,0.0,0.0,0.0,0.0,0.0,0.006666667,0.0,0.0,0.0,0.0,0.0
31013,Vegetables and Vegetable Products,"V8 VEG JUC,SPICY HOT V8","CAMPBELLS, V8 Vegetable Juice, Spicy Hot V8",,Campbell Soup Co.,,21,0.82,0.0,4.12,3.29,0.8,0.0,0.0,0.0,29.6,0.0,0,0.0,0.0,0.0,16,0.0,0.44,0,0.0,0,0.0,0.0,0.0,0.0,0.0,0.328888889,0.0,0.0,0.0,0.0,0.0,0.013333333,0.0,0.0,0.0,0.0,0.0
31014,Vegetables and Vegetable Products,"PACE,JALAPENOS NACHO SLICED PEPPERS","PACE, Jalapenos Nacho Sliced Peppers",,Campbell Soup Co.,,13,0.0,0.0,3.33,3.33,3.3,0.0,0.0,0.0,12.0,0.0,0,0.0,0.0,0.0,67,0.0,0.0,0,0.0,0,0.0,0.0,0.0,0.0,0.0,0.133333333,0.0,0.0,0.0,0.0,0.0,0.055833333,0.0,0.0,0.0,0.0,0.0
31015,Vegetables and Vegetable Products,"PACE,DICED GRN CHILIES","PACE, Diced Green Chilies",,Campbell Soup Co.,,27,0.0,0.0,6.67,3.33,3.3,0.0,0.0,0.0,12.0,0.0,0,0.0,0.0,0.0,0,0.0,0.0,0,0.0,0,0.0,0.0,0.0,0.0,0.0,0.133333333,0.0,0.0,0.0,0.0,0.0,0.0,0.0,0.0,0.0,0.0,0.0
31016,Vegetables and Vegetable Products,"V8 60% VEG JUC,V8 V-LITE","CAMPBELLS, V8 60% Vegetable Juice, V8 V-Lite",,Campbell Soup Co.,,14,0.41,0.0,2.88,2.06,0.4,0.0,0.0,0.0,29.6,0.0,0,0.0,0.0,0.0,16,0.0,0.3,0,0.0,0,0.0,0.0,0.0,0.0,0.0,0.328888889,0.0,0.0,0.0,0.0,0.0,0.013333333,0.0,0.0,0.0,0.0,0.0
31017,Vegetables and Vegetable Products,"V8 VEG JUC,LO NA SPICY HOT","CAMPBELLS, V8 Vegetable Juice, Low Sodium Spicy Hot",,Campbell Soup Co.,,21,0.82,0.0,4.53,3.29,0.8,0.0,0.0,0.0,24.7,0.0,0,0.0,0.0,0.0,8,0.0,0.15,25,0.0,25,0.0,0.12,0.0,0.0,0.0,0.274444444,0.0,0.0,0.0,0.0,0.0,0.006666667,0.0,0.05952381,0.035714286,0.0,0.010909091
31018,Vegetables and Vegetable Products,"V8 VEG JUC,HI FIBER V8","CAMPBELLS, V8 Vegetable Juice, High Fiber V8",,,,25,0.82,0.0,5.39,3.29,2.1,0.0,0.0,0.0,29.6,0.0,0,0.0,0.0,0.0,16,0.0,0.3,0,0.0,0,0.0,0.0,0.0,0.0,0.0,0.328888889,0.0,0.0,0.0,0.0,0.0,0.013333333,0.0,0.0,0.0,0.0,0.0
31019,Vegetables and Vegetable Products,"SEAWEED,CANADIAN CULTIVATED EMI-TSUNOMATA,DRY","Seaweed, Canadian Cultivated EMI-TSUNOMATA, dry",,Acadian Seaplants Limited,Chondrus crispus,259,15.34,1.39,46.24,0.0,36.7,406.0,0.23,2.25,29.0,5.53,188,3.75,1.59,0.48,299,0.47,66.38,692,5.88,260,0.0,2.53,0.451111111,0.135294118,0.9375,0.322222222,0.368666667,0.47,0.234375,1.223076923,0.4,0.249166667,0.000522222,1.647619048,0.371428571,0.0,0.23
31020,Vegetables and Vegetable Products,"SEAWEED,CANADIAN CULTIVATED EMI-TSUNOMATA,REHYDRATED","Seaweed, Canadian Cultivated EMI-TSUNOMATA, rehydrated",,Acadian Seaplants Limited,,31,1.86,0.17,5.62,0.0,4.5,49.0,0.03,0.27,3.5,0.67,23,0.46,0.19,0.06,36,0.06,8.07,84,0.71,32,0.0,0.31,0.054444444,0.017647059,0.1125,0.038888889,0.044666667,0.0575,0.02875,0.146153846,0.05,0.03,6.66667e-05,0.2,0.045714286,0.0,0.028181818
31021,Vegetables and Vegetable Products,"POTATOES,HASH BROWN,REFR,UNPREP","Potatoes, hash brown, refrigerated, unprepared",,,,84,1.75,0.08,19.16,0.91,1.8,0.0,0.257,0.0,4.9,0.07,0,1.777,0.022,0.027,6,0.062,0.48,19,0.14,70,2.9,0.38,0.0,0.151176471,0.0,0.054444444,0.004666667,0.0,0.1110625,0.016923077,0.0225,0.005,6.88889e-05,0.045238095,0.1,0.052727273,0.034545455
31022,Vegetables and Vegetable Products,"POTATOES,HASH BROWN,REFR,PREP,PAN-FRIED IN CANOLA OIL","Potatoes, hash brown, refrigerated, prepared, pan-fried in canola oil","Potatoes, hashed brown",,,242,3.24,10.3,33.99,1.16,3.6,0.0,0.363,0.0,2.7,1.68,0,3.193,0.05,0.027,10,0.107,0.74,32,0.225,122,0.0,0.63,0.0,0.213529412,0.0,0.03,0.112,0.0,0.1995625,0.038461538,0.0225,0.008333333,0.000118889,0.076190476,0.174285714,0.0,0.057272727
31023,Vegetables and Vegetable Products,"SWEET POTATOES,FRENCH FR,FRZ,UNPREP","Sweet Potatoes, french fried, frozen, unprepared",,,,152,1.57,5.06,24.94,8.19,3.6,0.0,0.0,0.0,4.5,0.0,0,0.0,0.0,0.0,27,0.0,0.76,0,0.0,0,0.0,0.0,0.0,0.0,0.0,0.05,0.0,0.0,0.0,0.0,0.0,0.0225,0.0,0.0,0.0,0.0,0.0
31024,Vegetables and Vegetable Products,"SWEET POTATOES,FRENCH FR,CROSSCUT,FRZ,UNPREP","Sweet Potatoes, french fried, crosscut, frozen, unprepared",,,,209,1.7,11.1,25.52,6.46,3.4,0.0,0.0,0.0,4.2,0.0,0,0.0,0.0,0.0,39,0.0,0.44,0,0.0,0,0.0,0.0,0.0,0.0,0.0,0.046666667,0.0,0.0,0.0,0.0,0.0,0.0325,0.0,0.0,0.0,0.0,0.0
31025,Vegetables and Vegetable Products,"SWEET POTATO PUFFS,FRZ,UNPREP","Sweet Potato puffs, frozen, unprepared",,,,161,1.36,3.58,30.72,7.65,1.9,0.0,0.0,0.0,2.2,0.0,0,0.0,0.0,0.0,57,0.0,0.4,0,0.0,0,0.0,0.0,0.0,0.0,0.0,0.024444444,0.0,0.0,0.0,0.0,0.0,0.0475,0.0,0.0,0.0,0.0,0.0
31026,Vegetables and Vegetable Products,"POTATOES,YEL FLESHED,RSTD,SALT ADDED IN PROC,FRZ,UNPREP","Potatoes, yellow fleshed, roasted, salt added in processing, frozen, unprepared",,,,119,1.99,1.85,23.44,0.31,2.6,0.0,0.0,0.0,6.0,0.0,0,0.0,0.0,0.0,11,0.0,0.45,0,0.0,0,0.0,0.0,0.0,0.0,0.0,0.066666667,0.0,0.0,0.0,0.0,0.0,0.009166667,0.0,0.0,0.0,0.0,0.0
31027,Vegetables and Vegetable Products,"POTATOES,YEL FLESHED,FRENCH FR,FRZ,UNPREP","Potatoes, yellow fleshed, french fried, frozen, unprepared",,,,162,2.47,5.84,25.01,0.37,2.2,0.0,0.0,0.0,10.9,0.0,0,0.0,0.0,0.0,9,0.0,0.48,0,0.0,0,0.0,0.0,0.0,0.0,0.0,0.121111111,0.0,0.0,0.0,0.0,0.0,0.0075,0.0,0.0,0.0,0.0,0.0
31028,Vegetables and Vegetable Products,"POTATO\,YEL FLSH,HASH BRN,SHRD,SALT ADDED IN PROC,FRZ,UNPREP","Potatoes, yellow fleshed, hash brown, shredded, salt added in processing, frozen, unprepared",,,,81,2.04,0.07,17.98,0.23,2.0,0.0,0.0,0.0,7.8,0.0,0,0.0,0.0,0.0,9,0.0,0.31,0,0.0,0,0.0,0.0,0.0,0.0,0.0,0.086666667,0.0,0.0,0.0,0.0,0.0,0.0075,0.0,0.0,0.0,0.0,0.0
31029,Vegetables and Vegetable Products,"POTATOES,FRENCH FR,WEDGE CUT,FRZ,UNPREP","Potatoes, french fried, wedge cut, frozen, unprepared",,,,166,2.56,7.47,22.22,0.34,2.4,0.0,0.0,0.0,5.1,0.0,0,0.0,0.0,0.0,14,0.0,0.72,0,0.0,0,0.0,0.0,0.0,0.0,0.0,0.056666667,0.0,0.0,0.0,0.0,0.0,0.011666667,0.0,0.0,0.0,0.0,0.0
31030,Vegetables and Vegetable Products,"POTATOES,FRENCH FR,STK CUT,SALT NOT ADDED IN PROC,FRZ,UNPREP","Potatoes, french fried, steak cut, salt not added in processing, frozen, unprepared",,,,138,2.4,3.42,24.31,0.21,2.4,0.0,0.0,0.0,6.9,0.0,0,0.0,0.0,0.0,13,0.0,0.83,0,0.0,0,0.0,0.0,0.0,0.0,0.0,0.076666667,0.0,0.0,0.0,0.0,0.0,0.010833333,0.0,0.0,0.0,0.0,0.0
31031,Vegetables and Vegetable Products,"POTATOES,FRENCH FR,CROSS CUT,FRZ,UNPREP","Potatoes, french fried, cross cut, frozen, unprepared",,,,193,2.7,10.0,22.95,0.49,2.3,0.0,0.0,0.0,5.7,0.0,0,0.0,0.0,0.0,13,0.0,0.87,0,0.0,0,0.0,0.0,0.0,0.0,0.0,0.063333333,0.0,0.0,0.0,0.0,0.0,0.010833333,0.0,0.0,0.0,0.0,0.0
32000,"Meals, Entrees, and Side Dishes","RICE & VERMICELLI MIX,BF FLAVOR,UNPREP","Rice and vermicelli mix, beef flavor, unprepared",,,,359,10.84,1.27,76.02,4.27,1.6,70.0,0.16,0.05,1.9,0.18,292,5.287,0.113,0.687,32,0.186,2.82,34,0.952,125,26.4,1.34,0.077777778,0.094117647,0.020833333,0.021111111,0.012,0.73,0.3304375,0.086923077,0.5725,0.026666667,0.000206667,0.080952381,0.178571429,0.48,0.121818182
32001,"Meals, Entrees, and Side Dishes","RICE & VERMICELLI MIX,BF FLAVOR,PREP W/ 80% MARGARINE","Rice and vermicelli mix, beef flavor, prepared with 80% margarine",,,,129,2.82,3.2,22.03,0.0,0.6,0.0,0.015,0.0,0.0,0.27,0,1.353,0.018,0.163,10,0.054,0.88,10,0.261,33,7.5,0.42,0.0,0.008823529,0.0,0.0,0.018,0.0,0.0845625,0.013846154,0.135833333,0.008333333,6e-05,0.023809524,0.047142857,0.136363636,0.038181818
32002,"Meals, Entrees, and Side Dishes","RICE & VERMICELLI MIX,RICE PILAF FLAVOR,UNPREP","Rice and vermicelli mix, rice pilaf flavor, unprepared",,,,359,10.42,1.37,76.31,1.53,1.2,4.0,0.4,0.02,4.1,0.04,347,6.127,0.087,0.603,83,0.166,2.44,32,0.882,154,32.4,1.01,0.004444444,0.235294118,0.008333333,0.045555556,0.002666667,0.8675,0.3829375,0.066923077,0.5025,0.069166667,0.000184444,0.076190476,0.22,0.589090909,0.091818182
32003,"Meals, Entrees, and Side Dishes","RICE & VERMICELLI MIX,RICE PILAF FLAVOR,PREP W/ 80% MARGARIN","Rice and vermicelli mix, rice pilaf flavor, prepared with 80% margarine",,,,148,2.94,3.7,25.67,0.26,0.6,39.0,0.133,0.0,0.0,0.26,0,1.853,0.027,0.167,29,0.057,0.85,11,0.287,48,10.3,0.39,0.043333333,0.078235294,0.0,0.0,0.017333333,0.0,0.1158125,0.020769231,0.139166667,0.024166667,6.33333e-05,0.026190476,0.068571429,0.187272727,0.035454545
32004,"Meals, Entrees, and Side Dishes","MACARONI & CHS,BOX MIX W/ CHS SAU,UNPREP","Macaroni and cheese, box mix with cheese sauce, unprepared",,,,334,12.73,10.67,46.66,6.43,1.8,6.0,0.113,0.39,0.6,1.48,217,4.003,0.372,0.525,145,0.163,2.07,34,0.47,391,37.0,1.3,0.006666667,0.066470588,0.1625,0.006666667,0.098666667,0.5425,0.2501875,0.286153846,0.4375,0.120833333,0.000181111,0.080952381,0.558571429,0.672727273,0.118181818
32005,"Meals, Entrees, and Side Dishes","MACARONI & CHS,BOX MIX W/ CHS SAU,PREP","Macaroni and cheese, box mix with cheese sauce, prepared",,,,164,6.68,4.99,23.1,1.57,1.2,22.0,0.025,0.27,0.0,0.54,0,1.15,0.09,0.155,85,0.067,1.17,15,0.224,234,0.0,0.65,0.024444444,0.014705882,0.1125,0.0,0.036,0.0,0.071875,0.069230769,0.129166667,0.070833333,7.44444e-05,0.035714286,0.334285714,0.0,0.059090909
32006,"Meals, Entrees, and Side Dishes","TAQUITOS,FRZ,CHICK & CHS,OVEN-HEATED","Taquitos, frozen, chicken and cheese, oven-heated",,,,284,9.21,12.54,33.63,1.3,2.9,30.0,0.14,0.18,0.0,1.13,99,3.85,0.277,0.331,104,0.1,2.47,24,0.387,132,16.7,0.71,0.033333333,0.082352941,0.075,0.0,0.075333333,0.2475,0.240625,0.213076923,0.275833333,0.086666667,0.000111111,0.057142857,0.188571429,0.303636364,0.064545455
32007,"Meals, Entrees, and Side Dishes","TAQUITOS,FRZ,BF & CHS,OVEN-HEATED","Taquitos, frozen, beef and cheese, oven-heated",,,,287,9.4,12.79,33.46,1.66,2.8,35.0,0.179,0.28,0.0,1.25,113,3.537,0.309,0.331,97,0.102,2.67,24,0.362,137,15.4,1.05,0.038888889,0.105294118,0.116666667,0.0,0.083333333,0.2825,0.2210625,0.237692308,0.275833333,0.080833333,0.000113333,0.057142857,0.195714286,0.28,0.095454545
32008,"Meals, Entrees, and Side Dishes","PASTA MIX,CLASSIC CHEESEBURGER MACARONI,UNPREP","Pasta mix, classic cheeseburger macaroni, unprepared",,,,349,11.6,1.88,71.51,4.97,2.7,25.0,0.127,0.3,2.3,0.43,198,5.703,0.433,0.86,28,0.14,2.75,35,0.655,131,37.8,0.82,0.027777778,0.074705882,0.125,0.025555556,0.028666667,0.495,0.3564375,0.333076923,0.716666667,0.023333333,0.000155556,0.083333333,0.187142857,0.687272727,0.074545455
32009,"Meals, Entrees, and Side Dishes","PASTA MIX,CLASSIC BF,UNPREP","Pasta mix, classic beef, unprepared",,,,354,12.32,1.78,72.2,4.95,2.0,0.0,0.133,0.01,2.6,0.33,197,5.24,0.423,2.36,21,0.163,2.71,39,0.657,127,43.2,0.99,0.0,0.078235294,0.004166667,0.028888889,0.022,0.4925,0.3275,0.325384615,1.966666667,0.0175,0.000181111,0.092857143,0.181428571,0.785454545,0.09
32010,"Meals, Entrees, and Side Dishes","PASTA MIX,ITALIAN LASAGNA,UNPREP","Pasta mix, Italian lasagna, unprepared",,,,356,10.9,1.97,73.77,11.27,2.8,10.0,0.16,0.19,0.9,0.81,187,5.577,0.427,0.7,52,0.154,2.87,37,0.582,124,24.9,0.84,0.011111111,0.094117647,0.079166667,0.01,0.054,0.4675,0.3485625,0.328461538,0.583333333,0.043333333,0.000171111,0.088095238,0.177142857,0.452727273,0.076363636
32011,"Meals, Entrees, and Side Dishes","YELLOW RICE W/ SEASONING,DRY PACKET MIX,UNPREP","Yellow rice with seasoning, dry packet mix, unprepared",,,,343,7.02,1.75,74.68,1.75,1.8,9.0,0.58,0.0,0.0,0.25,219,3.509,0.128,0.395,35,0.272,2.53,112,0.0,174,10.6,1.21,0.01,0.341176471,0.0,0.0,0.016666667,0.5475,0.2193125,0.098461538,0.329166667,0.029166667,0.000302222,0.266666667,0.248571429,0.192727273,0.11
32012,"Meals, Entrees, and Side Dishes","PIZZA ROLLS,FRZ,UNPREP","Pizza rolls, frozen, unprepared",,,,328,8.73,9.98,50.72,3.74,1.2,67.0,0.07,0.26,0.0,1.59,71,2.075,0.212,0.202,125,0.131,1.8,20,0.0,137,12.1,0.73,0.074444444,0.041176471,0.108333333,0.0,0.106,0.1775,0.1296875,0.163076923,0.168333333,0.104166667,0.000145556,0.047619048,0.195714286,0.22,0.066363636
32013,"Meals, Entrees, and Side Dishes","POTSTICKER OR WONTON,PORK & VEG,FRZ,UNPREP","Potsticker or wonton, pork and vegetable, frozen, unprepared",,,,136,8.28,5.52,13.28,2.76,1.4,5.0,0.248,0.26,8.3,0.25,18,2.236,0.127,0.367,28,0.034,0.74,21,0.0,127,17.7,1.67,0.005555556,0.145882353,0.108333333,0.092222222,0.016666667,0.045,0.13975,0.097692308,0.305833333,0.023333333,3.77778e-05,0.05,0.181428571,0.321818182,0.151818182
32014,"Meals, Entrees, and Side Dishes","MACARONI OR NOODLES W/ CHS,MADE FROM RED FAT PACKAGED MIX,UN","Macaroni or noodles with cheese, made from reduced fat packaged mix, unprepared",,,,297,13.1,4.03,52.06,5.04,2.0,30.0,0.117,0.4,0.0,0.56,224,4.118,0.383,0.54,202,0.168,1.81,35,0.0,403,38.1,1.34,0.033333333,0.068823529,0.166666667,0.0,0.037333333,0.56,0.257375,0.294615385,0.45,0.168333333,0.000186667,0.083333333,0.575714286,0.692727273,0.121818182
32015,"Meals, Entrees, and Side Dishes","TURNOVER,CHEESE-FILLED,TOMATO-BASED SAU,FRZ,UNPREP","Turnover, cheese-filled, tomato-based sauce, frozen, unprepared",,,,235,10.24,9.45,27.29,7.87,1.6,52.0,0.095,0.94,0.0,0.79,92,1.575,0.201,0.236,276,0.093,1.85,23,0.0,47,14.9,1.26,0.057777778,0.055882353,0.391666667,0.0,0.052666667,0.23,0.0984375,0.154615385,0.196666667,0.23,0.000103333,0.054761905,0.067142857,0.270909091,0.114545455
32016,"Meals, Entrees, and Side Dishes","MACARONI OR NOODLES W/ CHS,MICROWAVEABLE,UNPREP","Macaroni or noodles with cheese, microwaveable, unprepared",,,,388,11.48,6.56,70.75,8.2,1.6,99.0,0.142,0.77,0.0,0.13,334,3.882,0.626,1.04,328,0.193,2.36,49,0.0,328,47.5,1.23,0.11,0.083529412,0.320833333,0.0,0.008666667,0.835,0.242625,0.481538462,0.866666667,0.273333333,0.000214444,0.116666667,0.468571429,0.863636364,0.111818182
32017,"Meals, Entrees, and Side Dishes","PASTA MIX,ITALIAN FOUR CHS LASAGNA,UNPREP","Pasta mix, Italian four cheese lasagna, unprepared",,,,355,12.53,2.7,70.26,6.7,2.6,38.0,0.153,0.52,0.0,0.54,0,6.067,0.537,0.813,55,0.164,3.12,42,0.688,162,36.9,0.98,0.042222222,0.09,0.216666667,0.0,0.036,0.0,0.3791875,0.413076923,0.6775,0.045833333,0.000182222,0.1,0.231428571,0.670909091,0.089090909
32018,"Meals, Entrees, and Side Dishes","SPANISH RICE MIX,DRY MIX,UNPREP","Spanish rice mix, dry mix, unprepared",,,,363,10.62,1.62,76.45,3.83,3.1,23.0,0.248,0.0,0.0,0.86,0,7.179,0.288,0.822,29,0.19,3.32,37,0.79,146,33.1,1.03,0.025555556,0.145882353,0.0,0.0,0.057333333,0.0,0.4486875,0.221538462,0.685,0.024166667,0.000211111,0.088095238,0.208571429,0.601818182,0.093636364
32019,"Meals, Entrees, and Side Dishes","LASAGNA,CHS,FRZ,UNPREP","Lasagna, cheese, frozen, unprepared",,,,145,5.06,4.22,21.61,3.8,1.7,23.0,0.078,0.1,1.5,0.66,69,1.354,0.127,0.172,84,0.119,0.76,19,0.241,90,16.8,0.63,0.025555556,0.045882353,0.041666667,0.016666667,0.044,0.1725,0.084625,0.097692308,0.143333333,0.07,0.000132222,0.045238095,0.128571429,0.305454545,0.057272727
32020,"Meals, Entrees, and Side Dishes","CHICKEN,THIGHS,FRZ,BREADED,REHTD","Chicken, thighs, frozen, breaded, reheated",,,,334,18.66,22.45,14.23,0.0,0.0,37.0,0.14,0.54,0.0,1.19,0,4.263,0.29,0.15,75,0.119,1.26,31,0.288,190,25.7,1.39,0.041111111,0.082352941,0.225,0.0,0.079333333,0.0,0.2664375,0.223076923,0.125,0.0625,0.000132222,0.073809524,0.271428571,0.467272727,0.126363636
32021,"Meals, Entrees, and Side Dishes","SPANISH RICE MIX,DRY MIX,PREP (WITH CANOLA/VEGETABLE OIL BLE","Spanish rice mix, dry mix, prepared (with canola/vegetable oil blend or diced tomatoes and margarine)",,,,125,3.27,2.38,22.74,1.79,1.5,10.0,0.096,0.0,0.0,0.67,0,2.447,0.135,0.287,18,0.061,1.02,13,0.221,45,9.6,0.3,0.011111111,0.056470588,0.0,0.0,0.044666667,0.0,0.1529375,0.103846154,0.239166667,0.015,6.77778e-05,0.030952381,0.064285714,0.174545455,0.027272727
32022,"Meals, Entrees, and Side Dishes","KASHI THREE CHS RAVIOLI W/ MEDITERRANEAN TOMATO SAU,FRZ,UNPR","KASHI Three Cheese Ravioli with Mediterranean Tomato Sauce, frozen, unprepared",,"Kellogg, Co.",,139,5.5,4.2,19.7,3.6,2.1,0.0,0.0,0.0,0.0,0.0,0,0.2,0.0,0.0,81,0.0,0.8,1,0.0,4,0.0,0.0,0.0,0.0,0.0,0.0,0.0,0.0,0.0125,0.0,0.0,0.0675,0.0,0.002380952,0.005714286,0.0,0.0
32023,"Meals, Entrees, and Side Dishes","KASHI MUSHROOM & ASPARAGUS RISOTTO,FRZ,UNPREP","KASHI Mushroom & Asparagus Risotto, frozen, unprepared",,"Kellogg, Co.",,119,4.3,3.7,17.0,1.3,2.6,0.0,0.1,0.0,0.0,0.0,0,0.4,0.0,0.1,67,0.0,0.8,13,0.0,62,0.0,0.3,0.0,0.058823529,0.0,0.0,0.0,0.0,0.025,0.0,0.083333333,0.055833333,0.0,0.030952381,0.088571429,0.0,0.027272727
33862,Baby Foods,"INF FORMULA, MEAD JOHNSON, ENFAMIL, PRM, NEWBORN, PWD","Infant Formula, MEAD JOHNSON, ENFAMIL, Premium, Newborn, powder",,,,514,10.8,27.0,57.0,57.0,0.0,467.0,0.31,1.54,62.0,4.5,139,5.1,0.72,0.41,400,0.38,9.2,41,77.0,220,14.4,5.1,0.518888889,0.182352941,0.641666667,0.688888889,0.3,0.3475,0.31875,0.553846154,0.341666667,0.333333333,0.000422222,0.097619048,0.314285714,0.261818182,0.463636364
33863,Baby Foods,"INF FORMULA,MEAD JOHNSON,ENFAMIL,PREMIUM LIPIL,INFANT,PDR","Infant Formula, MEAD JOHNSON, ENFAMIL, Premium LIPIL, Infant, powder",,,,510,10.8,27.0,57.0,57.0,0.0,458.0,0.31,1.54,62.0,6.9,138,5.0,0.72,0.41,390,0.38,9.2,41,0.077,220,14.4,5.1,0.508888889,0.182352941,0.641666667,0.688888889,0.46,0.345,0.3125,0.553846154,0.341666667,0.325,0.000422222,0.097619048,0.314285714,0.261818182,0.463636364
33864,Baby Foods,"INF FORMU, MEA JOHN, ENFA, PRE LIPIL, INFA, LIQ CON, NOT REC","Infant Formula, MEAD JOHNSON, ENFAMIL, Premium LIPIL, Infant, Liquid concentrate, not reconstituted",,,,129,2.73,6.83,14.42,14.42,0.0,118.0,0.078,0.39,15.7,1.17,21,1.291,0.182,0.104,101,0.096,2.33,10,0.019,56,3.6,1.29,0.131111111,0.045882353,0.1625,0.174444444,0.078,0.0525,0.0806875,0.14,0.086666667,0.084166667,0.000106667,0.023809524,0.08,0.065454545,0.117272727
33865,Baby Foods,"INF FORMULA,MEAD JOHNSON,ENFA,PREM,INFANT,LIQ CONC,NOT REC","Infant Formula, MEAD JOHNSON, ENFAMIL, Premium, Infant, Liquid concentrate, not reconstituted",,,,129,2.72,7.1,14.34,14.34,0.0,118.0,0.078,0.39,15.6,1.17,21,1.283,0.181,0.103,101,0.096,2.32,10,0.0,55,3.6,1.28,0.131111111,0.045882353,0.1625,0.173333333,0.078,0.0525,0.0801875,0.139230769,0.085833333,0.084166667,0.000106667,0.023809524,0.078571429,0.065454545,0.116363636
33866,Baby Foods,"INF FORMULA, MEAD JOHNS, ENFA, ENFA, GENTL, TODD, LIPI, POW","Infant formula, MEAD JOHNSON, ENFAMIL, ENFAGROW, GENTLEASE, Toddler, LIPIL, powder",,,,494,12.9,26.0,52.0,52.0,0.0,452.0,0.3,1.49,60.0,4.46,136,5.0,0.7,0.4,970,0.37,9.9,40,0.075,650,13.9,5.0,0.502222222,0.176470588,0.620833333,0.666666667,0.297333333,0.34,0.3125,0.538461538,0.333333333,0.808333333,0.000411111,0.095238095,0.928571429,0.252727273,0.454545455
33867,Baby Foods,"INF FORMULA, GERBER, GOOD START, PROTECT PLUS,PDR","Infant formula, GERBER, GOOD START, PROTECT PLUS, powder",,,,512,11.3,26.1,57.0,57.0,0.0,465.0,0.384,1.7,51.0,4.5,131,5.376,0.717,0.512,343,0.41,7.7,36,0.077,195,15.0,4.1,0.516666667,0.225882353,0.708333333,0.566666667,0.3,0.3275,0.336,0.551538462,0.426666667,0.285833333,0.000455556,0.085714286,0.278571429,0.272727273,0.372727273
33868,Baby Foods,"INF FORMULA,GERBER GOOD START 2,GENTLE PLUS,PDR","Infant Formula, GERBER GOOD START 2, GENTLE PLUS, powder",,,,492,10.8,25.1,57.1,57.1,0.0,447.0,0.369,1.6,59.0,4.41,126,5.166,0.689,0.492,935,0.394,9.8,34,0.074,522,15.0,3.9,0.496666667,0.217058824,0.666666667,0.655555556,0.294,0.315,0.322875,0.53,0.41,0.779166667,0.000437778,0.080952381,0.745714286,0.272727273,0.354545455
33869,Baby Foods,"INF FORMULA, GERBER, GOOD START 2, PROTECT PLUS, PDR","Infant formula, GERBER, GOOD START 2, PROTECT PLUS, powder",,,,501,11.1,25.7,56.3,56.3,0.0,457.0,0.384,1.7,61.0,4.5,131,5.376,0.717,0.512,956,0.41,10.0,36,0.077,543,15.0,4.1,0.507777778,0.225882353,0.708333333,0.677777778,0.3,0.3275,0.336,0.551538462,0.426666667,0.796666667,0.000455556,0.085714286,0.775714286,0.272727273,0.372727273
33870,Baby Foods,"INF FORMULA, MEAD JOHNSON, ENFAMI,ENFAGR, SOY,TOD,LIPIL,PDR","Infant formula, MEAD JOHNSON, ENFAMIL, ENFAGROW, Soy, Toddler, LIPIL, powder",,,,470,15.7,21.0,56.0,56.0,0.0,430.0,0.28,1.42,57.0,4.28,129,4.7,0.43,0.38,930,0.36,9.5,52,0.24,620,13.3,5.7,0.477777778,0.164705882,0.591666667,0.633333333,0.285333333,0.3225,0.29375,0.330769231,0.316666667,0.775,0.0004,0.123809524,0.885714286,0.241818182,0.518181818
33871,Baby Foods,"INF FORMULA, ABB NUTR, SIMIL, GO & GR, PDR, W/ ARA & DHA","Infant formula, ABBOTT NUTRITION, SIMILAC, GO AND GROW, powder, with ARA and DHA (formerly ROSS)",,,,512,15.36,27.65,52.2,52.2,0.0,465.0,0.307,1.54,61.0,10.3,131,5.376,0.768,0.512,998,0.461,10.2,46,0.026,666,9.2,3.84,0.516666667,0.180588235,0.641666667,0.677777778,0.686666667,0.3275,0.336,0.590769231,0.426666667,0.831666667,0.000512222,0.10952381,0.951428571,0.167272727,0.349090909
33872,Baby Foods,"INF FORMULA, GERBER, GOOD START 2 SOY, W/ IRON,PDR","Infant formula, GERBER, GOOD START 2 SOY, with iron, powder",,,,501,12.5,25.6,55.6,55.6,0.0,455.0,0.301,1.7,60.0,6.75,136,5.261,0.471,0.301,526,0.401,9.0,55,55.0,316,15.0,4.5,0.505555556,0.177058824,0.708333333,0.666666667,0.45,0.34,0.3288125,0.362307692,0.250833333,0.438333333,0.000445556,0.130952381,0.451428571,0.272727273,0.409090909
33873,Baby Foods,"INF FORMU,MEAD JOHNS,ENFAMIL,NUTRAMIG,AA LIPIL,PDR,NOT RECON","Infant formula, MEAD JOHNSON, ENFAMIL, NUTRAMIGEN, AA LIPIL, powder, not reconstituted",,,,500,14.0,26.0,51.0,51.0,0.0,451.0,0.3,1.49,60.0,4.46,136,5.0,0.45,0.4,470,0.37,9.0,55,0.3,260,13.9,5.0,0.501111111,0.176470588,0.620833333,0.666666667,0.297333333,0.34,0.3125,0.346153846,0.333333333,0.391666667,0.000411111,0.130952381,0.371428571,0.252727273,0.454545455
33874,Baby Foods,"INF FORMULA,MEAD JOHNSON,ENFAMI,PREMATURE,20 CAL RTF LO IRON","Infant formula, MEAD JOHNSON, ENFAMIL, Premature, 20 calories ready-to-feed Low iron",,,,66,1.97,3.34,7.21,7.23,0.0,250.0,0.098,0.16,13.1,1.86,45,2.623,0.197,0.131,108,0.079,0.33,6,0.004,54,1.8,0.98,0.277777778,0.057647059,0.066666667,0.145555556,0.124,0.1125,0.1639375,0.151538462,0.109166667,0.09,8.77778e-05,0.014285714,0.077142857,0.032727273,0.089090909
33875,Baby Foods,"INF FORMULA,MEAD JOHNSON,ENFAML,PREMATURE,24 CAL RTF LO IRON","Infant formula, MEAD JOHNSON, ENFAMIL, Premature, 24 calories ready-to-feed Low iron",,,,67,1.97,3.34,7.19,7.21,0.0,248.0,0.098,0.16,13.1,1.86,45,2.623,0.197,0.131,108,0.079,0.33,6,0.004,54,1.8,0.98,0.275555556,0.057647059,0.066666667,0.145555556,0.124,0.1125,0.1639375,0.151538462,0.109166667,0.09,8.77778e-05,0.014285714,0.077142857,0.032727273,0.089090909
33876,Baby Foods,"INF FORMULA,MEAD JOHNSON,ENFAMIL,PREMIUM,INFANT,RTF","Infant Formula, MEAD JOHNSON, ENFAMIL, Premium, Infant, ready-to-feed",,,,66,1.38,3.48,7.39,7.39,0.0,60.0,0.039,0.2,7.9,0.63,18,0.657,0.092,0.053,51,0.049,1.18,5,0.009,28,1.8,0.66,0.066666667,0.022941176,0.083333333,0.087777778,0.042,0.045,0.0410625,0.070769231,0.044166667,0.0425,5.44444e-05,0.011904762,0.04,0.032727273,0.06
33877,Baby Foods,"INF FORMULA,MEAD JOHNSON,ENFAMIL,PREMIUM,INFANT,PDR","Infant Formula, MEAD JOHNSON, ENFAMIL, Premium, Infant, powder",,,,510,10.8,27.0,57.0,57.0,0.0,458.0,0.31,1.54,62.0,6.9,138,5.0,0.72,0.41,390,0.38,9.2,41,0.077,220,14.4,5.1,0.508888889,0.182352941,0.641666667,0.688888889,0.46,0.345,0.3125,0.553846154,0.341666667,0.325,0.000422222,0.097619048,0.314285714,0.261818182,0.463636364
35001,American Indian/Alaska Native Foods,"AGUTUK,FISH/BERRY W/ SEAL OIL (ICE CREAM) (ALASKA NATIVE)","Agutuk, fish/berry with seal oil (Alaskan ice cream) (Alaska Native)",,,,353,3.4,31.8,13.4,0.0,0.5,0.0,0.01,0.0,2.9,2.36,0,0.55,0.05,0.04,8,0.03,0.3,7,0.13,46,0.0,0.18,0.0,0.005882353,0.0,0.032222222,0.157333333,0.0,0.034375,0.038461538,0.033333333,0.006666667,3.33333e-05,0.016666667,0.065714286,0.0,0.016363636
35003,American Indian/Alaska Native Foods,"AGUTUK,MEAT-CARIBOU (ALASKAN ICE CREAM) (ALASKA NATIVE)","Agutuk, meat-caribou (Alaskan ice cream) (Alaska Native)",,,,258,21.7,18.6,0.9,0.0,0.0,0.0,0.23,4.83,2.2,0.0,0,4.26,0.66,0.18,16,0.19,4.55,20,0.06,170,0.0,3.83,0.0,0.135294118,2.0125,0.024444444,0.0,0.0,0.26625,0.507692308,0.15,0.013333333,0.000211111,0.047619048,0.242857143,0.0,0.348181818
35004,American Indian/Alaska Native Foods,ASCIDIANS (TUNUGHNAK) (ALASKA NATIVE),Ascidians (tunughnak) (Alaska Native),,,,20,3.8,0.5,0.0,0.0,0.0,0.0,0.0,0.0,0.0,0.0,0,0.0,0.2,0.0,47,0.0,3.3,0,0.0,0,0.0,0.0,0.0,0.0,0.0,0.0,0.0,0.0,0.0,0.153846154,0.0,0.039166667,0.0,0.0,0.0,0.0,0.0
35007,American Indian/Alaska Native Foods,"BEAR,BLACK,MEAT (ALASKA NATIVE)","Bear, black, meat (Alaska Native)",,,Ursus americanus,155,20.1,8.3,0.0,0.0,0.0,0.0,0.0,0.0,0.0,0.0,0,3.2,0.68,0.16,0,0.0,7.2,0,0.0,162,0.0,0.0,0.0,0.0,0.0,0.0,0.0,0.0,0.2,0.523076923,0.133333333,0.0,0.0,0.0,0.231428571,0.0,0.0
35008,American Indian/Alaska Native Foods,"BEAR,POLAR,MEAT,RAW (ALASKA NATIVE)","Bear, polar, meat, raw (Alaska Native)",,,Ursus maritimus,130,25.6,3.1,0.0,0.0,0.0,0.0,0.0,0.0,2.0,0.0,0,4.0,0.573,0.023,17,0.0,6.1,0,0.0,0,0.0,0.0,0.0,0.0,0.0,0.022222222,0.0,0.0,0.25,0.440769231,0.019166667,0.014166667,0.0,0.0,0.0,0.0,0.0
35009,American Indian/Alaska Native Foods,"WHALE,BELUGA,MEAT,DRIED (ALASKA NATIVE)","Whale, beluga, meat, dried (Alaska Native)",,,Delphinapterus leucas,327,69.86,5.34,0.0,0.0,0.0,0.0,0.131,7.31,0.0,0.27,10,15.2,0.519,0.039,22,0.32,72.35,63,0.13,549,103.0,7.8,0.0,0.077058824,3.045833333,0.0,0.018,0.025,0.95,0.399230769,0.0325,0.018333333,0.000355556,0.15,0.784285714,1.872727273,0.709090909
35010,American Indian/Alaska Native Foods,"WHALE,BELUGA,EYES (ALASKA NATIVE)","Whale, beluga, eyes (Alaska Native)",,,Delphinapterus leucas,291,19.6,23.3,0.0,0.0,0.0,561.0,0.0,0.0,0.0,0.0,0,0.0,0.0,0.0,0,0.0,0.0,0,0.0,187,0.0,0.0,0.623333333,0.0,0.0,0.0,0.0,0.0,0.0,0.0,0.0,0.0,0.0,0.0,0.267142857,0.0,0.0
35011,American Indian/Alaska Native Foods,"Whale, beluga, meat, raw (Alaska Native)","Whale, beluga, meat, raw (Alaska Native)",,,Delphinapterus leucas,111,26.5,0.5,0.0,0.0,0.0,102.0,0.046,2.59,0.0,0.0,4,5.386,0.184,0.014,7,0.113,25.9,22,0.046,239,36.5,2.76,0.113333333,0.027058824,1.079166667,0.0,0.0,0.01,0.336625,0.141538462,0.011666667,0.005833333,0.000125556,0.052380952,0.341428571,0.663636364,0.250909091
35012,American Indian/Alaska Native Foods,"WHALE,BELUGA,FLIPPER,RAW (ALASKA NATIVE)","Whale, beluga, flipper, raw (Alaska Native)",,,Delphinapterus leucas,271,19.0,21.7,0.0,0.0,0.0,279.0,0.0,0.0,0.0,0.0,0,0.0,0.0,0.0,11,0.0,2.8,0,0.0,153,0.0,0.0,0.31,0.0,0.0,0.0,0.0,0.0,0.0,0.0,0.0,0.009166667,0.0,0.0,0.218571429,0.0,0.0
35013,American Indian/Alaska Native Foods,"WHALE,BELUGA,LIVER,RAW (ALASKA NATIVE)","Whale, beluga, liver, raw (Alaska Native)",,,Delphinapterus leucas,117,18.4,3.9,2.0,0.0,0.0,0.0,0.0,0.0,0.0,0.0,0,0.0,0.0,0.0,11,0.0,0.0,0,0.0,230,0.0,0.0,0.0,0.0,0.0,0.0,0.0,0.0,0.0,0.0,0.0,0.009166667,0.0,0.0,0.328571429,0.0,0.0
35014,American Indian/Alaska Native Foods,"OIL,BELUGA,WHALE (ALASKA NATIVE)","Oil, beluga, whale (Alaska Native)",,,Delphinapterus leucas,900,0.0,100.0,0.0,0.0,0.0,694.0,0.0,0.0,0.0,8.27,0,0.0,0.0,0.0,0,0.0,0.0,0,0.0,0,3.0,0.0,0.771111111,0.0,0.0,0.0,0.551333333,0.0,0.0,0.0,0.0,0.0,0.0,0.0,0.0,0.054545455,0.0
35015,American Indian/Alaska Native Foods,"BLACKBERRIES,WILD,RAW (ALASKA NATIVE)","Blackberries, wild, raw (Alaska Native)",Crowberries,,Rubus spp.,52,0.84,1.07,9.84,3.65,3.2,5.0,0.039,0.0,4.7,0.91,11,0.314,0.144,0.06,5,0.222,0.21,4,0.287,11,0.0,0.15,0.005555556,0.022941176,0.0,0.052222222,0.060666667,0.0275,0.019625,0.110769231,0.05,0.004166667,0.000246667,0.00952381,0.015714286,0.0,0.013636364
35016,American Indian/Alaska Native Foods,"FISH,BLACKFISH,WHL (ALASKA NATIVE)","Fish, blackfish, whole (Alaska Native)",,,Dallia pectoralis,82,15.5,1.75,0.0,0.0,0.0,0.0,0.0,0.0,0.0,0.0,0,1.9,0.37,0.01,236,0.0,4.6,0,0.0,287,0.0,0.0,0.0,0.0,0.0,0.0,0.0,0.0,0.11875,0.284615385,0.008333333,0.196666667,0.0,0.0,0.41,0.0,0.0
35017,American Indian/Alaska Native Foods,"BLUEBERRIES,WILD,FRZ (ALASKA NATIVE)","Blueberries, wild, frozen (Alaska Native)",,,Vaccinium alaskanese and Ovalifolium,44,0.7,0.0,10.4,0.0,0.0,0.0,0.0,0.0,2.2,0.0,0,0.4,0.1,0.03,15,0.0,1.1,0,0.0,0,0.0,0.0,0.0,0.0,0.0,0.024444444,0.0,0.0,0.025,0.076923077,0.025,0.0125,0.0,0.0,0.0,0.0,0.0
35021,American Indian/Alaska Native Foods,"CARIBOU,BONE MARROW,RAW (ALASKA NATIVE)","Caribou, bone marrow, raw (Alaska Native)",,,Rangifer tarandus,786,6.7,84.4,0.0,0.0,0.0,0.0,0.0,0.0,0.0,0.0,0,0.2,0.0,0.04,0,0.0,4.5,0,0.0,107,0.0,0.0,0.0,0.0,0.0,0.0,0.0,0.0,0.0125,0.0,0.033333333,0.0,0.0,0.0,0.152857143,0.0,0.0
35022,American Indian/Alaska Native Foods,"CARIBOU,EYE,RAW (ALASKA NATIVE)","Caribou, eye, raw (Alaska Native)",,,Rangifer tarandus,326,10.8,31.4,0.0,0.0,0.0,0.0,0.0,0.0,0.0,0.0,0,0.2,0.05,0.01,19,0.0,4.7,0,0.0,58,0.0,0.0,0.0,0.0,0.0,0.0,0.0,0.0,0.0125,0.038461538,0.008333333,0.015833333,0.0,0.0,0.082857143,0.0,0.0
35023,American Indian/Alaska Native Foods,"CARIBOU,LIVER,RAW (ALASKA NATIVE)","Caribou, liver, raw (Alaska Native)",,,Rangifer tarandus,122,15.0,3.9,6.8,0.0,0.0,0.0,0.0,0.0,0.0,0.0,0,0.0,0.0,0.0,4,0.0,15.7,0,0.0,282,0.0,0.0,0.0,0.0,0.0,0.0,0.0,0.0,0.0,0.0,0.0,0.003333333,0.0,0.0,0.402857143,0.0,0.0
35024,American Indian/Alaska Native Foods,"STEW/SOUP,CARIBOU (ALASKA NATIVE)","Stew/soup, caribou (Alaska Native)",,,,41,3.8,0.7,4.8,0.0,0.1,0.0,0.06,0.0,1.5,0.0,0,0.27,0.01,0.02,7,0.03,0.2,5,0.08,12,0.0,0.1,0.0,0.035294118,0.0,0.016666667,0.0,0.0,0.016875,0.007692308,0.016666667,0.005833333,3.33333e-05,0.011904762,0.017142857,0.0,0.009090909
35025,American Indian/Alaska Native Foods,"CARIBOU,TONGUE,RAW (ALASKA NATIVE)","Caribou, tongue, raw (Alaska Native)",,,,260,13.7,22.8,0.0,0.0,0.0,0.0,0.0,0.0,0.0,0.0,0,0.0,0.0,0.12,6,0.0,2.8,0,0.0,150,0.0,0.0,0.0,0.0,0.0,0.0,0.0,0.0,0.0,0.0,0.1,0.005,0.0,0.0,0.214285714,0.0,0.0
35026,American Indian/Alaska Native Foods,"CHITON,LEATHERY,GUMBOOTS (ALASKA NATIVE)","Chiton, leathery, gumboots (Alaska Native)",,,Katharina tunicata,83,17.1,1.6,0.0,0.0,0.0,0.0,0.0,0.0,0.0,0.0,0,4.2,0.34,0.05,121,0.0,16.0,0,0.0,0,0.0,0.0,0.0,0.0,0.0,0.0,0.0,0.0,0.2625,0.261538462,0.041666667,0.100833333,0.0,0.0,0.0,0.0,0.0
35027,American Indian/Alaska Native Foods,"CLOUDBERRIES,RAW (ALASKA NATIVE)","Cloudberries, raw (Alaska Native)","baked apple berry, yellowberry, salmonberry",,Rubus chamaemorus L.,51,2.4,0.8,8.6,0.0,0.0,0.0,0.0,0.0,158.0,0.0,0,0.9,0.07,0.05,18,0.0,0.7,0,0.0,35,0.0,0.0,0.0,0.0,0.0,1.755555556,0.0,0.0,0.05625,0.053846154,0.041666667,0.015,0.0,0.0,0.05,0.0,0.0
35028,American Indian/Alaska Native Foods,"COCKLES,RAW (ALASKA NATIVE)","Cockles, raw (Alaska Native)",,,Clinocardium nuttallii,79,13.5,0.7,4.7,0.0,0.0,0.0,0.0,0.0,0.0,0.0,0,3.2,0.2,0.01,30,0.0,16.2,0,0.0,0,0.0,0.0,0.0,0.0,0.0,0.0,0.0,0.0,0.2,0.153846154,0.008333333,0.025,0.0,0.0,0.0,0.0,0.0
35029,American Indian/Alaska Native Foods,"CRANBERRIES,WILD,BUSH,RAW (ALASKA NATIVE)","Cranberries, wild, bush, raw (Alaska Native)",,,Viburnum edule,55,1.1,0.2,12.3,0.0,6.7,0.0,0.0,0.0,15.0,0.0,0,0.9,0.01,0.0,20,0.0,1.0,0,0.0,15,0.0,0.0,0.0,0.0,0.0,0.166666667,0.0,0.0,0.05625,0.007692308,0.0,0.016666667,0.0,0.0,0.021428571,0.0,0.0
35030,American Indian/Alaska Native Foods,"CRANBERRY,LO BUSH OR LINGENBERRY,RAW (ALASKA NATIVE)","Cranberry, low bush or lingenberry, raw (Alaska Native)",lingenberry,,Vaccinium vitis-idaea,55,0.4,0.5,12.2,0.0,0.0,0.0,0.0,0.0,21.0,0.0,0,0.4,0.08,0.02,26,0.0,0.4,0,0.0,21,0.0,0.0,0.0,0.0,0.0,0.233333333,0.0,0.0,0.025,0.061538462,0.016666667,0.021666667,0.0,0.0,0.03,0.0,0.0
35034,American Indian/Alaska Native Foods,"FISH,DEVILFISH,MEAT (ALASKA NATIVE)","Fish, devilfish, meat (Alaska Native)",Gray Whale,,Myoxocephalus,97,11.7,5.3,0.0,0.0,0.0,0.0,0.0,0.0,3.0,0.0,0,1.1,0.1,0.09,12,0.0,0.4,0,0.0,3,0.0,0.0,0.0,0.0,0.0,0.033333333,0.0,0.0,0.06875,0.076923077,0.075,0.01,0.0,0.0,0.004285714,0.0,0.0
35038,American Indian/Alaska Native Foods,"FIREWEED,YOUNG LEAVES,RAW (ALASKA NATIVE)","Fireweed, young leaves, raw (Alaska Native)",,,Chamerion angustifolium,44,3.0,0.8,6.3,0.0,6.0,0.0,0.0,0.0,99.0,0.0,0,1.4,0.86,0.04,13,0.0,2.1,0,0.0,166,0.0,0.0,0.0,0.0,0.0,1.1,0.0,0.0,0.0875,0.661538462,0.033333333,0.010833333,0.0,0.0,0.237142857,0.0,0.0
35039,American Indian/Alaska Native Foods,"FISH,HERRING EGGS ON GIANT KELP,PACIFIC (ALASKA NATIVE)","Fish, herring eggs on giant kelp, Pacific (Alaska Native)",,,Clupea harengus pallasi Valenciennes & Macrocystis integrifolia,63,11.3,0.8,2.6,0.0,0.0,0.0,0.0,0.0,0.0,0.0,0,2.7,0.13,0.1,161,0.0,3.4,0,0.0,0,0.0,0.0,0.0,0.0,0.0,0.0,0.0,0.0,0.16875,0.1,0.083333333,0.134166667,0.0,0.0,0.0,0.0,0.0
35040,American Indian/Alaska Native Foods,"FISH,HERRING EGGS,PACIFIC,DRY (ALASKA NATIVE)","Fish, herring eggs, Pacific, dry (Alaska Native)",,,Clupea harengus pallasi Valenciennes,312,60.4,6.6,2.8,0.0,0.0,0.0,0.0,0.0,0.0,0.0,0,4.1,0.17,0.05,29,0.0,0.0,0,0.0,808,0.0,0.0,0.0,0.0,0.0,0.0,0.0,0.0,0.25625,0.130769231,0.041666667,0.024166667,0.0,0.0,1.154285714,0.0,0.0
35041,American Indian/Alaska Native Foods,"FISH,HERRING EGGS,PACIFIC,PLN (ALASKA NATIVE)","Fish, herring eggs, Pacific, plain (Alaska Native)",,,Clupea harengus pallasi Valenciennes,74,9.6,1.93,4.47,0.0,0.0,0.0,0.0,0.0,0.6,0.0,0,1.8,0.12,0.1,19,0.0,2.7,0,0.0,0,0.0,0.0,0.0,0.0,0.0,0.006666667,0.0,0.0,0.1125,0.092307692,0.083333333,0.015833333,0.0,0.0,0.0,0.0,0.0
35042,American Indian/Alaska Native Foods,"FISH,HERRING,PACIFIC,FLSH,AIR-DRIED,PACK OIL (ALASKA NATIVE)","Fish, herring, Pacific, flesh, air-dried, packed in oil (Alaska Native)",,,Clupea harengus pallasi Valenciennes,489,44.5,34.6,0.0,0.0,0.0,0.0,0.0,0.0,0.0,0.0,0,2.2,0.0,0.01,0,0.0,0.0,0,0.0,684,0.0,0.0,0.0,0.0,0.0,0.0,0.0,0.0,0.1375,0.0,0.008333333,0.0,0.0,0.0,0.977142857,0.0,0.0
35043,American Indian/Alaska Native Foods,"HUCKLEBERRIES,RAW (ALASKA NATIVE)","Huckleberries, raw (Alaska Native)",,,Vaccinium alaskaense,37,0.4,0.1,8.7,0.0,0.0,0.0,0.0,0.0,2.8,0.0,0,0.3,0.03,0.01,15,0.0,0.3,0,0.0,0,0.0,0.0,0.0,0.0,0.0,0.031111111,0.0,0.0,0.01875,0.023076923,0.008333333,0.0125,0.0,0.0,0.0,0.0,0.0
35046,American Indian/Alaska Native Foods,"FISH,LINGCOD,MEAT,RAW (ALASKA NATIVE)","Fish, lingcod, meat, raw (Alaska Native)",,,Ophiodon elongatus,79,17.9,0.8,0.0,0.0,0.0,0.0,0.0,0.0,0.0,0.0,0,0.0,0.36,0.11,0,0.0,0.0,0,0.0,0,0.0,0.0,0.0,0.0,0.0,0.0,0.0,0.0,0.0,0.276923077,0.091666667,0.0,0.0,0.0,0.0,0.0,0.0
35047,American Indian/Alaska Native Foods,"FISH,LINGCOD,LIVER (ALASKA NATIVE)","Fish, lingcod, liver (Alaska Native)",,,Ophiodon elongatus,424,5.6,42.0,6.0,0.0,0.0,0.0,0.0,0.0,0.0,0.0,0,4.2,0.0,0.22,5,0.0,1.0,0,0.0,123,0.0,0.0,0.0,0.0,0.0,0.0,0.0,0.0,0.2625,0.0,0.183333333,0.004166667,0.0,0.0,0.175714286,0.0,0.0
35048,American Indian/Alaska Native Foods,"STEW,MOOSE (ALASKA NATIVE)","Stew, moose (Alaska Native)",,,,55,6.6,0.5,6.0,0.0,0.5,0.0,0.03,0.0,1.0,0.0,0,1.5,0.08,0.06,12,0.02,1.52,6,0.09,16,0.0,0.12,0.0,0.017647059,0.0,0.011111111,0.0,0.0,0.09375,0.061538462,0.05,0.01,2.22222e-05,0.014285714,0.022857143,0.0,0.010909091
35049,American Indian/Alaska Native Foods,"MOOSE,MEAT,RAW (ALASKA NATIVE)","Moose, meat, raw (Alaska Native)",,,Alces alces,103,22.3,1.5,0.0,0.0,0.0,0.0,0.0,0.0,4.0,0.0,0,5.0,0.24,0.07,5,0.067,3.28,23,0.008,165,0.0,2.8,0.0,0.0,0.0,0.044444444,0.0,0.0,0.3125,0.184615385,0.058333333,0.004166667,7.44444e-05,0.054761905,0.235714286,0.0,0.254545455
35050,American Indian/Alaska Native Foods,"MASHU ROOTS,RAW (ALASKA NATIVE)","Mashu roots, raw (Alaska Native)",,,Hedysarum alpinum,135,5.8,2.4,22.6,0.0,0.0,0.0,0.0,0.0,11.0,0.0,0,1.3,0.07,0.1,0,0.0,0.0,0,0.0,67,0.0,0.0,0.0,0.0,0.0,0.122222222,0.0,0.0,0.08125,0.053846154,0.083333333,0.0,0.0,0.0,0.095714286,0.0,0.0
35051,American Indian/Alaska Native Foods,"MOOSE,LIVER,BRSD (ALASKA NATIVE)","Moose, liver, braised (Alaska Native)",,,Alces alces,155,24.38,4.89,3.43,0.0,0.0,0.0,0.91,71.0,22.6,0.0,0,10.72,4.1,0.196,7,2.789,6.77,20,0.413,429,0.0,6.07,0.0,0.535294118,29.58333333,0.251111111,0.0,0.0,0.67,3.153846154,0.163333333,0.005833333,0.003098889,0.047619048,0.612857143,0.0,0.551818182
35052,American Indian/Alaska Native Foods,"MOUSE NUTS,ROOTS (ALASKA NATIVE)","Mouse nuts, roots (Alaska Native)",,,,81,3.9,0.1,16.1,0.0,0.0,0.0,0.0,0.0,16.0,0.0,0,0.1,0.04,0.01,22,0.0,0.0,0,0.0,175,0.0,0.0,0.0,0.0,0.0,0.177777778,0.0,0.0,0.00625,0.030769231,0.008333333,0.018333333,0.0,0.0,0.25,0.0,0.0
35053,American Indian/Alaska Native Foods,"MOUSE NUTS,SEEDLINGS (ALASKA NATIVE)","Mouse nuts, seedlings (Alaska Native)",,,,104,7.3,1.1,16.3,0.0,0.0,0.0,0.0,0.0,8.0,0.0,0,1.0,0.14,0.01,17,0.0,0.0,0,0.0,150,0.0,0.0,0.0,0.0,0.0,0.088888889,0.0,0.0,0.0625,0.107692308,0.008333333,0.014166667,0.0,0.0,0.214285714,0.0,0.0
35054,American Indian/Alaska Native Foods,OCTOPUS (ALASKA NATIVE),Octopus (Alaska Native),,,Octopus dofleini,56,12.3,0.8,0.0,0.0,0.0,0.0,0.0,0.0,0.0,0.0,0,2.0,0.04,0.03,35,0.37,4.9,0,0.021,158,0.0,1.43,0.0,0.0,0.0,0.0,0.0,0.0,0.125,0.030769231,0.025,0.029166667,0.000411111,0.0,0.225714286,0.0,0.13
35055,American Indian/Alaska Native Foods,"SEAL,BEARDED (OOGRUK),MEAT,DRIED (ALASKA NATIVE)","Seal, bearded (Oogruk), meat, dried (Alaska Native)",Oogruk,,,351,82.6,2.3,0.0,0.0,0.0,393.0,0.0,0.0,0.0,0.0,0,0.0,0.63,0.13,0,0.0,49.6,0,0.0,784,0.0,0.0,0.436666667,0.0,0.0,0.0,0.0,0.0,0.0,0.484615385,0.108333333,0.0,0.0,0.0,1.12,0.0,0.0
35056,American Indian/Alaska Native Foods,"SEAL,BEARDED (OOGRUK),MEAT,RAW (ALASKA NATIVE)","Seal, bearded (Oogruk), meat, raw (Alaska Native)",,,Erignathus barbatus,110,26.7,0.4,0.0,0.0,0.0,0.0,0.0,0.0,0.0,0.0,0,5.9,0.26,0.2,10,0.0,12.9,0,0.0,198,0.0,0.0,0.0,0.0,0.0,0.0,0.0,0.0,0.36875,0.2,0.166666667,0.008333333,0.0,0.0,0.282857143,0.0,0.0
35057,American Indian/Alaska Native Foods,"OIL,BEARDED SEAL (OOGRUK) (ALASKA NATIVE)","Oil, bearded seal (Oogruk) (Alaska Native)",,,,899,0.56,99.6,0.0,0.0,0.0,10.0,0.0,0.0,0.0,10.28,0,0.0,0.0,0.011,0,0.0,0.0,0,0.0,0,3.3,0.0,0.011111111,0.0,0.0,0.0,0.685333333,0.0,0.0,0.0,0.009166667,0.0,0.0,0.0,0.0,0.06,0.0
35058,American Indian/Alaska Native Foods,"OOPAH (TUNICATE),WHL ANIMAL (ALASKA NATIVE)","Oopah (tunicate), whole animal (Alaska Native)",,,Tunicata,67,11.7,2.2,0.0,0.0,0.0,0.0,0.0,0.0,0.0,0.0,0,0.9,0.1,0.0,53,0.0,20.7,0,0.0,103,0.0,0.0,0.0,0.0,0.0,0.0,0.0,0.0,0.05625,0.076923077,0.0,0.044166667,0.0,0.0,0.147142857,0.0,0.0
35059,American Indian/Alaska Native Foods,"OWL,HORNED,FLESH,RAW (ALASKA NATIVE)","Owl, horned, flesh, raw (Alaska Native)",,,Bubo virgimianus,136,22.7,5.0,0.0,0.0,0.0,0.0,0.0,0.0,0.0,0.0,0,0.0,0.0,0.0,16,0.0,4.8,0,0.0,218,0.0,0.0,0.0,0.0,0.0,0.0,0.0,0.0,0.0,0.0,0.0,0.013333333,0.0,0.0,0.311428571,0.0,0.0
35060,American Indian/Alaska Native Foods,"FISH,PIKE,NORTHERN,LIVER (ALASKA NATIVE)","Fish, pike, northern, liver (Alaska Native)",,,Esox lucius,156,16.6,8.0,4.3,0.0,0.0,0.0,0.0,0.0,0.0,0.0,0,5.0,0.7,0.1,28,0.0,2.1,0,0.0,412,0.0,0.0,0.0,0.0,0.0,0.0,0.0,0.0,0.3125,0.538461538,0.083333333,0.023333333,0.0,0.0,0.588571429,0.0,0.0
35063,American Indian/Alaska Native Foods,"RHUBARB,WILD,LEAVES (ALASKA NATIVE)","Rhubarb, wild, leaves (Alaska Native)",,,Polygenum alaskanum,61,4.2,0.5,9.9,0.0,0.0,0.0,0.0,0.0,33.0,0.0,0,0.1,0.0,0.1,0,0.0,0.0,0,0.0,87,0.0,0.0,0.0,0.0,0.0,0.366666667,0.0,0.0,0.00625,0.0,0.083333333,0.0,0.0,0.0,0.124285714,0.0,0.0
35064,American Indian/Alaska Native Foods,"FISH,SALMON,TIPNUK,FERMENTED (ALASKA NATIVE)","Fish, salmon, tipnuk, fermented (Alaska Native)",,,,159,15.9,10.6,0.0,0.0,0.0,0.0,0.0,0.0,0.0,0.0,0,1.9,0.15,0.13,0,0.0,0.0,0,0.0,46,0.0,0.0,0.0,0.0,0.0,0.0,0.0,0.0,0.11875,0.115384615,0.108333333,0.0,0.0,0.0,0.065714286,0.0,0.0
35065,American Indian/Alaska Native Foods,"FISH,SALMON,KING,CHINOOK,KIPPERED,CND (ALASKA NATIVE)","Fish, salmon, king, chinook, kippered, canned (Alaska Native)",,,Oncorhynchus tshawytscha,266,30.7,15.9,0.0,0.0,0.0,0.0,0.0,0.0,0.0,0.0,0,10.9,0.14,0.05,38,0.0,1.7,0,0.0,0,0.0,0.0,0.0,0.0,0.0,0.0,0.0,0.0,0.68125,0.107692308,0.041666667,0.031666667,0.0,0.0,0.0,0.0,0.0
35066,American Indian/Alaska Native Foods,"FISH,SALMON,KING,CHINOOK,SMOKED & CND (ALASKA NATIVE)","Fish, salmon, king, chinook, smoked and canned (Alaska Native)",,,Oncorhynchus tshawytscha,150,23.2,5.9,0.0,0.0,0.0,0.0,0.0,0.0,0.0,0.0,0,8.5,0.1,0.01,60,0.0,1.8,0,0.0,0,0.0,0.0,0.0,0.0,0.0,0.0,0.0,0.0,0.53125,0.076923077,0.008333333,0.05,0.0,0.0,0.0,0.0,0.0
35067,American Indian/Alaska Native Foods,"FISH,SALMON,KING,CHINOOK,SMOKED,BRINED (ALASKA NATIVE)","Fish, salmon, king, chinook, smoked, brined (Alaska Native)",,,Oncorhynchus tshawytscha,430,39.9,30.0,0.0,0.0,0.0,0.0,0.0,0.0,0.0,0.0,0,11.8,0.28,0.06,23,0.0,4.5,0,0.0,0,0.0,0.0,0.0,0.0,0.0,0.0,0.0,0.0,0.7375,0.215384615,0.05,0.019166667,0.0,0.0,0.0,0.0,0.0
35068,American Indian/Alaska Native Foods,"FISH,SALMON,KING,CHINOOK,LIVER (ALASKA NATIVE)","Fish, salmon, king, chinook, liver (Alaska Native)",,,Oncorhynchus tshawytscha,156,16.6,8.0,4.3,0.0,0.0,0.0,0.0,0.0,0.0,0.0,0,5.0,0.7,0.1,28,0.0,2.6,0,0.0,412,0.0,0.0,0.0,0.0,0.0,0.0,0.0,0.0,0.3125,0.538461538,0.083333333,0.023333333,0.0,0.0,0.588571429,0.0,0.0
35069,American Indian/Alaska Native Foods,"DUCK,SCOTER,WHITE-WINGED,MEAT (ALASKA NATIVE)","Duck, scoter, white-winged, meat (Alaska Native)",,,Melanitta fusca,84,20.2,0.4,0.0,0.0,0.0,0.0,0.0,0.0,0.0,0.0,0,0.0,0.0,0.0,8,0.0,0.0,0,0.0,0,0.0,0.0,0.0,0.0,0.0,0.0,0.0,0.0,0.0,0.0,0.0,0.006666667,0.0,0.0,0.0,0.0,0.0
35070,American Indian/Alaska Native Foods,"SEA CUCUMBER,YANE (ALASKA NATIVE)","Sea cucumber, yane (Alaska Native)",,,Stichopus californicus,56,13.0,0.4,0.0,0.0,0.0,0.0,0.0,0.0,0.0,0.0,0,3.2,0.94,0.05,30,0.0,0.6,0,0.0,0,0.0,0.0,0.0,0.0,0.0,0.0,0.0,0.0,0.2,0.723076923,0.041666667,0.025,0.0,0.0,0.0,0.0,0.0
35071,American Indian/Alaska Native Foods,"SEAL,RINGED,MEAT (ALASKA NATIVE)","Seal, ringed, meat (Alaska Native)",,,Pusa hispida,142,28.4,3.2,0.0,0.0,0.0,116.0,0.0,0.0,0.0,0.0,0,0.0,0.53,0.14,5,0.0,19.6,0,0.0,238,0.0,0.0,0.128888889,0.0,0.0,0.0,0.0,0.0,0.0,0.407692308,0.116666667,0.004166667,0.0,0.0,0.34,0.0,0.0
35072,American Indian/Alaska Native Foods,"SEAL,RINGED,LIVER (ALASKA NATIVE)","Seal, ringed, liver (Alaska Native)",,,Pusa hispida,116,18.6,3.3,2.9,0.0,0.0,4880.0,0.0,0.0,0.0,0.0,0,0.0,0.0,0.18,13,0.0,13.5,0,0.0,3,0.0,0.0,5.422222222,0.0,0.0,0.0,0.0,0.0,0.0,0.0,0.15,0.010833333,0.0,0.0,0.004285714,0.0,0.0
35073,American Indian/Alaska Native Foods,"SOUP,FISH,HOMEMADE (ALASKA NATIVE)","Soup, fish, homemade (Alaska Native)",,,,72,7.4,2.2,5.6,0.0,0.0,0.0,0.01,0.0,0.3,0.0,0,2.64,0.02,0.07,35,0.0,0.5,1,0.01,112,0.0,0.0,0.0,0.005882353,0.0,0.003333333,0.0,0.0,0.165,0.015384615,0.058333333,0.029166667,0.0,0.002380952,0.16,0.0,0.0
35074,American Indian/Alaska Native Foods,"SOURDOCK,YOUNG LEAVES (ALASKA NATIVE)","Sourdock, young leaves (Alaska Native)",,,Rumex articus,42,2.3,0.7,6.5,0.0,0.0,0.0,0.0,0.0,68.0,0.0,0,1.1,0.54,0.09,2,0.0,0.8,0,0.0,55,0.0,0.0,0.0,0.0,0.0,0.755555556,0.0,0.0,0.06875,0.415384615,0.075,0.001666667,0.0,0.0,0.078571429,0.0,0.0
35075,American Indian/Alaska Native Foods,"SQUIRREL,GROUND,MEAT (ALASKA NATIVE)","Squirrel, ground, meat (Alaska Native)",,,Citellus undulatus,111,19.3,3.8,0.0,0.0,0.0,0.0,0.0,0.0,0.0,0.0,0,0.0,0.0,0.0,0,0.0,4.7,0,0.0,175,0.0,0.0,0.0,0.0,0.0,0.0,0.0,0.0,0.0,0.0,0.0,0.0,0.0,0.0,0.25,0.0,0.0
35078,American Indian/Alaska Native Foods,"TEA,TUNDRA,HERB & LABORADOR COMBINATION (ALASKA NATIVE)","Tea, tundra, herb and laborador combination (Alaska Native)",,,,1,0.0,0.0,0.2,0.0,0.0,0.0,0.0,0.0,0.3,0.0,0,0.0,0.0,0.01,2,0.02,0.08,1,0.04,0,0.0,0.04,0.0,0.0,0.0,0.003333333,0.0,0.0,0.0,0.0,0.008333333,0.001666667,2.22222e-05,0.002380952,0.0,0.0,0.003636364
35079,American Indian/Alaska Native Foods,"WALRUS,MEAT,DRIED (ALASKA NATIVE)","Walrus, meat, dried (Alaska Native)",,,Odohenus rosmarus,251,57.0,2.6,0.0,0.0,0.0,0.0,0.0,0.0,0.0,0.0,0,10.1,0.79,0.21,0,0.0,43.0,0,0.0,415,0.0,0.0,0.0,0.0,0.0,0.0,0.0,0.0,0.63125,0.607692308,0.175,0.0,0.0,0.0,0.592857143,0.0,0.0
35080,American Indian/Alaska Native Foods,"DEER (VENISON),SITKA,RAW (ALASKA NATIVE)","Deer (venison), sitka, raw (Alaska Native)","sitka deer, venison",,Odocoileus spp,116,21.5,2.66,0.0,0.0,0.0,0.0,0.0,0.0,0.0,0.0,0,6.6,0.36,0.2,7,0.0,2.9,0,0.0,0,0.0,0.0,0.0,0.0,0.0,0.0,0.0,0.0,0.4125,0.276923077,0.166666667,0.005833333,0.0,0.0,0.0,0.0,0.0
35081,American Indian/Alaska Native Foods,"WALRUS,MEAT,RAW (ALASKA NATIVE)","Walrus, meat, raw (Alaska Native)",,,Odohenus rosmarus,199,19.2,13.6,0.0,0.0,0.0,0.0,0.0,0.0,0.0,0.0,0,4.8,0.24,0.18,18,0.0,9.4,0,0.0,122,0.0,0.0,0.0,0.0,0.0,0.0,0.0,0.0,0.3,0.184615385,0.15,0.015,0.0,0.0,0.174285714,0.0,0.0
35082,American Indian/Alaska Native Foods,"WALRUS,MEAT & SUBCUTANEOUS FAT RAW (ALASKA NATIVE)","Walrus, meat and subcutaneous fat raw (Alaska Native)",,,Odohenus rosmarus,282,16.3,24.1,0.0,0.0,0.0,0.0,0.0,0.0,0.0,0.0,0,0.0,0.32,0.08,0,0.0,9.4,0,0.0,125,0.0,0.0,0.0,0.0,0.0,0.0,0.0,0.0,0.0,0.246153846,0.066666667,0.0,0.0,0.0,0.178571429,0.0,0.0
35083,American Indian/Alaska Native Foods,"WALRUS,LIVER,RAW (ALASKA NATIVE)","Walrus, liver, raw (Alaska Native)",,,Odohenus rosmarus,125,21.0,3.0,3.5,0.0,0.0,0.0,0.0,0.0,0.0,0.0,0,0.0,1.91,0.08,0,0.0,14.4,0,0.0,208,0.0,0.0,0.0,0.0,0.0,0.0,0.0,0.0,0.0,1.469230769,0.066666667,0.0,0.0,0.0,0.297142857,0.0,0.0
35084,American Indian/Alaska Native Foods,"OIL,WALRUS (ALASKA NATIVE)","Oil, walrus (Alaska Native)",,,Odohenus rosmarus,900,0.0,100.0,0.0,0.0,0.0,0.0,0.0,0.0,0.0,0.0,0,0.0,0.0,0.0,0,0.0,0.0,0,0.0,0,0.0,0.0,0.0,0.0,0.0,0.0,0.0,0.0,0.0,0.0,0.0,0.0,0.0,0.0,0.0,0.0,0.0
35085,American Indian/Alaska Native Foods,"WHALE,BOWHEAD,SUBCUTANEOUS FAT (BLUBBER) (ALASKA NATIVE)","Whale, bowhead, subcutaneous fat (blubber) (Alaska Native)",,,Balaena mysticetus,870,0.4,96.5,0.0,0.0,0.0,0.0,0.0,0.0,0.0,0.0,0,0.0,0.0,0.0,0,0.0,0.5,0,0.0,5,0.0,0.0,0.0,0.0,0.0,0.0,0.0,0.0,0.0,0.0,0.0,0.0,0.0,0.0,0.007142857,0.0,0.0
35086,American Indian/Alaska Native Foods,"WHALE,BOWHEAD,SKN & SUBCUTANEOUS FATMUKTUK(ALASKA NATIVE)","Whale, bowhead, skin and subcutaneous fat (muktuk) (Alaska Native)",,,Balaena mysticetus,465,12.6,46.1,0.0,0.0,0.0,0.0,0.0,0.0,0.0,0.0,0,0.8,0.02,0.08,5,0.0,0.0,0,0.0,87,0.0,0.0,0.0,0.0,0.0,0.0,0.0,0.0,0.05,0.015384615,0.066666667,0.004166667,0.0,0.0,0.124285714,0.0,0.0
35087,American Indian/Alaska Native Foods,"OIL,WHALE,BOWHEAD (ALASKA NATIVE)","Oil, whale, bowhead (Alaska Native)",,,Balaena mysticetus,900,0.0,100.0,0.0,0.0,0.0,0.0,0.0,0.0,0.0,0.0,0,0.0,0.0,0.0,0,0.0,0.0,0,0.0,0,0.0,0.0,0.0,0.0,0.0,0.0,0.0,0.0,0.0,0.0,0.0,0.0,0.0,0.0,0.0,0.0,0.0
35088,American Indian/Alaska Native Foods,"FISH,WHITEFISH,BROAD,LIVER (ALASKA NATIVE)","Fish, whitefish, broad, liver (Alaska Native)",sheefish,,Coregonus nasus,104,11.0,4.4,5.1,0.0,0.0,0.0,0.0,0.0,0.0,0.0,0,2.7,0.54,0.18,53,0.0,8.6,0,0.0,297,0.0,0.0,0.0,0.0,0.0,0.0,0.0,0.0,0.16875,0.415384615,0.15,0.044166667,0.0,0.0,0.424285714,0.0,0.0
35089,American Indian/Alaska Native Foods,"FISH,WHITEFISH,MXD SP,RAW (ALASKA NATIVE)","Fish, whitefish, mixed species, raw (Alaska Native)",sheefish,,Coregonus spp.,131,18.9,6.1,0.0,0.0,0.0,0.0,0.0,0.0,0.0,0.0,0,0.0,0.13,0.13,0,0.072,0.29,33,0.0,280,0.0,0.99,0.0,0.0,0.0,0.0,0.0,0.0,0.0,0.1,0.108333333,0.0,8e-05,0.078571429,0.4,0.0,0.09
35091,American Indian/Alaska Native Foods,"FISH,WHITEFISH,HEAD,EYES,CHEEKS & SOFT BONES (ALASKA NATIVE)","Fish, whitefish, broad, head, eyes, cheeks and soft bones (Alaska Native)",sheefish,,Coregonus nasus,107,18.6,3.6,0.0,0.0,0.0,0.0,0.0,0.0,0.0,0.0,0,0.0,0.0,0.0,0,0.0,3.9,0,0.0,242,0.0,0.0,0.0,0.0,0.0,0.0,0.0,0.0,0.0,0.0,0.0,0.0,0.0,0.0,0.345714286,0.0,0.0
35092,American Indian/Alaska Native Foods,"WILLOW,LEAVES IN OIL (ALASKA NATIVE)","Willow, leaves in oil (Alaska Native)",,,Salix pulchra Cham.,592,2.6,61.0,8.1,0.0,0.0,0.0,0.0,0.0,0.0,0.0,0,0.0,0.0,0.0,0,0.0,1.3,0,0.0,58,0.0,0.0,0.0,0.0,0.0,0.0,0.0,0.0,0.0,0.0,0.0,0.0,0.0,0.0,0.082857143,0.0,0.0
35093,American Indian/Alaska Native Foods,"WILLOW,YOUNG LEAVES,CHOPD (ALASKA NATIVE)","Willow, young leaves, chopped (Alaska Native)",,,Salix pulchra Cham.,122,6.1,1.6,20.7,0.0,0.0,0.0,0.0,0.0,190.0,0.0,0,2.3,0.0,0.0,130,0.0,2.6,0,0.0,126,0.0,0.0,0.0,0.0,0.0,2.111111111,0.0,0.0,0.14375,0.0,0.0,0.108333333,0.0,0.0,0.18,0.0,0.0
35130,American Indian/Alaska Native Foods,"MUSH,BLUE CORN W/ ASH (NAVAJO)","Mush, blue corn with ash (Navajo)",,,,54,0.66,0.49,11.74,0.19,1.1,0.0,0.049,0.0,0.0,0.0,0,0.283,0.015,0.02,96,0.048,2.92,20,0.305,39,0.9,0.76,0.0,0.028823529,0.0,0.0,0.0,0.0,0.0176875,0.011538462,0.016666667,0.08,5.33333e-05,0.047619048,0.055714286,0.016363636,0.069090909
35131,American Indian/Alaska Native Foods,"CORNMEAL,BLUE (NAVAJO)","Cornmeal, blue (Navajo)",,,,398,10.4,5.44,76.93,1.81,8.7,0.0,0.593,0.0,0.0,0.73,0,2.02,0.107,0.285,5,0.218,2.91,133,0.758,354,11.8,2.91,0.0,0.348823529,0.0,0.0,0.048666667,0.0,0.12625,0.082307692,0.2375,0.004166667,0.000242222,0.316666667,0.505714286,0.214545455,0.264545455
35132,American Indian/Alaska Native Foods,"MELON,BANANA (NAVAJO)","Melon, banana (Navajo)",,,,21,0.84,0.2,4.06,3.36,0.3,0.0,0.05,0.0,8.1,0.0,0,0.46,0.018,0.02,13,0.035,0.21,10,0.036,9,0.4,0.14,0.0,0.029411765,0.0,0.09,0.0,0.0,0.02875,0.013846154,0.016666667,0.010833333,3.88889e-05,0.023809524,0.012857143,0.007272727,0.012727273
35133,American Indian/Alaska Native Foods,CHILCHEN (RED BERRY BEVERAGE) (NAVAJO),Chilchen (Red Berry Beverage) (Navajo),,,,44,0.81,0.63,8.68,2.6,0.0,0.0,0.033,0.0,0.0,0.0,0,0.248,0.015,0.02,7,0.019,0.95,9,0.074,23,0.0,0.19,0.0,0.019411765,0.0,0.0,0.0,0.0,0.0155,0.011538462,0.016666667,0.005833333,2.11111e-05,0.021428571,0.032857143,0.0,0.017272727
35134,American Indian/Alaska Native Foods,"CORN,DRIED (NAVAJO)","Corn, dried (Navajo)",,,,386,9.88,5.22,74.93,5.38,0.0,0.0,0.372,0.0,0.0,0.0,0,3.3,0.068,0.2,15,0.195,1.92,124,0.848,337,0.0,3.05,0.0,0.218823529,0.0,0.0,0.0,0.0,0.20625,0.052307692,0.166666667,0.0125,0.000216667,0.295238095,0.481428571,0.0,0.277272727
35135,American Indian/Alaska Native Foods,"CORN,WHITE,STMD (NAVAJO)","Corn, white, steamed (Navajo)",,,,386,9.72,5.18,75.2,6.47,16.6,0.0,0.289,0.0,0.0,0.0,0,3.31,0.067,0.08,14,0.231,2.29,123,0.926,312,0.0,3.15,0.0,0.17,0.0,0.0,0.0,0.0,0.206875,0.051538462,0.066666667,0.011666667,0.000256667,0.292857143,0.445714286,0.0,0.286363636
35136,American Indian/Alaska Native Foods,"CORNMEAL,WHITE (NAVAJO)","Cornmeal, white (Navajo)",,,,398,10.99,5.04,77.14,1.46,10.4,0.0,0.583,0.0,0.0,0.37,32,2.8,0.137,0.31,11,0.219,3.79,125,0.646,280,0.0,3.24,0.0,0.342941176,0.0,0.0,0.024666667,0.08,0.175,0.105384615,0.258333333,0.009166667,0.000243333,0.297619048,0.4,0.0,0.294545455
35137,American Indian/Alaska Native Foods,"CORNMEAL,YEL (NAVAJO)","Cornmeal, yellow (Navajo)",,,,384,9.85,5.88,72.9,1.56,9.4,0.0,0.59,0.0,0.0,0.37,34,2.47,0.093,0.3,6,0.242,2.99,107,0.641,225,6.0,3.1,0.0,0.347058824,0.0,0.0,0.024666667,0.085,0.154375,0.071538462,0.25,0.005,0.000268889,0.254761905,0.321428571,0.109090909,0.281818182
35138,American Indian/Alaska Native Foods,"SQUASH,INDIAN,RAW (NAVAJO)","Squash, Indian, raw (Navajo)",,,,26,0.52,0.2,5.64,3.54,0.0,0.0,0.058,0.0,4.5,0.0,0,0.17,0.02,0.02,9,0.017,0.17,10,0.027,12,0.0,0.07,0.0,0.034117647,0.0,0.05,0.0,0.0,0.010625,0.015384615,0.016666667,0.0075,1.88889e-05,0.023809524,0.017142857,0.0,0.006363636
35139,American Indian/Alaska Native Foods,"SQUASH,INDIAN,CKD,BLD (NAVAJO)","Squash, Indian, cooked, boiled (Navajo)",,,,16,0.31,0.15,3.22,2.02,1.5,0.0,0.033,0.0,0.0,0.0,0,0.102,0.015,0.01,0,0.0,0.0,0,0.0,0,0.0,0.0,0.0,0.019411765,0.0,0.0,0.0,0.0,0.006375,0.011538462,0.008333333,0.0,0.0,0.0,0.0,0.0,0.0
35140,American Indian/Alaska Native Foods,"BREAD,KNEEL DOWN (NAVAJO)","Bread, kneel down (Navajo)",,,,195,4.29,2.21,39.47,3.74,0.0,0.0,0.0,0.0,0.0,0.0,0,2.49,0.132,0.12,5,0.095,1.11,55,0.303,164,11.9,1.46,0.0,0.0,0.0,0.0,0.0,0.0,0.155625,0.101538462,0.1,0.004166667,0.000105556,0.130952381,0.234285714,0.216363636,0.132727273
35141,American Indian/Alaska Native Foods,"MUTTON,CKD,RSTD (NAVAJO)","Mutton, cooked, roasted (Navajo)",,,,234,33.43,11.09,0.08,0.0,0.0,0.0,0.377,4.44,0.0,0.8,0,6.52,0.3,0.06,10,0.062,4.76,31,0.033,272,38.0,5.93,0.0,0.221764706,1.85,0.0,0.053333333,0.0,0.4075,0.230769231,0.05,0.008333333,6.88889e-05,0.073809524,0.388571429,0.690909091,0.539090909
35142,American Indian/Alaska Native Foods,"FRYBREAD,MADE W/ LARD (NAVAJO)","Frybread, made with lard (Navajo)",,,,330,6.69,12.22,48.26,2.03,0.0,0.0,0.038,0.0,0.0,0.0,196,4.603,0.217,0.43,57,0.091,4.04,18,0.297,123,18.6,0.35,0.0,0.022352941,0.0,0.0,0.0,0.49,0.2876875,0.166923077,0.358333333,0.0475,0.000101111,0.042857143,0.175714286,0.338181818,0.031818182
35143,American Indian/Alaska Native Foods,"TORTILLA,INCL PLN & FROM MUTTON SNDWCH (NAVAJO)","Tortilla, includes plain and from mutton sandwich (Navajo)",,,,237,7.28,0.95,49.94,2.75,2.4,0.0,0.06,0.0,0.0,0.19,159,4.125,0.114,0.37,70,0.102,3.81,19,0.268,146,16.6,0.32,0.0,0.035294118,0.0,0.0,0.012666667,0.3975,0.2578125,0.087692308,0.308333333,0.058333333,0.000113333,0.045238095,0.208571429,0.301818182,0.029090909
35144,American Indian/Alaska Native Foods,"STEW,DUMPLING W/ MUTTON (NAVAJO)","Stew, dumpling with mutton (Navajo)",,,,101,8.71,3.78,8.03,0.21,0.0,0.0,0.041,0.82,0.0,0.37,0,2.005,0.091,0.065,14,0.053,1.79,8,0.064,63,10.2,1.85,0.0,0.024117647,0.341666667,0.0,0.024666667,0.0,0.1253125,0.07,0.054166667,0.011666667,5.88889e-05,0.019047619,0.09,0.185454545,0.168181818
35145,American Indian/Alaska Native Foods,"STEW,HOMINY W/ MUTTON (NAVAJO)","Stew, hominy with mutton (Navajo)",,,,83,6.71,2.06,9.38,0.11,2.0,0.0,0.091,0.64,0.0,0.37,0,1.5,0.07,0.03,8,0.047,0.81,20,0.089,82,4.1,1.19,0.0,0.053529412,0.266666667,0.0,0.024666667,0.0,0.09375,0.053846154,0.025,0.006666667,5.22222e-05,0.047619048,0.117142857,0.074545455,0.108181818
35146,American Indian/Alaska Native Foods,"STEW,MUTTON,CORN,SQUASH (NAVAJO)","Stew, mutton, corn, squash (Navajo)",,,,103,8.62,4.34,7.27,0.61,1.7,0.0,0.108,1.16,0.0,0.37,0,2.0,0.11,0.03,38,0.063,1.21,21,0.087,111,8.4,1.87,0.0,0.063529412,0.483333333,0.0,0.024666667,0.0,0.125,0.084615385,0.025,0.031666667,7e-05,0.05,0.158571429,0.152727273,0.17
35147,American Indian/Alaska Native Foods,TAMALES (NAVAJO),Tamales (Navajo),,,,153,6.28,6.12,18.12,0.99,3.1,0.0,0.143,0.54,1.7,0.0,0,1.59,0.08,0.05,29,0.063,1.22,22,0.174,99,6.0,1.48,0.0,0.084117647,0.225,0.018888889,0.0,0.0,0.099375,0.061538462,0.041666667,0.024166667,7e-05,0.052380952,0.141428571,0.109090909,0.134545455
35148,American Indian/Alaska Native Foods,"STEW,STMD CORN (NAVAJO)","Stew, steamed corn (Navajo)",,,,112,8.82,3.75,10.8,0.51,2.3,0.0,0.12,0.0,0.0,0.0,0,3.02,0.11,0.03,22,0.075,1.1,24,0.102,107,5.0,1.55,0.0,0.070588235,0.0,0.0,0.0,0.0,0.18875,0.084615385,0.025,0.018333333,8.33333e-05,0.057142857,0.152857143,0.090909091,0.140909091
35149,American Indian/Alaska Native Foods,"FISH,HALIBUT,RAW,W/ SKN (ALASKA NATIVE)","Fish, halibut, raw, with skin (Alaska Native)",,,,116,20.53,2.92,1.81,0.0,0.0,47.0,0.39,1.78,0.0,1.9,15,5.762,0.072,0.066,20,0.042,0.27,26,0.011,244,51.1,0.61,0.052222222,0.229411765,0.741666667,0.0,0.126666667,0.0375,0.360125,0.055384615,0.055,0.016666667,4.66667e-05,0.061904762,0.348571429,0.929090909,0.055454545
35150,American Indian/Alaska Native Foods,"FISH,SALMON,COHO (SILVER),RAW (ALASKA NATIVE)","Fish, salmon, coho (silver), raw (Alaska Native)",,,,140,22.56,5.57,0.0,0.0,0.0,30.0,0.225,8.52,0.0,0.81,13,7.93,0.189,0.152,5,0.051,0.55,28,0.0,240,27.6,0.41,0.033333333,0.132352941,3.55,0.0,0.054,0.0325,0.495625,0.145384615,0.126666667,0.004166667,5.66667e-05,0.066666667,0.342857143,0.501818182,0.037272727
35151,American Indian/Alaska Native Foods,"FISH,SALMON,SOCKEYE (RED),RAW (ALASKA NATIVE)","Fish, salmon, sockeye (red), raw (Alaska Native)",,,,153,21.94,7.28,0.0,0.0,0.0,58.0,0.282,7.82,0.0,1.25,11,8.04,0.297,0.253,7,0.052,0.53,27,0.014,240,29.9,0.52,0.064444444,0.165882353,3.258333333,0.0,0.083333333,0.0275,0.5025,0.228461538,0.210833333,0.005833333,5.77778e-05,0.064285714,0.342857143,0.543636364,0.047272727
35152,American Indian/Alaska Native Foods,"FISH,SALMON,CHUM,RAW (ALASKA NATIVE)","Fish, Salmon, Chum, raw (Alaska Native)",,,,116,20.69,3.67,0.0,0.0,0.0,32.0,0.189,8.08,0.0,0.49,18,8.79,0.217,0.156,7,0.137,0.56,26,0.03,230,39.7,0.54,0.035555556,0.111176471,3.366666667,0.0,0.032666667,0.045,0.549375,0.166923077,0.13,0.005833333,0.000152222,0.061904762,0.328571429,0.721818182,0.049090909
35153,American Indian/Alaska Native Foods,"FISH,SALMON,KING (CHINOOK),RAW (ALASKA NATIVE)","Fish, salmon, king (chinook), raw (Alaska Native)",,,,187,20.25,11.73,0.0,0.0,0.0,136.0,0.271,7.38,0.0,1.49,0,8.415,0.169,0.161,42,0.0,0.79,24,0.0,208,31.0,0.52,0.151111111,0.159411765,3.075,0.0,0.099333333,0.0,0.5259375,0.13,0.134166667,0.035,0.0,0.057142857,0.297142857,0.563636364,0.047272727
35154,American Indian/Alaska Native Foods,"SALMONBERRIES,RAW (ALASKA NATIVE)","Salmonberries, raw (Alaska Native)",akpiks,,Rubus spectabilis,47,0.85,0.33,10.05,3.66,1.9,50.0,0.078,0.0,9.2,1.61,17,0.466,0.062,0.041,13,0.03,0.4,15,1.1,27,0.0,0.28,0.055555556,0.045882353,0.0,0.102222222,0.107333333,0.0425,0.029125,0.047692308,0.034166667,0.010833333,3.33333e-05,0.035714286,0.038571429,0.0,0.025454545
35155,American Indian/Alaska Native Foods,"BLUEBERRIES,WILD,RAW (ALASKA NATIVE)","Blueberries, wild, raw (Alaska Native)",,,Vaccinium alaskaenese,61,1.22,0.76,12.31,6.46,2.6,6.0,0.026,0.0,18.3,1.69,33,0.597,0.414,0.067,13,0.03,0.37,7,2.0,29,0.0,0.2,0.006666667,0.015294118,0.0,0.203333333,0.112666667,0.0825,0.0373125,0.318461538,0.055833333,0.010833333,3.33333e-05,0.016666667,0.041428571,0.0,0.018181818
35156,American Indian/Alaska Native Foods,"OIL,SPOTTED SEAL (ALASKA NATIVE)","Oil, spotted seal (Alaska Native)",,,,894,0.0,99.32,0.0,0.0,0.0,1044.0,0.0,0.0,0.0,6.28,0,0.0,0.0,0.0,0,0.0,0.0,0,0.0,0,2.2,0.0,1.16,0.0,0.0,0.0,0.418666667,0.0,0.0,0.0,0.0,0.0,0.0,0.0,0.0,0.04,0.0
35157,American Indian/Alaska Native Foods,"FISH,SALMON,RED,CND,BONES REMOVED (ALASKA NATIVE)","Fish, salmon, red, canned, bones removed (Alaska Native)",,,,161,27.31,5.76,0.0,0.0,0.0,65.0,0.103,4.91,0.0,0.61,7,10.1,0.206,0.015,28,0.148,1.9,32,0.037,260,40.3,0.66,0.072222222,0.060588235,2.045833333,0.0,0.040666667,0.0175,0.63125,0.158461538,0.0125,0.023333333,0.000164444,0.076190476,0.371428571,0.732727273,0.06
35158,American Indian/Alaska Native Foods,"FISH,WHITEFISH,EGGS (ALASKA NATIVE)","Fish, whitefish, eggs (Alaska Native)",,,,104,14.66,2.88,4.89,0.0,0.0,91.0,0.159,56.4,12.0,2.68,53,0.956,0.403,0.088,46,0.22,5.95,30,0.22,306,92.8,2.1,0.101111111,0.093529412,23.5,0.133333333,0.178666667,0.1325,0.05975,0.31,0.073333333,0.038333333,0.000244444,0.071428571,0.437142857,1.687272727,0.190909091
35160,American Indian/Alaska Native Foods,"CARIBOU,RUMP MEAT,HALF DRIED (ALASKA NATIVE)","Caribou, rump meat, half dried (Alaska Native)",,,,255,52.06,5.23,0.0,0.0,0.0,52.0,0.62,7.16,0.0,0.09,3,13.2,1.24,0.333,14,0.6,11.0,60,0.099,480,30.5,9.4,0.057777778,0.364705882,2.983333333,0.0,0.006,0.0075,0.825,0.953846154,0.2775,0.011666667,0.000666667,0.142857143,0.685714286,0.554545455,0.854545455
35161,American Indian/Alaska Native Foods,"CARIBOU,SHLDR MEAT,DRIED (ALASKA NATIVE)","Caribou, shoulder meat, dried (Alaska Native)",,,,271,59.38,3.67,0.0,0.0,0.0,11.0,0.499,15.1,0.0,0.07,8,14.8,1.3,0.312,14,0.78,11.0,62,0.11,550,36.8,9.4,0.012222222,0.293529412,6.291666667,0.0,0.004666667,0.02,0.925,1.0,0.26,0.011666667,0.000866667,0.147619048,0.785714286,0.669090909,0.854545455
35162,American Indian/Alaska Native Foods,"CARIBOU,HIND QUARTER MEAT,RAW (ALASKA NATIVE)","Caribou, hind quarter meat, raw (Alaska Native)",,,,122,22.63,3.37,0.0,0.0,0.0,94.0,0.351,7.05,0.0,0.69,4,7.15,0.962,0.442,5,0.27,4.1,26,0.037,230,12.5,2.1,0.104444444,0.206470588,2.9375,0.0,0.046,0.01,0.446875,0.74,0.368333333,0.004166667,0.0003,0.061904762,0.328571429,0.227272727,0.190909091
35164,American Indian/Alaska Native Foods,"SEAL,BEARDED (OOGRUK),MEAT,DRIED,IN OIL (ALASKA NATIVE)","Seal, bearded (Oogruk), meat, dried, in oil (Alaska Native)",,,,367,35.31,25.08,0.0,0.0,0.0,0.0,0.091,5.85,0.0,0.55,11,6.52,0.364,0.011,7,0.27,17.0,29,0.037,240,90.8,3.1,0.0,0.053529412,2.4375,0.0,0.036666667,0.0275,0.4075,0.28,0.009166667,0.005833333,0.0003,0.069047619,0.342857143,1.650909091,0.281818182
35165,American Indian/Alaska Native Foods,"FISH,WHITEFISH,DRIED (ALASKA NATIVE)","Fish, whitefish, dried (Alaska Native)",,,,371,62.44,13.44,0.0,0.0,0.0,39.0,0.365,18.4,0.0,0.66,11,11.2,0.438,0.053,810,0.18,4.1,85,0.23,1040,113.0,5.0,0.043333333,0.214705882,7.666666667,0.0,0.044,0.0275,0.7,0.336923077,0.044166667,0.675,0.0002,0.202380952,1.485714286,2.054545455,0.454545455
35166,American Indian/Alaska Native Foods,"FISH,SALMON,RED,(SOCKEYE),CND,SMOKED (ALASKA NATIVE)","Fish, salmon, red, (sockeye), canned, smoked (Alaska Native)",,,,206,35.19,7.26,0.0,0.0,0.0,19.0,0.182,7.43,0.0,0.45,4,13.1,0.358,0.021,69,0.148,1.5,39,0.051,350,44.8,1.1,0.021111111,0.107058824,3.095833333,0.0,0.03,0.01,0.81875,0.275384615,0.0175,0.0575,0.000164444,0.092857143,0.5,0.814545455,0.1
35167,American Indian/Alaska Native Foods,"FISH,SALMON,RED,(SOCKEYE),KIPPERED (ALASKA NATIVE)","Fish, salmon, red, (sockeye), kippered (Alaska Native)",,,,141,24.5,4.75,0.0,0.0,0.0,15.0,0.287,4.98,0.0,0.44,6,8.52,0.23,0.094,54,0.148,0.49,31,0.037,280,33.5,0.75,0.016666667,0.168823529,2.075,0.0,0.029333333,0.015,0.5325,0.176923077,0.078333333,0.045,0.000164444,0.073809524,0.4,0.609090909,0.068181818
35168,American Indian/Alaska Native Foods,"FISH,SALMON,KING,W/ SKN,KIPPERED,(ALASKA NATIVE)","Fish, salmon, king, with skin, kippered, (Alaska Native)",,,,209,23.19,12.95,0.0,0.0,0.0,12.0,0.378,3.65,0.0,0.42,3,8.61,0.201,0.043,55,0.148,0.55,29,0.037,270,30.5,0.77,0.013333333,0.222352941,1.520833333,0.0,0.028,0.0075,0.538125,0.154615385,0.035833333,0.045833333,0.000164444,0.069047619,0.385714286,0.554545455,0.07
35169,American Indian/Alaska Native Foods,"FISH,SHEEFISH,RAW (ALASKA NATIVE)","Fish, sheefish, raw (Alaska Native)",,,,115,22.25,2.84,0.0,0.0,0.0,0.0,0.162,5.9,0.0,0.44,9,2.12,0.126,0.041,140,0.148,0.5,25,0.037,300,42.3,0.6,0.0,0.095294118,2.458333333,0.0,0.029333333,0.0225,0.1325,0.096923077,0.034166667,0.116666667,0.000164444,0.05952381,0.428571429,0.769090909,0.054545455
35170,American Indian/Alaska Native Foods,"SEAL,BEARDED (OOGRUK),MEAT,LO QUADRANT,RAW (ALASKA NATIVE)","Seal, bearded (Oogruk), meat, low quadrant, raw (Alaska Native)",,,,186,23.63,10.17,0.0,0.0,0.0,195.0,0.0,0.0,0.0,0.27,0,0.0,0.0,0.0,4,0.148,17.0,17,0.037,140,0.0,2.6,0.216666667,0.0,0.0,0.0,0.018,0.0,0.0,0.0,0.0,0.003333333,0.000164444,0.04047619,0.2,0.0,0.236363636
35171,American Indian/Alaska Native Foods,"FISH,SALMON,CHUM,DRIED (ALASKA NATIVE)","Fish, salmon, chum, dried (Alaska Native)",,,,378,62.09,14.38,0.0,0.0,0.0,16.0,0.681,28.6,0.0,0.82,12,14.65,0.463,0.356,155,0.254,2.2,68,0.071,650,103.8,1.4,0.017777778,0.400588235,11.91666667,0.0,0.054666667,0.03,0.915625,0.356153846,0.296666667,0.129166667,0.000282222,0.161904762,0.928571429,1.887272727,0.127272727
35172,American Indian/Alaska Native Foods,"ELK,FREE RANGE,GROUND,CKD PATTIES (SHOSHONE BANNOCK)","Elk, free range, ground, cooked patties (Shoshone Bannock)",,,,143,29.45,2.8,0.0,0.0,0.0,0.0,0.782,4.25,0.0,0.79,1,7.85,0.497,0.175,5,0.204,9.06,26,0.043,236,23.5,7.79,0.0,0.46,1.770833333,0.0,0.052666667,0.0025,0.490625,0.382307692,0.145833333,0.004166667,0.000226667,0.061904762,0.337142857,0.427272727,0.708181818
35173,American Indian/Alaska Native Foods,"ELK,FREE RANGE,GROUND,RAW (SHOSHONE BANNOCK)","Elk, free range, ground, raw (Shoshone Bannock)",,,,97,20.14,1.8,0.0,0.0,0.0,0.0,0.63,3.45,0.0,0.0,0,5.97,0.309,0.18,4,0.159,7.17,22,0.038,196,14.3,5.82,0.0,0.370588235,1.4375,0.0,0.0,0.0,0.373125,0.237692308,0.15,0.003333333,0.000176667,0.052380952,0.28,0.26,0.529090909
35174,American Indian/Alaska Native Foods,"BUFFALO,FREE RANGE,TOP RND STEAK,RAW (SHOSHONE BANNOCK)","Buffalo, free range, top round steak, raw (Shoshone Bannock)",,,,97,21.44,1.3,0.0,0.0,0.0,0.0,0.78,1.15,0.0,0.0,0,6.92,0.325,0.153,3,0.117,2.61,22,0.011,200,7.0,3.0,0.0,0.458823529,0.479166667,0.0,0.0,0.0,0.4325,0.25,0.1275,0.0025,0.00013,0.052380952,0.285714286,0.127272727,0.272727273
35175,American Indian/Alaska Native Foods,"SEAL,BEARDED (OOGRUK),MEAT,PART DRIED (ALASKA NATIVE)","Seal, bearded (Oogruk), meat, partially dried (Alaska Native)",,,,270,62.38,2.31,0.0,0.0,0.0,0.0,0.0,0.0,0.0,0.07,0,0.0,0.0,0.0,9,0.31,33.0,62,0.037,510,0.0,5.0,0.0,0.0,0.0,0.0,0.004666667,0.0,0.0,0.0,0.0,0.0075,0.000344444,0.147619048,0.728571429,0.0,0.454545455
35176,American Indian/Alaska Native Foods,"BUFFALO,FREE RANGE,TOP RND STEAK,CKD (SHOSHONE BANNOCK)","Buffalo, free range, top round steak, cooked (Shoshone Bannock)",,,,146,32.51,1.8,0.0,0.0,0.0,0.0,0.794,1.67,0.0,0.59,8,7.02,0.462,0.169,4,0.189,3.76,27,0.011,246,10.5,5.06,0.0,0.467058824,0.695833333,0.0,0.039333333,0.02,0.43875,0.355384615,0.140833333,0.003333333,0.00021,0.064285714,0.351428571,0.190909091,0.46
35177,American Indian/Alaska Native Foods,"ELK,FREE RANGE,RST,EYE OF RND,RAW (SHOSHONE BANNOCK)","Elk, free range, roast, eye of round, raw (Shoshone Bannock)",,,,98,19.74,2.1,0.0,0.0,0.0,0.0,0.893,1.77,0.0,0.0,0,6.63,0.27,0.159,4,0.144,2.27,24,0.011,215,15.8,4.16,0.0,0.525294118,0.7375,0.0,0.0,0.0,0.414375,0.207692308,0.1325,0.003333333,0.00016,0.057142857,0.307142857,0.287272727,0.378181818
35178,American Indian/Alaska Native Foods,"ELK,FREE RANGE,RST,EYE OF RND,CKD (SHOSHONE BANNOCK)","Elk, free range, roast, eye of round, cooked (Shoshone Bannock)",,,,148,30.56,2.85,0.0,0.0,0.0,0.0,0.914,1.95,0.0,0.47,1,7.96,0.358,0.164,4,0.154,2.68,26,0.016,236,20.5,4.8,0.0,0.537647059,0.8125,0.0,0.031333333,0.0025,0.4975,0.275384615,0.136666667,0.003333333,0.000171111,0.061904762,0.337142857,0.372727273,0.436363636
35179,American Indian/Alaska Native Foods,"CHOKECHERRIES,RAW,PITTED (SHOSHONE BANNOCK)","Chokecherries, raw, pitted (Shoshone Bannock)",,,,156,2.89,0.98,33.88,14.22,17.0,2.0,0.193,0.0,0.7,0.75,10,0.672,0.058,0.029,40,0.068,0.4,21,0.192,45,1.7,0.19,0.002222222,0.113529412,0.0,0.007777778,0.05,0.025,0.042,0.044615385,0.024166667,0.033333333,7.55556e-05,0.05,0.064285714,0.030909091,0.017272727
35180,American Indian/Alaska Native Foods,"STEELHEAD TROUT,DRIED,FLESH (SHOSHONE BANNOCK)","Steelhead trout, dried, flesh (Shoshone Bannock)",,,,382,77.27,8.06,0.0,0.0,0.0,64.0,0.0,22.4,0.0,2.41,0,0.0,0.0,0.0,85,0.217,2.96,84,0.079,976,105.0,1.79,0.071111111,0.0,9.333333333,0.0,0.160666667,0.0,0.0,0.0,0.0,0.070833333,0.000241111,0.2,1.394285714,1.909090909,0.162727273
35181,American Indian/Alaska Native Foods,"STEELHEAD TROUT,BLD,CND (ALASKA NATIVE)","Steelhead trout, boiled, canned (Alaska Native)",,,,159,21.11,8.26,0.0,0.0,0.0,20.0,0.0,5.79,0.0,2.15,0,0.0,0.0,0.0,30,0.058,0.64,25,0.011,249,26.0,0.57,0.022222222,0.0,2.4125,0.0,0.143333333,0.0,0.0,0.0,0.0,0.025,6.44444e-05,0.05952381,0.355714286,0.472727273,0.051818182
35182,American Indian/Alaska Native Foods,ACORN STEW (APACHE),Acorn stew (Apache),,,,95,6.81,3.47,9.22,0.34,0.7,0.0,0.055,0.68,0.0,0.3,44,2.14,0.125,0.175,14,0.03,1.0,12,0.14,62,8.3,1.6,0.0,0.032352941,0.283333333,0.0,0.02,0.11,0.13375,0.096153846,0.145833333,0.011666667,3.33333e-05,0.028571429,0.088571429,0.150909091,0.145454545
35183,American Indian/Alaska Native Foods,"CORN,DRIED,YEL (NORTHERN PLAINS INDIANS)","Corn, dried, yellow (Northern Plains Indians)",,,,419,14.48,10.64,66.27,21.32,20.5,13.0,1.11,0.0,0.0,0.44,0,8.25,0.181,0.261,25,0.293,2.61,149,0.9,344,56.5,3.06,0.014444444,0.652941176,0.0,0.0,0.029333333,0.0,0.515625,0.139230769,0.2175,0.020833333,0.000325556,0.354761905,0.491428571,1.027272727,0.278181818
35184,American Indian/Alaska Native Foods,"SMELT,DRIED (ALASKA NATIVE)","Smelt, dried (Alaska Native)",,,,386,56.19,17.9,0.0,0.0,0.0,139.0,0.176,19.1,0.0,4.51,0,5.97,0.262,0.073,1600,0.148,5.4,89,0.72,1400,194.0,6.7,0.154444444,0.103529412,7.958333333,0.0,0.300666667,0.0,0.373125,0.201538462,0.060833333,1.333333333,0.000164444,0.211904762,2.0,3.527272727,0.609090909
35185,American Indian/Alaska Native Foods,"FRYBREAD,MADE W/ LARD (APACHE)","Frybread, made with lard (Apache)",,,,309,8.38,10.14,46.01,1.54,1.7,0.0,0.068,0.0,0.0,0.09,177,4.335,0.264,0.531,52,0.096,3.43,19,0.405,112,6.5,0.47,0.0,0.04,0.0,0.0,0.006,0.4425,0.2709375,0.203076923,0.4425,0.043333333,0.000106667,0.045238095,0.16,0.118181818,0.042727273
35186,American Indian/Alaska Native Foods,CORNED BF & POTATOES IN TORTILLA (APACHE),Corned beef and potatoes in tortilla (Apache),,,,224,7.91,8.31,29.35,1.79,1.5,0.0,0.214,0.23,0.0,0.2,0,2.545,0.135,0.277,27,0.066,1.8,22,0.31,82,11.3,0.88,0.0,0.125882353,0.095833333,0.0,0.013333333,0.0,0.1590625,0.103846154,0.230833333,0.0225,7.33333e-05,0.052380952,0.117142857,0.205454545,0.08
35187,American Indian/Alaska Native Foods,"TENNIS BREAD,PLN (APACHE)","Tennis Bread, plain (Apache)",,,,258,9.0,1.05,53.26,3.01,2.6,0.0,0.059,0.0,0.0,0.07,252,3.41,0.291,0.69,67,0.03,3.4,28,0.48,160,15.5,0.53,0.0,0.034705882,0.0,0.0,0.004666667,0.63,0.213125,0.223846154,0.575,0.055833333,3.33333e-05,0.066666667,0.228571429,0.281818182,0.048181818
35188,American Indian/Alaska Native Foods,"FISH,HALIBUT,CKD,W/ SKN (ALASKA NATIVE)","Fish, halibut, cooked, with skin (Alaska Native)",,,,113,22.13,2.73,0.0,0.0,0.0,48.0,0.266,2.55,0.0,1.05,0,6.247,0.176,0.083,33,0.041,0.36,29,0.011,275,60.6,0.75,0.053333333,0.156470588,1.0625,0.0,0.07,0.0,0.3904375,0.135384615,0.069166667,0.0275,4.55556e-05,0.069047619,0.392857143,1.101818182,0.068181818
35190,American Indian/Alaska Native Foods,"SALMON,RED (SOCKEYE),FILETS W/ SKN,SMOKED (ALASKA NATIVE)","Salmon, red (sockeye), filets with skin, smoked (Alaska Native)",,,,345,60.62,11.43,0.0,0.0,0.0,31.0,0.816,18.1,0.0,1.2,9,22.75,0.543,0.494,58,0.148,1.06,58,0.051,650,76.0,1.14,0.034444444,0.48,7.541666667,0.0,0.08,0.0225,1.421875,0.417692308,0.411666667,0.048333333,0.000164444,0.138095238,0.928571429,1.381818182,0.103636364
35192,American Indian/Alaska Native Foods,"AGAVE,RAW (SOUTHWEST)","Agave, raw (Southwest)",,,,68,0.52,0.15,16.23,2.58,6.6,2.0,0.055,0.0,4.0,0.23,7,0.162,0.039,0.029,417,0.138,1.8,55,0.094,7,0.4,0.15,0.002222222,0.032352941,0.0,0.044444444,0.015333333,0.0175,0.010125,0.03,0.024166667,0.3475,0.000153333,0.130952381,0.01,0.007272727,0.013636364
35193,American Indian/Alaska Native Foods,"AGAVE,CKD (SOUTHWEST)","Agave, cooked (Southwest)",,,,135,0.99,0.29,32.0,20.87,10.6,6.0,0.087,0.0,0.3,0.36,3,0.162,0.099,0.012,460,0.112,3.55,39,0.142,9,0.2,0.25,0.006666667,0.051176471,0.0,0.003333333,0.024,0.0075,0.010125,0.076153846,0.01,0.383333333,0.000124444,0.092857143,0.012857143,0.003636364,0.022727273
35194,American Indian/Alaska Native Foods,"AGAVE,DRIED (SOUTHWEST)","Agave, dried (Southwest)",,,,341,1.71,0.69,81.98,50.7,15.6,1.0,0.216,0.0,0.3,0.76,7,0.87,0.644,0.021,770,0.189,3.64,207,0.337,37,0.6,12.1,0.001111111,0.127058824,0.0,0.003333333,0.050666667,0.0175,0.054375,0.495384615,0.0175,0.641666667,0.00021,0.492857143,0.052857143,0.010909091,1.1
35195,American Indian/Alaska Native Foods,"CATTAIL,NARROW LEAF SHOOTS (NORTHERN PLAINS INDIANS)","Cattail, Narrow Leaf Shoots (Northern Plains Indians)",,,,25,1.18,0.0,5.14,0.22,4.5,1.0,0.123,0.0,0.7,0.0,0,0.44,0.025,0.023,54,0.041,0.91,63,0.76,45,0.6,0.24,0.001111111,0.072352941,0.0,0.007777778,0.0,0.0,0.0275,0.019230769,0.019166667,0.045,4.55556e-05,0.15,0.064285714,0.010909091,0.021818182
35196,American Indian/Alaska Native Foods,"LAMBSQUARTERS,RAW (NORTHERN PLAINS INDIANS)","Lambsquarters, raw (Northern Plains Indians)",,,,47,4.21,0.28,6.96,0.0,6.3,98.0,0.184,0.0,0.0,0.0,0,0.79,0.3,0.029,366,0.12,1.16,163,1.49,63,1.1,0.72,0.108888889,0.108235294,0.0,0.0,0.0,0.0,0.049375,0.230769231,0.024166667,0.305,0.000133333,0.388095238,0.09,0.02,0.065454545
35197,American Indian/Alaska Native Foods,"LAMBSQUARTERS,STMD (NORTHERN PLAINS INDIANS)","Lambsquarters, steamed (Northern Plains Indians)",,,,48,4.06,0.16,7.47,0.0,5.2,194.0,0.232,0.0,4.9,0.0,0,0.623,0.27,0.047,349,0.1,1.15,164,1.56,56,0.0,0.61,0.215555556,0.136470588,0.0,0.054444444,0.0,0.0,0.0389375,0.207692308,0.039166667,0.290833333,0.000111111,0.39047619,0.08,0.0,0.055454545
35198,American Indian/Alaska Native Foods,"PRICKLY PEARS,RAW (NORTHERN PLAINS INDIANS)","Prickly pears, raw (Northern Plains Indians)",,,,42,0.12,0.11,10.17,1.02,5.3,0.0,0.079,0.0,11.0,0.0,0,0.293,0.032,0.008,180,0.019,0.2,69,0.583,11,0.1,0.14,0.0,0.046470588,0.0,0.122222222,0.0,0.0,0.0183125,0.024615385,0.006666667,0.15,2.11111e-05,0.164285714,0.015714286,0.001818182,0.012727273
35199,American Indian/Alaska Native Foods,"PRICKLY PEARS,BRLD (NORTHERN PLAINS INDIANS)","Prickly pears, broiled (Northern Plains Indians)",,,,91,0.39,0.31,21.57,0.0,0.0,0.0,0.146,0.0,6.2,0.0,0,1.0,0.044,0.018,0,0.0,0.0,0,0.0,0,0.0,0.0,0.0,0.085882353,0.0,0.068888889,0.0,0.0,0.0625,0.033846154,0.015,0.0,0.0,0.0,0.0,0.0,0.0
35200,American Indian/Alaska Native Foods,"PRAIRIE TURNIPS,RAW (NORTHERN PLAINS INDIANS)","Prairie Turnips, raw (Northern Plains Indians)",,,,156,2.62,0.36,35.67,0.82,8.0,0.0,0.47,0.0,5.5,0.0,0,1.071,0.09,0.178,130,0.053,1.27,63,0.266,31,14.7,0.37,0.0,0.276470588,0.0,0.061111111,0.0,0.0,0.0669375,0.069230769,0.148333333,0.108333333,5.88889e-05,0.15,0.044285714,0.267272727,0.033636364
35201,American Indian/Alaska Native Foods,"PRAIRIE TURNIPS,BLD (NORTHERN PLAINS INDIANS)","Prairie Turnips, boiled (Northern Plains Indians)",,,,129,1.64,0.32,29.99,4.74,7.2,0.0,0.379,0.0,2.0,0.0,0,0.708,0.039,0.126,103,0.038,0.95,49,0.209,20,0.0,0.28,0.0,0.222941176,0.0,0.022222222,0.0,0.0,0.04425,0.03,0.105,0.085833333,4.22222e-05,0.116666667,0.028571429,0.0,0.025454545
35202,American Indian/Alaska Native Foods,"RASPBERRIES,WILD (NORTHERN PLAINS INDIANS)","Raspberries, wild (Northern Plains Indians)",,,,62,1.12,0.28,13.85,5.54,7.5,2.0,0.104,0.0,26.4,0.57,0,1.03,0.08,0.018,36,0.097,0.64,26,0.368,41,0.0,0.47,0.002222222,0.061176471,0.0,0.293333333,0.038,0.0,0.064375,0.061538462,0.015,0.03,0.000107778,0.061904762,0.058571429,0.0,0.042727273
35203,American Indian/Alaska Native Foods,"ROSE HIPS,WILD (NORTHERN PLAINS INDIANS)","Rose Hips, wild (Northern Plains Indians)",,,,162,1.6,0.34,38.22,2.58,24.1,217.0,0.076,0.0,426.0,5.84,0,1.3,0.166,0.016,169,0.113,1.06,69,1.02,61,0.0,0.25,0.241111111,0.044705882,0.0,4.733333333,0.389333333,0.0,0.08125,0.127692308,0.013333333,0.140833333,0.000125556,0.164285714,0.087142857,0.0,0.022727273
35204,American Indian/Alaska Native Foods,"CHOKECHERRIES,RAW,PITTED (NORTHERN PLAINS INDIANS)","Chokecherries, raw, pitted (Northern Plains Indians)",,,,162,3.04,1.69,33.62,9.37,20.0,8.0,0.198,0.0,5.5,0.35,0,0.628,0.173,0.034,60,0.186,0.69,27,0.417,67,0.0,0.33,0.008888889,0.116470588,0.0,0.061111111,0.023333333,0.0,0.03925,0.133076923,0.028333333,0.05,0.000206667,0.064285714,0.095714286,0.0,0.03
35205,American Indian/Alaska Native Foods,"STINGING NETTLES,BLANCHED (NORTHERN PLAINS INDIANS)","Stinging Nettles, blanched (Northern Plains Indians)",,,,42,2.71,0.11,7.49,0.25,6.9,101.0,0.103,0.0,0.0,0.0,14,0.388,0.16,0.008,481,0.076,1.64,57,0.779,71,0.3,0.34,0.112222222,0.060588235,0.0,0.0,0.0,0.035,0.02425,0.123076923,0.006666667,0.400833333,8.44444e-05,0.135714286,0.101428571,0.005454545,0.030909091
35206,American Indian/Alaska Native Foods,"PLUMS,WILD (NORTHERN PLAINS INDIANS)","Plums, wild (Northern Plains Indians)",,,,91,0.43,0.17,21.95,10.61,6.0,173.0,0.093,0.0,10.3,0.53,0,0.367,0.042,0.005,11,0.035,0.17,8,0.076,30,0.0,0.09,0.192222222,0.054705882,0.0,0.114444444,0.035333333,0.0,0.0229375,0.032307692,0.004166667,0.009166667,3.88889e-05,0.019047619,0.042857143,0.0,0.008181818
35207,American Indian/Alaska Native Foods,"PINON NUTS,RSTD (NAVAJO)","Pinon Nuts, roasted (Navajo)",,,Pinus spp.,541,7.41,34.08,51.06,0.0,43.4,0.0,0.116,0.0,0.0,11.3,0,1.63,0.222,0.212,18,0.654,3.53,152,1.74,345,0.0,2.89,0.0,0.068235294,0.0,0.0,0.753333333,0.0,0.101875,0.170769231,0.176666667,0.015,0.000726667,0.361904762,0.492857143,0.0,0.262727273
35211,American Indian/Alaska Native Foods,"CARIBOU,HIND QUARTER,MEAT,CKD (ALASKA NATIVE)","Caribou, hind quarter, meat, cooked (Alaska Native)",,,,159,28.81,4.82,0.0,0.0,0.0,94.0,0.373,6.47,0.0,0.88,4,5.89,0.814,0.291,5,0.325,4.8,24,0.043,215,16.5,4.3,0.104444444,0.219411765,2.695833333,0.0,0.058666667,0.01,0.368125,0.626153846,0.2425,0.004166667,0.000361111,0.057142857,0.307142857,0.3,0.390909091
35225,American Indian/Alaska Native Foods,"AGUTUK,FISH W/ SHORTENING (ALASKAN ICE CREAM) (ALASKA NATIVE","Agutuk, fish with shortening (Alaskan ice cream) (Alaska Native)",,,,470,9.0,43.5,10.5,0.0,0.0,34.0,0.0,0.0,0.0,4.0,0,1.43,0.06,0.06,0,0.03,0.2,16,0.0,134,0.0,0.47,0.037777778,0.0,0.0,0.0,0.266666667,0.0,0.089375,0.046153846,0.05,0.0,3.33333e-05,0.038095238,0.191428571,0.0,0.042727273
35226,American Indian/Alaska Native Foods,"SEA LION,STELLER,LIVER (ALASKA NATIVE)","Sea lion, Steller, liver (Alaska Native)",,,Eumetopias jubatus,137,22.9,5.0,0.0,0.0,0.0,0.0,0.0,0.0,0.0,0.0,0,0.0,0.0,0.0,6,1.89,9.0,22,0.7,396,693.0,4.1,0.0,0.0,0.0,0.0,0.0,0.0,0.0,0.0,0.0,0.005,0.0021,0.052380952,0.565714286,12.6,0.372727273
35227,American Indian/Alaska Native Foods,"SEA LION,STELLER,KIDNEY (ALASKA NATIVE)","Sea lion, Steller, kidney (Alaska Native)",,,Eumetopias jubatus,93,18.1,1.7,1.4,0.0,0.0,0.0,0.0,0.0,0.0,0.0,0,0.0,0.0,0.0,9,0.875,7.0,16,0.131,301,274.0,2.9,0.0,0.0,0.0,0.0,0.0,0.0,0.0,0.0,0.0,0.0075,0.000972222,0.038095238,0.43,4.981818182,0.263636364
35228,American Indian/Alaska Native Foods,"SEA LION,STELLER,HEART (ALASKA NATIVE)","Sea lion, Steller, heart (Alaska Native)",,,Eumetopias jubatus,102,17.0,3.3,1.0,0.0,0.0,0.0,0.0,0.0,0.0,0.0,0,0.0,0.0,0.0,5,0.306,6.7,22,0.037,263,122.0,2.24,0.0,0.0,0.0,0.0,0.0,0.0,0.0,0.0,0.0,0.004166667,0.00034,0.052380952,0.375714286,2.218181818,0.203636364
35229,American Indian/Alaska Native Foods,"SEA LION,STELLER,MEAT (ALASKA NATIVE)","Sea lion, Steller, meat (Alaska Native)",,,Eumetopias jubatus,120,25.85,1.88,0.0,0.0,0.0,0.0,0.0,0.0,0.0,0.0,0,0.0,0.0,0.0,6,0.527,11.48,22,0.017,253,111.8,3.32,0.0,0.0,0.0,0.0,0.0,0.0,0.0,0.0,0.0,0.005,0.000585556,0.052380952,0.361428571,2.032727273,0.301818182
35230,American Indian/Alaska Native Foods,"SEA LION,STELLER,MEAT W/ FAT (ALASKA NATIVE)","Sea lion, Steller, meat with fat (Alaska Native)",,,Eumetopias jubatus,242,22.1,14.65,5.55,0.0,0.0,89.0,0.0,0.0,0.0,0.0,0,0.0,0.0,0.0,6,0.116,9.55,19,0.006,214,119.0,4.26,0.098888889,0.0,0.0,0.0,0.0,0.0,0.0,0.0,0.0,0.005,0.000128889,0.045238095,0.305714286,2.163636364,0.387272727
35231,American Indian/Alaska Native Foods,"SEA LION,STELLER,FAT (ALASKA NATIVE)","Sea lion, Steller, fat (Alaska Native)",,,Eumetopias jubatus,850,0.9,94.0,0.0,0.0,0.0,97.0,0.0,0.0,0.0,0.0,0,0.0,0.0,0.0,0,0.0,0.0,0,0.0,0,0.0,0.0,0.107777778,0.0,0.0,0.0,0.0,0.0,0.0,0.0,0.0,0.0,0.0,0.0,0.0,0.0,0.0
35232,American Indian/Alaska Native Foods,"WOCAS,DRIED SEEDS,OREGON,YEL POND LILY (KLAMATH)","Wocas, dried seeds, Oregon, yellow pond lily (Klamath)",,,Nuphar lutea,361,7.9,1.07,80.02,0.43,19.2,0.0,0.957,0.0,0.0,35.64,5,4.19,0.07,0.03,27,0.073,1.47,86,0.937,229,0.7,6.33,0.0,0.562941176,0.0,0.0,2.376,0.0125,0.261875,0.053846154,0.025,0.0225,8.11111e-05,0.204761905,0.327142857,0.012727273,0.575454545
35233,American Indian/Alaska Native Foods,"HAZELNUTS,BEAKED (NORTHERN PLAINS INDIANS)","Hazelnuts, beaked (Northern Plains Indians)",,,Corylus cornuta Marsh.,628,14.89,52.99,22.98,0.0,9.8,0.0,0.55,0.0,0.0,0.0,0,3.19,0.16,0.48,441,1.2,3.12,235,7.6,411,0.0,2.06,0.0,0.323529412,0.0,0.0,0.0,0.0,0.199375,0.123076923,0.4,0.3675,0.001333333,0.55952381,0.587142857,0.0,0.187272727
35234,American Indian/Alaska Native Foods,"PIKI BREAD,MADE FROM BLUE CORNMEAL (HOPI)","Piki bread, made from blue cornmeal (Hopi)",,,,390,9.06,7.16,72.22,1.6,9.2,0.0,0.542,0.0,0.0,0.76,0,2.92,0.05,0.16,184,0.286,6.11,181,1.82,374,14.6,3.75,0.0,0.318823529,0.0,0.0,0.050666667,0.0,0.1825,0.038461538,0.133333333,0.153333333,0.000317778,0.430952381,0.534285714,0.265454545,0.340909091
35235,American Indian/Alaska Native Foods,"WOCAS,TUBER,CKD,OREGON,YEL POND LILY (KLAMATH)","Wocas, tuber, cooked, Oregon, yellow pond lily (Klamath)",,,Nuphar lutea,34,0.69,0.35,7.06,0.0,2.3,0.0,0.068,0.0,0.0,0.42,5,0.29,0.015,0.015,23,0.004,1.21,3,0.952,13,0.0,0.3,0.0,0.04,0.0,0.0,0.028,0.0125,0.018125,0.011538462,0.0125,0.019166667,4.44444e-06,0.007142857,0.018571429,0.0,0.027272727
35236,American Indian/Alaska Native Foods,"STEW,PINTO BEAN & HOMINY,BADUFSUKI (HOPI)","Stew, pinto bean and hominy, badufsuki (Hopi)",,,,32,1.42,0.54,5.38,0.0,1.5,0.0,0.036,0.0,0.0,0.04,0,0.097,0.0,0.0,7,0.036,0.37,11,0.059,25,2.2,0.18,0.0,0.021176471,0.0,0.0,0.002666667,0.0,0.0060625,0.0,0.0,0.005833333,4e-05,0.026190476,0.035714286,0.04,0.016363636
35237,American Indian/Alaska Native Foods,"TAMALES,MASA & PORK FILLING (HOPI)","Tamales, masa and pork filling (Hopi)",,,,168,13.19,4.7,18.28,1.57,3.3,81.0,0.262,0.22,0.0,1.11,0,2.823,0.07,0.167,18,0.087,0.66,35,0.16,141,32.6,1.27,0.09,0.154117647,0.091666667,0.0,0.074,0.0,0.1764375,0.053846154,0.139166667,0.015,9.66667e-05,0.083333333,0.201428571,0.592727273,0.115454545
35238,American Indian/Alaska Native Foods,"TEA,HERBAL,BREWED,HOHOYSI (HOPI)","Tea, herbal, brewed, Hohoysi (Hopi)",,,,2,0.12,0.2,0.0,0.0,0.0,0.0,0.0,0.0,0.0,0.0,0,0.0,0.0,0.0,5,0.007,0.03,0,0.004,0,0.0,0.05,0.0,0.0,0.0,0.0,0.0,0.0,0.0,0.0,0.0,0.004166667,7.77778e-06,0.0,0.0,0.0,0.004545455
35239,American Indian/Alaska Native Foods,"TORTILLA,BLUE CORN,SAKWAVIKAVIKI (HOPI)","Tortilla, blue corn, Sakwavikaviki (Hopi)",,,,276,7.83,1.4,58.12,2.97,3.4,0.0,0.111,0.0,0.0,0.17,0,3.93,0.17,0.387,174,0.126,2.89,32,0.604,339,8.8,0.68,0.0,0.065294118,0.0,0.0,0.011333333,0.0,0.245625,0.130769231,0.3225,0.145,0.00014,0.076190476,0.484285714,0.16,0.061818182
35240,American Indian/Alaska Native Foods,"BREAD,BLUE CORN,SOMIVIKI (HOPI)","Bread, blue corn, somiviki (Hopi)",,,,186,3.1,1.53,39.84,12.94,3.6,0.0,0.168,0.0,0.0,0.34,0,0.55,0.0,0.03,34,0.119,1.58,43,0.405,94,3.0,0.82,0.0,0.098823529,0.0,0.0,0.022666667,0.0,0.034375,0.0,0.025,0.028333333,0.000132222,0.102380952,0.134285714,0.054545455,0.074545455
36000,Restaurant Foods,"APPLEBEES,9 OZ HOUSE SIRLOIN STEAK","APPLEBEES, 9 oz house sirloin steak","family style, applebees",Applebees,,189,26.85,9.08,0.0,0.0,0.0,7.0,0.575,2.0,0.0,0.37,0,4.903,0.287,0.05,16,0.076,2.07,24,0.014,202,24.7,5.35,0.007777778,0.338235294,0.833333333,0.0,0.024666667,0.0,0.3064375,0.220769231,0.041666667,0.013333333,8.44444e-05,0.057142857,0.288571429,0.449090909,0.486363636
36001,Restaurant Foods,"APPLEBEES,DOUBLE CRUNCH SHRIMP","APPLEBEES, Double Crunch Shrimp","family style, applebees",Applebees,,323,12.31,18.9,25.96,1.07,2.6,2.0,0.055,0.43,0.0,1.97,0,0.9,0.089,0.09,45,0.14,1.03,23,0.281,271,26.6,0.78,0.002222222,0.032352941,0.179166667,0.0,0.131333333,0.0,0.05625,0.068461538,0.075,0.0375,0.000155556,0.054761905,0.387142857,0.483636364,0.070909091
36002,Restaurant Foods,"APPLEBEES,FRENCH FR","APPLEBEES, french fries","family style, applebees",Applebees,,290,3.31,13.17,39.5,0.0,3.9,0.0,0.205,0.0,0.7,0.93,0,2.18,0.058,0.103,19,0.109,1.01,29,0.268,137,0.4,0.49,0.0,0.120588235,0.0,0.007777778,0.062,0.0,0.13625,0.044615385,0.085833333,0.015833333,0.000121111,0.069047619,0.195714286,0.007272727,0.044545455
36003,Restaurant Foods,"APPLEBEES,KRAFT,MACARONI & CHS,FROM KIDS MENU","APPLEBEES, KRAFT, Macaroni & Cheese, from kids menu","family style, applebees",Applebees,,143,5.01,4.34,21.08,3.7,1.3,18.0,0.065,0.24,0.0,0.52,0,0.97,0.283,0.103,79,0.061,0.84,22,0.254,104,23.1,0.57,0.02,0.038235294,0.1,0.0,0.034666667,0.0,0.060625,0.217692308,0.085833333,0.065833333,6.77778e-05,0.052380952,0.148571429,0.42,0.051818182
36004,Restaurant Foods,"APPLEBEES,MOZZARELLA STKS","APPLEBEES, mozzarella sticks","family style, applebees",Applebees,,316,14.87,18.37,22.87,2.8,2.1,113.0,0.067,0.99,0.0,0.71,0,0.66,0.26,0.073,319,0.059,0.43,20,0.239,307,17.6,2.0,0.125555556,0.039411765,0.4125,0.0,0.047333333,0.0,0.04125,0.2,0.060833333,0.265833333,6.55556e-05,0.047619048,0.438571429,0.32,0.181818182
36005,Restaurant Foods,"APPLEBEES,CHICK TENDERS,FROM KIDS MENU","APPLEBEES, chicken tenders, from kids menu","family style, applebees",Applebees,,296,19.25,16.15,18.36,0.39,1.2,10.0,0.484,0.15,0.0,1.28,0,7.89,0.177,0.1,23,0.071,0.9,30,0.26,305,16.9,0.71,0.011111111,0.284705882,0.0625,0.0,0.085333333,0.0,0.493125,0.136153846,0.083333333,0.019166667,7.88889e-05,0.071428571,0.435714286,0.307272727,0.064545455
36006,Restaurant Foods,"T.G.I. FRIDAYS,FRIDAYS SHRIMP,BREADED","T.G.I. FRIDAYS, FRIDAYS Shrimp, breaded","family style, Fridays, TGI Fridays",T.G.I Fridays,,302,11.87,19.02,20.87,0.0,0.0,7.0,0.09,0.23,0.0,2.09,0,0.76,0.091,0.07,33,0.138,0.53,16,0.252,226,0.0,0.73,0.007777778,0.052941176,0.095833333,0.0,0.139333333,0.0,0.0475,0.07,0.058333333,0.0275,0.000153333,0.038095238,0.322857143,0.0,0.066363636
36007,Restaurant Foods,"T.G.I. FRIDAYS,FRENCH FR","T.G.I. FRIDAYS, french fries","family style, Fridays, TGI Fridays",T.G.I Fridays,,296,3.74,14.82,36.9,0.0,4.1,0.0,0.282,0.0,1.1,1.09,0,2.797,0.064,0.107,19,0.115,0.98,31,0.259,121,0.4,0.57,0.0,0.165882353,0.0,0.012222222,0.072666667,0.0,0.1748125,0.049230769,0.089166667,0.015833333,0.000127778,0.073809524,0.172857143,0.007272727,0.051818182
36008,Restaurant Foods,"T.G.I. FRIDAYS, fried mozzarella","T.G.I. FRIDAYS, fried mozzarella","family style, Fridays, TGI Fridays",T.G.I Fridays,,333,15.82,18.76,25.33,1.45,2.2,89.0,0.069,0.94,0.0,0.86,0,0.703,0.267,0.087,351,0.071,0.59,23,0.282,290,22.8,2.24,0.098888889,0.040588235,0.391666667,0.0,0.057333333,0.0,0.0439375,0.205384615,0.0725,0.2925,7.88889e-05,0.054761905,0.414285714,0.414545455,0.203636364
36009,Restaurant Foods,"T.G.I. FRIDAYS,MACARONI & CHS,FROM KIDS MENU","T.G.I. FRIDAYS, macaroni & cheese, from kids menu","family style, Fridays, macaroni, TGI Fridays",T.G.I Fridays,,121,5.03,3.45,17.4,1.65,1.0,25.0,0.034,0.12,0.0,1.2,0,0.617,0.207,0.083,89,0.068,0.53,14,0.135,131,17.3,0.58,0.027777778,0.02,0.05,0.0,0.08,0.0,0.0385625,0.159230769,0.069166667,0.074166667,7.55556e-05,0.033333333,0.187142857,0.314545455,0.052727273
36010,Restaurant Foods,"T.G.I. FRIDAYS,CHICK FINGERS,FROM KIDS MENU","T.G.I. FRIDAYS, chicken fingers, from kids menu","family style, Fridays, TGI Fridays",T.G.I Fridays,,330,18.11,20.78,17.72,0.34,0.9,2.0,0.43,0.09,0.0,1.85,0,7.983,0.183,0.1,27,0.064,0.79,28,0.236,338,28.0,0.62,0.002222222,0.252941176,0.0375,0.0,0.123333333,0.0,0.4989375,0.140769231,0.083333333,0.0225,7.11111e-05,0.066666667,0.482857143,0.509090909,0.056363636
36011,Restaurant Foods,"T.G.I. FRIDAYS, classic sirloin steak (10 oz)","T.G.I. FRIDAYS, classic sirloin steak (10 oz)","family style, Fridays, TGI Fridays",T.G.I Fridays,,196,31.02,7.83,0.47,0.46,0.0,11.0,0.739,2.63,0.0,0.77,0,5.743,0.403,0.091,7,0.112,2.87,28,0.026,240,30.6,5.54,0.012222222,0.434705882,1.095833333,0.0,0.051333333,0.0,0.3589375,0.31,0.075833333,0.005833333,0.000124444,0.066666667,0.342857143,0.556363636,0.503636364
36012,Restaurant Foods,"RESTAURANT,FAMILY STYLE,FRIED MOZZARELLA STKS","Restaurant, family style, fried mozzarella sticks",family style,,,325,14.75,18.33,25.14,2.36,2.0,99.0,0.074,0.96,0.0,0.77,36,0.781,0.261,0.103,334,0.066,0.62,21,0.294,318,18.9,2.07,0.11,0.043529412,0.4,0.0,0.051333333,0.09,0.0488125,0.200769231,0.085833333,0.278333333,7.33333e-05,0.05,0.454285714,0.343636364,0.188181818
36013,Restaurant Foods,"RESTAURANT,FAMILY STYLE,SIRLOIN STEAK","Restaurant, family style, sirloin steak",family style,,,195,29.8,8.48,0.0,0.55,0.0,8.0,0.668,2.54,0.0,0.53,0,5.683,0.347,0.077,10,0.1,2.57,27,0.02,230,29.0,5.44,0.008888889,0.392941176,1.058333333,0.0,0.035333333,0.0,0.3551875,0.266923077,0.064166667,0.008333333,0.000111111,0.064285714,0.328571429,0.527272727,0.494545455
36014,Restaurant Foods,"RESTAURANT,FAMILY STYLE,FRENCH FR","Restaurant, family style, french fries",family style,,,289,3.49,14.04,37.2,0.28,3.9,0.0,0.236,0.0,1.1,1.0,0,2.564,0.057,0.11,17,0.112,0.91,29,0.235,124,0.4,0.51,0.0,0.138823529,0.0,0.012222222,0.066666667,0.0,0.16025,0.043846154,0.091666667,0.014166667,0.000124444,0.069047619,0.177142857,0.007272727,0.046363636
36015,Restaurant Foods,"RESTAURANT,FAMILY STYLE,CHICK FINGERS,FROM KIDS MENU","Restaurant, family style, chicken fingers, from kids menu",family style,,,307,18.68,17.45,18.77,0.33,1.1,5.0,0.453,0.13,0.0,1.47,0,7.628,0.166,0.098,21,0.068,0.76,29,0.254,306,20.0,0.67,0.005555556,0.266470588,0.054166667,0.0,0.098,0.0,0.47675,0.127692308,0.081666667,0.0175,7.55556e-05,0.069047619,0.437142857,0.363636364,0.060909091
36016,Restaurant Foods,"RESTAURANT,FAMILY STYLE,SHRIMP,BREADED & FRIED","Restaurant, family style, shrimp, breaded and fried",family style,,,308,12.67,18.67,22.29,0.91,1.5,3.0,0.074,0.44,0.0,2.14,62,1.249,0.129,0.112,42,0.142,1.16,21,0.297,301,22.6,0.79,0.003333333,0.043529412,0.183333333,0.0,0.142666667,0.155,0.0780625,0.099230769,0.093333333,0.035,0.000157778,0.05,0.43,0.410909091,0.071818182
36017,Restaurant Foods,"RESTAURANT,FAMILY STYLE,MACARONI & CHS,FROM KIDS MENU","Restaurant, family style, macaroni & cheese, from kids menu",family style,,,151,5.42,6.06,18.8,3.09,1.1,31.0,0.057,0.18,0.0,0.75,0,0.783,0.254,0.095,99,0.064,0.68,19,0.194,137,19.4,0.64,0.034444444,0.033529412,0.075,0.0,0.05,0.0,0.0489375,0.195384615,0.079166667,0.0825,7.11111e-05,0.045238095,0.195714286,0.352727273,0.058181818
36018,Restaurant Foods,"APPLEBEES,FISH,HAND BATTERED","APPLEBEES, fish, hand battered","applebees, family style",Applebees,,202,13.23,9.14,16.65,0.51,0.9,3.0,0.201,1.23,0.0,0.88,0,2.29,0.093,0.053,13,0.039,0.35,20,0.097,234,17.8,0.34,0.003333333,0.118235294,0.5125,0.0,0.058666667,0.0,0.143125,0.071538462,0.044166667,0.010833333,4.33333e-05,0.047619048,0.334285714,0.323636364,0.030909091
36019,Restaurant Foods,"APPLEBEES,CHILI","APPLEBEES, chili","family style, applebees",Applebees,,157,12.56,9.79,4.57,2.27,1.4,149.0,0.321,1.26,1.1,1.15,0,3.557,0.207,0.037,34,0.086,1.46,18,0.084,104,13.1,2.23,0.165555556,0.188823529,0.525,0.012222222,0.076666667,0.0,0.2223125,0.159230769,0.030833333,0.028333333,9.55556e-05,0.042857143,0.148571429,0.238181818,0.202727273
36020,Restaurant Foods,"T.G.I. FRIDAYS,CHICK FINGERS","T.G.I. FRIDAYS, chicken fingers",,T.G.I Fridays,,325,18.68,20.31,16.84,0.23,0.8,2.0,0.455,0.12,0.0,1.69,0,8.387,0.18,0.103,26,0.066,0.77,29,0.23,350,28.8,0.65,0.002222222,0.267647059,0.05,0.0,0.112666667,0.0,0.5241875,0.138461538,0.085833333,0.021666667,7.33333e-05,0.069047619,0.5,0.523636364,0.059090909
36021,Restaurant Foods,"APPLEBEES,COLESLAW","APPLEBEES, coleslaw","applebees, family style",Applebees,,120,0.79,7.09,13.17,9.33,2.8,77.0,0.129,0.0,13.7,0.5,0,0.3,0.063,0.03,36,0.017,0.26,10,0.148,23,0.4,0.19,0.085555556,0.075882353,0.0,0.152222222,0.033333333,0.0,0.01875,0.048461538,0.025,0.03,1.88889e-05,0.023809524,0.032857143,0.007272727,0.017272727
36022,Restaurant Foods,"APPLEBEES,CRUNCHY ONION RINGS","APPLEBEES, crunchy onion rings","applebees, family style",Applebees,,356,4.58,19.61,40.17,4.48,3.1,0.0,0.077,0.0,0.0,1.27,0,0.73,0.091,0.107,22,0.087,0.67,17,0.486,90,6.0,0.43,0.0,0.045294118,0.0,0.0,0.084666667,0.0,0.045625,0.07,0.089166667,0.018333333,9.66667e-05,0.04047619,0.128571429,0.109090909,0.039090909
36023,Restaurant Foods,"APPLEBEES,CHICK TENDERS PLATTER","APPLEBEES, chicken tenders platter","family style, applebees",Applebees,,297,19.62,16.24,17.98,0.36,1.0,9.0,0.506,0.14,0.0,1.45,0,7.847,0.183,0.103,23,0.069,0.9,30,0.258,298,16.8,0.71,0.01,0.297647059,0.058333333,0.0,0.096666667,0.0,0.4904375,0.140769231,0.085833333,0.019166667,7.66667e-05,0.071428571,0.425714286,0.305454545,0.064545455
36024,Restaurant Foods,"CRACKER BARREL,CHICK TENDERLOIN PLATTER,FRIED","CRACKER BARREL, chicken tenderloin platter, fried",,Cracker Barrel,,293,18.06,15.48,20.29,0.09,0.7,2.0,0.487,0.11,0.0,1.21,0,6.733,0.133,0.097,12,0.066,0.59,28,0.262,268,16.3,0.66,0.002222222,0.286470588,0.045833333,0.0,0.080666667,0.0,0.4208125,0.102307692,0.080833333,0.01,7.33333e-05,0.066666667,0.382857143,0.296363636,0.06
36025,Restaurant Foods,"CRACKER BARREL,COLESLAW","CRACKER BARREL, coleslaw",,Cracker Barrel,,175,0.89,13.22,13.01,11.07,1.6,43.0,0.125,0.0,14.2,0.97,0,0.28,0.052,0.03,34,0.019,0.29,11,0.144,24,2.2,0.16,0.047777778,0.073529412,0.0,0.157777778,0.064666667,0.0,0.0175,0.04,0.025,0.028333333,2.11111e-05,0.026190476,0.034285714,0.04,0.014545455
36026,Restaurant Foods,"CRACKER BARREL,ONION RINGS,THICK-CUT","CRACKER BARREL, onion rings, thick-cut",,Cracker Barrel,,327,4.78,16.0,40.95,4.82,2.2,4.0,0.084,0.0,0.0,1.31,0,0.86,0.073,0.123,19,0.087,0.73,21,0.531,100,3.6,0.55,0.004444444,0.049411765,0.0,0.0,0.087333333,0.0,0.05375,0.056153846,0.1025,0.015833333,9.66667e-05,0.05,0.142857143,0.065454545,0.05
36027,Restaurant Foods,"DENNYS,CHICK STRIPS","DENNYS, chicken strips",,Dennys,,295,19.17,14.5,22.03,0.29,1.1,14.0,0.467,0.14,0.0,1.22,0,8.073,0.167,0.087,11,0.066,0.72,30,0.228,273,17.0,0.71,0.015555556,0.274705882,0.058333333,0.0,0.081333333,0.0,0.5045625,0.128461538,0.0725,0.009166667,7.33333e-05,0.071428571,0.39,0.309090909,0.064545455
36028,Restaurant Foods,"DENNYS,COLESLAW","DENNYS, coleslaw",,Dennys,,183,0.97,15.03,10.88,8.16,1.3,42.0,0.102,0.0,13.2,0.93,0,0.263,0.059,0.027,32,0.019,0.34,9,0.151,29,2.9,0.2,0.046666667,0.06,0.0,0.146666667,0.062,0.0,0.0164375,0.045384615,0.0225,0.026666667,2.11111e-05,0.021428571,0.041428571,0.052727273,0.018181818
36029,Restaurant Foods,"DENNYS,FISH FILLET,BATTERED OR BREADED,FRIED","DENNYS, fish fillet, battered or breaded, fried",,Dennys,,234,13.75,12.16,17.41,0.4,1.0,2.0,0.26,1.12,0.0,1.0,0,2.66,0.1,0.067,14,0.049,0.41,25,0.161,181,17.2,0.44,0.002222222,0.152941176,0.466666667,0.0,0.066666667,0.0,0.16625,0.076923077,0.055833333,0.011666667,5.44444e-05,0.05952381,0.258571429,0.312727273,0.04
36030,Restaurant Foods,"DENNYS,HASH BROWNS","DENNYS, hash browns",,Dennys,,197,2.49,8.99,26.59,1.38,2.7,0.0,0.203,0.0,0.0,0.55,0,2.17,0.048,0.007,17,0.066,0.56,26,0.168,71,0.0,0.29,0.0,0.119411765,0.0,0.0,0.036666667,0.0,0.135625,0.036923077,0.005833333,0.014166667,7.33333e-05,0.061904762,0.101428571,0.0,0.026363636
36031,Restaurant Foods,"DENNYS,ONION RINGS","DENNYS, onion rings",,Dennys,,385,5.29,22.23,41.05,4.76,2.4,0.0,0.089,0.0,0.0,1.23,0,0.863,0.07,0.12,22,0.088,0.74,20,0.397,92,5.2,0.55,0.0,0.052352941,0.0,0.0,0.082,0.0,0.0539375,0.053846154,0.1,0.018333333,9.77778e-05,0.047619048,0.131428571,0.094545455,0.05
36032,Restaurant Foods,"DENNYS,SPAGHETTI & MEATBALLS","DENNYS, spaghetti and meatballs",,Dennys,,170,7.84,8.52,15.51,2.03,1.5,28.0,0.143,0.39,0.9,0.75,0,2.0,0.167,0.107,45,0.106,1.29,23,0.277,89,18.4,1.04,0.031111111,0.084117647,0.1625,0.01,0.05,0.0,0.125,0.128461538,0.089166667,0.0375,0.000117778,0.054761905,0.127142857,0.334545455,0.094545455
36033,Restaurant Foods,"RESTAURANT,FAMILY STYLE,FISH FILLET,BATTERED OR BREAD,FRIED","Restaurant, family style, fish fillet, battered or breaded, fried",family style,,,219,13.49,10.79,16.89,0.45,0.9,3.0,0.231,1.17,0.0,0.94,17,2.475,0.096,0.06,14,0.044,0.38,23,0.129,207,17.5,0.39,0.003333333,0.135882353,0.4875,0.0,0.062666667,0.0425,0.1546875,0.073846154,0.05,0.011666667,4.88889e-05,0.054761905,0.295714286,0.318181818,0.035454545
36034,Restaurant Foods,"RESTAURANT,FAMILY STYLE,CHICK TENDERS","Restaurant, family style, chicken tenders",family style,,,302,18.88,16.63,19.29,0.24,0.9,7.0,0.479,0.13,0.0,1.39,0,7.76,0.166,0.097,18,0.067,0.74,29,0.245,297,19.7,0.68,0.007777778,0.281764706,0.054166667,0.0,0.092666667,0.0,0.485,0.127692308,0.080833333,0.015,7.44444e-05,0.069047619,0.424285714,0.358181818,0.061818182
36035,Restaurant Foods,"RESTAURANT,FAMILY STYLE,COLESLAW","Restaurant, family style, coleslaw",family style,,,159,0.88,11.78,12.35,9.54,1.9,54.0,0.119,0.0,13.7,0.8,25,0.281,0.058,0.029,34,0.018,0.3,10,0.148,25,1.9,0.18,0.06,0.07,0.0,0.152222222,0.053333333,0.0625,0.0175625,0.044615385,0.024166667,0.028333333,2e-05,0.023809524,0.035714286,0.034545455,0.016363636
36036,Restaurant Foods,"RESTAURANT,FAMILY STYLE,ONION RINGS","Restaurant, family style, onion rings",family style,,,356,4.89,19.28,40.72,4.68,2.6,1.0,0.083,0.0,0.0,1.27,0,0.818,0.078,0.117,21,0.088,0.71,19,0.471,94,5.0,0.51,0.001111111,0.048823529,0.0,0.0,0.084666667,0.0,0.051125,0.06,0.0975,0.0175,9.77778e-05,0.045238095,0.134285714,0.090909091,0.046363636
36037,Restaurant Foods,"RESTAURANT,FAMILY STYLE,CHILI W/ MEAT & BNS","Restaurant, family style, chili with meat and beans",,,,157,12.56,9.79,4.57,2.27,1.4,149.0,0.321,1.26,1.1,1.15,0,3.557,0.207,0.037,34,0.086,1.46,18,0.084,104,13.1,2.23,0.165555556,0.188823529,0.525,0.012222222,0.076666667,0.0,0.2223125,0.159230769,0.030833333,0.028333333,9.55556e-05,0.042857143,0.148571429,0.238181818,0.202727273
36038,Restaurant Foods,"RESTAURANT,FAMILY STYLE,SPAGHETTI & MEATBALLS","Restaurant, family style, spaghetti and meatballs",,,,170,7.84,8.52,15.51,2.03,1.5,28.0,0.143,0.39,0.9,0.75,0,2.0,0.167,0.107,45,0.106,1.29,23,0.277,89,18.4,1.04,0.031111111,0.084117647,0.1625,0.01,0.05,0.0,0.125,0.128461538,0.089166667,0.0375,0.000117778,0.054761905,0.127142857,0.334545455,0.094545455
36039,Restaurant Foods,"RESTAURANT,FAMILY STYLE,HASH BROWNS","Restaurant, family style, hash browns",,,,197,2.49,8.99,26.59,1.38,2.7,0.0,0.203,0.0,0.0,0.55,0,2.17,0.048,0.007,17,0.066,0.56,26,0.168,71,0.0,0.29,0.0,0.119411765,0.0,0.0,0.036666667,0.0,0.135625,0.036923077,0.005833333,0.014166667,7.33333e-05,0.061904762,0.101428571,0.0,0.026363636
36040,Restaurant Foods,"CRACKER BARREL,MACARONI N CHS","CRACKER BARREL, macaroni n cheese","macaroni and cheese, family style",Cracker Barrel,,194,6.49,11.75,15.61,2.83,1.1,61.0,0.06,0.19,0.0,0.73,0,0.71,0.247,0.097,145,0.061,0.57,17,0.13,202,16.9,0.83,0.067777778,0.035294118,0.079166667,0.0,0.048666667,0.0,0.044375,0.19,0.080833333,0.120833333,6.77778e-05,0.04047619,0.288571429,0.307272727,0.075454545
36041,Restaurant Foods,"RESTAURANT,ITALIAN,LASAGNA W/ MEAT","Restaurant, Italian, lasagna with meat",,,,185,10.83,10.69,11.36,3.15,1.5,81.0,0.0,0.66,0.7,0.91,0,1.843,0.237,0.14,197,0.07,0.79,22,0.139,178,18.0,1.32,0.09,0.0,0.275,0.007777778,0.060666667,0.0,0.1151875,0.182307692,0.116666667,0.164166667,7.77778e-05,0.052380952,0.254285714,0.327272727,0.12
36042,Restaurant Foods,"OLIVE GARDEN,LASAGNA CLASSICO","OLIVE GARDEN, lasagna classico",,Darden Group,,184,11.28,10.84,10.33,3.53,1.6,60.0,0.0,0.55,0.7,0.86,0,1.93,0.273,0.16,211,0.061,0.75,22,0.113,183,15.2,1.31,0.066666667,0.0,0.229166667,0.007777778,0.057333333,0.0,0.120625,0.21,0.133333333,0.175833333,6.77778e-05,0.052380952,0.261428571,0.276363636,0.119090909
36043,Restaurant Foods,"CARRABBAS ITALIAN GRILL,LASAGNE","CARRABBAS ITALIAN GRILL, lasagne",lasagna,Carrabbas Italian Grill,,191,10.48,11.06,12.36,2.77,1.3,102.0,0.0,0.77,0.8,0.97,0,1.757,0.2,0.12,185,0.073,0.74,24,0.155,176,20.9,1.35,0.113333333,0.0,0.320833333,0.008888889,0.064666667,0.0,0.1098125,0.153846154,0.1,0.154166667,8.11111e-05,0.057142857,0.251428571,0.38,0.122727273
36044,Restaurant Foods,"ON THE BORDER,MEXICAN RICE","ON THE BORDER, Mexican rice",,,,195,3.56,4.86,34.15,1.38,1.1,3.0,0.0,0.09,0.3,0.59,0,2.75,0.086,0.28,39,0.073,1.18,15,0.35,74,7.3,0.38,0.003333333,0.0,0.0375,0.003333333,0.039333333,0.0,0.171875,0.066153846,0.233333333,0.0325,8.11111e-05,0.035714286,0.105714286,0.132727273,0.034545455
36045,Restaurant Foods,"ON THE BORDER,REFRIED BNS","ON THE BORDER, refried beans",,,,144,7.3,5.0,17.52,0.84,8.2,0.0,0.0,0.1,0.0,0.1,0,0.52,0.105,0.145,57,0.204,1.67,47,0.4,137,8.8,0.98,0.0,0.0,0.041666667,0.0,0.006666667,0.0,0.0325,0.080769231,0.120833333,0.0475,0.000226667,0.111904762,0.195714286,0.16,0.089090909
36046,Restaurant Foods,"RESTAURANT,ITALIAN,SPAGHETTI W/ POMODORO SAU (NO MEAT)","Restaurant, Italian, spaghetti with pomodoro sauce (no meat)",,,,104,3.9,1.89,17.77,1.82,1.7,10.0,0.084,0.0,1.1,0.81,0,1.162,0.123,0.072,15,0.074,0.9,16,0.215,44,10.1,0.35,0.011111111,0.049411765,0.0,0.012222222,0.054,0.0,0.072625,0.094615385,0.06,0.0125,8.22222e-05,0.038095238,0.062857143,0.183636364,0.031818182
36047,Restaurant Foods,"OLIVE GARDEN,SPAGHETTI W/ POMODORO SAU","OLIVE GARDEN, spaghetti with pomodoro sauce",,Darden Group,,102,4.26,1.85,17.14,1.77,1.7,11.0,0.082,0.0,1.2,0.79,0,1.14,0.117,0.067,11,0.067,0.98,16,0.213,44,13.3,0.34,0.012222222,0.048235294,0.0,0.013333333,0.052666667,0.0,0.07125,0.09,0.055833333,0.009166667,7.44444e-05,0.038095238,0.062857143,0.241818182,0.030909091
36048,Restaurant Foods,"CARRABBAS ITALIAN GRILL,SPAGHETTI W/ POMODORO SAU","CARRABBAS ITALIAN GRILL, spaghetti with pomodoro sauce",,Carrabbas Italian Grill,,104,3.42,1.75,18.63,1.87,1.7,9.0,0.086,0.0,1.0,0.84,0,1.183,0.13,0.077,17,0.071,0.74,14,0.206,43,6.9,0.33,0.01,0.050588235,0.0,0.011111111,0.056,0.0,0.0739375,0.1,0.064166667,0.014166667,7.88889e-05,0.033333333,0.061428571,0.125454545,0.03
36049,Restaurant Foods,"ON THE BORDER,CHS ENCHILADA","ON THE BORDER, cheese enchilada",,,,271,11.67,17.74,16.2,2.89,1.8,10.0,0.125,0.72,0.0,0.89,0,0.78,0.22,0.065,293,0.068,0.71,30,0.129,288,16.0,1.88,0.011111111,0.073529412,0.3,0.0,0.059333333,0.0,0.04875,0.169230769,0.054166667,0.244166667,7.55556e-05,0.071428571,0.411428571,0.290909091,0.170909091
36050,Restaurant Foods,"RESTAURANT,MEXICAN,CHS ENCHILADA","Restaurant, Mexican, cheese enchilada",,,,273,11.24,18.47,15.45,2.6,1.9,205.0,0.122,0.86,0.0,1.28,0,0.627,0.223,0.063,314,0.055,0.66,29,0.118,268,15.8,1.83,0.227777778,0.071764706,0.358333333,0.0,0.085333333,0.0,0.0391875,0.171538462,0.0525,0.261666667,6.11111e-05,0.069047619,0.382857143,0.287272727,0.166363636
36051,Restaurant Foods,"ON THE BORDER,CHS QUESADILLA","ON THE BORDER, cheese quesadilla",,,,394,16.87,25.5,24.25,2.04,2.2,0.0,0.06,0.82,0.0,0.68,0,1.985,0.34,0.23,432,0.061,1.52,24,0.246,373,23.6,2.32,0.0,0.035294118,0.341666667,0.0,0.045333333,0.0,0.1240625,0.261538462,0.191666667,0.36,6.77778e-05,0.057142857,0.532857143,0.429090909,0.210909091
36052,Restaurant Foods,"RESTAURANT,MEXICAN,CHS QUESADILLA","Restaurant, Mexican, cheese quesadilla",,,,368,15.93,23.08,24.11,2.21,1.7,155.0,0.075,0.99,0.0,0.61,0,1.973,0.323,0.223,430,0.069,1.52,24,0.279,347,23.3,2.16,0.172222222,0.044117647,0.4125,0.0,0.040666667,0.0,0.1233125,0.248461538,0.185833333,0.358333333,7.66667e-05,0.057142857,0.495714286,0.423636364,0.196363636
36053,Restaurant Foods,"CARRABBAS ITALIAN GRILL,CHS RAVIOLI W/ MARINARA SAU","CARRABBAS ITALIAN GRILL, cheese ravioli with marinara sauce",,Carrabbas Italian Grill,,156,7.96,6.0,17.62,4.15,1.4,58.0,0.09,0.4,0.0,0.49,0,0.903,0.17,0.053,135,0.09,0.52,21,0.183,126,22.0,0.81,0.064444444,0.052941176,0.166666667,0.0,0.032666667,0.0,0.0564375,0.130769231,0.044166667,0.1125,0.0001,0.05,0.18,0.4,0.073636364
36054,Restaurant Foods,"OLIVE GARDEN,CHS RAVIOLI W/ MARINARA SAU","OLIVE GARDEN, cheese ravioli with marinara sauce",,Darden Group,,159,7.44,5.61,19.64,4.85,1.1,48.0,0.09,0.32,0.0,0.45,0,1.753,0.237,0.15,121,0.076,0.96,23,0.18,129,18.8,0.75,0.053333333,0.052941176,0.133333333,0.0,0.03,0.0,0.1095625,0.182307692,0.125,0.100833333,8.44444e-05,0.054761905,0.184285714,0.341818182,0.068181818
36055,Restaurant Foods,"RESTAURANT,ITALIAN,CHS RAVIOLI W/ MARINARA SAU","Restaurant, Italian, cheese ravioli with marinara sauce",,,,154,7.07,5.7,18.5,4.5,1.2,53.0,0.09,0.36,0.0,0.47,0,1.328,0.203,0.102,120,0.086,0.82,22,0.187,121,20.4,0.74,0.058888889,0.052941176,0.15,0.0,0.031333333,0.0,0.083,0.156153846,0.085,0.1,9.55556e-05,0.052380952,0.172857143,0.370909091,0.067272727
36056,Restaurant Foods,"RESTAURANT,MEXICAN,CHS TAMALES","Restaurant, Mexican, cheese tamales",,,,216,8.99,11.99,17.97,1.23,2.2,124.0,0.136,0.29,0.0,1.74,0,1.928,0.132,0.068,111,0.06,0.87,30,0.156,161,12.1,1.31,0.137777778,0.08,0.120833333,0.0,0.116,0.0,0.1205,0.101538462,0.056666667,0.0925,6.66667e-05,0.071428571,0.23,0.22,0.119090909
36057,Restaurant Foods,"CARRABBAS ITALIAN GRILL,CHICK PARMESAN WO/ CAVATAPPI PASTA","CARRABBAS ITALIAN GRILL, chicken parmesan without cavatappi pasta",,Carrabbas Italian Grill,,206,19.0,10.95,7.8,2.89,0.9,53.0,0.227,0.46,0.0,1.89,0,6.447,0.223,0.103,142,0.079,0.78,30,0.169,235,25.3,1.16,0.058888889,0.133529412,0.191666667,0.0,0.126,0.0,0.4029375,0.171538462,0.085833333,0.118333333,8.77778e-05,0.071428571,0.335714286,0.46,0.105454545
36058,Restaurant Foods,"OLIVE GARDEN,CHICK PARMIGIANA WO/ PASTA","OLIVE GARDEN, chicken parmigiana without pasta",,Darden Group,,211,15.33,11.23,12.28,2.68,0.9,37.0,0.183,0.34,0.0,1.59,0,5.58,0.163,0.057,95,0.062,0.58,25,0.129,236,24.0,0.86,0.041111111,0.107647059,0.141666667,0.0,0.106,0.0,0.34875,0.125384615,0.0475,0.079166667,6.88889e-05,0.05952381,0.337142857,0.436363636,0.078181818
36059,Restaurant Foods,"RESTAURANT,ITALIAN,CHICK PARMESAN WO/ PASTA","Restaurant, Italian, chicken parmesan without pasta",,,,204,16.17,10.64,10.92,2.79,0.9,45.0,0.205,0.4,0.0,1.74,0,6.013,0.193,0.08,106,0.071,0.68,26,0.149,227,24.7,0.95,0.05,0.120588235,0.166666667,0.0,0.116,0.0,0.3758125,0.148461538,0.066666667,0.088333333,7.88889e-05,0.061904762,0.324285714,0.449090909,0.086363636
36060,Restaurant Foods,"ON THE BORDER,SOFT TACO W/ GROUND BF,CHS & LETTUCE","ON THE BORDER, soft taco with ground beef, cheese and lettuce",,,,229,13.19,11.05,19.28,1.84,1.8,4.0,0.125,1.15,0.0,0.44,0,2.785,0.22,0.16,123,0.13,1.94,30,0.377,188,23.0,1.97,0.004444444,0.073529412,0.479166667,0.0,0.029333333,0.0,0.1740625,0.169230769,0.133333333,0.1025,0.000144444,0.071428571,0.268571429,0.418181818,0.179090909
36061,Restaurant Foods,"RESTAURANT,MEXICAN,SOFT TACO W/ GROUND BF,CHS & LETTUCE","Restaurant, Mexican, soft taco with ground beef, cheese and lettuce",,,,219,12.56,10.81,17.92,2.39,1.5,49.0,0.136,1.22,0.0,0.82,0,2.63,0.248,0.162,116,0.099,1.85,27,0.269,172,19.3,2.15,0.054444444,0.08,0.508333333,0.0,0.054666667,0.0,0.164375,0.190769231,0.135,0.096666667,0.00011,0.064285714,0.245714286,0.350909091,0.195454545
36401,Restaurant Foods,"RESTAURANT,LATINO,CHICK & RICE,ENTREE,PREP","Restaurant, Latino, chicken and rice, entree, prepared",,,,174,12.02,5.06,20.03,0.55,1.2,0.0,0.176,0.16,0.0,0.5,0,5.558,0.056,0.104,18,0.076,0.95,18,0.304,122,14.5,0.78,0.0,0.103529412,0.066666667,0.0,0.033333333,0.0,0.347375,0.043076923,0.086666667,0.015,8.44444e-05,0.042857143,0.174285714,0.263636364,0.070909091
36403,Restaurant Foods,"RESTAURANT,LATINO,EMPANADAS,BF,PREP","Restaurant, Latino, empanadas, beef, prepared",,,,335,11.31,18.37,31.19,1.84,2.0,18.0,0.148,0.76,0.7,0.73,69,4.663,0.19,0.277,20,0.097,2.7,21,0.267,103,24.8,1.86,0.02,0.087058824,0.316666667,0.007777778,0.048666667,0.1725,0.2914375,0.146153846,0.230833333,0.016666667,0.000107778,0.05,0.147142857,0.450909091,0.169090909
36404,Restaurant Foods,"RESTAURANT,LATINO,ARROZ CON LECHE (RICE PUDDING)","Restaurant, Latino, arroz con leche (rice pudding)",,,,146,3.2,3.69,24.92,15.26,0.5,0.0,0.025,0.08,0.0,0.21,0,0.31,0.097,0.025,90,0.031,0.23,11,0.129,83,3.7,0.5,0.0,0.014705882,0.033333333,0.0,0.014,0.0,0.019375,0.074615385,0.020833333,0.075,3.44444e-05,0.026190476,0.118571429,0.067272727,0.045454545
36405,Restaurant Foods,"RESTAURANT,LATINO,ARROZ CON FRIJOLES NEGROS (RICE&BLACK BNS)","Restaurant, Latino, Arroz con frijoles negros (rice and black beans)",,,,151,4.64,3.85,24.4,0.86,3.4,0.0,0.062,0.0,0.0,0.47,0,1.017,0.021,0.122,37,0.161,1.57,26,0.443,87,4.8,0.74,0.0,0.036470588,0.0,0.0,0.031333333,0.0,0.0635625,0.016153846,0.101666667,0.030833333,0.000178889,0.061904762,0.124285714,0.087272727,0.067272727
36406,Restaurant Foods,"REST,LATINO,ARROZ CON ABICHUELAS COLORADOS (RICE&RED BNS)","Restaurant, Latino, Arroz con habichuelas colorados (Rice And Red Beans)",,,,142,3.96,3.46,23.74,0.15,2.6,0.0,0.047,0.0,0.0,0.23,0,0.813,0.015,0.043,15,0.139,1.22,21,0.419,75,5.6,0.71,0.0,0.027647059,0.0,0.0,0.015333333,0.0,0.0508125,0.011538462,0.035833333,0.0125,0.000154444,0.05,0.107142857,0.101818182,0.064545455
36407,Restaurant Foods,"RESTAURANT,LATINO,ARROZ CON GRANDULES (RICE & PIGEONPEAS)","Restaurant, Latino, Arroz con grandules (rice and pigeonpeas)",,,,182,3.5,4.98,30.75,0.0,1.4,0.0,0.04,0.0,0.0,0.68,0,0.53,0.015,0.03,8,0.126,0.29,14,0.587,54,0.0,0.74,0.0,0.023529412,0.0,0.0,0.045333333,0.0,0.033125,0.011538462,0.025,0.006666667,0.00014,0.033333333,0.077142857,0.0,0.067272727
36408,Restaurant Foods,"RESTAURANT,LATINO,PUPUSAS CON FRIJOLES (PUPUSAS,BEAN)","Restaurant, Latino, pupusas con frijoles (pupusas, bean)",,,,229,5.59,9.01,31.49,1.3,5.8,0.0,0.172,0.0,0.0,0.36,0,0.867,0.03,0.077,51,0.141,1.46,54,0.344,144,7.0,0.94,0.0,0.101176471,0.0,0.0,0.024,0.0,0.0541875,0.023076923,0.064166667,0.0425,0.000156667,0.128571429,0.205714286,0.127272727,0.085454545
36409,Restaurant Foods,"RESTAURANT,LATINO,PUPUSAS CON QUESO (PUPUSAS,CHEESE)","Restaurant, Latino, pupusas con queso (pupusas, cheese)",,,,256,11.72,13.25,22.39,1.2,2.9,89.0,0.149,0.45,0.0,0.44,3,0.483,0.127,0.042,325,0.037,0.56,36,0.125,271,15.0,1.87,0.098888889,0.087647059,0.1875,0.0,0.029333333,0.0075,0.0301875,0.097692308,0.035,0.270833333,4.11111e-05,0.085714286,0.387142857,0.272727273,0.17
36410,Restaurant Foods,"RESTAURANT,LATINO,PUPUSAS DEL CERDO (PUPUSAS,PORK)","Restaurant, Latino, pupusas del cerdo (pupusas, pork)",,,,232,11.51,10.43,23.02,1.45,2.6,10.0,0.23,0.28,0.1,0.35,4,2.373,0.087,0.083,49,0.065,1.01,38,0.159,162,17.8,1.62,0.011111111,0.135294118,0.116666667,0.001111111,0.023333333,0.01,0.1483125,0.066923077,0.069166667,0.040833333,7.22222e-05,0.09047619,0.231428571,0.323636364,0.147272727
36411,Restaurant Foods,"RESTAURANT,LATINO,TAMALE,CORN","Restaurant, Latino, tamale, corn",,,,186,3.48,7.21,26.68,7.42,3.2,2.0,0.176,0.0,0.2,0.45,1,1.317,0.053,0.043,24,0.028,0.53,29,0.214,93,2.5,0.62,0.002222222,0.103529412,0.0,0.002222222,0.03,0.0025,0.0823125,0.040769231,0.035833333,0.02,3.11111e-05,0.069047619,0.132857143,0.045454545,0.056363636
36412,Restaurant Foods,"RESTAURANT,LATINO,TAMALE,PORK","Restaurant, Latino, tamale, pork",,,,174,7.35,9.04,15.75,0.46,2.4,12.0,0.132,0.11,16.4,0.53,60,1.295,0.05,0.04,75,0.05,0.87,26,0.186,120,9.8,1.2,0.013333333,0.077647059,0.045833333,0.182222222,0.035333333,0.15,0.0809375,0.038461538,0.033333333,0.0625,5.55556e-05,0.061904762,0.171428571,0.178181818,0.109090909
36413,Restaurant Foods,"RESTAURANT,LATINO,BLACK BEAN SOUP","Restaurant, Latino, black bean soup",,,,103,5.1,2.57,14.79,0.89,4.9,1.0,0.096,0.0,0.0,0.07,0,0.675,0.025,0.06,42,0.161,1.76,41,0.326,109,9.1,0.67,0.001111111,0.056470588,0.0,0.0,0.004666667,0.0,0.0421875,0.019230769,0.05,0.035,0.000178889,0.097619048,0.155714286,0.165454545,0.060909091
36414,Restaurant Foods,"RESTAURANT,LATINO,TRIPE SOUP","Restaurant, Latino, tripe soup",,,,74,8.61,2.58,4.07,0.0,0.0,0.0,0.038,0.45,0.0,0.38,0,0.523,0.02,0.015,22,0.022,0.68,10,0.064,42,5.6,1.06,0.0,0.022352941,0.1875,0.0,0.025333333,0.0,0.0326875,0.015384615,0.0125,0.018333333,2.44444e-05,0.023809524,0.06,0.101818182,0.096363636
36415,Restaurant Foods,"RESTAURANT,LATINO,AREPA (UNLEAVENED CORNMEAL BREAD)","Restaurant, Latino, arepa (unleavened cornmeal bread)",,,,219,5.48,5.38,37.14,0.87,2.6,61.0,0.107,0.0,0.0,0.29,0,0.888,0.042,0.07,89,0.03,1.04,27,0.116,117,6.1,0.8,0.067777778,0.062941176,0.0,0.0,0.019333333,0.0,0.0555,0.032307692,0.058333333,0.074166667,3.33333e-05,0.064285714,0.167142857,0.110909091,0.072727273
36416,Restaurant Foods,"RESTAURANT,LATINO,BUNUELOS (FRIED YEAST BREAD)","Restaurant, Latino, bunuelos (fried yeast bread)",,,,462,8.02,26.24,48.57,12.24,1.5,0.0,0.063,0.0,0.0,0.98,0,1.967,0.143,0.113,215,0.041,1.78,19,0.391,157,10.7,0.91,0.0,0.037058824,0.0,0.0,0.065333333,0.0,0.1229375,0.11,0.094166667,0.179166667,4.55556e-05,0.045238095,0.224285714,0.194545455,0.082727273
36417,Restaurant Foods,"RESTAURANT,MEXICAN,SPANISH RICE","Restaurant, Mexican, spanish rice",,,,185,3.28,5.29,31.16,1.3,1.2,6.0,0.0,0.08,0.1,0.6,0,2.378,0.074,0.183,20,0.065,1.15,13,0.39,57,7.4,0.48,0.006666667,0.0,0.033333333,0.001111111,0.04,0.0,0.148625,0.056923077,0.1525,0.016666667,7.22222e-05,0.030952381,0.081428571,0.134545455,0.043636364
36418,Restaurant Foods,"RESTAURANT,MEXICAN,REFRIED BNS","Restaurant, Mexican, refried beans",,,,156,6.91,6.77,16.79,0.78,8.0,11.0,0.0,0.08,0.0,0.45,0,0.488,0.111,0.135,57,0.168,1.62,44,0.367,128,8.4,0.88,0.012222222,0.0,0.033333333,0.0,0.03,0.0,0.0305,0.085384615,0.1125,0.0475,0.000186667,0.104761905,0.182857143,0.152727273,0.08
36601,Restaurant Foods,"RESTAURANT,CHINESE,EGG ROLLS,ASSORTED","Restaurant, Chinese, egg rolls, assorted",,,,250,8.28,11.94,27.29,0.0,2.6,0.0,0.167,0.44,0.0,0.0,0,2.725,0.077,0.165,40,0.148,1.41,18,0.245,85,0.0,0.62,0.0,0.098235294,0.183333333,0.0,0.0,0.0,0.1703125,0.059230769,0.1375,0.033333333,0.000164444,0.042857143,0.121428571,0.0,0.056363636
36602,Restaurant Foods,"RESTAURANT,CHINESE,FRIED RICE,WO/ MEAT","Restaurant, Chinese, fried rice, without meat",,,,174,4.05,2.96,32.79,0.56,1.1,22.0,0.032,0.0,3.8,0.13,6,0.637,0.026,0.015,12,0.095,0.66,10,0.433,51,8.3,0.72,0.024444444,0.018823529,0.0,0.042222222,0.008666667,0.015,0.0398125,0.02,0.0125,0.01,0.000105556,0.023809524,0.072857143,0.150909091,0.065454545
36603,Restaurant Foods,"RESTAURANT,CHINESE,BF & VEG","Restaurant, Chinese, beef and vegetables",,,,105,7.08,5.3,7.29,2.41,1.5,63.0,0.161,0.48,11.6,0.82,45,1.32,0.055,0.033,22,0.049,1.11,15,0.147,76,6.7,1.5,0.07,0.094705882,0.2,0.128888889,0.054666667,0.1125,0.0825,0.042307692,0.0275,0.018333333,5.44444e-05,0.035714286,0.108571429,0.121818182,0.136363636
36604,Restaurant Foods,"CRACKER BARREL,CHICK TENDERLOIN PLATTER,FRIED,FRM KIDS MENU","CRACKER BARREL, chicken tenderloin platter, fried, from kids menu",family style,Cracker Barrel,,294,18.67,15.41,20.24,0.19,1.0,2.0,0.444,0.13,0.0,1.27,0,7.01,0.137,0.093,12,0.069,0.58,29,0.266,275,15.2,0.67,0.002222222,0.261176471,0.054166667,0.0,0.084666667,0.0,0.438125,0.105384615,0.0775,0.01,7.66667e-05,0.069047619,0.392857143,0.276363636,0.060909091
36605,Restaurant Foods,"CRACKER BARREL,COUNTRY FRIED SHRIMP PLATTER","CRACKER BARREL, country fried shrimp platter",family style,Cracker Barrel,,287,12.62,16.77,21.4,0.0,0.3,1.0,0.066,0.69,0.0,1.88,0,0.87,0.085,0.11,43,0.107,1.53,19,0.408,210,0.0,0.8,0.001111111,0.038823529,0.2875,0.0,0.125333333,0.0,0.054375,0.065384615,0.091666667,0.035833333,0.000118889,0.045238095,0.3,0.0,0.072727273
36606,Restaurant Foods,"CRACKER BARREL,FARM RAISED CATFISH PLATTER","CRACKER BARREL, farm raised catfish platter",family style,Cracker Barrel,,266,22.94,17.05,5.31,0.0,1.6,0.0,0.182,3.1,0.0,0.0,0,3.06,0.09,0.112,43,0.048,0.71,34,0.075,470,0.0,0.94,0.0,0.107058824,1.291666667,0.0,0.0,0.0,0.19125,0.069230769,0.093333333,0.035833333,5.33333e-05,0.080952381,0.671428571,0.0,0.085454545
36607,Restaurant Foods,"CRACKER BARREL,STEAK FRIES","CRACKER BARREL, steak fries","french, family style",Cracker Barrel,,255,3.26,13.18,30.87,0.86,3.5,0.0,0.236,0.0,0.9,1.34,0,2.417,0.056,0.117,19,0.123,0.69,32,0.182,117,0.0,0.42,0.0,0.138823529,0.0,0.01,0.089333333,0.0,0.1510625,0.043076923,0.0975,0.015833333,0.000136667,0.076190476,0.167142857,0.0,0.038181818
36608,Restaurant Foods,"CRACKER BARREL,GRILLED SIRLOIN STEAK","CRACKER BARREL, grilled sirloin steak",family style,Cracker Barrel,,203,31.52,8.52,0.0,0.0,0.0,7.0,0.691,3.0,0.0,0.46,0,6.403,0.35,0.089,7,0.112,2.75,28,0.02,249,31.8,5.42,0.007777778,0.406470588,1.25,0.0,0.030666667,0.0,0.4001875,0.269230769,0.074166667,0.005833333,0.000124444,0.066666667,0.355714286,0.578181818,0.492727273
36609,Restaurant Foods,"CRACKER BARREL,MACARONI N CHS PLATE,FROM KIDS MENU","CRACKER BARREL, macaroni n cheese plate, from kids menu",family style,Cracker Barrel,,192,6.46,11.51,15.58,2.83,0.7,67.0,0.054,0.15,0.0,0.75,0,0.677,0.243,0.093,146,0.06,0.55,17,0.127,202,16.2,0.83,0.074444444,0.031764706,0.0625,0.0,0.05,0.0,0.0423125,0.186923077,0.0775,0.121666667,6.66667e-05,0.04047619,0.288571429,0.294545455,0.075454545
36610,Restaurant Foods,"DENNYS,FRENCH FR","DENNYS, french fries",family style,Dennys,,282,3.41,14.13,35.2,0.85,3.5,0.0,0.22,0.0,1.6,0.98,0,2.717,0.048,0.12,14,0.111,0.72,27,0.179,115,0.4,0.46,0.0,0.129411765,0.0,0.017777778,0.065333333,0.0,0.1698125,0.036923077,0.1,0.011666667,0.000123333,0.064285714,0.164285714,0.007272727,0.041818182
36611,Restaurant Foods,"DENNYS,MOZZARELLA CHS STKS","DENNYS, mozzarella cheese sticks",family style,Dennys,,324,13.56,17.87,27.22,2.83,1.6,96.0,0.084,0.95,0.0,0.74,0,0.98,0.257,0.15,331,0.067,0.84,21,0.363,358,16.2,1.98,0.106666667,0.049411765,0.395833333,0.0,0.049333333,0.0,0.06125,0.197692308,0.125,0.275833333,7.44444e-05,0.05,0.511428571,0.294545455,0.18
36612,Restaurant Foods,"DENNYS,GOLDEN FRIED SHRIMP","DENNYS, golden fried shrimp",family style,Dennys,,319,13.88,20.01,20.93,0.75,1.5,2.0,0.085,0.4,0.0,2.61,0,2.467,0.25,0.18,47,0.183,1.54,26,0.247,498,18.5,0.85,0.002222222,0.05,0.166666667,0.0,0.174,0.0,0.1541875,0.192307692,0.15,0.039166667,0.000203333,0.061904762,0.711428571,0.336363636,0.077272727
36613,Restaurant Foods,"DENNYS,MACARONI & CHS,FROM KIDS MENU","DENNYS, macaroni & cheese, from kids menu",family style,Dennys,,150,5.19,4.92,21.16,4.2,1.2,15.0,0.077,0.19,0.0,0.53,0,0.87,0.283,0.1,83,0.066,0.79,23,0.26,113,20.8,0.58,0.016666667,0.045294118,0.079166667,0.0,0.035333333,0.0,0.054375,0.217692308,0.083333333,0.069166667,7.33333e-05,0.054761905,0.161428571,0.378181818,0.052727273
36614,Restaurant Foods,"DENNYS,CHICK NUGGETS,STAR SHAPED,FROM KIDS MENU","DENNYS, chicken nuggets, star shaped, from kids menu",family style,Dennys,,377,16.27,28.57,13.59,0.0,0.8,17.0,0.382,0.16,0.0,1.91,0,6.353,0.193,0.137,16,0.059,1.34,22,0.212,254,17.3,0.73,0.018888889,0.224705882,0.066666667,0.0,0.127333333,0.0,0.3970625,0.148461538,0.114166667,0.013333333,6.55556e-05,0.052380952,0.362857143,0.314545455,0.066363636
36615,Restaurant Foods,"DENNYS,TOP SIRLOIN STEAK","DENNYS, top sirloin steak",family style,Dennys,,182,28.9,7.34,0.14,0.0,0.0,0.0,0.613,2.7,0.0,0.0,0,5.31,0.22,0.05,6,0.118,3.27,24,0.017,264,0.0,5.26,0.0,0.360588235,1.125,0.0,0.0,0.0,0.331875,0.169230769,0.041666667,0.005,0.000131111,0.057142857,0.377142857,0.0,0.478181818
36617,Restaurant Foods,"RESTAURANT,CHINESE,LEMON CHICK","Restaurant, Chinese, lemon chicken",,,,252,11.87,13.55,20.61,8.18,1.0,3.0,0.25,0.11,2.3,1.28,9,3.776,0.07,0.053,40,0.04,1.22,16,0.089,136,13.0,0.51,0.003333333,0.147058824,0.045833333,0.025555556,0.085333333,0.0225,0.236,0.053846154,0.044166667,0.033333333,4.44444e-05,0.038095238,0.194285714,0.236363636,0.046363636
36618,Restaurant Foods,"RESTAURANT,CHINESE,GENERAL TSOS CHICK","Restaurant, Chinese, general tsos chicken",,,,295,12.9,16.36,23.99,11.6,0.9,11.0,0.202,0.22,1.6,1.21,15,2.853,0.118,0.027,12,0.046,1.16,18,0.075,127,14.4,1.3,0.012222222,0.118823529,0.091666667,0.017777778,0.080666667,0.0375,0.1783125,0.090769231,0.0225,0.01,5.11111e-05,0.042857143,0.181428571,0.261818182,0.118181818
36619,Restaurant Foods,"RESTAURANT,CHINESE,KUNG PAO CHICK","Restaurant, Chinese, kung pao chicken",,,,129,9.76,6.98,6.87,3.03,1.5,65.0,0.243,0.11,7.1,1.02,16,2.757,0.055,0.032,20,0.073,0.76,24,0.256,94,8.1,0.74,0.072222222,0.142941176,0.045833333,0.078888889,0.068,0.04,0.1723125,0.042307692,0.026666667,0.016666667,8.11111e-05,0.057142857,0.134285714,0.147272727,0.067272727
36620,Restaurant Foods,"RESTAURANT,CHINESE,SHRIMP & VEG","Restaurant, Chinese, shrimp and vegetables",,,,78,5.9,4.05,4.52,2.16,1.4,66.0,0.125,0.21,11.3,0.99,0,0.935,0.033,0.03,36,0.084,0.72,16,0.158,74,5.6,0.49,0.073333333,0.073529412,0.0875,0.125555556,0.066,0.0,0.0584375,0.025384615,0.025,0.03,9.33333e-05,0.038095238,0.105714286,0.101818182,0.044545455
36621,Restaurant Foods,"RESTAURANT,CHINESE,SWT & SOUR CHICK","Restaurant, Chinese, sweet and sour chicken",,,,250,10.1,12.65,23.86,11.47,1.0,18.0,0.257,0.09,2.4,0.82,15,3.657,0.043,0.053,45,0.039,2.12,15,0.152,135,11.5,0.42,0.02,0.151176471,0.0375,0.026666667,0.054666667,0.0375,0.2285625,0.033076923,0.044166667,0.0375,4.33333e-05,0.035714286,0.192857143,0.209090909,0.038181818
36622,Restaurant Foods,"RESTAURANT,CHINESE,SWT & SOUR PORK","Restaurant, Chinese, sweet and sour pork",,,,270,8.91,15.66,23.34,10.34,1.0,29.0,0.17,0.19,2.3,0.89,0,2.112,0.103,0.235,46,0.06,3.07,13,0.173,133,9.7,1.07,0.032222222,0.1,0.079166667,0.025555556,0.059333333,0.0,0.132,0.079230769,0.195833333,0.038333333,6.66667e-05,0.030952381,0.19,0.176363636,0.097272727
36623,Restaurant Foods,"RESTAURANT,CHINESE,CHICK CHOW MEIN","Restaurant, Chinese, chicken chow mein",,,,85,6.76,2.8,8.29,1.74,1.0,19.0,0.175,0.07,2.0,0.43,0,1.468,0.023,0.031,21,0.029,0.67,11,0.099,54,6.1,0.32,0.021111111,0.102941176,0.029166667,0.022222222,0.028666667,0.0,0.09175,0.017692308,0.025833333,0.0175,3.22222e-05,0.026190476,0.077142857,0.110909091,0.029090909
36624,Restaurant Foods,"RESTAURANT,CHINESE,VEG CHOW MEIN,WO/ MEAT OR NOODLES","Restaurant, Chinese, vegetable chow mein, without meat or noodles",,,,43,1.34,1.68,5.74,2.63,1.2,13.0,0.086,0.0,7.2,0.5,40,0.507,0.098,0.02,25,0.032,0.42,9,0.112,30,0.4,0.19,0.014444444,0.050588235,0.0,0.08,0.033333333,0.1,0.0316875,0.075384615,0.016666667,0.020833333,3.55556e-05,0.021428571,0.042857143,0.007272727,0.017272727
36625,Restaurant Foods,"RESTAURANT,CHINESE,VEG LO MEIN,WO/ MEAT","Restaurant, Chinese, vegetable lo mein, without meat",,,,121,4.77,2.35,20.16,2.63,1.3,9.0,0.068,0.0,1.7,0.3,28,0.81,0.124,0.047,21,0.064,1.07,14,0.24,45,11.7,0.36,0.01,0.04,0.0,0.018888889,0.02,0.07,0.050625,0.095384615,0.039166667,0.0175,7.11111e-05,0.033333333,0.064285714,0.212727273,0.032727273
36626,Restaurant Foods,"RESTAURANT,CHINESE,CHICK & VEG","Restaurant, Chinese, chicken and vegetables",,,,95,8.18,4.56,5.38,2.93,0.9,56.0,0.232,0.07,8.1,0.77,40,1.69,0.12,0.03,20,0.044,0.56,15,0.126,73,8.1,0.43,0.062222222,0.136470588,0.029166667,0.09,0.051333333,0.1,0.105625,0.092307692,0.025,0.016666667,4.88889e-05,0.035714286,0.104285714,0.147272727,0.039090909
36629,Restaurant Foods,"RESTAURANT,CHINESE,ORANGE CHICK","Restaurant, Chinese, orange chicken",,,,262,14.46,12.68,22.46,13.6,0.8,75.0,0.23,0.2,0.9,1.07,10,3.59,0.22,0.043,14,0.042,0.94,20,0.087,130,17.1,1.13,0.083333333,0.135294118,0.083333333,0.01,0.071333333,0.025,0.224375,0.169230769,0.035833333,0.011666667,4.66667e-05,0.047619048,0.185714286,0.310909091,0.102727273
36630,Restaurant Foods,"RESTAURANT,ITALIAN,SPAGHETTI W/ MEAT SAU","Restaurant, Italian, spaghetti with meat sauce",,,,121,5.79,3.59,16.4,1.82,1.6,12.0,0.109,0.17,0.7,0.63,0,1.643,0.147,0.09,17,0.097,0.97,17,0.212,59,13.1,0.69,0.013333333,0.064117647,0.070833333,0.007777778,0.042,0.0,0.1026875,0.113076923,0.075,0.014166667,0.000107778,0.04047619,0.084285714,0.238181818,0.062727273
36631,Restaurant Foods,"OLIVE GARDEN,SPAGHETTI W/ MEAT SAU","OLIVE GARDEN, spaghetti with meat sauce",,Darden Group,,121,5.8,3.28,17.19,1.67,1.7,10.0,0.098,0.13,0.6,0.58,0,1.69,0.143,0.09,15,0.098,1.03,18,0.221,60,16.8,0.68,0.011111111,0.057647059,0.054166667,0.006666667,0.038666667,0.0,0.105625,0.11,0.075,0.0125,0.000108889,0.042857143,0.085714286,0.305454545,0.061818182
36632,Restaurant Foods,"CARRABBAS ITALIAN GRILL,SPAGHETTI W/ MEAT SAU","CARRABBAS ITALIAN GRILL, spaghetti with meat sauce",,Carrabbas Italian Grill,,122,5.87,3.92,15.71,1.96,1.5,14.0,0.121,0.21,0.8,0.68,0,1.597,0.15,0.09,15,0.088,0.89,15,0.187,58,9.5,0.7,0.015555556,0.071176471,0.0875,0.008888889,0.045333333,0.0,0.0998125,0.115384615,0.075,0.0125,9.77778e-05,0.035714286,0.082857143,0.172727273,0.063636364
42040,Sweets,"SYRUPS,GRENADINE","Syrups, grenadine",,,,268,0.0,0.0,66.91,46.55,0.0,0.0,0.0,0.0,0.0,0.0,0,0.0,0.01,0.0,6,0.026,0.05,4,0.0,4,0.6,0.13,0.0,0.0,0.0,0.0,0.0,0.0,0.0,0.007692308,0.0,0.005,2.88889e-05,0.00952381,0.005714286,0.010909091,0.011818182
42055,Beverages,"FRUIT-FLAVORED DRK,DRY PDR MIX,LO CAL,W/ ASPRT","Fruit-flavored drink, dry powdered mix, low calorie, with aspartame",,,,218,0.45,0.04,87.38,0.0,0.1,0.0,0.0,0.0,560.0,0.0,0,0.0,0.0,0.0,1047,0.0,0.08,3,0.001,1239,0.0,0.0,0.0,0.0,0.0,6.222222222,0.0,0.0,0.0,0.0,0.0,0.8725,0.0,0.007142857,1.77,0.0,0.0
42063,Sweets,"PECTIN,LIQUID","Pectin, liquid",,,,11,0.0,0.0,2.1,0.0,2.1,0.0,0.0,0.0,0.0,0.0,0,0.0,0.0,0.0,0,0.0,0.0,0,0.0,0,0.0,0.0,0.0,0.0,0.0,0.0,0.0,0.0,0.0,0.0,0.0,0.0,0.0,0.0,0.0,0.0,0.0
42074,Sweets,"FROZ NOVLT,ICE CRM,VAN ICE CRM,LT,NO SUGAR ADDED,CHOC COATD","Frozen novelties, ice cream type, vanilla ice cream, light, no sugar added, chocolate coated",,,,221,6.4,10.1,26.11,8.52,0.8,19.0,0.043,0.49,0.0,0.42,7,0.175,0.261,0.062,222,0.076,0.29,28,0.078,173,2.4,0.82,0.021111111,0.025294118,0.204166667,0.0,0.028,0.0175,0.0109375,0.200769231,0.051666667,0.185,8.44444e-05,0.066666667,0.247142857,0.043636364,0.074545455
42116,Fats and Oils,"CREAMY DRSNG,MADE W/SOUR CRM AND/OR BTTRMLK&OIL,RED CAL","Creamy dressing, made with sour cream and/or buttermilk and oil, reduced calorie",,,,160,1.5,14.0,7.0,5.65,0.0,11.0,0.03,0.07,0.4,2.45,6,0.02,0.01,0.01,6,0.0,0.13,2,0.0,7,1.6,0.04,0.012222222,0.017647059,0.029166667,0.004444444,0.163333333,0.015,0.00125,0.007692308,0.008333333,0.005,0.0,0.004761905,0.01,0.029090909,0.003636364
42117,Dairy and Egg Products,"IMITATION CHS,AMERICAN OR CHEDDAR,LO CHOL","Imitation cheese, american or cheddar, low cholesterol",,,,390,25.0,32.0,1.0,1.0,0.0,115.0,0.07,0.83,0.0,0.28,18,0.08,0.36,0.03,705,0.03,0.7,30,0.0,530,14.6,3.0,0.127777778,0.041176471,0.345833333,0.0,0.018666667,0.045,0.005,0.276923077,0.025,0.5875,3.33333e-05,0.071428571,0.757142857,0.265454545,0.272727273
42119,Baby Foods,"BABYFOOD,BANANA JUC W/LOFAT YOGURT","Babyfood, banana juice with low fat yogurt",,,,89,2.5,0.8,17.54,13.28,0.4,6.0,0.12,0.43,33.9,0.05,6,0.27,0.1,0.03,79,0.03,0.2,10,0.0,65,1.6,0.14,0.006666667,0.070588235,0.179166667,0.376666667,0.003333333,0.015,0.016875,0.076923077,0.025,0.065833333,3.33333e-05,0.023809524,0.092857143,0.029090909,0.012727273
42120,Baby Foods,"BABYFOOD,MXD FRUIT JUC W/LOFAT YOGURT","Babyfood, mixed fruit juice with low fat yogurt",,,,76,2.4,0.8,14.68,10.8,0.4,5.0,0.05,0.43,33.9,0.03,6,0.16,0.1,0.04,81,0.03,0.2,10,0.0,60,1.3,0.14,0.005555556,0.029411765,0.179166667,0.376666667,0.002,0.015,0.01,0.076923077,0.033333333,0.0675,3.33333e-05,0.023809524,0.085714286,0.023636364,0.012727273
42128,Sausages and Luncheon Meats,"TURKEY HAM,SLICED,EX LN,PREPACKAGED OR DELI-SLICED","Turkey ham, sliced, extra lean, prepackaged or deli-sliced",,,,124,19.6,3.8,2.93,0.0,0.0,0.0,0.23,0.26,0.0,0.39,6,3.53,0.25,0.05,5,0.11,1.35,20,0.0,304,37.0,2.36,0.0,0.135294118,0.108333333,0.0,0.026,0.015,0.220625,0.192307692,0.041666667,0.004166667,0.000122222,0.047619048,0.434285714,0.672727273,0.214545455
42129,Sausages and Luncheon Meats,"BOLOGNA,BF&PORK,LOFAT","Bologna, beef and pork, low fat",,,,230,11.5,19.3,2.6,0.0,0.0,0.0,0.18,1.31,0.0,0.22,5,2.54,0.13,0.17,11,0.08,0.66,12,0.0,181,11.2,1.5,0.0,0.105882353,0.545833333,0.0,0.014666667,0.0125,0.15875,0.1,0.141666667,0.009166667,8.88889e-05,0.028571429,0.258571429,0.203636364,0.136363636
42131,Sweets,"MILK DSSRT,FRZ,MILK-FAT FREE,CHOC","Milk dessert, frozen, milk-fat free, chocolate",,,,167,4.3,1.0,37.7,37.7,0.0,2.0,0.04,0.55,0.7,0.0,6,0.1,0.26,0.05,154,0.008,0.04,45,0.0,123,2.6,0.47,0.002222222,0.023529412,0.229166667,0.007777778,0.0,0.015,0.00625,0.2,0.041666667,0.128333333,8.88889e-06,0.107142857,0.175714286,0.047272727,0.042727273
42135,Dairy and Egg Products,"WHIPPED TOPPING,FRZ,LOFAT","Whipped topping, frozen, low fat",,,,224,3.0,13.1,23.6,23.6,0.0,4.0,0.02,0.2,0.0,0.5,3,0.1,0.09,0.02,71,0.01,0.1,7,0.0,74,2.4,0.1,0.004444444,0.011764706,0.083333333,0.0,0.033333333,0.0075,0.00625,0.069230769,0.016666667,0.059166667,1.11111e-05,0.016666667,0.105714286,0.043636364,0.009090909
42136,Dairy and Egg Products,"CREAM SUB,PDR,LT","Cream substitute, powdered, light",,,,431,1.9,15.7,73.4,73.4,0.0,1.0,0.0,0.0,0.0,0.26,1,0.0,0.0,0.0,1,0.01,0.03,0,0.0,136,0.8,0.02,0.001111111,0.0,0.0,0.0,0.017333333,0.0025,0.0,0.0,0.0,0.000833333,1.11111e-05,0.0,0.194285714,0.014545455,0.001818182
42137,Fats and Oils,"SALAD DRSNG,PEPPERCORN DRSNG,COMM,REG","Salad dressing, peppercorn dressing, commercial, regular",,,,564,1.2,61.4,3.5,2.45,0.0,10.0,0.07,0.12,0.6,4.23,4,0.0,0.0,0.0,22,0.01,0.35,2,0.0,26,1.6,0.18,0.011111111,0.041176471,0.05,0.006666667,0.282,0.01,0.0,0.0,0.0,0.018333333,1.11111e-05,0.004761905,0.037142857,0.029090909,0.016363636
42138,Fats and Oils,"MAYONNAISE,RED-CAL OR DIET,CHOL-FREE","Mayonnaise, reduced-calorie or diet, cholesterol-free",,,,333,0.9,33.3,6.7,4.2,0.0,0.0,0.0,0.0,0.0,6.43,0,0.0,0.0,0.0,0,0.0,0.0,0,0.0,0,1.6,0.0,0.0,0.0,0.0,0.0,0.428666667,0.0,0.0,0.0,0.0,0.0,0.0,0.0,0.0,0.029090909,0.0
42139,Snacks,"GRANOLA BAR,SOFT,MILK CHOC COATD,PNUT BUTTER","Granola bar, soft, milk chocolate coated, peanut butter",,,,536,9.6,31.2,54.1,23.63,3.8,8.0,0.11,0.46,0.6,4.59,25,3.29,0.21,0.1,108,0.323,1.45,67,0.0,227,15.7,1.47,0.008888889,0.064705882,0.191666667,0.006666667,0.306,0.0625,0.205625,0.161538462,0.083333333,0.09,0.000358889,0.15952381,0.324285714,0.285454545,0.133636364
42140,Fats and Oils,"SALAD DRSNG,ITALIAN DRSNG,RED CAL","Salad dressing, italian dressing, reduced calorie",,,,200,0.3,20.0,6.7,1.94,0.2,0.0,0.03,0.07,0.4,0.59,3,0.02,0.01,0.01,6,0.005,0.13,2,0.02,7,1.6,0.04,0.0,0.017647059,0.029166667,0.004444444,0.039333333,0.0075,0.00125,0.007692308,0.008333333,0.005,5.55556e-06,0.004761905,0.01,0.029090909,0.003636364
42141,Dairy and Egg Products,"CREAM SUB,LIQ,LT","Cream substitute, liquid, light",,,,71,0.8,3.5,9.1,9.1,0.0,0.0,0.0,0.0,0.0,0.28,0,0.0,0.0,0.0,1,0.0,0.56,0,0.0,75,0.9,0.05,0.0,0.0,0.0,0.0,0.018666667,0.0,0.0,0.0,0.0,0.000833333,0.0,0.0,0.107142857,0.016363636,0.004545455
42148,Sweets,"CANDIES,MARS SNACKFOOD US,M&MS PNUT BUTTER CHOC CANDIES","Candies, MARS SNACKFOOD US, M&Ms Peanut Butter Chocolate Candies",,Masterfoods USA,,529,10.16,29.32,56.89,47.15,4.0,28.0,0.095,0.19,0.5,1.26,45,4.329,0.074,0.152,88,0.452,1.06,81,0.963,191,2.8,1.49,0.031111111,0.055882353,0.079166667,0.005555556,0.084,0.1125,0.2705625,0.056923077,0.126666667,0.073333333,0.000502222,0.192857143,0.272857143,0.050909091,0.135454545
42150,Baby Foods,"BABYFOOD,APPL YOGURT DSSRT,STR","Babyfood, apple yogurt dessert, strained",,,,96,0.8,1.6,19.5,12.02,0.5,3.0,0.02,0.5,35.1,0.02,9,0.0,0.05,1.56,6,0.05,0.0,15,0.0,31,0.7,0.28,0.003333333,0.011764706,0.208333333,0.39,0.001333333,0.0225,0.0,0.038461538,1.3,0.005,5.55556e-05,0.035714286,0.044285714,0.012727273,0.025454545
42151,Fats and Oils,"VEGETABLE OIL-BUTTER SPRD,RED CAL","Vegetable oil-butter spread, reduced calorie",,,,465,0.0,53.0,0.0,0.0,0.0,819.0,0.0,0.0,0.0,9.2,1,0.01,0.01,0.0,6,0.001,0.04,0,0.0,10,0.5,0.01,0.91,0.0,0.0,0.0,0.613333333,0.0025,0.000625,0.007692308,0.0,0.005,1.11111e-06,0.0,0.014285714,0.009090909,0.000909091
42153,Fats and Oils,"SALAD DRSNG,BLUE OR ROQUEFORT CHS DRSNG,LT","Salad dressing, blue or roquefort cheese dressing, light",,,,86,2.1,2.7,13.2,3.6,0.0,67.0,0.02,0.11,0.0,0.9,28,0.04,0.04,0.01,68,0.013,0.14,4,0.0,47,1.6,0.3,0.074444444,0.011764706,0.045833333,0.0,0.06,0.07,0.0025,0.030769231,0.008333333,0.056666667,1.44444e-05,0.00952381,0.067142857,0.029090909,0.027272727
42155,Dairy and Egg Products,"CHEESE,MONTEREY,LOW FAT","Cheese, monterey, low fat",,,,313,28.2,21.6,0.7,0.56,0.0,142.0,0.08,0.83,0.0,0.19,18,0.09,0.36,0.02,705,0.032,0.72,27,0.0,444,14.5,3.0,0.157777778,0.047058824,0.345833333,0.0,0.012666667,0.045,0.005625,0.276923077,0.016666667,0.5875,3.55556e-05,0.064285714,0.634285714,0.263636364,0.272727273
42157,Fats and Oils,"CRMY DRSG,MDE W/ SOUR CRM AND/OR BTRMLK & OIL,RED CAL,FTFREE","Creamy dressing, made with sour cream and/or buttermilk and oil, reduced calorie, fat-free",,,,107,1.4,2.7,20.0,5.35,0.0,1.0,0.02,0.0,0.0,0.67,6,0.04,0.06,0.01,36,0.0,0.25,5,0.0,77,1.6,0.18,0.001111111,0.011764706,0.0,0.0,0.044666667,0.015,0.0025,0.046153846,0.008333333,0.03,0.0,0.011904762,0.11,0.029090909,0.016363636
42158,Fats and Oils,"CREAMY DRSNG,W/SOUR CRM AND/OR BTTRMLK&OIL,RED CAL,CHOL-FREE","Creamy dressing, made with sour cream and/or buttermilk and oil, reduced calorie, cholesterol-free",,,,140,1.0,8.0,16.0,3.28,0.0,18.0,0.02,0.1,0.0,4.92,4,0.04,0.06,0.01,36,0.0,0.26,5,0.0,100,1.6,0.18,0.02,0.011764706,0.041666667,0.0,0.328,0.01,0.0025,0.046153846,0.008333333,0.03,0.0,0.011904762,0.142857143,0.029090909,0.016363636
42161,Sausages and Luncheon Meats,"BOLOGNA,BEEF,LOW FAT","Bologna, beef, low fat",,,,204,11.8,14.8,5.2,0.0,0.0,0.0,0.15,1.4,1.0,0.19,5,2.5,0.1,0.05,9,0.03,1.0,12,0.0,178,12.4,1.83,0.0,0.088235294,0.583333333,0.011111111,0.012666667,0.0125,0.15625,0.076923077,0.041666667,0.0075,3.33333e-05,0.028571429,0.254285714,0.225454545,0.166363636
42171,Fats and Oils,"SALAD DRSNG,FRENCH DRSNG,RED CAL","Salad dressing, french dressing, reduced calorie",,,,200,0.4,13.0,27.0,25.92,0.0,10.0,0.0,0.0,0.0,2.86,2,0.0,0.0,0.0,11,0.01,0.4,0,0.071,14,1.6,0.18,0.011111111,0.0,0.0,0.0,0.190666667,0.005,0.0,0.0,0.0,0.009166667,1.11111e-05,0.0,0.02,0.029090909,0.016363636
42173,Sausages and Luncheon Meats,"TURKEY&PORK SAUSAGE,FRSH,BULK,PATTY OR LINK,CKD","Turkey and pork sausage, fresh, bulk, patty or link, cooked",,,,307,22.7,23.0,0.7,0.0,0.0,0.0,0.34,1.26,1.1,0.39,4,4.22,0.25,0.51,32,0.148,1.62,19,0.0,191,21.0,3.17,0.0,0.2,0.525,0.012222222,0.026,0.01,0.26375,0.192307692,0.425,0.026666667,0.000164444,0.045238095,0.272857143,0.381818182,0.288181818
42178,Fats and Oils,"MAYONNAISE,MADE WITH TOFU","Mayonnaise, made with tofu",,,,322,5.95,31.79,3.06,0.85,1.1,2.0,0.02,0.0,0.0,2.4,8,0.09,0.04,0.05,53,0.09,0.27,52,0.399,49,1.6,0.4,0.002222222,0.011764706,0.0,0.0,0.16,0.02,0.005625,0.030769231,0.041666667,0.044166667,0.0001,0.123809524,0.07,0.029090909,0.036363636
42179,Sausages and Luncheon Meats,"FRANKFURTER,BF,LO FAT","Frankfurter, beef, low fat","hot dog, wiener, frank",,,230,12.0,19.5,1.6,0.0,0.0,0.0,0.1,1.4,1.0,0.18,4,2.3,0.1,0.05,8,0.065,1.15,11,0.0,191,13.9,1.96,0.0,0.058823529,0.583333333,0.011111111,0.012,0.01,0.14375,0.076923077,0.041666667,0.006666667,7.22222e-05,0.026190476,0.272857143,0.252727273,0.178181818
42182,Legumes and Legume Products,BEAN BEVERAGE,Bean beverage,,,,34,2.8,0.0,5.8,0.08,0.0,0.0,0.1,0.0,0.0,0.23,60,0.62,0.1,0.15,17,0.0,1.25,48,0.111,92,1.4,0.37,0.0,0.058823529,0.0,0.0,0.015333333,0.15,0.03875,0.076923077,0.125,0.014166667,0.0,0.114285714,0.131428571,0.025454545,0.033636364
42183,Sweets,"CANDIES,MARS SNACKFOOD US,TWIX CHOC FUDGE COOKIE BARS","Candies, MARS SNACKFOOD US, TWIX chocolate fudge cookie bars",,Masterfoods USA,,550,7.3,33.3,56.0,53.0,3.0,9.0,0.04,0.33,1.0,2.71,9,1.11,0.2,0.14,130,0.293,1.31,46,0.0,147,7.0,0.92,0.01,0.023529412,0.1375,0.011111111,0.180666667,0.0225,0.069375,0.153846154,0.116666667,0.108333333,0.000325556,0.10952381,0.21,0.127272727,0.083636364
42185,Sweets,"YOGURT,FRZ,CHOC,NON-FAT MILK,W/LO CAL SWTNR","Frozen yogurts, chocolate, nonfat milk, sweetened without sugar",,,,107,4.4,0.8,19.7,12.61,2.0,2.0,0.04,0.49,0.7,0.08,12,0.2,0.18,0.04,159,0.203,0.04,40,0.0,129,2.8,0.49,0.002222222,0.023529412,0.204166667,0.007777778,0.005333333,0.03,0.0125,0.138461538,0.033333333,0.1325,0.000225556,0.095238095,0.184285714,0.050909091,0.044545455
42186,Sweets,"FROZEN YOGURTS,CHOC","Frozen yogurts, chocolate",,,,127,3.0,3.6,21.6,19.24,2.3,39.0,0.04,0.07,0.0,0.09,12,0.14,0.18,0.04,100,0.054,0.46,25,0.0,89,1.9,0.28,0.043333333,0.023529412,0.029166667,0.0,0.006,0.03,0.00875,0.138461538,0.033333333,0.083333333,6e-05,0.05952381,0.127142857,0.034545455,0.025454545
42187,Sweets,"FROZEN YOGURTS,FLAVORS OTHER THAN CHOC","Frozen yogurts, flavors other than chocolate",,,,127,3.0,3.6,21.6,19.92,0.0,49.0,0.04,0.07,0.7,0.09,4,0.07,0.18,0.04,100,0.009,0.46,10,0.0,89,1.9,0.28,0.054444444,0.023529412,0.029166667,0.007777778,0.006,0.01,0.004375,0.138461538,0.033333333,0.083333333,1e-05,0.023809524,0.127142857,0.034545455,0.025454545
42188,Sausages and Luncheon Meats,"FRANKFURTER,BF & PORK,LO FAT","Frankfurter, beef and pork, low fat","hot dog, wiener, frank",,,152,11.0,10.0,4.4,0.0,0.0,0.0,0.1,1.3,0.0,0.08,4,2.4,0.11,0.18,10,0.075,1.2,10,0.0,140,15.1,1.96,0.0,0.058823529,0.541666667,0.0,0.005333333,0.01,0.15,0.084615385,0.15,0.008333333,8.33333e-05,0.023809524,0.2,0.274545455,0.178181818
42189,Dairy and Egg Products,"MILK,BTTRMLK,FLUID,CULTURED,RED FAT","Milk, buttermilk, fluid, cultured, reduced fat",,,,56,4.1,2.0,5.3,5.3,0.0,16.0,0.03,0.37,1.5,0.11,6,0.1,0.21,0.05,143,0.008,0.06,13,0.0,82,2.3,0.24,0.017777778,0.017647059,0.154166667,0.016666667,0.007333333,0.015,0.00625,0.161538462,0.041666667,0.119166667,8.88889e-06,0.030952381,0.117142857,0.041818182,0.021818182
42190,Sausages and Luncheon Meats,"PORK SAUSAGE RICE LINKS,BROWN&SERVE,CKD","Pork sausage rice links, brown and serve, cooked",,,,407,13.7,37.63,2.36,0.0,0.0,0.0,0.2,1.3,0.0,0.22,6,3.35,0.12,0.48,15,0.066,1.12,14,0.079,116,16.6,1.45,0.0,0.117647059,0.541666667,0.0,0.014666667,0.015,0.209375,0.092307692,0.4,0.0125,7.33333e-05,0.033333333,0.165714286,0.301818182,0.131818182
42192,Fats and Oils,"SALAD DRSNG,BLUE OR ROQUEFORT CHS DRSNG,FAT-FREE","Salad dressing, blue or roquefort cheese dressing, fat-free",,,,115,1.52,1.01,25.6,7.44,1.8,5.0,0.045,0.26,0.5,0.04,2,0.111,0.166,0.04,51,0.015,0.12,15,0.01,107,1.6,0.21,0.005555556,0.026470588,0.108333333,0.005555556,0.002666667,0.005,0.0069375,0.127692308,0.033333333,0.0425,1.66667e-05,0.035714286,0.152857143,0.029090909,0.019090909
42193,Fats and Oils,"SALAD DRSNG,MAYONNAISE-LIKE,FAT-FREE","Salad Dressing, mayonnaise-like, fat-free",,,,84,0.2,2.7,15.5,10.3,1.9,0.0,0.0,0.0,0.0,0.04,0,0.0,0.014,0.0,6,0.02,0.12,2,0.022,5,0.3,0.05,0.0,0.0,0.0,0.0,0.002666667,0.0,0.0,0.010769231,0.0,0.005,2.22222e-05,0.004761905,0.007142857,0.005454545,0.004545455
42196,Sweets,"CANDIES,MARS SNACKFOOD US,MILKY WAY MIDNIGHT BAR","Candies, MARS SNACKFOOD US, MILKY WAY Midnight Bar",,Masterfoods USA,,443,3.2,17.5,71.22,57.81,2.9,42.0,0.02,0.04,0.2,0.39,7,0.218,0.063,0.037,53,0.344,1.2,58,0.393,75,2.5,0.89,0.046666667,0.011764706,0.016666667,0.002222222,0.026,0.0175,0.013625,0.048461538,0.030833333,0.044166667,0.000382222,0.138095238,0.107142857,0.045454545,0.080909091
42200,Legumes and Legume Products,PAPAD,Papad,,,,371,25.56,3.25,59.87,0.0,18.6,13.0,0.285,0.0,0.0,0.05,219,1.472,0.258,0.277,143,0.998,7.8,271,1.562,385,8.3,3.4,0.014444444,0.167647059,0.0,0.0,0.003333333,0.5475,0.092,0.198461538,0.230833333,0.119166667,0.001108889,0.645238095,0.55,0.150909091,0.309090909
42204,Snacks,"RICE CAKE,CRACKER (INCL HAIN MINI RICE CAKES)","Rice cake, cracker (include hain mini rice cakes)",,,,392,7.1,4.3,81.1,0.88,4.2,0.0,0.15,0.0,0.0,1.24,21,7.81,0.16,0.06,11,0.445,1.49,131,0.0,360,24.6,3.0,0.0,0.088235294,0.0,0.0,0.082666667,0.0525,0.488125,0.123076923,0.05,0.009166667,0.000494444,0.311904762,0.514285714,0.447272727,0.272727273
42205,Dairy and Egg Products,"CHEESE,PAST PROCESS,CHEDDAR OR AMERICAN,FAT-FREE","Cheese, pasteurized process, cheddar or American, fat-free",,,,148,22.5,0.8,13.4,9.95,0.0,440.0,0.09,1.12,0.0,0.27,27,0.21,0.48,0.06,689,0.019,0.28,36,0.0,936,20.6,3.42,0.488888889,0.052941176,0.466666667,0.0,0.018,0.0675,0.013125,0.369230769,0.05,0.574166667,2.11111e-05,0.085714286,1.337142857,0.374545455,0.310909091
42227,Sweets,"CANDIES,MARS SNACKFOOD US,M&MS ALMOND CHOC CANDIES","Candies, MARS SNACKFOOD US, M&Ms Almond Chocolate Candies",,Masterfoods USA,,522,7.53,27.76,60.5,49.22,5.6,24.0,0.055,0.22,0.6,9.52,12,0.952,0.324,0.11,155,0.552,1.73,116,1.03,203,2.7,1.86,0.026666667,0.032352941,0.091666667,0.006666667,0.634666667,0.03,0.0595,0.249230769,0.091666667,0.129166667,0.000613333,0.276190476,0.29,0.049090909,0.169090909
42230,Fats and Oils,"SALAD DRSNG,COLESLAW DRSNG,RED FAT","Salad Dressing, coleslaw dressing, reduced fat",,,,329,0.0,20.0,40.0,38.73,0.4,0.0,0.02,0.1,0.0,1.84,0,0.25,0.01,0.01,36,0.0,0.26,5,0.004,30,1.6,0.18,0.0,0.011764706,0.041666667,0.0,0.122666667,0.0,0.015625,0.007692308,0.008333333,0.03,0.0,0.011904762,0.042857143,0.029090909,0.016363636
42231,Fats and Oils,"OIL,FLAXSEED,COLD PRESSED","Oil, flaxseed, cold pressed",,,,884,0.11,99.98,0.0,0.0,0.0,0.0,0.0,0.0,0.0,0.47,0,0.0,0.0,0.0,1,0.0,0.0,0,0.0,1,0.0,0.07,0.0,0.0,0.0,0.0,0.031333333,0.0,0.0,0.0,0.0,0.000833333,0.0,0.0,0.001428571,0.0,0.006363636
42235,Dairy and Egg Products,"CHEESE,COTTAGE,LOWFAT,1% MILKFAT,LACTOSE RED","Cheese, cottage, lowfat, 1% milkfat, lactose reduced",,,,74,12.4,1.0,3.2,2.6,0.6,11.0,0.07,0.63,0.0,0.01,12,0.13,0.16,0.02,53,0.028,0.14,5,0.0,134,9.0,0.38,0.012222222,0.041176471,0.2625,0.0,0.000666667,0.03,0.008125,0.123076923,0.016666667,0.044166667,3.11111e-05,0.011904762,0.191428571,0.163636364,0.034545455
42236,Breakfast Cereals,"CEREALS RTE,FRSTD OAT CRL W/MARSHMALLOWS","Cereals ready-to-eat, frosted oat cereal with marshmallows",,,,400,7.1,3.33,84.7,36.13,4.3,500.0,1.76,5.29,20.0,0.45,587,17.64,1.5,1.32,333,0.141,15.0,28,0.0,141,14.6,7.94,0.555555556,1.035294118,2.204166667,0.222222222,0.03,1.4675,1.1025,1.153846154,1.1,0.2775,0.000156667,0.066666667,0.201428571,0.265454545,0.721818182
42237,Breakfast Cereals,"CEREALS RTE,WEETABIX WHL GRAIN CRL","Cereals ready-to-eat, WEETABIX whole grain cereal",,The Weetabix Company,,371,11.43,2.86,81.5,5.71,11.4,0.0,0.46,0.0,0.0,0.98,46,5.714,0.98,1.929,57,0.622,12.86,92,0.0,172,5.9,1.72,0.0,0.270588235,0.0,0.0,0.065333333,0.115,0.357125,0.753846154,1.6075,0.0475,0.000691111,0.219047619,0.245714286,0.107272727,0.156363636
42240,Breakfast Cereals,"CEREALS RTE,POST,HONEY BUNCHES OF OATS,W/ ALMONDS","Cereals ready-to-eat, POST, HONEY BUNCHES OF OATS, with almonds",,"Post Foods, LLC",,409,7.7,7.3,79.6,20.0,5.5,680.0,1.6,4.7,0.0,1.86,1049,15.6,1.3,1.2,35,0.2,33.8,61,0.0,172,12.0,0.9,0.755555556,0.941176471,1.958333333,0.0,0.124,2.6225,0.975,1.0,1.0,0.029166667,0.000222222,0.145238095,0.245714286,0.218181818,0.081818182
42241,Sausages and Luncheon Meats,"TURKEY,PORK,&BF SAUSAGE,RED FAT,SMOKED","Turkey, pork, and beef sausage, reduced fat, smoked",,,,241,18.6,16.8,2.6,0.0,0.0,1.0,0.27,0.44,0.0,0.25,4,3.29,0.15,0.18,18,0.061,1.12,17,0.0,142,27.8,2.18,0.001111111,0.158823529,0.183333333,0.0,0.016666667,0.01,0.205625,0.115384615,0.15,0.015,6.77778e-05,0.04047619,0.202857143,0.505454545,0.198181818
42256,Fats and Oils,"MARGARINE-LIKE,VEG OIL SPRD,STK OR TUB,SWTND","Margarine-like, vegetable oil spread, stick or tub, sweetened",,,,534,0.0,52.0,16.7,16.7,0.0,819.0,0.0,0.0,0.0,5.0,0,0.0,0.0,0.0,0,0.0,0.0,0,0.0,16,0.0,0.0,0.91,0.0,0.0,0.0,0.333333333,0.0,0.0,0.0,0.0,0.0,0.0,0.0,0.022857143,0.0,0.0
42258,Dairy and Egg Products,"CHEESE PRODUCT,PAST PROCESS,CHEDDAR,RED FAT","Cheese product, pasteurized process, cheddar, reduced fat",,,,240,17.6,14.1,10.6,8.02,0.0,254.0,0.08,1.11,0.0,0.27,18,0.18,0.48,0.07,529,0.03,0.2,33,0.0,829,12.4,2.36,0.282222222,0.047058824,0.4625,0.0,0.018,0.045,0.01125,0.369230769,0.058333333,0.440833333,3.33333e-05,0.078571429,1.184285714,0.225454545,0.214545455
42259,Snacks,"SNACKS,POPCORN,HOME-PREPARED,OIL-POPPED,UNSALTED","Snacks, popcorn, home-prepared, oil-popped, unsalted",,,,500,9.0,28.1,58.1,0.54,10.0,8.0,0.21,0.0,0.3,2.43,17,1.55,0.14,0.13,10,0.221,2.78,108,0.0,250,7.3,2.64,0.008888889,0.123529412,0.0,0.003333333,0.162,0.0425,0.096875,0.107692308,0.108333333,0.008333333,0.000245556,0.257142857,0.357142857,0.132727273,0.24
42261,Breakfast Cereals,"CEREALS RTE,POST,GREAT GRAINS CRUNCHY PECAN CRL","Cereals ready-to-eat, POST, GREAT GRAINS Crunchy Pecan Cereal",,"Post Foods, LLC",,403,9.0,10.5,73.0,15.4,9.7,430.0,1.0,2.9,0.2,0.74,314,9.6,0.8,0.7,39,0.4,17.3,98,0.0,296,41.8,2.3,0.477777778,0.588235294,1.208333333,0.002222222,0.049333333,0.785,0.6,0.615384615,0.583333333,0.0325,0.000444444,0.233333333,0.422857143,0.76,0.209090909
42262,Sausages and Luncheon Meats,"SAUSAGE,CHICK&BF,SMOKED","Sausage, chicken and beef, smoked",,,,295,18.5,24.0,0.0,0.0,0.0,31.0,0.17,0.38,0.0,0.5,4,4.06,0.12,0.04,11,0.051,1.08,14,0.0,111,14.5,1.73,0.034444444,0.1,0.158333333,0.0,0.033333333,0.01,0.25375,0.092307692,0.033333333,0.009166667,5.66667e-05,0.033333333,0.158571429,0.263636364,0.157272727
42265,Breakfast Cereals,"CEREALS RTE,POST,GREAT GRAINS,RAISIN,DATE & PECAN","Cereals ready-to-eat, POST, GREAT GRAINS, Raisin, Date & Pecan",,"Post Foods, LLC",,378,7.9,7.1,74.3,24.1,9.3,407.0,0.9,2.7,0.5,0.57,296,9.1,0.8,0.7,39,0.4,16.4,87,0.0,253,30.4,2.2,0.452222222,0.529411765,1.125,0.005555556,0.038,0.74,0.56875,0.615384615,0.583333333,0.0325,0.000444444,0.207142857,0.361428571,0.552727273,0.2
42266,Baby Foods,"BABYFOOD,JUC,APPLE-SWEET POTATO","Babyfood, juice, apple-sweet potato",,,,48,0.3,0.1,11.4,9.6,0.5,154.0,0.07,0.0,34.1,0.34,3,0.1,0.03,0.01,15,0.032,0.3,7,0.0,14,0.1,0.08,0.171111111,0.041176471,0.0,0.378888889,0.022666667,0.0075,0.00625,0.023076923,0.008333333,0.0125,3.55556e-05,0.016666667,0.02,0.001818182,0.007272727
42267,Baby Foods,"BABYFOOD,JUC,ORANGE-CARROT","Babyfood, juice, orange-carrot",,,,43,0.5,0.1,9.9,8.4,0.4,94.0,0.05,0.0,34.1,0.29,39,0.21,0.05,0.06,16,0.044,0.2,10,0.0,19,0.1,0.07,0.104444444,0.029411765,0.0,0.378888889,0.019333333,0.0975,0.013125,0.038461538,0.05,0.013333333,4.88889e-05,0.023809524,0.027142857,0.001818182,0.006363636
42270,Beverages,ORANGE JUICE DRINK,Orange juice drink,,,,54,0.2,0.0,13.41,9.36,0.2,2.0,0.5,0.0,15.0,0.02,4,5.0,0.43,0.38,2,0.018,0.11,3,0.007,4,0.0,0.02,0.002222222,0.294117647,0.0,0.166666667,0.001333333,0.01,0.3125,0.330769231,0.316666667,0.001666667,2e-05,0.007142857,0.005714286,0.0,0.001818182
42272,Snacks,"GRANOLA BAR,W/COCNT,CHOC COATD","Snacks, granola bar, with coconut, chocolate coated",,,,531,5.2,32.2,55.2,34.27,6.2,0.0,0.12,0.07,0.5,0.3,9,0.42,0.08,0.14,42,0.319,1.75,56,0.0,154,16.4,1.17,0.0,0.070588235,0.029166667,0.005555556,0.02,0.0225,0.02625,0.061538462,0.116666667,0.035,0.000354444,0.133333333,0.22,0.298181818,0.106363636
42278,Baby Foods,"BABYFOOD,VEG&BROWN RICE,STR","Babyfood, vegetable and brown rice, strained",,,,69,1.9,1.5,12.1,2.39,1.1,8.0,0.05,0.0,0.3,0.15,16,1.1,0.05,0.05,14,0.08,0.4,15,0.0,33,1.2,0.22,0.008888889,0.029411765,0.0,0.003333333,0.01,0.04,0.06875,0.038461538,0.041666667,0.011666667,8.88889e-05,0.035714286,0.047142857,0.021818182,0.02
42279,Baby Foods,"BABYFOOD,PEAS&BROWN RICE","Babyfood, peas and brown rice",,,,64,3.4,0.5,11.49,2.88,2.5,19.0,0.06,0.0,3.0,0.07,16,1.4,0.08,0.1,14,0.08,1.5,25,0.0,52,1.2,0.46,0.021111111,0.035294118,0.0,0.033333333,0.004666667,0.04,0.0875,0.061538462,0.083333333,0.011666667,8.88889e-05,0.05952381,0.074285714,0.021818182,0.041818182
42280,Sausages and Luncheon Meats,"FRANKFURTER,MEAT & POULTRY,LO FAT","Frankfurter, meat and poultry, low fat","hot dog, wiener, frank",,,121,15.5,2.8,8.4,0.0,0.1,1.0,0.27,0.54,0.4,0.2,3,3.16,0.17,0.3,12,0.063,0.91,18,0.0,155,22.2,1.93,0.001111111,0.158823529,0.225,0.004444444,0.013333333,0.0075,0.1975,0.130769231,0.25,0.01,7e-05,0.042857143,0.221428571,0.403636364,0.175454545
42281,Sweets,"GUMS,SD GUMS (INCL LOCUST BEAN,GUAR)","Gums, seed gums (includes locust bean, guar)",,,,332,4.6,0.5,77.3,0.0,77.3,0.0,0.0,0.0,0.0,0.0,0,0.0,0.0,0.0,294,0.0,0.0,0,0.0,0,0.0,0.0,0.0,0.0,0.0,0.0,0.0,0.0,0.0,0.0,0.0,0.245,0.0,0.0,0.0,0.0,0.0
42283,Snacks,"POTATO CHIPS,WHITE,RESTRUCTURED,BKD","Snacks, potato chips, white, restructured, baked",,,,469,5.0,18.2,71.4,5.01,4.8,0.0,0.51,0.0,0.0,2.18,0,4.09,0.07,0.34,125,0.104,0.8,43,0.0,274,8.1,0.45,0.0,0.3,0.0,0.0,0.145333333,0.0,0.255625,0.053846154,0.283333333,0.104166667,0.000115556,0.102380952,0.391428571,0.147272727,0.040909091
42284,Baby Foods,"BABYFOOD,BKD PRODUCT,FINGER SNACKS CRL","Babyfood, baked product, finger snacks cereal",,,,421,6.4,9.9,76.68,28.0,2.3,0.0,0.05,0.0,10.0,3.9,180,11.25,1.6,1.4,400,0.22,22.5,27,0.0,709,37.5,4.0,0.0,0.029411765,0.0,0.111111111,0.26,0.45,0.703125,1.230769231,1.166666667,0.333333333,0.000244444,0.064285714,1.012857143,0.681818182,0.363636364
42285,Baby Foods,"BABYFOOD,CRL,BROWN RICE,DRY,INST","Babyfood, cereal, brown rice, dry, instant",,,,404,8.7,3.0,85.65,0.92,6.5,0.0,0.98,0.0,0.0,1.29,15,16.0,0.17,0.93,55,0.368,47.6,28,0.0,272,23.4,0.0,0.0,0.576470588,0.0,0.0,0.086,0.0375,1.0,0.130769231,0.775,0.045833333,0.000408889,0.066666667,0.388571429,0.425454545,0.0
42286,Baby Foods,"BABYFOOD,GRN BNS&TURKEY,STR","Babyfood, green beans and turkey, strained",,,,51,4.1,1.5,5.35,1.39,1.4,31.0,0.08,0.25,2.2,0.45,29,1.14,0.11,0.03,31,0.048,0.7,22,0.0,56,3.2,0.6,0.034444444,0.047058824,0.104166667,0.024444444,0.03,0.0725,0.07125,0.084615385,0.025,0.025833333,5.33333e-05,0.052380952,0.08,0.058181818,0.054545455
42289,Fats and Oils,"OIL,CORN AND CANOLA","Oil, corn and canola",,,,884,0.0,100.0,0.0,0.0,0.0,0.0,0.0,0.0,0.0,14.84,0,0.0,0.0,0.0,0,0.0,0.0,0,0.0,0,0.0,0.0,0.0,0.0,0.0,0.0,0.989333333,0.0,0.0,0.0,0.0,0.0,0.0,0.0,0.0,0.0,0.0
42290,Dairy and Egg Products,"MILK,FLUID,NONFAT,CA FORT (FAT FREE OR SKIM)","Milk, fluid, nonfat, calcium fortified (fat free or skim)",,,,35,3.4,0.18,4.85,4.85,0.0,137.0,0.04,0.38,1.0,0.01,5,0.088,0.14,0.036,204,0.011,0.04,11,0.0,101,2.1,0.4,0.152222222,0.023529412,0.158333333,0.011111111,0.000666667,0.0125,0.0055,0.107692308,0.03,0.17,1.22222e-05,0.026190476,0.144285714,0.038181818,0.036363636
42291,Legumes and Legume Products,"PEANUT BUTTER,RED NA","Peanut butter, reduced sodium",,,,590,24.0,49.9,21.83,9.29,6.6,0.0,0.45,0.0,0.0,9.05,92,13.69,0.11,0.12,41,0.515,1.9,159,0.0,317,7.5,2.78,0.0,0.264705882,0.0,0.0,0.603333333,0.23,0.855625,0.084615385,0.1,0.034166667,0.000572222,0.378571429,0.452857143,0.136363636,0.252727273
42297,Breakfast Cereals,"CEREALS RTE,POST GREAT GRAINS BANANA NUT CRUNCH","Cereals ready-to-eat, POST GREAT GRAINS Banana Nut Crunch",,"Post Foods, LLC",,390,9.8,8.8,70.9,17.5,11.2,378.0,0.8,2.5,0.1,1.64,563,8.5,0.7,0.6,44,0.36,28.0,98,0.0,279,32.0,2.5,0.42,0.470588235,1.041666667,0.001111111,0.109333333,1.4075,0.53125,0.538461538,0.5,0.036666667,0.0004,0.233333333,0.398571429,0.581818182,0.227272727
42303,Dairy and Egg Products,"CHEESE,MUENSTER,LOW FAT","Cheese, muenster, low fat",,,,271,24.7,17.6,3.5,3.5,0.0,175.0,0.06,1.47,0.0,0.15,12,0.1,0.36,0.01,529,0.031,0.41,27,0.0,468,14.5,2.81,0.194444444,0.035294118,0.6125,0.0,0.01,0.03,0.00625,0.276923077,0.008333333,0.440833333,3.44444e-05,0.064285714,0.668571429,0.263636364,0.255454545
42304,Dairy and Egg Products,"CHEESE,MOZZARELLA,NON-FAT","Cheese, mozzarella, nonfat",,,,141,31.7,0.0,3.5,1.48,1.8,127.0,0.08,0.92,0.0,0.14,10,0.12,0.3,0.02,961,0.034,0.31,33,0.0,656,18.9,3.92,0.141111111,0.047058824,0.383333333,0.0,0.009333333,0.025,0.0075,0.230769231,0.016666667,0.800833333,3.77778e-05,0.078571429,0.937142857,0.343636364,0.356363636
42307,Fats and Oils,"MARGARINE-LIKE,BUTTER-MARGARINE BLEND,80% FAT,STK,WO/ SALT","Margarine-like, butter-margarine blend, 80% fat, stick, without salt",,,,718,0.9,80.7,0.6,0.0,0.0,819.0,0.01,0.1,0.1,5.0,2,0.03,0.04,0.01,28,0.005,0.09,2,0.0,23,0.5,0.02,0.91,0.005882353,0.041666667,0.001111111,0.333333333,0.005,0.001875,0.030769231,0.008333333,0.023333333,5.55556e-06,0.004761905,0.032857143,0.009090909,0.001818182
42309,Fats and Oils,"MARGARINE-LIKE,VEG OIL-BUTTER SPRD,RED CAL,TUB,W/ SALT","Margarine-like, vegetable oil-butter spread, reduced calorie, tub, with salt",,,,450,1.0,50.0,1.0,0.0,0.0,819.0,0.01,0.1,0.1,5.7,2,0.03,0.04,0.01,28,0.005,0.09,2,0.0,23,0.5,0.02,0.91,0.005882353,0.041666667,0.001111111,0.38,0.005,0.001875,0.030769231,0.008333333,0.023333333,5.55556e-06,0.004761905,0.032857143,0.009090909,0.001818182
42316,Baby Foods,"BABYFOOD,CARROTS,TODDLER","Babyfood, carrots, toddler",,,,26,0.6,0.3,5.23,2.5,2.3,736.0,0.05,0.0,0.7,0.59,7,0.25,0.03,0.02,19,0.081,0.2,6,0.0,21,0.8,0.2,0.817777778,0.029411765,0.0,0.007777778,0.039333333,0.0175,0.015625,0.023076923,0.016666667,0.015833333,9e-05,0.014285714,0.03,0.014545455,0.018181818
43004,Baby Foods,"BABYFOOD,DSSRT,BANANA PUDD,STR","Babyfood, dessert, banana pudding, strained",,,,68,1.0,0.8,14.14,10.55,0.8,1.0,0.13,0.01,12.0,0.07,6,0.16,0.06,0.01,11,0.04,0.3,5,0.0,34,1.1,0.12,0.001111111,0.076470588,0.004166667,0.133333333,0.004666667,0.015,0.01,0.046153846,0.008333333,0.009166667,4.44444e-05,0.011904762,0.048571429,0.02,0.010909091
43006,Baby Foods,"BABYFOOD,FRUIT,TUTTI FRUTTI,STR","Babyfood, fruit, tutti frutti, strained",,,,66,0.4,0.3,15.48,9.29,0.6,7.0,0.02,0.01,12.4,0.11,3,0.1,0.02,0.02,15,0.02,0.2,4,0.0,17,0.4,0.8,0.007777778,0.011764706,0.004166667,0.137777778,0.007333333,0.0075,0.00625,0.015384615,0.016666667,0.0125,2.22222e-05,0.00952381,0.024285714,0.007272727,0.072727273
43007,Baby Foods,"BABYFOOD,FRUIT,TUTTI FRUTTI,JR","Babyfood, fruit, tutti frutti, junior",,,,69,0.4,0.4,16.0,9.41,0.4,10.0,0.02,0.01,7.2,0.15,3,0.08,0.02,0.03,14,0.2,0.3,4,0.0,28,0.4,0.19,0.011111111,0.011764706,0.004166667,0.08,0.01,0.0075,0.005,0.015384615,0.025,0.011666667,0.000222222,0.00952381,0.04,0.007272727,0.017272727
43008,Baby Foods,"BABYFOOD,DINNER,CHICK&RICE","Babyfood, dinner, chicken and rice",,,,51,1.6,0.9,9.2,0.55,1.1,58.0,0.03,0.1,1.0,0.11,3,0.3,0.02,0.01,18,0.025,0.2,8,0.0,20,3.0,0.25,0.064444444,0.017647059,0.041666667,0.011111111,0.007333333,0.0075,0.01875,0.015384615,0.008333333,0.015,2.77778e-05,0.019047619,0.028571429,0.054545455,0.022727273
43015,Fats and Oils,"SALAD DRSNG,CAESAR DRSNG,REG","Salad dressing, caesar dressing, regular",,,,542,2.17,57.85,3.3,2.81,0.5,9.0,0.025,0.03,0.3,4.74,2,0.04,0.01,0.01,48,0.01,1.08,2,0.038,19,1.6,0.11,0.01,0.014705882,0.0125,0.003333333,0.316,0.005,0.0025,0.007692308,0.008333333,0.04,1.11111e-05,0.004761905,0.027142857,0.029090909,0.01
43016,Fats and Oils,"SALAD DRESSING,COLESLAW","Salad dressing, coleslaw",,,,390,0.9,33.4,23.8,20.11,0.1,17.0,0.02,0.21,0.0,3.08,14,0.0,0.02,0.01,14,0.011,0.2,2,0.108,26,1.6,0.18,0.018888889,0.011764706,0.0875,0.0,0.205333333,0.035,0.0,0.015384615,0.008333333,0.011666667,1.22222e-05,0.004761905,0.037142857,0.029090909,0.016363636
43017,Fats and Oils,"SALAD DRSNG,GRN GODDESS,REG","Salad dressing, green goddess, regular",,,,427,1.9,43.33,7.36,6.67,0.1,10.0,0.01,0.26,0.2,4.6,4,0.14,0.05,0.02,34,0.01,0.35,7,0.0,31,1.6,0.25,0.011111111,0.005882353,0.108333333,0.002222222,0.306666667,0.01,0.00875,0.038461538,0.016666667,0.028333333,1.11111e-05,0.016666667,0.044285714,0.029090909,0.022727273
43019,Fats and Oils,"SALAD DRSNG,SWT&SOUR","Salad dressing, sweet and sour",,,,15,0.1,0.0,3.7,3.7,0.0,0.0,0.01,0.0,8.1,2.56,2,0.06,0.0,0.01,4,0.01,0.04,3,0.06,3,1.6,0.02,0.0,0.005882353,0.0,0.09,0.170666667,0.005,0.00375,0.0,0.008333333,0.003333333,1.11111e-05,0.007142857,0.004285714,0.029090909,0.001818182
43020,Fats and Oils,"SALAD DRSNG,BLUE OR ROQUEFORT CHS,LO CAL","Salad dressing, blue or roquefort cheese, low calorie",,,,99,5.1,7.2,2.9,2.82,0.0,0.0,0.02,0.23,0.3,0.25,3,0.05,0.1,0.02,89,0.01,0.5,7,0.0,83,1.6,0.25,0.0,0.011764706,0.095833333,0.003333333,0.016666667,0.0075,0.003125,0.076923077,0.016666667,0.074166667,1.11111e-05,0.016666667,0.118571429,0.029090909,0.022727273
43021,Fats and Oils,"SALAD DRSNG,CAESAR,LO CAL","Salad dressing, caesar, low calorie",,,,110,0.3,4.4,18.6,16.32,0.1,1.0,0.0,0.03,0.0,0.71,2,0.04,0.01,0.01,24,0.01,0.18,2,0.045,19,1.6,0.11,0.001111111,0.0,0.0125,0.0,0.047333333,0.005,0.0025,0.007692308,0.008333333,0.02,1.11111e-05,0.004761905,0.027142857,0.029090909,0.01
43026,Sweets,"SYRUPS,DIETETIC","Syrups, dietetic",,,,40,0.8,0.0,49.2,0.01,3.0,0.0,0.0,0.0,0.0,0.0,0,0.0,0.0,0.0,0,0.0,0.0,0,0.0,0,0.5,0.0,0.0,0.0,0.0,0.0,0.0,0.0,0.0,0.0,0.0,0.0,0.0,0.0,0.0,0.009090909,0.0
43028,Sweets,"JAMS & PRESERVES,DIETETIC (WITH NA SACCHARIN),ANY FLAVOR","Jams and preserves, dietetic (with sodium saccharin), any flavor",,,,132,0.3,0.3,53.6,37.81,2.5,0.0,0.02,0.0,0.0,0.09,9,0.0,0.0,0.0,9,0.024,0.4,5,0.0,9,1.7,0.06,0.0,0.011764706,0.0,0.0,0.006,0.0225,0.0,0.0,0.0,0.0075,2.66667e-05,0.011904762,0.012857143,0.030909091,0.005454545
43031,Sweets,"CANDIES,CHOC COVERED,CARAMEL W/NUTS","Candies, chocolate covered, caramel with nuts",,,,470,9.5,21.0,60.67,41.35,4.3,42.0,0.16,0.0,1.4,1.1,92,4.76,0.16,0.04,78,0.58,1.7,81,0.0,166,2.8,1.87,0.046666667,0.094117647,0.0,0.015555556,0.073333333,0.23,0.2975,0.123076923,0.033333333,0.065,0.000644444,0.192857143,0.237142857,0.050909091,0.17
43046,Sweets,"CANDIES,NOUGAT,W/ ALMONDS","Candies, nougat, with almonds",,,,398,3.33,1.67,92.39,44.97,3.3,0.0,0.02,0.01,0.3,2.77,5,0.478,0.148,0.013,32,0.134,0.59,32,0.304,55,2.6,0.42,0.0,0.011764706,0.004166667,0.003333333,0.184666667,0.0125,0.029875,0.113846154,0.010833333,0.026666667,0.000148889,0.076190476,0.078571429,0.047272727,0.038181818
43057,Sweets,"CANDIES,GUM DROPS,DIETETIC OR LO CAL (SORBITOL)","Candies, gum drops, dietetic or low calorie (sorbitol)",,,,162,0.0,0.2,88.0,70.0,18.0,0.0,0.0,0.0,0.0,0.0,0,0.0,0.0,0.0,0,0.0,0.0,0,0.0,0,0.5,0.0,0.0,0.0,0.0,0.0,0.0,0.0,0.0,0.0,0.0,0.0,0.0,0.0,0.0,0.009090909,0.0
43058,Sweets,"CANDIES,HARD,DIETETIC OR LO CAL (SORBITOL)","Candies, hard, dietetic or low calorie (sorbitol)",,,,394,0.0,0.0,98.6,0.0,0.0,0.0,0.0,0.0,0.0,0.0,0,0.0,0.0,0.0,0,0.0,0.0,0,0.0,0,0.6,0.0,0.0,0.0,0.0,0.0,0.0,0.0,0.0,0.0,0.0,0.0,0.0,0.0,0.0,0.010909091,0.0
43060,Sweets,"CHEWING GUM,SUGARLESS","Chewing gum, sugarless",,,,268,0.0,0.4,94.8,0.0,2.4,0.0,0.0,0.0,0.0,0.0,0,0.0,0.0,0.0,20,0.0,0.0,0,0.0,0,0.5,0.0,0.0,0.0,0.0,0.0,0.0,0.0,0.0,0.0,0.0,0.016666667,0.0,0.0,0.0,0.009090909,0.0
43075,Baby Foods,"FLUID REPLCMNT,ELECTROLYTE SOLN (INCLUDE PEDIALYTE)","Fluid replacement, electrolyte solution (include PEDIALYTE)",,,,10,0.0,0.0,2.45,2.45,0.0,0.0,0.0,0.0,0.0,0.0,0,0.0,0.0,0.0,10,0.01,0.0,1,0.0,10,0.0,0.02,0.0,0.0,0.0,0.0,0.0,0.0,0.0,0.0,0.0,0.008333333,1.11111e-05,0.002380952,0.014285714,0.0,0.001818182
43078,Dairy and Egg Products,"BEVERAGE,MILKSHAKE MIX,DRY,NOT CHOC","Beverage, milkshake mix, dry, not chocolate",,,,329,23.5,2.6,52.9,51.3,1.6,246.0,0.11,2.39,1.2,0.05,42,1.25,0.34,0.11,880,0.8,7.7,200,0.0,150,14.3,3.6,0.273333333,0.064705882,0.995833333,0.013333333,0.003333333,0.105,0.078125,0.261538462,0.091666667,0.733333333,0.000888889,0.476190476,0.214285714,0.26,0.327272727
43098,Sweets,"PIE FILLINGS,CHERRY,LO CAL","Pie fillings, cherry, low calorie",,,,53,0.82,0.16,11.98,9.15,1.2,10.0,0.027,0.0,2.8,0.0,4,0.361,0.039,0.02,11,0.084,0.33,8,0.057,15,0.1,0.07,0.011111111,0.015882353,0.0,0.031111111,0.0,0.01,0.0225625,0.03,0.016666667,0.009166667,9.33333e-05,0.019047619,0.021428571,0.001818182,0.006363636
43100,Snacks,"BREAKFAST BARS,OATS,SUGAR,RAISINS,COCNT (INCL GRANOLA BAR)","Breakfast bars, oats, sugar, raisins, coconut (include granola bar)",,,,464,9.8,17.6,66.7,27.52,3.1,8.0,0.35,0.0,1.0,0.82,81,1.75,0.11,0.28,60,0.36,3.18,101,0.0,277,16.0,1.6,0.008888889,0.205882353,0.0,0.011111111,0.054666667,0.2025,0.109375,0.084615385,0.233333333,0.05,0.0004,0.24047619,0.395714286,0.290909091,0.145454545
43109,Snacks,"PRETZELS,SOFT","Pretzels, soft",,,,338,8.2,3.1,69.39,0.25,1.7,0.0,0.02,0.0,0.0,0.54,24,4.27,0.29,0.41,23,0.126,3.92,21,0.0,79,17.2,0.94,0.0,0.011764706,0.0,0.0,0.036,0.06,0.266875,0.223076923,0.341666667,0.019166667,0.00014,0.05,0.112857143,0.312727273,0.085454545
43112,Legumes and Legume Products,"BEANS,CHILI,BARBECUE,RANCH STYLE,CKD","Beans, chili, barbecue, ranch style, cooked",,,,97,5.0,1.0,16.9,5.25,4.2,1.0,0.27,0.01,1.7,0.21,26,0.36,0.15,0.04,31,0.252,1.86,45,0.0,154,1.3,2.0,0.001111111,0.158823529,0.004166667,0.018888889,0.014,0.065,0.0225,0.115384615,0.033333333,0.025833333,0.00028,0.107142857,0.22,0.023636364,0.181818182
43114,Legumes and Legume Products,"VERMICELLI,MADE FROM SOY","Vermicelli, made from soy",,,,331,0.1,0.1,82.32,17.44,3.9,2.0,0.0,0.0,0.0,0.51,0,0.0,0.0,0.0,55,1.916,1.81,2,0.0,20,27.0,4.24,0.002222222,0.0,0.0,0.0,0.034,0.0,0.0,0.0,0.0,0.045833333,0.002128889,0.004761905,0.028571429,0.490909091,0.385454545
43125,Legumes and Legume Products,"BEANS,LIQ FROM STWD KIDNEY BNS","Beans, liquid from stewed kidney beans",,,,47,1.8,3.2,2.8,0.0,0.1,0.0,0.03,0.02,0.0,0.0,33,0.39,0.09,0.1,13,0.098,1.96,37,0.0,88,0.5,0.49,0.0,0.017647059,0.008333333,0.0,0.0,0.0825,0.024375,0.069230769,0.083333333,0.010833333,0.000108889,0.088095238,0.125714286,0.009090909,0.044545455
43128,Legumes and Legume Products,"CHICKEN,MEATLESS","Chicken, meatless",,,,224,23.64,12.73,3.64,0.0,3.6,0.0,0.7,2.18,0.0,2.68,76,1.454,0.247,0.062,35,0.689,3.27,17,1.177,335,7.4,0.7,0.0,0.411764706,0.908333333,0.0,0.178666667,0.19,0.090875,0.19,0.051666667,0.029166667,0.000765556,0.04047619,0.478571429,0.134545455,0.063636364
43129,Legumes and Legume Products,"FISH STICKS,MEATLESS","Fish sticks, meatless",,,,290,23.0,18.0,9.0,0.8,6.1,0.0,1.5,4.2,0.0,3.95,102,12.0,0.9,1.1,95,0.925,2.0,23,0.0,450,4.4,1.4,0.0,0.882352941,1.75,0.0,0.263333333,0.255,0.75,0.692307692,0.916666667,0.079166667,0.001027778,0.054761905,0.642857143,0.08,0.127272727
43130,Legumes and Legume Products,"FRANKFURTER,MEATLESS","Frankfurter, meatless","hot dog, wiener, frank",,,233,19.61,13.73,7.7,0.0,3.9,0.0,0.078,2.35,0.0,1.92,78,3.137,0.833,0.441,33,0.706,1.41,18,0.0,344,7.4,1.2,0.0,0.045882353,0.979166667,0.0,0.128,0.195,0.1960625,0.640769231,0.3675,0.0275,0.000784444,0.042857143,0.491428571,0.134545455,0.109090909
43131,Legumes and Legume Products,"LUNCHEON SLICES,MEATLESS","Luncheon slices, meatless",,,,189,17.78,11.11,4.44,2.22,0.0,0.0,0.889,4.0,0.0,3.0,100,11.11,0.302,4.0,41,0.908,1.8,23,0.0,442,7.4,1.6,0.0,0.522941176,1.666666667,0.0,0.2,0.25,0.694375,0.232307692,3.333333333,0.034166667,0.001008889,0.054761905,0.631428571,0.134545455,0.145454545
43132,Legumes and Legume Products,"MEATBALLS,MEATLESS","Meatballs, meatless",,,,197,21.0,9.0,8.0,1.25,4.6,0.0,0.2,1.5,0.0,1.73,78,2.5,0.213,0.938,25,0.706,2.16,18,0.0,344,0.8,1.8,0.0,0.117647059,0.625,0.0,0.115333333,0.195,0.15625,0.163846154,0.781666667,0.020833333,0.000784444,0.042857143,0.491428571,0.014545455,0.163636364
43134,Legumes and Legume Products,VEGETARIAN FILLETS,Vegetarian fillets,,,,290,23.0,18.0,9.0,0.8,6.1,0.0,1.5,4.2,0.0,3.45,102,12.0,0.9,1.1,95,0.925,2.0,23,0.0,450,1.0,1.4,0.0,0.882352941,1.75,0.0,0.23,0.255,0.75,0.692307692,0.916666667,0.079166667,0.001027778,0.054761905,0.642857143,0.018181818,0.127272727
43135,Legumes and Legume Products,"SANDWICH SPREAD,MEATLESS","Sandwich spread, meatless",,,,149,8.0,9.0,9.0,4.58,3.3,0.0,1.1,3.1,0.0,1.73,103,13.0,0.7,0.6,44,0.649,1.5,127,0.765,220,0.5,1.3,0.0,0.647058824,1.291666667,0.0,0.115333333,0.2575,0.8125,0.538461538,0.5,0.036666667,0.000721111,0.302380952,0.314285714,0.009090909,0.118181818
43136,Legumes and Legume Products,VEGETARIAN STEW,Vegetarian stew,,,,123,17.0,3.0,7.0,1.25,1.1,47.0,1.1,2.2,0.0,0.49,103,12.0,0.6,0.7,31,0.649,1.3,127,0.0,220,0.5,1.1,0.052222222,0.647058824,0.916666667,0.0,0.032666667,0.2575,0.75,0.461538462,0.583333333,0.025833333,0.000721111,0.302380952,0.314285714,0.009090909,0.1
43137,Legumes and Legume Products,VEGETARIAN MEATLOAF OR PATTIES,Vegetarian meatloaf or patties,,,,197,21.0,9.0,8.0,1.2,4.6,0.0,1.2,2.4,0.0,1.73,78,10.0,0.6,0.9,29,0.706,2.1,18,0.0,344,0.8,1.8,0.0,0.705882353,1.0,0.0,0.115333333,0.195,0.625,0.461538462,0.75,0.024166667,0.000784444,0.042857143,0.491428571,0.014545455,0.163636364
43142,Vegetables and Vegetable Products,"RADISHES,HAWAIIAN STYLE,PICKLED","Radishes, hawaiian style, pickled",,,,28,1.1,0.3,5.2,2.0,2.2,0.0,0.1,0.0,0.0,0.0,9,0.31,0.03,0.02,28,0.171,0.23,8,0.057,31,0.7,0.22,0.0,0.058823529,0.0,0.0,0.0,0.0225,0.019375,0.023076923,0.016666667,0.023333333,0.00019,0.019047619,0.044285714,0.012727273,0.02
43143,Vegetables and Vegetable Products,"CABBAGE,JAPANESE STYLE,FRSH,PICKLED","Cabbage, japanese style, fresh, pickled",,,,30,1.6,0.1,5.67,1.3,3.1,9.0,0.1,0.0,0.7,0.12,42,0.18,0.04,0.0,48,0.025,0.49,12,0.238,43,1.0,0.2,0.01,0.058823529,0.0,0.007777778,0.008,0.105,0.01125,0.030769231,0.0,0.04,2.77778e-05,0.028571429,0.061428571,0.018181818,0.018181818
43144,Vegetables and Vegetable Products,"CABBAGE,MUSTARD,SALTED","Cabbage, mustard, salted",,,,28,1.1,0.1,5.63,1.4,3.1,49.0,0.3,0.0,0.0,0.02,72,0.72,0.09,0.04,67,0.034,0.7,15,0.218,27,0.9,0.3,0.054444444,0.176470588,0.0,0.0,0.001333333,0.18,0.045,0.069230769,0.033333333,0.055833333,3.77778e-05,0.035714286,0.038571429,0.016363636,0.027272727
43146,Vegetables and Vegetable Products,"EGGPLANT,PICKLED","Eggplant, pickled",,,,49,0.9,0.7,9.77,4.8,2.5,3.0,0.14,0.0,0.0,0.03,20,0.66,0.07,0.05,25,0.173,0.77,6,0.0,9,0.6,0.23,0.003333333,0.082352941,0.0,0.0,0.002,0.05,0.04125,0.053846154,0.041666667,0.020833333,0.000192222,0.014285714,0.012857143,0.010909091,0.020909091
43154,Beverages,"ALCOHOLIC BEV,WINE,COOKING","Alcoholic beverage, wine, cooking",,,,50,0.5,0.0,6.3,1.55,0.0,0.0,0.02,0.0,0.0,0.0,1,0.1,0.01,0.0,9,0.011,0.4,10,0.0,15,0.2,0.08,0.0,0.011764706,0.0,0.0,0.0,0.0025,0.00625,0.007692308,0.0,0.0075,1.22222e-05,0.023809524,0.021428571,0.003636364,0.007272727
43155,Beverages,"ALCOHOLIC BEV,WINE,LT","Alcoholic beverage, wine, light",,,,49,0.07,0.0,1.17,1.15,0.0,0.0,0.02,0.0,0.0,0.0,1,0.1,0.01,0.0,9,0.011,0.4,10,0.0,15,0.2,0.08,0.0,0.011764706,0.0,0.0,0.0,0.0025,0.00625,0.007692308,0.0,0.0075,1.22222e-05,0.023809524,0.021428571,0.003636364,0.007272727
43158,Sweets,"SWEETENERS,TABLETOP,SACCHARIN (SODIUM SACCHARIN)","Sweeteners, tabletop, saccharin (sodium saccharin)",,,,360,0.94,0.0,89.11,85.19,0.0,0.0,0.0,0.0,0.0,0.0,0,0.0,0.0,0.0,0,0.0,0.04,0,0.0,0,0.0,0.01,0.0,0.0,0.0,0.0,0.0,0.0,0.0,0.0,0.0,0.0,0.0,0.0,0.0,0.0,0.000909091
43205,Dairy and Egg Products,"BEVERAGE,INST BRKFST PDR,CHOC,NOT RECON","Beverage, instant breakfast powder, chocolate, not reconstituted",,,,353,19.9,1.4,66.2,65.8,0.4,625.0,1.14,1.71,76.9,9.37,485,14.24,0.2,0.85,285,1.425,12.82,228,0.0,427,12.1,8.55,0.694444444,0.670588235,0.7125,0.854444444,0.624666667,1.2125,0.89,0.153846154,0.708333333,0.2375,0.001583333,0.542857143,0.61,0.22,0.777272727
43212,Legumes and Legume Products,"BACON BITS,MEATLESS","Bacon bits, meatless",,,,476,32.0,25.9,28.6,0.0,10.2,0.0,0.08,1.2,1.9,6.9,127,1.6,0.07,0.6,101,0.539,0.72,95,0.0,217,7.4,1.87,0.0,0.047058824,0.5,0.021111111,0.46,0.3175,0.1,0.053846154,0.5,0.084166667,0.000598889,0.226190476,0.31,0.134545455,0.17
43214,Fats and Oils,"BUTTER REPLCMNT,WO/FAT,PDR","Butter replacement, without fat, powder",,,,373,2.0,1.0,89.0,5.3,0.0,0.0,0.0,0.0,0.0,0.0,0,0.0,0.0,0.0,23,0.0,2.0,0,0.0,8,0.0,0.0,0.0,0.0,0.0,0.0,0.0,0.0,0.0,0.0,0.0,0.019166667,0.0,0.0,0.011428571,0.0,0.0
43215,Fats and Oils,"SALAD DRSNG,BTTRMLK,LITE","Salad dressing, buttermilk, lite",,,,202,1.25,12.42,21.33,3.77,1.1,18.0,0.029,0.0,0.6,1.6,4,0.007,0.027,0.022,40,0.162,0.69,6,0.053,193,2.9,0.62,0.02,0.017058824,0.0,0.006666667,0.106666667,0.01,0.0004375,0.020769231,0.018333333,0.033333333,0.00018,0.014285714,0.275714286,0.052727273,0.056363636
43216,Sweets,"SWEETENERS,TABLETOP,FRUCTOSE,DRY,PDR","Sweeteners, tabletop, fructose, dry, powder",,,,368,0.0,0.0,100.0,92.7,0.0,0.0,0.0,0.0,0.0,0.0,0,0.0,0.0,0.0,0,0.221,0.1,0,0.0,0,0.6,0.0,0.0,0.0,0.0,0.0,0.0,0.0,0.0,0.0,0.0,0.0,0.000245556,0.0,0.0,0.010909091,0.0
43217,Vegetables and Vegetable Products,"TOMATO SAU,CND,NO SALT ADDED","Tomato sauce, canned, no salt added",,,,24,1.2,0.3,5.31,3.56,1.5,22.0,0.098,0.0,7.0,1.44,9,0.991,0.065,0.024,14,0.115,0.96,15,0.113,27,0.6,0.22,0.024444444,0.057647059,0.0,0.077777778,0.096,0.0225,0.0619375,0.05,0.02,0.011666667,0.000127778,0.035714286,0.038571429,0.010909091,0.02
43218,Breakfast Cereals,"CEREALS RTE,ALPEN","Cereals ready-to-eat, ALPEN",,The Weetabix Company,,352,11.2,3.3,75.7,20.0,9.1,0.0,0.28,0.12,8.7,0.51,30,2.12,0.4,0.4,147,0.3,3.0,94,0.0,371,17.3,3.0,0.0,0.164705882,0.05,0.096666667,0.034,0.075,0.1325,0.307692308,0.333333333,0.1225,0.000333333,0.223809524,0.53,0.314545455,0.272727273
43241,Breakfast Cereals,"CEREALS RTE,FAMILIA","Cereals ready-to-eat, FAMILIA",,,,388,9.5,6.3,73.8,23.2,8.5,1.0,0.1,0.29,0.6,1.16,16,1.8,0.55,0.32,173,0.407,2.78,317,0.0,337,17.3,1.92,0.001111111,0.058823529,0.120833333,0.006666667,0.077333333,0.04,0.1125,0.423076923,0.266666667,0.144166667,0.000452222,0.754761905,0.481428571,0.314545455,0.174545455
43245,Breakfast Cereals,"CEREALS RTE,WHEAT&BRAN,PRESWEETENED W/NUTS&FRUITS","Cereals ready-to-eat, wheat and bran, presweetened with nuts and fruits",,,,385,7.1,5.6,76.2,23.6,9.7,410.0,0.91,2.73,0.0,2.32,296,9.09,0.77,0.68,43,0.473,9.82,120,2.474,294,17.3,2.73,0.455555556,0.535294118,1.1375,0.0,0.154666667,0.74,0.568125,0.592307692,0.566666667,0.035833333,0.000525556,0.285714286,0.42,0.314545455,0.248181818
43260,Dairy and Egg Products,"BEVERAGE,INST BRKFST PDR,CHOC,SUGAR-FREE,NOT RECON","Beverage, instant breakfast powder, chocolate, sugar-free, not reconstituted",,,,358,35.8,5.1,41.0,39.0,2.0,2686.0,2.0,3.1,138.0,16.88,850,25.6,0.35,1.5,500,2.6,2.3,410,0.0,500,21.8,15.4,2.984444444,1.176470588,1.291666667,1.533333333,1.125333333,2.125,1.6,0.269230769,1.25,0.416666667,0.002888889,0.976190476,0.714285714,0.396363636,1.4
43261,Dairy and Egg Products,"YOGURT,FRUIT VAR,NON-FAT","Yogurt, fruit variety, nonfat",,,,95,4.4,0.2,19.0,19.0,0.0,2.0,0.04,0.47,0.7,0.06,9,0.1,0.18,0.04,152,0.011,0.07,15,0.035,119,6.0,0.74,0.002222222,0.023529412,0.195833333,0.007777778,0.004,0.0225,0.00625,0.138461538,0.033333333,0.126666667,1.22222e-05,0.035714286,0.17,0.109090909,0.067272727
43268,Dairy and Egg Products,"WHIPPED CRM SUB,DIETETIC,MADE FROM PDR MIX","Whipped cream substitute, dietetic, made from powdered mix",,,,100,0.9,6.0,10.6,10.6,0.0,0.0,0.0,0.0,0.0,0.05,0,0.0,0.0,0.0,3,0.022,0.01,1,0.0,30,0.5,0.01,0.0,0.0,0.0,0.0,0.003333333,0.0,0.0,0.0,0.0,0.0025,2.44444e-05,0.002380952,0.042857143,0.009090909,0.000909091
43269,Sweets,"FROZEN NOVELTIES,ICE CRM TYPE,SUNDAE,PREPACKAGED","Frozen novelties, ice cream type, sundae, prepackaged",,,,185,4.3,6.0,29.4,20.74,0.3,131.0,0.05,0.39,1.8,0.12,5,0.64,0.19,0.04,120,0.06,0.25,19,0.011,131,2.0,0.54,0.145555556,0.029411765,0.1625,0.02,0.008,0.0125,0.04,0.146153846,0.033333333,0.1,6.66667e-05,0.045238095,0.187142857,0.036363636,0.049090909
43273,Dairy and Egg Products,"CHEESE,COTTAGE,W/VEG","Cheese, cottage, with vegetables",,,,95,10.9,4.2,3.0,0.37,0.1,53.0,0.05,0.49,4.0,0.05,17,0.1,0.13,0.01,56,0.028,0.1,4,0.0,128,4.5,0.29,0.058888889,0.029411765,0.204166667,0.044444444,0.003333333,0.0425,0.00625,0.1,0.008333333,0.046666667,3.11111e-05,0.00952381,0.182857143,0.081818182,0.026363636
43274,Dairy and Egg Products,"CHEESE,CREAM,LOW FAT","Cheese, cream, low fat",,,,201,7.85,15.28,8.13,5.82,0.0,161.0,0.045,0.92,0.0,0.27,19,0.125,0.185,0.04,148,0.032,0.17,8,0.011,152,4.0,0.57,0.178888889,0.026470588,0.383333333,0.0,0.018,0.0475,0.0078125,0.142307692,0.033333333,0.123333333,3.55556e-05,0.019047619,0.217142857,0.072727273,0.051818182
43275,Dairy and Egg Products,"CHEESE,PAST PROCESS,AMERICAN,LOFAT","Cheese, pasteurized process, American, low fat",,,,180,24.6,7.0,3.5,0.59,0.0,57.0,0.08,0.77,0.0,0.27,9,0.08,0.39,0.03,684,0.033,0.43,24,0.0,827,16.6,3.32,0.063333333,0.047058824,0.320833333,0.0,0.018,0.0225,0.005,0.3,0.025,0.57,3.66667e-05,0.057142857,1.181428571,0.301818182,0.301818182
43276,Dairy and Egg Products,"CHEESE SPRD,CRM CHS BASE","Cheese spread, cream cheese base",,,,295,7.1,28.6,3.5,3.5,0.0,302.0,0.04,0.4,0.0,0.77,12,0.95,0.19,0.02,71,0.015,1.13,6,0.0,91,2.7,0.51,0.335555556,0.023529412,0.166666667,0.0,0.051333333,0.03,0.059375,0.146153846,0.016666667,0.059166667,1.66667e-05,0.014285714,0.13,0.049090909,0.046363636
43278,Dairy and Egg Products,"CHEESE,AMERICAN CHEDDAR,IMITN","Cheese, american cheddar, imitation",,,,239,16.7,14.0,11.6,7.74,0.0,114.0,0.12,0.4,0.0,0.27,7,0.13,0.43,0.05,562,0.033,0.33,29,0.0,712,15.2,2.59,0.126666667,0.070588235,0.166666667,0.0,0.018,0.0175,0.008125,0.330769231,0.041666667,0.468333333,3.66667e-05,0.069047619,1.017142857,0.276363636,0.235454545
43282,Poultry Products,"QUAIL,COOKED,TOTAL EDIBLE","Quail, cooked, total edible",,,,227,25.1,14.1,0.0,0.0,0.0,70.0,0.62,0.36,2.3,0.7,6,7.92,0.3,0.22,15,0.592,4.43,22,0.0,279,21.8,3.1,0.077777778,0.364705882,0.15,0.025555556,0.046666667,0.015,0.495,0.230769231,0.183333333,0.0125,0.000657778,0.052380952,0.398571429,0.396363636,0.281818182
43283,Poultry Products,"PHEASANT,CKD,TOTAL EDIBLE","Pheasant, cooked, total edible",,,,239,32.4,12.1,0.0,0.0,0.0,57.0,0.75,0.72,2.3,0.27,5,7.53,0.18,0.07,16,0.084,1.43,22,0.0,242,20.7,1.37,0.063333333,0.441176471,0.3,0.025555556,0.018,0.0125,0.470625,0.138461538,0.058333333,0.013333333,9.33333e-05,0.052380952,0.345714286,0.376363636,0.124545455
43285,Dairy and Egg Products,"EGGS,SCRMBLD,FRZ MIXTURE","Eggs, scrambled, frozen mixture",,,,131,13.1,5.6,7.5,7.5,0.0,21.0,0.01,0.17,0.0,0.84,17,0.09,0.3,0.01,17,0.03,0.23,10,0.0,30,22.9,0.14,0.023333333,0.005882353,0.070833333,0.0,0.056,0.0425,0.005625,0.230769231,0.008333333,0.014166667,3.33333e-05,0.023809524,0.042857143,0.416363636,0.012727273
43287,Poultry Products,"DOVE,CKD (INCL SQUAB)","Dove, cooked (includes squab)",,,,213,23.9,13.0,0.0,0.0,0.0,28.0,0.57,0.41,2.9,0.06,6,7.6,0.35,0.28,17,0.763,5.91,26,0.0,332,20.1,3.83,0.031111111,0.335294118,0.170833333,0.032222222,0.004,0.015,0.475,0.269230769,0.233333333,0.014166667,0.000847778,0.061904762,0.474285714,0.365454545,0.348181818
43297,Pork Products,"PORK,ORIENTAL STYLE,DEHYD","Pork, oriental style, dehydrated",,,,615,11.8,62.4,1.4,0.0,0.0,0.0,0.2,0.3,0.0,0.36,2,2.1,0.14,0.45,10,0.064,0.5,11,0.0,128,36.3,1.15,0.0,0.117647059,0.125,0.0,0.024,0.005,0.13125,0.107692308,0.375,0.008333333,7.11111e-05,0.026190476,0.182857143,0.66,0.104545455
43299,Legumes and Legume Products,"SOYBEAN,CURD CHEESE","Soybean, curd cheese",,,,151,12.5,8.1,6.9,1.6,0.0,2.0,0.07,0.0,0.0,0.6,22,0.5,0.14,0.0,188,0.38,5.6,228,0.889,222,16.8,1.72,0.002222222,0.041176471,0.0,0.0,0.04,0.055,0.03125,0.107692308,0.0,0.156666667,0.000422222,0.542857143,0.317142857,0.305454545,0.156363636
43311,Vegetables and Vegetable Products,"POTATOES,CND,DRND SOL,NO SALT","Potatoes, canned, drained solids, no salt added",,,,62,1.4,0.2,13.6,0.59,2.4,0.0,0.19,0.0,5.1,0.05,6,0.92,0.01,0.07,5,0.057,1.26,14,0.12,28,0.9,0.28,0.0,0.111764706,0.0,0.056666667,0.003333333,0.015,0.0575,0.007692308,0.058333333,0.004166667,6.33333e-05,0.033333333,0.04,0.016363636,0.025454545
43312,Vegetables and Vegetable Products,"VEGETABLES,MXD (CORN,LIMA BNS,PEAS,GRN BNS,CRRT) CND,NO SALT","Vegetables, mixed (corn, lima beans, peas, green beans, carrots) canned, no salt added",,,,37,1.4,0.2,7.31,2.41,3.1,583.0,0.08,0.0,3.8,0.29,18,0.48,0.04,0.03,21,0.104,0.65,15,0.0,37,0.3,0.51,0.647777778,0.047058824,0.0,0.042222222,0.019333333,0.045,0.03,0.030769231,0.025,0.0175,0.000115556,0.035714286,0.052857143,0.005454545,0.046363636
43325,Pork Products,"PORK,CURED,HAM,BNLESS,LO NA,EX LN & REG,RSTD","Pork, cured, ham, boneless, low sodium, extra lean and regular, roasted",,,,165,22.0,7.7,0.5,0.0,0.0,0.0,0.35,0.68,0.0,0.28,3,5.32,0.28,0.74,8,0.119,1.4,19,0.0,248,19.5,2.63,0.0,0.205882353,0.283333333,0.0,0.018666667,0.0075,0.3325,0.215384615,0.616666667,0.006666667,0.000132222,0.045238095,0.354285714,0.354545455,0.239090909
43326,Pork Products,"PORK,CURED,HAM,LO NA,LN & FAT,CKD","Pork, cured, ham, low sodium, lean and fat, cooked",,,,172,22.3,8.3,0.3,0.0,0.0,0.0,0.33,0.69,0.0,0.28,3,5.74,0.31,0.73,8,0.132,1.37,21,0.0,265,19.5,2.55,0.0,0.194117647,0.2875,0.0,0.018666667,0.0075,0.35875,0.238461538,0.608333333,0.006666667,0.000146667,0.05,0.378571429,0.354545455,0.231818182
43327,Pork Products,"PORK,CURED,HAM,BNLESS,LO NA,EX LN (APPROXIMATLY 5% FAT),RSTD","Pork, cured, ham, boneless, low sodium, extra lean (approximately 5% fat), roasted",,,,145,20.9,5.5,1.5,0.0,0.0,0.0,0.4,0.65,0.0,0.25,3,4.02,0.2,0.75,8,0.079,1.48,14,0.0,196,19.5,2.88,0.0,0.235294118,0.270833333,0.0,0.016666667,0.0075,0.25125,0.153846154,0.625,0.006666667,8.77778e-05,0.033333333,0.28,0.354545455,0.261818182
43329,Fats and Oils,"SALAD DRSNG,MAYO & MAYONNAISE-TYPE,LO CAL","Salad dressing, mayonnaise and mayonnaise-type, low calorie",,,,263,0.9,19.0,23.9,4.34,0.0,21.0,0.02,0.21,0.0,3.07,6,0.0,0.02,0.01,14,0.001,0.26,2,0.0,30,1.6,0.18,0.023333333,0.011764706,0.0875,0.0,0.204666667,0.015,0.0,0.015384615,0.008333333,0.011666667,1.11111e-06,0.004761905,0.042857143,0.029090909,0.016363636
43331,Fats and Oils,"SALAD DRSNG,BACON&TOMATO","Salad dressing, bacon and tomato",,,,326,1.8,35.0,2.0,2.0,0.2,11.0,0.08,0.09,8.8,4.0,0,0.7,0.02,0.04,4,0.03,0.27,6,0.0,25,1.6,0.2,0.012222222,0.047058824,0.0375,0.097777778,0.266666667,0.0,0.04375,0.015384615,0.033333333,0.003333333,3.33333e-05,0.014285714,0.035714286,0.029090909,0.018181818
43340,Dairy and Egg Products,"CHEESE,PARMESAN,LO NA","Cheese, parmesan, low sodium",,,,451,41.6,29.99,3.7,0.85,0.0,125.0,0.1,1.4,0.0,0.27,10,0.32,0.39,0.04,800,0.037,0.95,51,0.0,807,23.9,3.19,0.138888889,0.058823529,0.583333333,0.0,0.018,0.025,0.02,0.3,0.033333333,0.666666667,4.11111e-05,0.121428571,1.152857143,0.434545455,0.29
43345,Beverages,"FRUIT-FLAVORED DRK,PDR,W/ HI VIT C W/ OTHER ADDED VIT,LO CAL","Fruit-flavored drink, powder, with high vitamin C with other added vitamins, low calorie",,,,227,0.25,0.16,91.0,0.0,2.2,5997.0,8.0,0.0,2400.0,0.02,5,80.0,6.8,0.009,800,0.011,0.08,245,0.008,493,0.0,0.01,6.663333333,4.705882353,0.0,26.66666667,0.001333333,0.0125,5.0,5.230769231,0.0075,0.666666667,1.22222e-05,0.583333333,0.704285714,0.0,0.000909091
43346,Sweets,"FROZEN NOVELTIES,JUC TYPE,ORANGE","Frozen novelties, juice type, orange",,,,95,0.5,0.0,23.17,19.99,0.1,1.0,0.018,0.0,25.7,0.04,18,0.16,0.03,0.01,9,0.022,0.47,8,0.008,13,0.1,0.02,0.001111111,0.010588235,0.0,0.285555556,0.002666667,0.045,0.01,0.023076923,0.008333333,0.0075,2.44444e-05,0.019047619,0.018571429,0.001818182,0.001818182
43350,Vegetables and Vegetable Products,"SAUERKRAUT,CND,LO NA","Sauerkraut, canned, low sodium",,,,22,0.9,0.1,4.35,1.78,2.5,1.0,0.09,0.0,14.7,0.14,24,0.14,0.02,0.02,30,0.096,1.47,13,0.151,20,0.6,0.19,0.001111111,0.052941176,0.0,0.163333333,0.009333333,0.06,0.00875,0.015384615,0.016666667,0.025,0.000106667,0.030952381,0.028571429,0.010909091,0.017272727
43352,Dairy and Egg Products,"CHEESE,COTTAGE,LOWFAT,1% MILKFAT,NO NA","Cheese, cottage, lowfat, 1% milkfat, no sodium added",,,,72,12.4,1.0,2.7,2.7,0.0,11.0,0.07,0.63,0.0,0.01,12,0.13,0.16,0.02,61,0.028,0.14,5,0.0,134,8.4,0.38,0.012222222,0.041176471,0.2625,0.0,0.000666667,0.03,0.008125,0.123076923,0.016666667,0.050833333,3.11111e-05,0.011904762,0.191428571,0.152727273,0.034545455
43355,Fats and Oils,"MAYONNAISE,LO NA,LO CAL OR DIET","Mayonnaise, low sodium, low calorie or diet",,,,231,0.3,19.2,16.0,4.2,0.0,0.0,0.0,0.06,0.0,6.43,0,0.0,0.01,0.0,0,0.0,0.0,0,0.0,0,1.6,0.11,0.0,0.0,0.025,0.0,0.428666667,0.0,0.0,0.007692308,0.0,0.0,0.0,0.0,0.0,0.029090909,0.01
43364,Snacks,"SNACKS,TORTILLA CHIPS,UNSALTED,WHITE CORN","Snacks, tortilla chips, unsalted, white corn",,,,503,7.79,23.36,65.32,1.0,5.3,4.0,0.213,0.36,0.0,3.53,10,1.262,0.1,0.015,174,0.523,2.32,146,0.0,200,6.7,2.46,0.004444444,0.125294118,0.15,0.0,0.235333333,0.025,0.078875,0.076923077,0.0125,0.145,0.000581111,0.347619048,0.285714286,0.121818182,0.223636364
43365,Vegetables and Vegetable Products,"TOMATO&VEG JUC,LO NA","Tomato and vegetable juice, low sodium",,,,22,0.6,0.1,4.59,3.8,0.8,78.0,0.14,0.0,27.7,0.32,21,0.73,0.03,0.04,11,0.2,0.42,11,0.0,17,0.5,0.2,0.086666667,0.082352941,0.0,0.307777778,0.021333333,0.0525,0.045625,0.023076923,0.033333333,0.009166667,0.000222222,0.026190476,0.024285714,0.009090909,0.018181818
43366,Poultry Products,"TURKEY,WING,SMOKED,CKD,W/SKN,BONE REMOVED","Turkey, wing, smoked, cooked, with skin, bone removed",,,,221,27.4,12.41,0.0,0.0,0.0,0.0,0.42,0.34,0.0,0.17,6,5.73,0.13,0.05,24,0.056,1.46,25,0.0,197,26.0,2.1,0.0,0.247058824,0.141666667,0.0,0.011333333,0.015,0.358125,0.1,0.041666667,0.02,6.22222e-05,0.05952381,0.281428571,0.472727273,0.190909091
43367,Poultry Products,"TURKEY,DRUMSTK,SMOKED,CKD,W/SKN,BONE REMOVED","Turkey, drumstick, smoked, cooked, with skin, bone removed",,,,208,27.9,9.8,0.0,0.0,0.0,0.0,0.33,0.36,0.0,0.62,9,3.56,0.24,0.06,32,0.154,2.3,23,0.0,199,38.3,4.27,0.0,0.194117647,0.15,0.0,0.041333333,0.0225,0.2225,0.184615385,0.05,0.026666667,0.000171111,0.054761905,0.284285714,0.696363636,0.388181818
43369,Beverages,"CHOCOLATE-FLAVORED DRK,WHEY&MILK BSD","Chocolate-flavored drink, whey and milk based",,,,49,0.64,0.4,10.68,8.68,0.6,60.0,0.011,0.06,2.0,0.01,1,0.106,0.051,0.01,100,0.074,0.33,11,0.073,24,0.7,0.16,0.066666667,0.006470588,0.025,0.022222222,0.000666667,0.0025,0.006625,0.039230769,0.008333333,0.083333333,8.22222e-05,0.026190476,0.034285714,0.012727273,0.014545455
43373,Baby Foods,"BABYFOOD,DINNER,CHICK&NOODLE W/VEG,TODD","Babyfood, dinner, chicken and noodle with vegetables, toddler",,,,66,3.8,1.7,8.89,0.82,0.6,98.0,0.06,0.14,1.7,0.19,12,1.23,0.05,0.04,11,0.02,0.4,10,0.0,42,3.7,0.41,0.108888889,0.035294118,0.058333333,0.018888889,0.012666667,0.03,0.076875,0.038461538,0.033333333,0.009166667,2.22222e-05,0.023809524,0.06,0.067272727,0.037272727
43378,Pork Products,"PORK,CURED,BACON,CKD,BRLD,PAN-FRIED OR RSTD,RED NA","Pork, cured, bacon, cooked, broiled, pan-fried or roasted, reduced sodium",,,,541,37.04,41.78,1.43,0.0,0.0,11.0,0.349,1.23,0.0,0.31,2,11.099,0.264,0.404,11,0.164,1.44,33,0.022,533,62.0,3.5,0.012222222,0.205294118,0.5125,0.0,0.020666667,0.005,0.6936875,0.203076923,0.336666667,0.009166667,0.000182222,0.078571429,0.761428571,1.127272727,0.318181818
43379,Dairy and Egg Products,"CHEESE,PAST PROCESS,SWISS,LOFAT","Cheese, pasteurized process, swiss, low fat",,,,165,25.5,5.1,4.3,1.35,0.0,40.0,0.08,0.77,0.0,0.07,9,0.08,0.39,0.03,684,0.033,0.43,24,0.0,827,17.4,3.32,0.044444444,0.047058824,0.320833333,0.0,0.004666667,0.0225,0.005,0.3,0.025,0.57,3.66667e-05,0.057142857,1.181428571,0.316363636,0.301818182
43382,Fruits and Fruit Juices,"CRANBERRY JUC,UNSWTND","Cranberry juice, unsweetened",,,,46,0.39,0.13,12.2,12.1,0.1,2.0,0.052,0.0,9.3,1.2,1,0.091,0.018,0.009,8,0.055,0.25,6,0.0,13,0.1,0.1,0.002222222,0.030588235,0.0,0.103333333,0.08,0.0025,0.0056875,0.013846154,0.0075,0.006666667,6.11111e-05,0.014285714,0.018571429,0.001818182,0.009090909
43384,Sausages and Luncheon Meats,"BEEF,BOLOGNA,RED NA","Beef, bologna, reduced sodium",,,,310,11.7,28.4,2.0,0.0,0.0,0.0,0.18,1.41,0.0,0.19,5,2.63,0.13,0.06,12,0.03,1.4,10,0.0,82,11.7,2.0,0.0,0.105882353,0.5875,0.0,0.012666667,0.0125,0.164375,0.1,0.05,0.01,3.33333e-05,0.023809524,0.117142857,0.212727273,0.181818182
43387,Vegetables and Vegetable Products,"TURNIP GRNS,CND,NO SALT","Turnip greens, canned, no salt added",,,,19,1.36,0.3,2.81,0.42,1.3,298.0,0.04,0.0,15.5,1.47,92,0.36,0.06,0.01,118,0.083,1.51,20,0.263,21,0.7,0.23,0.331111111,0.023529412,0.0,0.172222222,0.098,0.23,0.0225,0.046153846,0.008333333,0.098333333,9.22222e-05,0.047619048,0.03,0.012727273,0.020909091
43390,Poultry Products,"TURKEY,LT OR DK MEAT,SMOKED,CKD,W/SKN,BONE REMOVED","Turkey, light or dark meat, smoked, cooked, with skin, bone removed",,,,208,28.1,9.7,0.0,0.0,0.0,0.0,0.41,0.35,0.0,0.34,7,5.09,0.18,0.06,26,0.093,1.79,25,0.0,203,30.3,2.96,0.0,0.241176471,0.145833333,0.0,0.022666667,0.0175,0.318125,0.138461538,0.05,0.021666667,0.000103333,0.05952381,0.29,0.550909091,0.269090909
43391,Poultry Products,"TURKEY,LT OR DK MEAT,SMOKED,CKD,SKN & BONE REMOVED","Turkey, light or dark meat, smoked, cooked, skin and bone removed",,,,170,29.3,5.0,0.0,0.0,0.0,0.0,0.46,0.37,0.0,0.33,7,5.44,0.18,0.06,25,0.094,1.78,26,0.0,213,43.0,3.1,0.0,0.270588235,0.154166667,0.0,0.022,0.0175,0.34,0.138461538,0.05,0.020833333,0.000104444,0.061904762,0.304285714,0.781818182,0.281818182
43392,Vegetables and Vegetable Products,"HEARTS OF PALM,RAW","Hearts of palm, raw",,,,115,2.7,0.2,25.61,17.16,1.5,3.0,0.81,0.0,8.0,0.5,24,0.9,0.18,0.05,18,0.644,1.69,10,0.0,140,0.7,3.73,0.003333333,0.476470588,0.0,0.088888889,0.033333333,0.06,0.05625,0.138461538,0.041666667,0.015,0.000715556,0.023809524,0.2,0.012727273,0.339090909
43393,Breakfast Cereals,"CEREALS RTE,POST,SHREDDED WHEAT N BRAN,SPOON-SIZE","Cereals ready-to-eat, POST, Shredded Wheat n Bran, spoon-size",,"Post Foods, LLC",,339,10.89,2.09,80.59,0.8,14.7,0.0,0.08,0.0,0.0,1.09,30,5.19,0.08,0.2,44,0.3,3.9,174,0.0,418,8.2,3.13,0.0,0.047058824,0.0,0.0,0.072666667,0.075,0.324375,0.061538462,0.166666667,0.036666667,0.000333333,0.414285714,0.597142857,0.149090909,0.284545455
43396,Dairy and Egg Products,"CHEESE,COTTAGE,LOWFAT,1% MILKFAT,W/VEG","Cheese, cottage, lowfat, 1% milkfat, with vegetables",,,,67,10.9,1.0,3.0,3.0,0.0,13.0,0.05,0.49,4.0,0.01,10,0.1,0.13,0.01,56,0.028,0.1,4,0.0,128,4.5,0.29,0.014444444,0.029411765,0.204166667,0.044444444,0.000666667,0.025,0.00625,0.1,0.008333333,0.046666667,3.11111e-05,0.00952381,0.182857143,0.081818182,0.026363636
43398,Dairy and Egg Products,"CHEESE,PAST PROCESS,CHEDDAR OR AMERICAN,LO NA","Cheese, pasteurized process, cheddar or American, low sodium",,,,376,22.2,31.19,1.6,0.45,0.0,254.0,0.07,0.7,0.0,0.27,8,0.07,0.35,0.03,616,0.03,0.39,22,0.0,745,12.7,2.99,0.282222222,0.041176471,0.291666667,0.0,0.018,0.02,0.004375,0.269230769,0.025,0.513333333,3.33333e-05,0.052380952,1.064285714,0.230909091,0.271818182
43401,Beverages,"COFFEE,DRY,PDR,W/ WHTNR,RED CAL","Coffee, dry, powder, with whitener, reduced calorie",,,,509,1.96,29.1,59.94,59.0,0.5,1.0,0.0,0.0,0.0,0.26,1,0.188,0.0,0.0,18,0.011,0.06,2,0.011,135,0.9,0.02,0.001111111,0.0,0.0,0.0,0.017333333,0.0025,0.01175,0.0,0.0,0.015,1.22222e-05,0.004761905,0.192857143,0.016363636,0.001818182
43404,Beverages,"CRANBERRY-APPLE JUC DRK,LO CAL,W/VIT C","Cranberry-apple juice drink, low calorie, with vitamin C added",,,,19,0.1,0.0,4.7,4.6,0.1,0.0,0.019,0.0,32.0,0.27,0,0.028,0.007,0.003,10,0.007,0.06,3,0.014,1,0.1,0.02,0.0,0.011176471,0.0,0.355555556,0.018,0.0,0.00175,0.005384615,0.0025,0.008333333,7.77778e-06,0.007142857,0.001428571,0.001818182,0.001818182
43405,Dairy and Egg Products,"CHEESE,SWISS,LOW SODIUM","Cheese, swiss, low sodium",,,,374,28.4,27.4,3.4,1.31,0.0,216.0,0.08,1.68,0.0,0.37,6,0.09,0.37,0.02,961,0.032,0.17,36,0.0,605,12.5,3.9,0.24,0.047058824,0.7,0.0,0.024666667,0.015,0.005625,0.284615385,0.016666667,0.800833333,3.55556e-05,0.085714286,0.864285714,0.227272727,0.354545455
43406,Vegetables and Vegetable Products,YEAST EXTRACT SPREAD,Yeast extract spread,,,,185,23.88,0.9,20.42,1.6,6.5,0.0,0.0,0.5,0.0,0.0,5881,127.5,17.5,23.375,67,0.245,4.04,180,0.261,104,27.6,4.19,0.0,0.0,0.208333333,0.0,0.0,14.7025,7.96875,13.46153846,19.47916667,0.055833333,0.000272222,0.428571429,0.148571429,0.501818182,0.380909091
43408,Baby Foods,"BABYFOOD,JUICE,PEAR","Babyfood, juice, pear",,,,47,0.0,0.0,11.86,7.28,0.1,0.0,0.01,0.0,33.8,0.09,4,0.3,0.03,0.01,12,0.065,0.0,8,0.0,12,0.4,0.08,0.0,0.005882353,0.0,0.375555556,0.006,0.01,0.01875,0.023076923,0.008333333,0.01,7.22222e-05,0.019047619,0.017142857,0.007272727,0.007272727
43410,Legumes and Legume Products,"CHICKEN,MEATLESS,BREADED,FRIED","Chicken, meatless, breaded, fried",,,,234,21.28,12.77,8.51,0.0,4.3,0.0,0.851,5.11,0.0,1.95,56,12.766,0.362,1.277,42,0.5,3.83,12,0.0,245,7.4,0.65,0.0,0.500588235,2.129166667,0.0,0.13,0.14,0.797875,0.278461538,1.064166667,0.035,0.000555556,0.028571429,0.35,0.134545455,0.059090909
43417,Baby Foods,"BABYFOOD,MEAT,BF W/VEG,TODD","Babyfood, meat, beef with vegetables, toddler",,,,68,3.5,2.1,8.72,1.18,0.5,57.0,0.07,0.51,2.5,0.37,6,0.71,0.04,0.02,11,0.08,0.5,11,0.0,37,2.2,0.87,0.063333333,0.041176471,0.2125,0.027777778,0.024666667,0.015,0.044375,0.030769231,0.016666667,0.009166667,8.88889e-05,0.026190476,0.052857143,0.04,0.079090909
43432,Baby Foods,"BABYFOOD,DINNER,MACARONI,BF&TOMATO SAU,TODD","Babyfood, dinner, macaroni, beef and tomato sauce, toddler",,,,81,4.34,1.9,11.53,0.37,1.1,3.0,0.09,0.23,1.9,0.09,14,1.34,0.06,0.06,12,0.02,0.8,15,0.0,49,1.8,0.48,0.003333333,0.052941176,0.095833333,0.021111111,0.006,0.035,0.08375,0.046153846,0.05,0.01,2.22222e-05,0.035714286,0.07,0.032727273,0.043636364
43441,Baked Products,"ROLLS,PUMPERNICKEL","Rolls, pumpernickel",,,,277,10.8,2.8,52.8,0.4,5.4,0.0,0.1,0.0,0.0,0.63,125,2.97,0.3,0.38,67,0.287,2.78,54,1.909,171,27.8,1.48,0.0,0.058823529,0.0,0.0,0.042,0.3125,0.185625,0.230769231,0.316666667,0.055833333,0.000318889,0.128571429,0.244285714,0.505454545,0.134545455
43447,Snacks,"SNACKS,CORN-BASED,EXTRUDED,CHIPS,UNSALTED","Snacks, corn-based, extruded, chips, unsalted",,,,557,6.6,33.4,57.4,1.41,4.4,4.0,0.21,0.0,2.0,1.36,7,1.48,0.16,0.14,124,0.249,1.7,70,0.0,184,6.7,0.85,0.004444444,0.123529412,0.0,0.022222222,0.090666667,0.0175,0.0925,0.123076923,0.116666667,0.103333333,0.000276667,0.166666667,0.262857143,0.121818182,0.077272727
43449,Legumes and Legume Products,"BEANS,BKD,CND,NO SALT ADDED","Beans, baked, canned, no salt added",,,,105,4.8,0.4,20.49,7.78,5.5,5.0,0.13,0.0,3.1,0.15,24,0.43,0.06,0.15,50,0.206,0.29,32,0.0,104,4.5,1.4,0.005555556,0.076470588,0.0,0.034444444,0.01,0.06,0.026875,0.046153846,0.125,0.041666667,0.000228889,0.076190476,0.148571429,0.081818182,0.127272727
43450,Sweets,"FROZEN NOVELTIES,JUC TYPE,JUC W/ CRM","Frozen novelties, juice type, juice with cream",,,,115,1.41,1.41,24.11,20.61,0.1,19.0,0.029,0.14,21.2,0.06,11,0.151,0.101,0.025,141,0.013,0.28,9,0.059,41,0.8,0.27,0.021111111,0.017058824,0.058333333,0.235555556,0.004,0.0275,0.0094375,0.077692308,0.020833333,0.1175,1.44444e-05,0.021428571,0.058571429,0.014545455,0.024545455
43476,Legumes and Legume Products,TOFU YOGURT,Tofu yogurt,,,,94,3.5,1.8,15.96,1.24,0.2,2.0,0.02,0.0,2.5,0.31,6,0.24,0.02,0.06,118,0.075,1.06,40,0.0,38,13.0,0.31,0.002222222,0.011764706,0.0,0.027777778,0.020666667,0.015,0.015,0.015384615,0.05,0.098333333,8.33333e-05,0.095238095,0.054285714,0.236363636,0.028181818
43479,Beverages,"ALCOHOLIC BEV,RICE (SAKE)","Alcoholic beverage, rice (sake)",,,,134,0.5,0.0,5.0,0.0,0.0,0.0,0.0,0.0,0.0,0.0,0,0.0,0.0,0.0,5,0.009,0.1,6,0.0,6,1.4,0.02,0.0,0.0,0.0,0.0,0.0,0.0,0.0,0.0,0.0,0.004166667,1e-05,0.014285714,0.008571429,0.025454545,0.001818182
43483,Breakfast Cereals,"MILLET,PUFFED","Millet, puffed",,,,354,13.0,3.4,80.0,0.55,2.7,0.0,0.36,0.0,0.0,0.66,79,4.42,0.27,0.39,8,0.702,2.81,106,0.0,266,2.9,1.58,0.0,0.211764706,0.0,0.0,0.044,0.1975,0.27625,0.207692308,0.325,0.006666667,0.00078,0.252380952,0.38,0.052727273,0.143636364
43495,Breakfast Cereals,"CEREALS RTE,OAT BRAN FLAKES,HEALTH VALLEY","Cereals ready-to-eat, OAT BRAN FLAKES, HEALTH VALLEY",,"Hain Celestial Group, Inc.",,380,10.0,3.0,78.0,22.0,8.0,0.0,1.0,3.0,120.0,0.53,327,10.0,0.85,0.75,80,0.319,2.88,143,2.903,343,26.5,2.2,0.0,0.588235294,1.25,1.333333333,0.035333333,0.8175,0.625,0.653846154,0.625,0.066666667,0.000354444,0.34047619,0.49,0.481818182,0.2
43497,Finfish and Shellfish Products,"JELLYFISH,DRIED,SALTED","Jellyfish, dried, salted",,,,36,5.5,1.4,0.0,0.0,0.0,2.0,0.01,0.02,0.0,0.02,1,0.2,0.01,0.01,2,0.14,2.27,2,0.0,20,42.2,0.42,0.002222222,0.005882353,0.008333333,0.0,0.001333333,0.0025,0.0125,0.007692308,0.008333333,0.001666667,0.000155556,0.004761905,0.028571429,0.767272727,0.038181818
43506,Sweets,"ICE CRM BAR,CHOC OR CARAMEL COVERED,W/NUTS","Frozen novelties, ice cream type, chocolate or caramel covered, with nuts",,,,323,4.4,20.2,30.9,30.0,0.6,48.0,0.22,0.38,0.7,0.42,11,0.96,0.18,0.04,252,0.128,0.72,29,0.0,114,2.4,0.63,0.053333333,0.129411765,0.158333333,0.007777778,0.028,0.0275,0.06,0.138461538,0.033333333,0.21,0.000142222,0.069047619,0.162857143,0.043636364,0.057272727
43507,Sausages and Luncheon Meats,"FRANKFURTER,LO NA","Frankfurter, low sodium","hot dog, wiener, frank",,,312,12.0,28.51,1.8,0.0,0.0,0.0,0.12,1.54,0.0,0.17,4,2.42,0.1,0.05,20,0.06,1.43,3,0.0,87,12.0,2.17,0.0,0.070588235,0.641666667,0.0,0.011333333,0.01,0.15125,0.076923077,0.041666667,0.016666667,6.66667e-05,0.007142857,0.124285714,0.218181818,0.197272727
43514,Sweets,"FROZEN NOVELTIES,ICE TYPE,POP,W/ LO CAL SWTNR","Frozen novelties, ice type, pop, with low calorie sweetener",,,,24,0.0,0.0,5.92,1.52,0.0,0.0,0.0,0.0,10.4,0.0,0,0.0,0.0,0.0,0,0.0,0.67,1,0.0,0,0.0,0.47,0.0,0.0,0.0,0.115555556,0.0,0.0,0.0,0.0,0.0,0.0,0.0,0.002380952,0.0,0.0,0.042727273
43523,Baby Foods,"BABYFOOD,MXD FRUIT YOGURT,STR","Babyfood, mixed fruit yogurt, strained",,,,75,0.8,0.8,16.23,11.74,0.4,5.0,0.04,0.0,11.7,0.13,2,0.14,0.05,0.02,28,0.02,0.2,4,0.0,22,0.8,0.11,0.005555556,0.023529412,0.0,0.13,0.008666667,0.005,0.00875,0.038461538,0.016666667,0.023333333,2.22222e-05,0.00952381,0.031428571,0.014545455,0.01
43528,Beverages,"BEVERAGES,ABBOTT,ENSURE PLUS,RTD","Beverages, ABBOTT, ENSURE PLUS, ready-to-drink",,Abbotts Ross Products Division,,141,5.16,4.52,19.88,8.33,0.0,149.0,0.198,0.6,11.9,1.34,67,1.984,0.171,0.151,79,0.198,1.79,40,0.516,79,7.1,1.51,0.165555556,0.116470588,0.25,0.132222222,0.089333333,0.1675,0.124,0.131538462,0.125833333,0.065833333,0.00022,0.095238095,0.112857143,0.129090909,0.137272727
43529,Baby Foods,"BABYFOOD,RICE&APPLS,DRY","Babyfood, rice and apples, dry",,,,396,6.7,2.4,86.89,3.22,3.0,0.0,0.09,0.0,0.0,0.22,19,20.0,1.5,1.3,850,0.373,37.0,15,0.0,423,11.6,1.4,0.0,0.052941176,0.0,0.0,0.014666667,0.0475,1.25,1.153846154,1.083333333,0.708333333,0.000414444,0.035714286,0.604285714,0.210909091,0.127272727
43535,Baby Foods,"BABYFOOD,JUC,APPL - CHERRY","Babyfood, juice, apple - cherry",,,,47,0.2,0.1,11.2,10.5,0.3,1.0,0.03,0.0,32.1,0.02,0,0.11,0.02,0.01,7,0.02,0.35,3,0.0,12,0.1,0.03,0.001111111,0.017647059,0.0,0.356666667,0.001333333,0.0,0.006875,0.015384615,0.008333333,0.005833333,2.22222e-05,0.007142857,0.017142857,0.001818182,0.002727273
43536,Baby Foods,"BABYFOOD,DSSRT,PEACH YOGURT","Babyfood, dessert, peach yogurt",,,,76,0.9,0.18,17.6,11.11,0.4,1.0,0.02,0.43,11.7,0.0,8,0.4,0.05,0.01,27,0.04,0.4,13,0.0,27,0.8,0.18,0.001111111,0.011764706,0.179166667,0.13,0.0,0.02,0.025,0.038461538,0.008333333,0.0225,4.44444e-05,0.030952381,0.038571429,0.014545455,0.016363636
43537,Baby Foods,"BABYFOOD,DSSRT,BLUEBERRY YOGURT,STR","Babyfood, dessert, blueberry yogurt, strained",,,,77,0.5,0.7,17.05,13.62,0.4,3.0,0.4,0.43,12.4,0.4,8,0.14,0.04,0.0,25,0.03,0.2,13,0.0,109,0.8,0.14,0.003333333,0.235294118,0.179166667,0.137777778,0.026666667,0.02,0.00875,0.030769231,0.0,0.020833333,3.33333e-05,0.030952381,0.155714286,0.014545455,0.012727273
43539,Baby Foods,"BABYFOOD,DSSRT,BANANA YOGURT,STR","Babyfood, dessert, banana yogurt, strained",,,,78,1.1,0.52,17.35,12.2,0.5,3.0,0.08,0.13,13.9,0.02,7,0.19,0.04,0.01,30,0.02,0.14,10,0.0,28,0.9,0.26,0.003333333,0.047058824,0.054166667,0.154444444,0.001333333,0.0175,0.011875,0.030769231,0.008333333,0.025,2.22222e-05,0.023809524,0.04,0.016363636,0.023636364
43541,Sweets,"ICE CREAMS,CHOC,RICH","Ice creams, chocolate, rich",,,,251,4.72,16.98,19.78,17.35,0.9,201.0,0.033,0.18,0.5,0.46,5,0.182,0.167,0.03,142,0.175,1.02,32,0.173,115,2.1,0.64,0.223333333,0.019411765,0.075,0.005555556,0.030666667,0.0125,0.011375,0.128461538,0.025,0.118333333,0.000194444,0.076190476,0.164285714,0.038181818,0.058181818
43543,Dairy and Egg Products,"MILK,IMITATION,NON-SOY","Milk, imitation, non-soy",,,,46,1.6,2.0,5.3,5.3,0.0,61.0,0.0,0.0,0.0,0.0,0,0.1,0.0,0.0,82,0.02,0.1,1,0.0,100,1.8,0.1,0.067777778,0.0,0.0,0.0,0.0,0.0,0.00625,0.0,0.0,0.068333333,2.22222e-05,0.002380952,0.142857143,0.032727273,0.009090909
43544,Baby Foods,"BABYFOOD,CRL,RICE W/ PEARS & APPL,DRY,INST","Babyfood, cereal, rice with pears and apple, dry, instant",,,,389,6.6,0.9,88.6,1.35,2.6,0.0,0.09,0.0,250.0,0.13,5,25.24,1.88,1.6,38,0.377,9.0,37,1.298,253,16.3,3.3,0.0,0.052941176,0.0,2.777777778,0.008666667,0.0125,1.5775,1.446153846,1.333333333,0.031666667,0.000418889,0.088095238,0.361428571,0.296363636,0.3
43546,Baby Foods,"BABYFOOD,BANANA NO TAPIOCA,STR","Babyfood, banana no tapioca, strained",,,,91,1.0,0.2,21.34,11.36,1.6,0.0,0.26,0.0,21.9,0.25,17,0.54,0.06,0.02,4,0.04,0.3,26,0.0,20,1.1,0.05,0.0,0.152941176,0.0,0.243333333,0.016666667,0.0425,0.03375,0.046153846,0.016666667,0.003333333,4.44444e-05,0.061904762,0.028571429,0.02,0.004545455
43550,Baby Foods,"BABYFOOD,BANANA APPL DSSRT,STR","Babyfood, banana apple dessert, strained",,,,68,0.3,0.2,16.3,14.66,1.0,2.0,0.06,0.0,12.3,0.02,4,0.13,0.02,0.02,3,0.03,0.1,8,0.0,9,0.6,0.05,0.002222222,0.035294118,0.0,0.136666667,0.001333333,0.01,0.008125,0.015384615,0.016666667,0.0025,3.33333e-05,0.019047619,0.012857143,0.010909091,0.004545455
43566,Snacks,"SNACKS,TORTILLA CHIPS,LT (BAKED W/ LESS OIL)","Snacks, tortilla chips, light (baked with less oil)",,,,465,8.7,15.2,73.4,0.53,5.7,4.0,0.18,0.06,0.2,3.53,16,0.42,0.28,0.22,159,0.116,1.63,97,0.0,318,15.7,1.15,0.004444444,0.105882353,0.025,0.002222222,0.235333333,0.04,0.02625,0.215384615,0.183333333,0.1325,0.000128889,0.230952381,0.454285714,0.285454545,0.104545455
43570,Breakfast Cereals,"CEREALS RTE,POST,HONEY BUNCHES OF OATS,HONEY RSTD","Cereals ready-to-eat, POST, HONEY BUNCHES OF OATS, honey roasted",,"Post Foods, LLC",,401,7.12,5.46,81.19,19.79,4.2,806.0,2.64,9.67,0.0,1.22,1120,17.8,1.25,1.3,23,0.2,34.82,46,1.278,149,7.3,5.03,0.895555556,1.552941176,4.029166667,0.0,0.081333333,2.8,1.1125,0.961538462,1.083333333,0.019166667,0.000222222,0.10952381,0.212857143,0.132727273,0.457272727
43572,Snacks,"POPCORN,MICROWAVE,LOFAT&NA","Popcorn, microwave, low fat and sodium",,,,429,12.6,9.5,73.39,0.54,14.2,7.0,0.17,0.0,0.0,5.01,17,2.07,0.11,0.35,11,0.545,2.28,151,0.0,264,8.6,3.83,0.007777778,0.1,0.0,0.0,0.334,0.0425,0.129375,0.084615385,0.291666667,0.009166667,0.000605556,0.35952381,0.377142857,0.156363636,0.348181818
43585,Baby Foods,"BABYFOOD,FRUIT SUPREME DSSRT","Babyfood, fruit supreme dessert",,,,73,0.5,0.2,17.18,14.87,2.0,3.0,0.07,0.0,12.7,0.79,6,0.28,0.04,0.01,6,0.035,0.17,7,0.0,9,0.4,0.08,0.003333333,0.041176471,0.0,0.141111111,0.052666667,0.015,0.0175,0.030769231,0.008333333,0.005,3.88889e-05,0.016666667,0.012857143,0.007272727,0.007272727
43589,Dairy and Egg Products,"CHEESE,SWISS,LOW FAT","Cheese, swiss, low fat",,,,179,28.4,5.1,3.4,1.33,0.0,40.0,0.08,1.68,0.0,0.07,6,0.09,0.36,0.02,961,0.027,0.17,36,0.0,605,12.7,3.9,0.044444444,0.047058824,0.7,0.0,0.004666667,0.015,0.005625,0.276923077,0.016666667,0.800833333,3e-05,0.085714286,0.864285714,0.230909091,0.354545455
43595,Snacks,"BREAKFAST BAR,CORN FLAKE CRUST W/FRUIT","Breakfast bar, corn flake crust with fruit",,,,377,4.4,7.5,72.9,35.1,2.1,608.0,1.4,0.0,0.0,0.76,174,13.5,1.1,1.0,41,0.1,4.86,27,0.0,103,15.0,4.1,0.675555556,0.823529412,0.0,0.0,0.050666667,0.435,0.84375,0.846153846,0.833333333,0.034166667,0.000111111,0.064285714,0.147142857,0.272727273,0.372727273
43597,Dairy and Egg Products,"CHEESE,MOZZARELLA,LO NA","Cheese, mozzarella, low sodium",,,,280,27.5,17.1,3.1,1.23,0.0,137.0,0.08,0.92,0.0,0.15,9,0.12,0.34,0.02,731,0.027,0.25,26,0.0,524,15.7,3.13,0.152222222,0.047058824,0.383333333,0.0,0.01,0.0225,0.0075,0.261538462,0.016666667,0.609166667,3e-05,0.061904762,0.748571429,0.285454545,0.284545455
43598,Fats and Oils,"MAYONNAISE DRSNG,NO CHOL","Mayonnaise dressing, no cholesterol",,,,688,0.0,77.8,0.3,0.3,0.0,0.0,0.01,0.0,0.0,11.79,0,0.01,0.06,0.01,7,0.0,0.23,1,0.0,25,1.6,0.13,0.0,0.005882353,0.0,0.0,0.786,0.0,0.000625,0.046153846,0.008333333,0.005833333,0.0,0.002380952,0.035714286,0.029090909,0.011818182
44005,Fats and Oils,"OIL,CORN,PEANUT,AND OLIVE","Oil, corn, peanut, and olive",,,,884,0.0,100.0,0.0,0.0,0.0,0.0,0.0,0.0,0.0,14.78,0,0.0,0.0,0.0,0,0.0,0.13,0,0.0,0,0.0,0.02,0.0,0.0,0.0,0.0,0.985333333,0.0,0.0,0.0,0.0,0.0,0.0,0.0,0.0,0.0,0.001818182
44018,Sweets,"SWEETENERS,TABLETOP,FRUCTOSE,LIQ","Sweeteners, tabletop, fructose, liquid",,,,279,0.0,0.0,76.1,76.0,0.1,0.0,0.0,0.0,0.0,0.0,0,0.0,0.02,0.0,1,0.037,0.11,0,0.0,0,0.5,0.09,0.0,0.0,0.0,0.0,0.0,0.0,0.0,0.015384615,0.0,0.000833333,4.11111e-05,0.0,0.0,0.009090909,0.008181818
44048,Dairy and Egg Products,"CHEESE FOOD,IMITATION","Cheese food, pasteurized process, American, imitation, without added vitamin D",,,,257,4.08,19.5,16.18,8.21,0.0,45.0,0.027,0.71,0.0,2.15,8,0.06,0.09,0.0,649,0.026,0.68,10,0.026,596,2.9,0.21,0.05,0.015882353,0.295833333,0.0,0.143333333,0.02,0.00375,0.069230769,0.0,0.540833333,2.88889e-05,0.023809524,0.851428571,0.052727273,0.019090909
44055,Vegetables and Vegetable Products,"CELERY FLAKES,DRIED","Celery flakes, dried",,,,319,11.3,2.1,63.7,35.9,27.8,98.0,0.46,0.0,86.5,5.55,107,4.64,0.5,0.44,587,0.571,7.83,196,0.0,402,15.3,2.77,0.108888889,0.270588235,0.0,0.961111111,0.37,0.2675,0.29,0.384615385,0.366666667,0.489166667,0.000634444,0.466666667,0.574285714,0.278181818,0.251818182
44061,Sweets,"PUDDINGS,CHOC FLAVOR,LO CAL,INST,DRY MIX","Puddings, chocolate flavor, low calorie, instant, dry mix",,,,356,5.3,2.4,78.2,0.7,6.1,0.0,0.04,0.01,0.0,0.02,6,0.4,0.09,0.02,126,0.838,3.11,89,0.703,1660,3.9,0.41,0.0,0.023529412,0.004166667,0.0,0.001333333,0.015,0.025,0.069230769,0.016666667,0.105,0.000931111,0.211904762,2.371428571,0.070909091,0.037272727
44074,Baby Foods,"BABYFOOD,GRAPE JUC,NO SUGAR,CND","Babyfood, grape juice, no sugar, canned",,,,62,0.0,0.0,15.38,0.0,0.1,0.0,0.06,0.0,33.8,0.0,0,0.2,0.02,0.01,12,0.028,0.3,10,0.0,11,0.0,0.05,0.0,0.035294118,0.0,0.375555556,0.0,0.0,0.0125,0.015384615,0.008333333,0.01,3.11111e-05,0.023809524,0.015714286,0.0,0.004545455
44110,Sweets,"JELLIES,RED SUGAR,HOME PRESERVED","Jellies, reduced sugar, home preserved",,,,179,0.3,0.03,46.1,45.3,0.8,0.0,0.04,0.0,0.0,0.0,1,0.14,0.02,0.01,5,0.023,0.18,6,0.0,6,1.4,0.03,0.0,0.023529412,0.0,0.0,0.0,0.0025,0.00875,0.015384615,0.008333333,0.004166667,2.55556e-05,0.014285714,0.008571429,0.025454545,0.002727273
44158,Sweets,"PIE FILLINGS,BLUEBERRY,CND","Pie fillings, blueberry, canned",,,,181,0.41,0.2,44.38,37.75,2.6,1.0,0.029,0.0,0.7,0.23,1,0.091,0.034,0.023,27,0.112,0.8,10,0.215,12,0.4,0.1,0.001111111,0.017058824,0.0,0.007777778,0.015333333,0.0025,0.0056875,0.026153846,0.019166667,0.0225,0.000124444,0.023809524,0.017142857,0.007272727,0.009090909
44203,Beverages,"COCKTAIL MIX,NON-ALCOHOLIC,CONCD,FRZ","Cocktail mix, non-alcoholic, concentrated, frozen",,,,287,0.08,0.01,71.6,24.53,0.0,1.0,0.005,0.0,4.2,0.02,5,0.026,0.017,0.009,2,0.02,0.04,1,0.045,2,0.5,0.02,0.001111111,0.002941176,0.0,0.046666667,0.001333333,0.0125,0.001625,0.013076923,0.0075,0.001666667,2.22222e-05,0.002380952,0.002857143,0.009090909,0.001818182
44258,Sweets,"PUDDINGS,CHOC FLAVOR,LO CAL,REG,DRY MIX","Puddings, chocolate flavor, low calorie, regular, dry mix",,,,365,10.08,3.0,74.42,0.7,10.1,0.0,0.027,0.0,0.0,0.02,0,0.545,0.105,0.025,50,0.854,3.87,110,0.887,174,5.1,1.49,0.0,0.015882353,0.0,0.0,0.001333333,0.0,0.0340625,0.080769231,0.020833333,0.041666667,0.000948889,0.261904762,0.248571429,0.092727273,0.135454545
44259,Sweets,"PUDDINGS,ALL FLAVORS XCPT CHOC,LO CAL,REG,DRY MIX","Puddings, all flavors except chocolate, low calorie, regular, dry mix",,,,351,1.6,0.1,86.04,2.9,0.9,0.0,0.0,0.0,0.0,0.05,0,0.0,0.0,0.0,49,0.04,0.05,17,0.0,12,0.9,0.19,0.0,0.0,0.0,0.0,0.003333333,0.0,0.0,0.0,0.0,0.040833333,4.44444e-05,0.04047619,0.017142857,0.016363636,0.017272727
44260,Sweets,"PUDDINGS,ALL FLAVORS XCPT CHOC,LO CAL,INST,DRY MIX","Puddings, all flavors except chocolate, low calorie, instant, dry mix",,,,350,0.81,0.9,84.66,0.9,0.8,0.0,0.005,0.05,0.0,0.08,1,0.014,0.021,0.005,143,0.038,0.38,5,0.041,2368,0.8,0.1,0.0,0.002941176,0.020833333,0.0,0.005333333,0.0025,0.000875,0.016153846,0.004166667,0.119166667,4.22222e-05,0.011904762,3.382857143,0.014545455,0.009090909
48052,Cereal Grains and Pasta,VITAL WHEAT GLUTEN,Vital wheat gluten,,,,370,75.16,1.85,13.79,0.0,0.6,0.0,0.0,0.0,0.0,0.0,0,0.0,0.0,0.0,142,0.182,5.2,25,0.0,260,39.7,0.85,0.0,0.0,0.0,0.0,0.0,0.0,0.0,0.0,0.0,0.118333333,0.000202222,0.05952381,0.371428571,0.721818182,0.077272727
80200,Finfish and Shellfish Products,"FROG LEGS,RAW","Frog legs, raw",,,,73,16.4,0.3,0.0,0.0,0.0,15.0,0.12,0.4,0.0,1.0,15,1.2,0.25,0.14,18,0.25,1.5,20,0.0,147,14.1,1.0,0.016666667,0.070588235,0.166666667,0.0,0.066666667,0.0375,0.075,0.192307692,0.116666667,0.015,0.000277778,0.047619048,0.21,0.256363636,0.090909091
83110,Finfish and Shellfish Products,"MACKEREL,SALTED","Fish, mackerel, salted",,,,305,18.5,25.1,0.0,0.0,0.0,47.0,0.41,12.0,0.0,2.38,15,3.3,0.19,0.02,66,0.1,1.4,60,0.0,254,73.4,1.1,0.052222222,0.241176471,5.0,0.0,0.158666667,0.0375,0.20625,0.146153846,0.016666667,0.055,0.000111111,0.142857143,0.362857143,1.334545455,0.1
90240,Finfish and Shellfish Products,"SCALLOP,(BAY&SEA),CKD,STMD","Mollusks, scallop, (bay and sea), cooked, steamed",,,,111,20.54,0.84,5.41,0.0,0.0,2.0,0.112,2.15,0.0,0.0,20,1.076,0.024,0.012,10,0.033,0.58,37,0.029,426,21.7,1.55,0.002222222,0.065882353,0.895833333,0.0,0.0,0.05,0.06725,0.018461538,0.01,0.008333333,3.66667e-05,0.088095238,0.608571429,0.394545455,0.140909091
90480,Sweets,"SYRUP,CANE","Syrup, Cane",,,,269,0.0,0.0,73.14,73.2,0.0,0.0,0.0,0.0,0.0,0.0,0,0.1,0.06,0.13,13,0.02,3.6,10,0.0,8,0.7,0.19,0.0,0.0,0.0,0.0,0.0,0.0,0.00625,0.046153846,0.108333333,0.010833333,2.22222e-05,0.023809524,0.011428571,0.012727273,0.017272727
90560,Finfish and Shellfish Products,"SNAIL,RAW","Mollusks, snail, raw",,,,90,16.1,1.4,2.0,0.0,0.0,30.0,0.13,0.5,0.0,5.0,6,1.4,0.12,0.01,10,0.4,3.5,250,0.0,272,27.4,1.0,0.033333333,0.076470588,0.208333333,0.0,0.333333333,0.015,0.0875,0.092307692,0.008333333,0.008333333,0.000444444,0.595238095,0.388571429,0.498181818,0.090909091
93600,Finfish and Shellfish Products,"TURTLE,GREEN,RAW","Turtle, green, raw",,,,89,19.8,0.5,0.0,0.0,0.0,30.0,0.12,1.0,0.0,0.5,15,1.1,0.15,0.12,118,0.25,1.4,20,0.0,180,16.8,1.0,0.033333333,0.070588235,0.416666667,0.0,0.033333333,0.0375,0.06875,0.115384615,0.1,0.098333333,0.000277778,0.047619048,0.257142857,0.305454545,0.090909091
